-0.0	9.811352620938276e-6	4.905676310469138e-6	-2.8483144528053805e-30
9.811352620938276e-6	1.9818932294295318e-5	1.4815142457616797e-5	-2.8483144485120805e-30
1.9818932294295297e-5	3.0026663561119477e-5	2.4922797927707387e-5	-2.8483144424794405e-30
3.0026663561119436e-5	4.04385494532801e-5	3.523260650719977e-5	-2.848314434293422e-30
4.043854945328012e-5	5.105867306328399e-5	4.574861125828205e-5	-2.848314423960143e-30
5.1058673063284006e-5	6.189119914548796e-5	5.6474936104385984e-5	-2.8483144115137643e-30
6.189119914548798e-5	7.294037574933601e-5	6.7415787447412e-5	-2.8483143969872503e-30
7.294037574933611e-5	8.42105358852611e-5	7.85754558172986e-5	-2.848314380408423e-30
8.421053588526102e-5	9.570609922390452e-5	8.995831755458276e-5	-2.8483143618192254e-30
9.57060992239045e-5	0.00010743157382932087	0.0001015688365266127	-2.8483143413019678e-30
0.0001074315738293209	0.0001193915579268456	0.00011341156587808324	-2.848314318918406e-30
0.00011939155792684556	0.00013159074170632074	0.00012549114981658317	-2.8483142947177075e-30
0.00013159074170632085	0.00014403390916138553	0.0001378123254338532	-2.848314268740145e-30
0.0001440339091613855	0.0001567259399655515	0.0001503799245634685	-2.8483142410166938e-30
0.00015672593996555152	0.00016967181138580084	0.00016319887567567618	-2.8483142115726724e-30
0.00016967181138580073	0.00018287660023445502	0.00017627420581012786	-2.848314180427385e-30
0.00018287660023445502	0.0001963454848600824	0.00018961104254726873	-2.848314147593767e-30
0.00019634548486008245	0.00021008374717822238	0.00020321461601915242	-2.8483141130823125e-30
0.0002100837471782224	0.00022409677474272515	0.0002170902609604738	-2.84831407692426e-30
0.00022409677474272504	0.00023839006285851782	0.00023124341880062142	-2.8483140391386845e-30
0.0002383900628585179	0.00025296921673662655	0.00024567963979757224	-2.848313999728862e-30
0.0002529692167366266	0.0002678399536922974	0.000260404585214462	-2.8483139586997753e-30
0.0002678399536922973	0.0002830081053870815	0.0002754240295396894	-2.848313916043506e-30
0.0002830081053870816	0.0002984796201157615	0.00029074386275142156	-2.848313871747117e-30
0.0002984796201157615	0.00031426056513901503	0.00030637009262738827	-2.8483138257966202e-30
0.000314260565139015	0.00033035712906273357	0.00032230884710087425	-2.848313778164111e-30
0.0003303571290627335	0.0003467756242649265	0.00033856637666383	-2.848313728831053e-30
0.00034677562426492655	0.00036352248937116335	0.000355149056818045	-2.848313677759478e-30
0.0003635224893711634	0.00038060429177952496	0.00037206339057534415	-2.8483136249217808e-30
0.0003806042917795249	0.00039802773023605366	0.0003893160110077893	-2.8483135702797916e-30
0.00039802773023605366	0.00041579963746171304	0.00040691368384888335	-2.8483135137949657e-30
0.00041579963746171304	0.0004339269828318856	0.00042486331014679934	-2.8483134554439525e-30
0.00043392698283188554	0.00045241687510946154	0.0004431719289706735	-2.848313395184941e-30
0.0004524168751094616	0.0004712765652325891	0.0004618467201710254	-2.8483133329744873e-30
0.00047127656523258905	0.0004905134491581791	0.0004808950071953841	-2.8483132687656934e-30
0.0004905134491581792	0.0005101350707622811	0.0005003242599602301	-2.8483132025049203e-30
0.0005101350707622809	0.0005301491247984648	0.0005201420977803729	-2.8483131341332326e-30
0.000530149124798465	0.0005505634599153726	0.0005403562923569188	-2.8483130635831606e-30
0.0005505634599153724	0.0005713860817346181	0.0005609747708249953	-2.8483129907859016e-30
0.0005713860817346182	0.0005926251559902489	0.0005820056188624335	-2.848312915667853e-30
0.0005926251559902489	0.0006142890117309921	0.0006034570838606204	-2.8483128381522262e-30
0.0006142890117309922	0.0006363861445865504	0.0006253375781587713	-2.848312758157907e-30
0.0006363861445865503	0.0006589252200992195	0.0006476556823428849	-2.8483126755996608e-30
0.0006589252200992196	0.0006819150771221423	0.000670420148610681	-2.8483125903896803e-30
0.0006819150771221423	0.0007053647312855234	0.0006936399042038329	-2.8483125024404938e-30
0.0007053647312855234	0.0007292833785321722	0.0007173240549088478	-2.8483124116595763e-30
0.0007292833785321721	0.0007536803987237538	0.000741481888627963	-2.8483123179517685e-30
0.0007536803987237537	0.0007785653593191671	0.0007661228790214604	-2.8483122212194734e-30
0.0007785653593191672	0.0008039480191264889	0.0007912566892228281	-2.8483121213663647e-30
0.000803948019126489	0.0008298383321299571	0.0008168931756282231	-2.848312018300628e-30
0.000829838332129957	0.0008562464513934944	0.0008430423917617257	-2.848311911924292e-30
0.0008562464513934944	0.0008831827330423026	0.0008697145922178985	-2.848311802130237e-30
0.0008831827330423027	0.000910657740324087	0.0008969202366831948	-2.8483116888134633e-30
0.0009106577403240867	0.0009386822477515067	0.0009246699940377967	-2.8483115718631895e-30
0.0009386822477515067	0.0009672672453274752	0.0009529747465394909	-2.8483114511649474e-30
0.0009672672453274753	0.0009964239428549631	0.0009818455940912192	-2.848311326601163e-30
0.0009964239428549631	0.0010261637743330008	0.0010112938585939819	-2.848311198051315e-30
0.0010261637743330006	0.001056498402440599	0.0010413310883867998	-2.84831106538456e-30
0.001056498402440599	0.0010874397231103493	0.0010719690627754741	-2.8483109284691804e-30
0.0010874397231103493	0.0011189998701934946	0.0011032197966519218	-2.8483107871719875e-30
0.0011189998701934946	0.0011511912202183028	0.0011350955452058987	-2.848310641352807e-30
0.0011511912202183028	0.001184026397243607	0.001167608808730955	-2.8483104908613866e-30
0.001184026397243607	0.0012175182778094175	0.0012007723375265123	-2.8483103355437825e-30
0.0012175182778094175	0.0012516799959865442	0.0012345991368979809	-2.8483101752419532e-30
0.0012516799959865442	0.0012865249485272134	0.0012691024722568788	-2.848310009790876e-30
0.0012865249485272134	0.001322066800118696	0.0013042958743229548	-2.8483098390197993e-30
0.001322066800118696	0.0013583194887420082	0.0013401931444303522	-2.8483096627509706e-30
0.001358319488742008	0.0013952972311377864	0.001376808359939897	-2.848309480799797e-30
0.0013952972311377866	0.0014330145283814807	0.0014141558797596337	-2.8483092929693604e-30
0.0014330145283814807	0.0014714861715700487	0.0014522503499757647	-2.8483090990662363e-30
0.0014714861715700487	0.001510727247622388	0.0014911067095962184	-2.848308898887147e-30
0.001510727247622388	0.001550753145195774	0.0015307401964090809	-2.84830869222548e-30
0.0015507531451957738	0.0015915795607206276	0.0015711663529582006	-2.8483084788647856e-30
0.0015915795607206276	0.0016332225045559785	0.001612401032638303	-2.848308258589853e-30
0.0016332225045559785	0.0016756983072680363	0.0016544604059120075	-2.8483080311813367e-30
0.001675698307268036	0.0017190236260343351	0.0016973609666511855	-2.8483077964056806e-30
0.0017190236260343353	0.0017632154511759604	0.0017411195386051479	-2.8483075540167912e-30
0.0017632154511759606	0.001808291112820418	0.0017857532819981893	-2.8483073037559512e-30
0.001808291112820418	0.0018542682876977648	0.0018312797002590915	-2.848307045368627e-30
0.0018542682876977645	0.0019011650060726582	0.0018777166468852114	-2.84830677859294e-30
0.0019011650060726582	0.0019489996588150497	0.001925082332443854	-2.8483065031617475e-30
0.0019489996588150493	0.0019977910046122885	0.001973395331713669	-2.848306218781176e-30
0.001997791004612289	0.002047558177325473	0.002022674590968881	-2.8483059251447616e-30
0.002047558177325473	0.002098320693492921	0.0020729394354091967	-2.8483056219473428e-30
0.002098320693492921	0.002150098459983718	0.0021242095767383196	-2.848305308866837e-30
0.002150098459983718	0.0022029117818043306	0.0021765051208940244	-2.8483049855773594e-30
0.00220291178180433	0.002256781370061355	0.002229846575932843	-2.8483046517486708e-30
0.002256781370061355	0.0023117283500835206	0.002284254860072438	-2.848304307001417e-30
0.0023117283500835206	0.0023677742697061294	0.0023397513098948252	-2.8483039509698277e-30
0.0023677742697061294	0.0024249411077211904	0.00239635768871366	-2.8483035832752893e-30
0.0024249411077211904	0.0024832512824965523	0.002454096195108871	-2.8483032035396826e-30
0.0024832512824965523	0.0025427276607674215	0.002512989471631987	-2.848302811373376e-30
0.002542727660767422	0.0026033935666037087	0.0025730606136855653	-2.8483024063216217e-30
0.0026033935666037087	0.002665272790556721	0.002634333178580215	-2.8483019879510364e-30
0.0026652727905567214	0.0027283895989887942	0.002696831194772758	-2.8483015558256775e-30
0.0027283895989887934	0.0027927687435895074	0.0027605791712891504	-2.8483011095083033e-30
0.0027927687435895083	0.002858435471082237	0.002825602107335873	-2.8483006485289216e-30
0.002858435471082236	0.0029254155331248193	0.0028919255021035276	-2.8483001723421497e-30
0.0029254155331248197	0.002993735196408254	0.002959575364766537	-2.848299680431494e-30
0.002993735196408254	0.0030634212529573575	0.003028578224682806	-2.8482991723071804e-30
0.0030634212529573575	0.003134501030637443	0.0030989611417974	-2.848298647464722e-30
0.003134501030637443	0.00320700240387113	0.0031707517172542866	-2.848298105299648e-30
0.00320700240387113	0.003280953804569491	0.0032439781042203106	-2.848297545177156e-30
0.0032809538045694914	0.0033563842332818197	0.0033186690189256555	-2.8482969665233812e-30
0.003356384233281819	0.0034333232705683935	0.003394853751925106	-2.8482963687631726e-30
0.003433323270568394	0.0035118010886007003	0.003472562179584547	-2.8482957512633063e-30
0.0035118010886007003	0.0035918484629936524	0.0035518247757971764	-2.848295113242348e-30
0.003591848462993653	0.003673496784874464	0.0036326726239340585	-2.848294454048306e-30
0.0036734967848744637	0.003756778073192891	0.0037151374290336774	-2.8482937730324723e-30
0.0037567780731928915	0.003841724987277688	0.0037992515302352897	-2.8482930694982864e-30
0.0038417249872776875	0.003928370839644179	0.0038850479134609336	-2.8482923425253823e-30
0.003928370839644179	0.004016749609058001	0.00397256022435109	-2.8482915913503032e-30
0.004016749609058001	0.0041068959538601	0.00406182278145905	-2.8482908152329336e-30
0.0041068959538601004	0.004198845225558241	0.004152870589709171	-2.8482900133919495e-30
0.00419884522555824	0.004292633482690343	0.004245739354124292	-2.84828918479832e-30
0.004292633482690344	0.004388297504965089	0.0043404654938277165	-2.8482883285559117e-30
0.004388297504965089	0.004485874807685329	0.0044370861563252095	-2.848287443798125e-30
0.004485874807685329	0.004585403656459974	0.004535639232072652	-2.8482865296358177e-30
0.004585403656459973	0.004686923082210111	0.004636163369335042	-2.8482855849252e-30
0.004686923082210112	0.004790472896475252	0.0047386979893426825	-2.8482846086159194e-30
0.004790472896475253	0.0048960937070256965	0.004843283301750475	-2.848283599722848e-30
0.0048960937070256965	0.005003826933787149	0.0049499603204064225	-2.8482825572319376e-30
0.005003826933787149	0.0051137148250838295	0.005058770879435489	-2.848281479831645e-30
0.0051137148250838295	0.005225800474206444	0.005169757649645137	-2.8482803663000086e-30
0.005225800474206444	0.005340127836311511	0.005282964155258978	-2.848279215536286e-30
0.005340127836311511	0.00545674174565868	0.005398434790985096	-2.8482780263523523e-30
0.00545674174565868	0.005575687933192792	0.005516214839425736	-2.848276797225552e-30
0.005575687933192793	0.005697013044477587	0.00563635048883519	-2.8482755268002737e-30
0.0056970130444775864	0.005820764657988076	0.005758888851232831	-2.8482742138179206e-30
0.005820764657988076	0.005946991303768776	0.005883877980878426	-2.8482728568388098e-30
0.005946991303768777	0.006075742482465091	0.0060113668931169335	-2.8482714542057256e-30
0.006075742482465091	0.0062070686847353305	0.006141405583600211	-2.8482700043965772e-30
0.0062070686847353305	0.006341021411050976	0.006274045047893154	-2.8482685058902675e-30
0.006341021411050976	0.006477653191892934	0.006409337301471954	-2.848266957037307e-30
0.006477653191892933	0.00661701760835173	0.006547335400122332	-2.8482653559931085e-30
0.006617017608351731	0.006759169313139704	0.006688093460745718	-2.8482637009802277e-30
0.006759169313139704	0.006904164052023437	0.00683166668258157	-2.8482619902935887e-30
0.006904164052023436	0.007052058685684843	0.0069781113688541395	-2.8482602220171424e-30
0.007052058685684844	0.0072029112120194794	0.007127484948852162	-2.8482583940682325e-30
0.007202911212019478	0.0073567807888808056	0.007279846000450141	-2.8482565044214492e-30
0.007356780788880807	0.007513727757279362	0.007435254273080085	-2.8482545510700945e-30
0.00751372775727936	0.007673813665045886	0.007593770711162623	-2.8482525318509767e-30
0.007673813665045887	0.007837101290967744	0.007755457478006815	-2.8482504443496774e-30
0.007837101290967744	0.008003654669408037	0.00792037798018789	-2.8482482862873762e-30
0.008003654669408037	0.008173539115417136	0.008088596892412587	-2.848246055361915e-30
0.008173539115417135	0.008346821250346416	0.008260180182881775	-2.8482437491093194e-30
0.008346821250346416	0.008523569027974283	0.00843519513916035	-2.8482413647207747e-30
0.008523569027974283	0.008703851761154707	0.008613710394564496	-2.848238899624207e-30
0.008703851761154709	0.008887740148998742	0.008795795955076725	-2.8482363511741134e-30
0.00888774014899874	0.009075306304599653	0.008981523226799196	-2.8482337165407305e-30
0.009075306304599653	0.009266623783312585	0.00917096504395612	-2.8482309924938114e-30
0.009266623783312585	0.009461767611599775	0.00936419569745618	-2.8482281761624325e-30
0.009461767611599774	0.009660814316452708	0.00956129096402624	-2.8482252643476524e-30
0.009660814316452706	0.0098638419554027	0.009762328135927704	-2.8482222539488008e-30
0.009863841955402701	0.010070930147131694	0.009967386051267197	-2.8482191412574833e-30
0.010070930147131694	0.010282160102695267	0.010176545124913481	-2.848215922967144e-30
0.010282160102695267	0.010497614657370112	0.01038988738003269	-2.8482125954187493e-30
0.01049761465737011	0.010717378303138451	0.010607496480254282	-2.8482091550803864e-30
0.010717378303138451	0.010941537221822159	0.010829457762480305	-2.8482055977379294e-30
0.010941537221822157	0.01117017931887954	0.011055858270350848	-2.8482019194623327e-30
0.011170179318879538	0.011403394257878067	0.011286786788378803	-2.84819811632954e-30
0.011403394257878069	0.011641273495656568	0.011522333876767318	-2.848194184069326e-30
0.011641273495656568	0.011883910318190638	0.011762591906923603	-2.8481901179244804e-30
0.011883910318190638	0.012131399877175389	0.012007655097683013	-2.8481859133990318e-30
0.012131399877175389	0.012383839227339835	0.012257619552257612	-2.8481815661247663e-30
0.012383839227339837	0.012641327364507573	0.012512583295923705	-2.8481770709049854e-30
0.012641327364507573	0.012903965264418662	0.012772646314463117	-2.8481724225782542e-30
0.01290396526441866	0.013171855922327972	0.013037910593373316	-2.848167616054226e-30
0.013171855922327972	0.01344510439339547	0.013308480157861721	-2.848162645967804e-30
0.013445104393395472	0.01372381783388432	0.013584461113639895	-2.8481575066572464e-30
0.01372381783388432	0.014008105543182945	0.013865961688533632	-2.8481521921741877e-30
0.014008105543182943	0.01429807900666754	0.014153092274925241	-2.8481466965196302e-30
0.014298079006667542	0.014593851939421832	0.014445965473044687	-2.8481410138021952e-30
0.014593851939421832	0.014895540330831207	0.01474469613512652	-2.848135137574672e-30
0.014895540330831205	0.015203262490068767	0.015049401410449987	-2.848129060713511e-30
0.015203262490068767	0.015517139092491082	0.015360200791279924	-2.8481227764315324e-30
0.01551713909249108	0.01583729322696184	0.015677216159726462	-2.848116278349102e-30
0.015837293226961844	0.01616385044412202	0.016000571835541932	-2.84810955864165e-30
0.016163850444122017	0.016496938805625395	0.016330394624873706	-2.848102609257904e-30
0.016496938805625395	0.016836688934358843	0.01666681386999212	-2.848095422712569e-30
0.01683668893435884	0.017183234065666953	0.017009961500012896	-2.848087991577426e-30
0.017183234065666957	0.017536710099601234	0.017359972082634095	-2.8480803067362134e-30
0.017536710099601237	0.0178972556542142	0.01771698287690772	-2.8480723588499306e-30
0.0178972556542142	0.018265012119919422	0.01808113388706681	-2.8480641397826177e-30
0.01826501211991942	0.018640123714938745	0.01845256791742908	-2.8480556411768235e-30
0.01864012371493875	0.019022737541858462	0.018831430628398607	-2.848046851531276e-30
0.019022737541858462	0.01941300364531657	0.019217870593587517	-2.848037761238645e-30
0.019413003645316573	0.019811075070843842	0.01961203935808021	-2.8480283608506334e-30
0.01981107507084384	0.020217107924881655	0.02001409149786275	-2.848018640241781e-30
0.020217107924881655	0.020631261436000227	0.02042418468044094	-2.8480085864966578e-30
0.020631261436000227	0.02105369801734117	0.0208424797266707	-2.847998188926762e-30
0.02105369801734117	0.02148458333030893	0.02126914067382505	-2.8479874366454426e-30
0.021484583330308935	0.021924086349536052	0.02170433483992249	-2.8479763172899322e-30
0.021924086349536052	0.02237237942914771	0.02214823288934188	-2.8479648171505777e-30
0.022372379429147708	0.0228296383703516	0.022601008899749656	-2.847952923733682e-30
0.022829638370351603	0.023296042490379573	0.023062840430365588	-2.8479406241280576e-30
0.023296042490379573	0.023771774692808105	0.02353390859159384	-2.8479279044408955e-30
0.0237717746928081	0.024257021539285203	0.02401439811604665	-2.8479147493840834e-30
0.024257021539285203	0.024751973322691845	0.024504497430988523	-2.8479011442629035e-30
0.02475197332269185	0.025256824141766623	0.025004398732229236	-2.8478870743217257e-30
0.025256824141766623	0.025771771977222895	0.02551429805949476	-2.8478725236801982e-30
0.0257717719772229	0.026297018769388295	0.026034395373305597	-2.8478574748989378e-30
0.026297018769388288	0.02683277049739699	0.02656489463339264	-2.8478419111120548e-30
0.026832770497396997	0.027379237259965876	0.027106003878681437	-2.8478258154983996e-30
0.027379237259965876	0.027936633357786133	0.027657935308876003	-2.8478091694423017e-30
0.02793663335778613	0.02850517737756279	0.028220905367674458	-2.847791954198449e-30
0.028505177377562793	0.029085092277734988	0.02879513482764889	-2.847774149807861e-30
0.029085092277734988	0.029676605475910625	0.029380848876822806	-2.8477557361473125e-30
0.02967660547591062	0.030279948938049774	0.029978277206980198	-2.8477366929482123e-30
0.030279948938049774	0.03089535926943171	0.030587654103740744	-2.847716999253533e-30
0.03089535926943171	0.031523077807441284	0.031209218538436497	-2.847696630933496e-30
0.03152307780744129	0.032163350716211056	0.031843214261826173	-2.8476755654394905e-30
0.03216335071621105	0.03281642908315621	0.03248988989968363	-2.8476537804745686e-30
0.032816429083156205	0.03348256901744027	0.03314949905029824	-2.8476312509355034e-30
0.03348256901744027	0.034162031750410014	0.03382230038392514	-2.847607949915344e-30
0.034162031750410014	0.03485508373803915	0.03450855774422458	-2.8475838515609875e-30
0.03485508373803915	0.03556199676542088	0.035208540251730015	-2.847558929246541e-30
0.03556199676542088	0.03628304805335023	0.03592252240938555	-2.8475331555233234e-30
0.03628304805335023	0.03701852036703818	0.0366507842101942	-2.8475065004853307e-30
0.03701852036703818	0.03776870212699988	0.037393611247019024	-2.8474789327659155e-30
0.03776870212699988	0.03853388752216081	0.038151294824580344	-2.8474504215626227e-30
0.03853388752216082	0.039314376625224974	0.0389241320736929	-2.8474209370001304e-30
0.039314376625224974	0.040110475510350414	0.039712426067787694	-2.8473904451644936e-30
0.04011047551035041	0.04092249637317835	0.04051648594176438	-2.847358909048375e-30
0.04092249637317835	0.04175075765326286	0.041336627013220606	-2.8473262931995793e-30
0.04175075765326286	0.042595584158949054	0.04217317090610596	-2.8472925635555245e-30
0.04259558415894906	0.04345730719474898	0.04302644567684902	-2.8472576844467066e-30
0.04345730719474898	0.0443362646912649	0.043896785943006944	-2.847221608729901e-30
0.0443362646912649	0.04523280133771114	0.04478453301448802	-2.8471842984255827e-30
0.04523280133771113	0.04614726871708629	0.04569003502739871	-2.847145714623969e-30
0.046147268717086305	0.04708002544404897	0.04661364708056764	-2.84710581491296e-30
0.04708002544404896	0.04803143730555088	0.04755573137479992	-2.847064548294167e-30
0.04803143730555088	0.049001877404282836	0.04851665735491686	-2.847021869600124e-30
0.049001877404282836	0.04999172630498943	0.04949680185463613	-2.846977733599917e-30
0.04999172630498944	0.05100137218371016	0.0504965492443498	-2.8469320909671025e-30
0.05100137218371016	0.0520312109800053	0.051516291581857734	-2.84688488822096e-30
0.0520312109800053	0.053081646552226344	0.052556428766115826	-2.8468360704488065e-30
0.05308164655222635	0.054153090835891815	0.05361736869405909	-2.8467855843961877e-30
0.054153090835891815	0.05524596400523059	0.0546995274205612	-2.846733374083191e-30
0.055245964005230595	0.05636069463795615	0.055803329321593376	-2.846679380906377e-30
0.056360694637956135	0.0574977198833362	0.05692920726064617	-2.846623541486193e-30
0.0574977198833362	0.058657485633623864	0.058077602758480035	-2.846565793011707e-30
0.058657485633623864	0.059840446698917284	0.059248966166270574	-2.8465060731042555e-30
0.05984044669891728	0.06104706698551656	0.06044375684221692	-2.8464443106984727e-30
0.06104706698551657	0.06227781967784784	0.06166244333168221	-2.8463804413547523e-30
0.062277819677847845	0.06353318742402574	0.0629055035509368	-2.8463143885555537e-30
0.06353318742402574	0.06481366252512719	0.06417342497457645	-2.8462460774605786e-30
0.0648136625251272	0.06611974712825068	0.06546670482668894	-2.8461754309054965e-30
0.06611974712825068	0.06745195342343663	0.06678585027584366	-2.846102373874894e-30
0.06745195342343661	0.06881080384452629	0.06813137863398144	-2.8460268222175967e-30
0.0688108038445263	0.07019683127403777	0.06950381755928203	-2.84594868641566e-30
0.07019683127403777	0.07161057925213946	0.07090370526308862	-2.845867879961668e-30
0.07161057925213947	0.0730526021898032	0.07233159072097134	-2.8457843124099502e-30
0.0730526021898032	0.0745234655862202	0.0737880338880117	-2.845697888701136e-30
0.0745234655862202	0.07602374625056554	0.07527360591839287	-2.8456085171345595e-30
0.07602374625056553	0.07755403252819779	0.07678888938938166	-2.8455160887288464e-30
0.07755403252819777	0.07911492453138266	0.07833447852979022	-2.8454204961332327e-30
0.07911492453138268	0.08070703437463127	0.07991097945300697	-2.845321635999136e-30
0.08070703437463127	0.08233098641474483	0.08151901039468805	-2.845219399388279e-30
0.08233098641474483	0.08398741749566066	0.08315920195520274	-2.8451136746010162e-30
0.08398741749566067	0.08567697719819482	0.08483219734692775	-2.845004326077834e-30
0.08567697719819482	0.08740032809477966	0.08653865264648725	-2.8448912313667055e-30
0.08740032809477967	0.0891581460092962	0.08827923705203794	-2.84477427291055e-30
0.0891581460092962	0.09095112028210306	0.09005463314569963	-2.844653318947209e-30
0.09095112028210306	0.09277995404036606	0.09186553716123455	-2.8445282219974626e-30
0.09277995404036607	0.09464536447379433	0.0937126592570802	-2.8443988377855734e-30
0.09464536447379433	0.09654808311589116	0.09559672379484274	-2.8442650211303575e-30
0.09654808311589115	0.09848885613082992	0.09751846962336053	-2.8441266220649108e-30
0.0984888561308299	0.10046844460606744	0.09947865036844866	-2.8439834802669674e-30
0.10046844460606745	0.10248762485080974	0.1014780347284386	-2.8438354337339964e-30
0.10248762485080974	0.10454718870044688	0.10351740677562832	-2.8436823065136667e-30
0.10454718870044688	0.10664794382707676	0.10559756626376182	-2.843523923040905e-30
0.10664794382707674	0.1087907140562392	0.10771932894165798	-2.8433601021803098e-30
0.10879071405623923	0.11097633968998495	0.10988352687311209	-2.8431906501432976e-30
0.11097633968998494	0.11320567783640557	0.11209100876319525	-2.8430153780844402e-30
0.11320567783640557	0.11547960274575463	0.1143426402910801	-2.8428340808204286e-30
0.11547960274575463	0.11779900615329066	0.11663930444952264	-2.8426465405961547e-30
0.11779900615329067	0.12016479762897743	0.11898190189113406	-2.8424525340344818e-30
0.12016479762897742	0.1225779049341779	0.12137135128157767	-2.8422518393890492e-30
0.12257790493417792	0.1250392743854824	0.12380858965983016	-2.842044222844892e-30
0.12503927438548243	0.12754987122581302	0.1262945728056477	-2.841829440295374e-30
0.12754987122581302	0.13011068000295023	0.12883027561438162	-2.8416072323140235e-30
0.13011068000295023	0.13272270495563018	0.13141669247929022	-2.8413773283205853e-30
0.13272270495563016	0.1353869704073637	0.13405483768149692	-2.8411394493197398e-30
0.1353869704073637	0.1381045211681319	0.13674574578774779	-2.840893307885536e-30
0.1381045211681319	0.14087642294411548	0.1394904720561237	-2.8406386195079068e-30
0.1408764229441155	0.14370376275561875	0.14229009284986713	-2.840375077733024e-30
0.14370376275561872	0.14658764936335203	0.14514570605948537	-2.8401023201992182e-30
0.14658764936335203	0.14952921370324002	0.148058431533296	-2.8398200111855098e-30
0.14952921370324004	0.1525296093299258	0.15102941151658292	-2.839527801949367e-30
0.1525296093299258	0.15559001286914526	0.15405981109953554	-2.8392253126326676e-30
0.15559001286914523	0.15871162447914908	0.15715081867414715	-2.8389121200740733e-30
0.15871162447914908	0.161895668321353	0.16030364640025102	-2.838587795392475e-30
0.161895668321353	0.165143393040401	0.163519530680877	-2.838251885040144e-30
0.16514339304040102	0.16845607225382997	0.1667997326471155	-2.837903950014608e-30
0.16845607225382997	0.17183500505152752	0.17014553865267873	-2.8375435345857214e-30
0.17183500505152752	0.175281516505179	0.17355826077835326	-2.8371701629404822e-30
0.17528151650517898	0.1787969581879035	0.17703923734654126	-2.836783353792433e-30
0.1787969581879035	0.18238270870428253	0.18058983344609303	-2.8363826319493496e-30
0.18238270870428255	0.18604017423098915	0.18421144146763585	-2.8359674891755724e-30
0.18604017423098912	0.18977078906822983	0.18790548164960946	-2.8355373958176423e-30
0.18977078906822986	0.1935760162022154	0.19167340263522264	-2.8350918361960843e-30
0.19357601620221537	0.1974573478788806	0.195516682040548	-2.8346302687952227e-30
0.1974573478788806	0.20141630618907916	0.19943682703397989	-2.8341521260516495e-30
0.20141630618907921	0.20545444366548174	0.20343537492728048	-2.8336568619635778e-30
0.20545444366548168	0.20957334389141227	0.20751389377844698	-2.833143890161248e-30
0.2095733438914123	0.2137746221218615	0.2116739830066369	-2.8326125851676113e-30
0.21377462212186146	0.21805992591691964	0.21591727401939054	-2.8320623626174815e-30
0.21805992591691964	0.22243093578787898	0.2202454308523993	-2.8314925234041383e-30
0.222430935787879	0.22688936585625752	0.22466015082206825	-2.8309024697367792e-30
0.2268893658562575	0.2314369645260036	0.22916316519113056	-2.8302915108819214e-30
0.23143696452600362	0.23607551516914463	0.23375623984757413	-2.8296589314611047e-30
0.23607551516914463	0.24080683682514847	0.23844117599714654	-2.829003985171221e-30
0.24080683682514847	0.24563278491427237	0.24321981086971042	-2.8283258750594304e-30
0.24563278491427235	0.25055525196517875	0.24809401843972556	-2.8276238900009628e-30
0.25055525196517875	0.2555761683571033	0.253065710161141	-2.8268971289547074e-30
0.2555761683571033	0.2606975030768663	0.25813683571698476	-2.8261448368598498e-30
0.2606975030768663	0.26592126449102454	0.2633093837839454	-2.8253661864806227e-30
0.26592126449102454	0.27124950113346596	0.26858538281224525	-2.824560379831823e-30
0.27124950113346596	0.27668430250875625	0.2739669018211111	-2.8237264300723983e-30
0.27668430250875625	0.28222779991155234	0.27945605121015427	-2.8228635987006137e-30
0.28222779991155234	0.28788216726240434	0.28505498358697834	-2.8219709452895e-30
0.2878821672624043	0.29364962196027333	0.29076589461133884	-2.821047528692602e-30
0.29364962196027333	0.29953242575209976	0.2965910238561865	-2.8200923320400923e-30
0.29953242575209976	0.3055328856197627	0.30253265568593124	-2.8191045091211745e-30
0.30553288561976266	0.31165335468477884	0.30859312015227075	-2.8180830992659474e-30
0.3116533546847789	0.31789623313109544	0.31477479390793717	-2.8170271014871057e-30
0.31789623313109544	0.3242639691463383	0.3210801011387169	-2.8159354947505237e-30
0.32426396914633826	0.330759059881886	0.3275115145141121	-2.8148072213048883e-30
0.330759059881886	0.33738405243214464	0.33407155615701534	-2.8136411312855826e-30
0.3373840524321446	0.3441415448334084	0.3407627986327765	-2.8124363048797218e-30
0.3441415448334084	0.3510341870826975	0.34758786595805297	-2.8111915279172153e-30
0.3510341870826976	0.3580646821769725	0.35454943462983507	-2.8099055581907894e-30
0.35806468217697246	0.3652357871731329	0.36165023467505264	-2.808577122730408e-30
0.3652357871731329	0.3725503142692165	0.3688930507211747	-2.8072049094564127e-30
0.3725503142692164	0.3800111319072217	0.376280723088219	-2.8057879491745833e-30
0.38001113190722174	0.3876211658979871	0.3838161489026044	-2.8043250492240435e-30
0.3876211658979871	0.3953834005685678	0.39150228323327746	-2.8028147331213854e-30
0.3953834005685678	0.4033008799325601	0.3993421402505639	-2.801255497131123e-30
0.40330087993256014	0.41137670888383226	0.4073387944081962	-2.7996466598306356e-30
0.4113767088838322	0.4196140544141298	0.41549538164898103	-2.797986345517031e-30
0.41961405441412986	0.4280161468550334	0.4238151006345816	-2.7962731434093493e-30
0.42801614685503336	0.43658628114475495	0.4323012139998942	-2.7945063794628488e-30
0.436586281144755	0.44532781812027106	0.44095704963251303	-2.7926839645532922e-30
0.4453278181202711	0.45424418583529746	0.4497860019777843	-2.790804803076885e-30
0.45424418583529746	0.4633388809046244	0.4587915333699609	-2.7888670828313063e-30
0.4633388809046243	0.4726154698753377	0.46797717538998096	-2.786869257854836e-30
0.4726154698753377	0.4820775906254654	0.4773465302504015	-2.784810219033947e-30
0.4820775906254654	0.49172895379059567	0.48690327220803054	-2.7826875660536967e-30
0.49172895379059567	0.5015733442190285	0.4966511490048121	-2.780501096421861e-30
0.5015733442190285	0.5116146224560301	0.5065939833375293	-2.7782479232737406e-30
0.5116146224560301	0.5218567262577716	0.5167356743569008	-2.7759276002267965e-30
0.5218567262577716	0.532303672135548	0.5270801991966598	-2.7735374197195467e-30
0.532303672135548	0.5429595569308798	0.5376316145332138	-2.771076310419513e-30
0.5429595569308799	0.5538285594221185	0.5483940581764992	-2.7685425392226012e-30
0.5538285594221184	0.5649149419631817	0.5593717506926501	-2.7659343959449547e-30
0.5649149419631817	0.5762230521550663	0.570568997059124	-2.763250457368262e-30
0.5762230521550663	0.5877573245507886	0.5819901883529275	-2.7604878044038087e-30
0.5877573245507887	0.5995222823944254	0.593639803472607	-2.757646242954363e-30
0.5995222823944254	0.6115225393949348	0.6055224108946802	-2.7547227913437745e-30
0.6115225393949348	0.6237628015354545	0.6176426704651947	-2.751715984091471e-30
0.6237628015354545	0.6362478689187845	0.6300053352271195	-2.748624682960591e-30
0.6362478689187845	0.6489826376497811	0.6426152532842828	-2.7454452037746104e-30
0.6489826376497811	0.6619721017553977	0.6554773697025894	-2.742178085671535e-30
0.6619721017553977	0.6752213551431265	0.6685967284492621	-2.738820168765837e-30
0.6752213551431265	0.68873559359861	0.6819784743708683	-2.7353691602583948e-30
0.68873559359861	0.7025201168232031	0.6956278552109065	-2.7318240211992365e-30
0.7025201168232033	0.7165803305122883	0.7095502236677458	-2.7281833115947694e-30
0.7165803305122883	0.730921748475155	0.7237510394937217	-2.724443050855549e-30
0.7309217484751549	0.7455499947972789	0.738235871636217	-2.720603697635926e-30
0.745549994797279	0.7604708060458455	0.7530104004215623	-2.7166617604655354e-30
0.7604708060458455	0.7756900335193834	0.7680804197826144	-2.7126158467453206e-30
0.7756900335193835	0.7912136455423922	0.7834518395308878	-2.708464208199879e-30
0.791213645542392	0.8070477298058608	0.7991306876741264	-2.7042049787166703e-30
0.8070477298058608	0.823198495754599	0.8151231127802299	-2.6998364909149993e-30
0.8231984957545989	0.8396722770223118	0.8314353863884554	-2.6953539844604185e-30
0.839672277022312	0.8564755339153791	0.8480739054688455	-2.690759585806452e-30
0.8564755339153791	0.8736148559463076	0.8650451949308433	-2.6860496405412665e-30
0.8736148559463076	0.8910969644178547	0.8823559101820811	-2.6812216830019835e-30
0.8910969644178548	0.9089287150588329	0.9000128397383438	-2.6762736271306103e-30
0.9089287150588329	0.9271171007126305	0.9180229078857317	-2.671205447889109e-30
0.9271171007126305	0.9456692540795041	0.9363931773960673	-2.6660133351450037e-30
0.945669254079504	0.964592450513715	0.9551308522966095	-2.6606972300506463e-30
0.9645924505137151	0.9838941108766104	0.9742432806951627	-2.6552521406670448e-30
0.9838941108766103	1.0035818044467635	0.9937379576616869	-2.6496785629767704e-30
1.0035818044467635	1.0236632518883197	1.0136225281675415	-2.6439763748636615e-30
1.0236632518883195	1.044146328278707	1.0339047900835132	-2.6381423522560486e-30
1.0441463282787071	1.0650390661969023	1.0545926972378048	-2.632174880863713e-30
1.065039066196902	1.0863496588734611	1.0756943625351816	-2.626069078217833e-30
1.0863496588734611	1.1080864634035512	1.097218061138506	-2.619828997367019e-30
1.1080864634035512	1.1302580040242431	1.1191722337138972	-2.613452358882216e-30
1.1302580040242434	1.1528729754573492	1.1415654897407963	-2.606936270321091e-30
1.152872975457349	1.1759402463191169	1.164406610888233	-2.600279969335211e-30
1.175940246319117	1.1994688625981205	1.1877045544586187	-2.5934833240925793e-30
1.1994688625981205	1.2234680512027039	1.2114684569004122	-2.5865433249020603e-30
1.2234680512027039	1.247947223579379	1.2357076373910414	-2.5794611387173334e-30
1.2479472235793787	1.2729159794035871	1.260431601491483	-2.5722352448731738e-30
1.2729159794035874	1.2983841103442801	1.2856500448739339	-2.5648655100854616e-30
1.29838411034428	1.3243616039037864	1.311372857124033	-2.5573512388126925e-30
1.3243616039037867	1.3508586473344832	1.3376101256191348	-2.54969179563706e-30
1.3508586473344832	1.377885631633794	1.3643721394841386	-2.5418844642284435e-30
1.3778856316337937	1.4054531556190906	1.3916693936264422	-2.5339302440735892e-30
1.405453155619091	1.4335720300840937	1.4195125928515924	-2.52582953182894e-30
1.4335720300840937	1.4622532820383967	1.4479126560612452	-2.517582101715038e-30
1.4622532820383964	1.4915081590317854	1.476880720535091	-2.509188549063903e-30
1.4915081590317854	1.521348133565042	1.5064281462984137	-2.5006487388516816e-30
1.5213481335650418	1.5517849075889636	1.5365665205770027	-2.4919623343178694e-30
1.5517849075889636	1.5828304170933638	1.5673076623411637	-2.4831232665939835e-30
1.582830417093364	1.6144968367878523	1.598663626940608	-2.4741374603146944e-30
1.614496836787852	1.64679658487623	1.630646710832041	-2.465005541575563e-30
1.64679658487623	1.6797423279263757	1.6632694564013029	-2.4557280386060624e-30
1.679742327926376	1.7133469858375243	1.69654465688195	-2.44630464788222e-30
1.7133469858375243	1.7476237369068959	1.7304853613722102	-2.4367358927153026e-30
1.7476237369068957	1.7825860229976545	1.765104879952275	-2.4270211758004843e-30
1.7825860229976545	1.8182475548102286	1.8004167889039415	-2.417162759000253e-30
1.8182475548102286	1.8546223172590541	1.8364349360346415	-2.407159160824085e-30
1.8546223172590544	1.8917245749568563	1.8731734461079554	-2.397013229828967e-30
1.8917245749568563	1.9295688778086144	1.9106467263827354	-2.3867251443866134e-30
1.9295688778086142	1.9681700667174074	1.9488694722630107	-2.376296300084861e-30
1.9681700667174076	2.0075432794043766	1.9878566730608922	-2.3657256260979083e-30
2.0075432794043766	2.047703956345085	2.027623617874731	-2.35501525325545e-30
2.047703956345085	2.088667846824608	2.0681859015848465	-2.3441679999647633e-30
2.088667846824608	2.130451015113721	2.1095594309691643	-2.333184550909925e-30
2.1304510151137213	2.1730698467686165	2.151760430941169	-2.3220667710772784e-30
2.1730698467686165	2.21654105505661	2.194805450912613	-2.3108167462024714e-30
2.21654105505661	2.260881687510363	2.238711371283486	-2.2994337332951816e-30
2.260881687510363	2.306109132613191	2.283495410061777	-2.2879185972676646e-30
2.3061091326131913	2.3522411266180763	2.329175129615634	-2.2762769273509764e-30
2.352241126618076	2.3992957605030583	2.375768443560567	-2.2645101093218704e-30
2.3992957605030587	2.447291487065741	2.4232936237844	-2.2526185848204918e-30
2.4472914870657405	2.496247128159676	2.4717693076127083	-2.2406036203663584e-30
2.4962471281596765	2.546181882075491	2.521214505117584	-2.228467299562747e-30
2.5461818820754907	2.5971153310696216	2.5716486065725563	-2.21621080806723e-30
2.5971153310696216	2.649067449043635	2.6230913900566284	-2.2038374452259035e-30
2.6490674490436352	2.702058609377129	2.675563029210382	-2.1913512998285135e-30
2.7020586093771284	2.756109592917292	2.72908410114721	-2.1787534871869416e-30
2.7561095929172925	2.8112415961282595	2.783675594522776	-2.1660465243638793e-30
2.811241596128259	2.8674762394034454	2.8393589177658525	-2.1532320636808566e-30
2.8674762394034454	2.9248355755441353	2.8961559074737906	-2.140312610477233e-30
2.9248355755441353	2.983342098407639	2.9540888369758873	-2.1272902389629564e-30
2.983342098407639	3.043018751728413	3.013180425068026	-2.114166982337197e-30
3.043018751728413	3.103888938115602	3.0734538449220077	-2.1009455963391354e-30
3.1038889381156016	3.1659765282305345	3.134932733173068	-2.087627165299133e-30
3.165976528230535	3.229305870147767	3.197641199189151	-2.074216168691384e-30
3.229305870147767	3.293901798903343	3.261603834525555	-2.060714670345046e-30
3.293901798903343	3.359789646234031	3.326845722568687	-2.0471246625392603e-30
3.3597896462340304	3.426995250511332	3.393392448372681	-2.03344941695402e-30
3.4269952505113324	3.49554496687418	3.461270108692756	-2.0196913109429775e-30
3.49554496687418	3.565465677564285	3.5305053222192324	-2.0058535005559675e-30
3.5654656775642843	3.636784802468191	3.6011252400162377	-1.9919395285396444e-30
3.6367848024681915	3.709530309870176	3.673157556169184	-1.977952232238212e-30
3.709530309870176	3.783730727420201	3.7466305186451887	-1.963894218432975e-30
3.783730727420201	3.8594151533212258	3.8215729403707135	-1.949768457254767e-30
3.8594151533212258	3.936613267740271	3.8980142105307483	-1.9355769881755968e-30
3.9366132677402716	4.015355344447698	3.9759843060939852	-1.9213237770312506e-30
4.0153553444476975	4.0956722626892725	4.055513803568485	-1.9070119049597367e-30
4.0956722626892725	4.177595519295679	4.136633890992476	-1.8926444957404464e-30
4.177595519295679	4.261157241034213	4.219376380164945	-1.878224375430484e-30
4.261157241034214	4.346390197207519	4.3037737191208665	-1.8637543972405857e-30
4.346390197207519	4.433327812504291	4.389859004855905	-1.84923779740969e-30
4.433327812504291	4.522004180106998	4.477665996305644	-1.8346775146256115e-30
4.522004180106997	4.612454075061757	4.567229127584377	-1.8200764841558378e-30
4.612454075061758	4.704712967915614	4.658583521488686	-1.8054375145815318e-30
4.704712967915615	4.798817038626549	4.751765003271082	-1.7907634333000255e-30
4.798817038626548	4.8948031907517	4.846810114689124	-1.7760570812437176e-30
4.8948031907517	4.992709065919355	4.943756128335528	-1.7613213086362853e-30
4.992709065919355	5.0925730585903635	5.042641062254859	-1.7465589315628863e-30
5.092573058590363	5.194434331114791	5.143503694852576	-1.731772796435171e-30
5.194434331114792	5.298332829089708	5.2463835801022505	-1.716965814888094e-30
5.298332829089708	5.404309297024123	5.351321063056916	-1.7021408737962246e-30
5.404309297024124	5.512405294317228	5.458357295670676	-1.6873013700682656e-30
5.512405294317227	5.622663211556192	5.56753425293671	-1.6724501480756854e-30
5.622663211556192	5.735126287139937	5.678894749348064	-1.6575896959697845e-30
5.735126287139938	5.849838624235358	5.792482455687647	-1.642722598102864e-30
5.849838624235357	5.966845208072685	5.90834191615402	-1.6278514471014133e-30
5.9668452080726855	6.08619192358676	6.026518565829723	-1.6129789527686793e-30
6.08619192358676	6.207925573411116	6.147058748498939	-1.5981076236667158e-30
6.207925573411115	6.332093896231958	6.270009734821537	-1.583240388604681e-30
6.332093896231959	6.458745585509219	6.395419740870589	-1.5683797576959622e-30
6.458745585509219	6.587930308572025	6.523337947040622	-1.5535315935924348e-30
6.587930308572025	6.7196987260960865	6.653814517334055	-1.538696501029033e-30
6.719698726096086	6.854102511970629	6.786900619033357	-1.5238782830592902e-30
6.8541025119706305	6.9911943735626645	6.922648442766647	-1.50907896531522e-30
6.991194373562663	7.131028072386537	7.0611112229746	-1.4943001751353733e-30
7.131028072386538	7.27365844518689	7.202343258786714	-1.4795446110014651e-30
7.27365844518689	7.419141425443249	7.34639993531507	-1.4648151311478497e-30
7.419141425443249	7.567534065304735	7.493337745373992	-1.45011362222988e-30
7.567534065304733	7.718894557963449	7.643214311634091	-1.4354424240956756e-30
7.71889455796345	7.8732822604753405	7.796088409219395	-1.4208036166314127e-30
7.87328226047534	8.030757717037467	7.952019988756403	-1.4062006848086725e-30
8.030757717037467	8.191382682730838	8.111070199884153	-1.3916346398363248e-30
8.191382682730838	8.355220147738075	8.273301415234457	-1.3771071662077982e-30
8.355220147738077	8.52233436204546	8.438777254891768	-1.362622421525786e-30
8.52233436204546	8.69279086063899	8.607562611342225	-1.3481816360444315e-30
8.692790860638988	8.86665648920439	8.779723674921689	-1.3337900618562575e-30
8.86665648920439	9.043999430341099	8.955327959772745	-1.319447388060937e-30
9.043999430341099	9.224889230300542	9.134444330320822	-1.3051547751177632e-30
9.22488923030054	9.409396826259172	9.317143028279856	-1.2909159334268141e-30
9.409396826259174	9.597594574136979	9.503495700198076	-1.276730864180011e-30
9.597594574136977	9.789556276972338	9.693575425554657	-1.2626021030638013e-30
9.789556276972338	9.985357213864406	9.887456745418373	-1.2485319760312031e-30
9.985357213864406	10.185074169494316	10.08521569167936	-1.2345214275855626e-30
10.185074169494316	10.388785464236824	10.28692981686557	-1.220573250812528e-30
10.388785464236824	10.596570984874182	10.492678224555503	-1.2066880600595353e-30
10.596570984874182	10.808512215924287	10.702541600399234	-1.192870913509561e-30
10.808512215924287	11.024692271595393	10.91660224375984	-1.1791208703027414e-30
11.024692271595391	11.245195928379921	11.134944099987656	-1.1654402342535517e-30
11.245195928379921	11.47010965830014	11.35765279334003	-1.151829420345028e-30
11.470109658300142	11.699521662818766	11.584815660559453	-1.1382899617366375e-30
11.699521662818766	11.933521907427762	11.816521785123264	-1.1248240073949888e-30
11.933521907427762	12.172202156928938	12.05286203217835	-1.1114317527304362e-30
12.172202156928938	12.415656011420138	12.293929084174538	-1.0981159899799142e-30
12.415656011420136	12.66397894300116	12.539817477210647	-1.0848793152007106e-30
12.663978943001162	12.917268333213807	12.790623638107483	-1.0717216730759362e-30
12.917268333213807	13.175623511230704	13.046445922222254	-1.058644572551004e-30
13.175623511230702	13.439145792807937	13.30738465201932	-1.0456479817115483e-30
13.43914579280794	13.70793852001672	13.57354215641233	-1.0327334389735502e-30
13.707938520016718	13.982107101769675	13.845022810893196	-1.019902730930047e-30
13.982107101769676	14.261759055157691	14.121933078463684	-1.0071562688621882e-30
14.26175905515769	14.547004047613465	14.404381551385576	-9.944961227744964e-31
14.547004047613463	14.837953939918354	14.692478993765908	-9.819237679263005e-31
14.837953939918354	15.134722830069341	14.986338384993847	-9.694395010168071e-31
15.134722830069341	15.437427098023349	15.286074964046346	-9.570434214700713e-31
15.43742709802335	15.746185451336439	15.591806274679895	-9.447366992337556e-31
15.746185451336439	16.06111897171579	15.903652211526115	-9.325195233851737e-31
16.06111897171579	16.382351162502726	16.221735067109257	-9.203930225369362e-31
16.382351162502726	16.7100079971054	16.54617957980406	-9.083601185548722e-31
16.7100079971054	17.04421796840013	16.877112982752763	-8.964198064473737e-31
17.044217968400133	17.385112139120757	17.214665053760445	-8.8457291789935e-31
17.385112139120753	17.73282419325579	17.558968166188272	-8.728199617880772e-31
17.73282419325579	18.087490488473527	17.910157340864657	-8.611609542378336e-31
18.087490488473527	18.44925010959562	18.268370299034572	-8.495959123976018e-31
18.44925010959562	18.818244923140153	18.633747516367887	-8.381284195400829e-31
18.818244923140156	19.19461963295558	19.006432278047868	-8.267571658814116e-31
19.19461963295558	19.57852183696731	19.386570734961445	-8.154831284058977e-31
19.57852183696731	19.970102085059278	19.774311961013296	-8.043062958257834e-31
19.970102085059278	20.369513938113084	20.16980801158618	-7.932255721279436e-31
20.369513938113087	20.77691402822797	20.57321398317053	-7.822429143338428e-31
20.77691402822797	21.19246212014515	20.98468807418656	-7.71359625001632e-31
21.19246212014515	21.616321173900676	21.404391647022912	-7.605752620031452e-31
21.616321173900673	22.04865740873131	21.83248929131599	-7.4988982031532845e-31
22.048657408731312	22.48964036825856	22.269148888494936	-7.393026417401062e-31
22.489640368258556	22.93944298697635	22.714541677617454	-7.288138387854392e-31
22.93944298697635	23.398241658068496	23.168842322522423	-7.184259030231389e-31
23.398241658068496	23.866216302582487	23.632228980325493	-7.081381750446763e-31
23.86621630258249	24.34355043998676	24.104883371284625	-6.9795026791447405e-31
24.34355043998676	24.830431260139118	24.58699085006294	-6.878614653468367e-31
24.830431260139115	25.32704969669452	25.07874047841682	-6.778720551966703e-31
25.32704969669452	25.83360050198103	25.580325099337777	-6.679831373180256e-31
25.833600501981028	26.35028232337327	26.09194141267715	-6.581954247911532e-31
26.350282323373275	26.877297781193363	26.61379005228332	-6.485076319136534e-31
26.877297781193363	27.41485354816985	27.146075664681607	-6.389188306998139e-31
27.41485354816985	27.96316043048587	27.68900698932786	-6.294291238192167e-31
27.963160430485864	28.522433450448204	28.242796940467034	-6.200403137428511e-31
28.522433450448204	29.09289193080979	28.807662690628998	-6.107517767944973e-31
29.09289193080979	29.67475958077861	29.3838257557942	-6.015627120066439e-31
29.67475958077861	30.268264583746802	29.971512082262706	-5.92472430042653e-31
30.268264583746802	30.87363968677436	30.570952135260583	-5.834803826482264e-31
30.873639686774364	31.491122291862474	31.182380989318418	-5.745889705353145e-31
31.491122291862467	32.120954549052335	31.8060384204574	-5.6579648635745955e-31
32.12095454905234	32.76338345138601	32.44216900021918	-5.571019352338411e-31
32.76338345138601	33.418660931766354	33.09102219157619	-5.485041167879313e-31
33.418660931766354	34.087043961754304	33.75285244676033	-5.400057261908963e-31
34.0870439617543	34.768794652342	34.42791930704815	-5.316055039547494e-31
34.76879465234201	35.46418035674147	35.11648750454174	-5.2330186650584254e-31
35.46418035674147	36.17347377522892	35.8188270659852	-5.150939085046108e-31
36.17347377522891	36.89695306208611	36.53521341865751	-5.069831189767471e-31
36.89695306208612	37.634901934680464	37.26592749838329	-4.989692223555157e-31
37.634901934680464	38.38760978472669	38.01125585970358	-4.91050470384907e-31
38.38760978472669	39.155371791773845	38.77149078825027	-4.832258186903006e-31
39.155371791773845	39.93848903896195	39.546930415367896	-4.754972068222327e-31
39.93848903896195	40.737268631093805	40.33787883502788	-4.678632770398e-31
40.737268631093805	41.5520238150683	41.144646223081054	-4.603227557326433e-31
41.5520238150683	42.38307410272229	41.96754895889529	-4.528738032029141e-31
42.3830741027223	43.230745396129365	42.80690974942583	-4.455196221816667e-31
43.230745396129365	44.09537011540457	43.66305775576697	-4.382580252992894e-31
44.09537011540456	44.97728732906528	44.53632872223492	-4.31087342302431e-31
44.977287329065284	45.87684288699921	45.42706510803225	-4.240078162160964e-31
45.87684288699921	46.79438955609182	46.33561622154552	-4.170205176631884e-31
46.79438955609182	47.73028715856628	47.26233835732905	-4.101231442013675e-31
47.73028715856627	48.68490271309022	48.20759493582824	-4.033141886827965e-31
48.68490271309022	49.658610578704646	49.17175664589743	-3.965963127421387e-31
49.658610578704646	50.651792601631364	50.155201590168005	-3.8996715688015863e-31
50.651792601631364	51.66483826501661	51.15831543332399	-3.8342489762447403e-31
51.664838265016606	52.69814484166956	52.18149155334308	-3.769716704920875e-31
52.69814484166957	53.75211754985558	53.22513119576257	-3.706054577877614e-31
53.752117549855576	54.82716971220531	54.289643631030444	-3.6432436442200316e-31
54.82716971220531	55.92372291780204	55.37544631500367	-3.581307560533531e-31
55.92372291780204	57.0422071875107	56.48296505265637	-3.52021992285172e-31
57.0422071875107	58.18306114261353	57.61263416506212	-3.459963971322543e-31
58.18306114261354	59.346732176818435	58.76489665971599	-3.4005755777205826e-31
59.346732176818435	60.53367663170742	59.94020440426293	-3.342029905647406e-31
60.53367663170742	61.744359975694195	61.13901830370081	-3.284350030106684e-31
61.744359975694195	62.9792569865607	62.36180848112745	-3.2275452922119978e-31
62.979256986560706	64.23885193764454	63.60905446210262	-3.171597895706456e-31
64.23885193764454	65.52363878775006	64.8812453626973	-3.116518790896331e-31
65.52363878775004	66.83412137485767	66.17888008130386	-3.062273615388275e-31
66.83412137485767	68.17081361370745	67.50246749428257	-3.0088782548083323e-31
68.17081361370745	69.53423969733423	68.85252665552085	-2.9563034362372967e-31
69.53423969733421	70.92493430263352	70.22958699998387	-2.904552582970463e-31
70.92493430263353	72.34344280003883	71.63418855133618	-2.8536084802336223e-31
72.34344280003882	73.79032146739222	73.06688213371552	-2.803467940163777e-31
73.79032146739222	75.26613770809269	74.52822958774246	-2.7541161600430163e-31
75.26613770809269	76.77147027360716	76.01880399084993	-2.7055452157952994e-31
76.77147027360715	78.30690949043192	77.53918988201954	-2.6577459201388534e-31
78.30690949043193	79.8730574915932	79.08998349101256	-2.610707860892787e-31
79.87305749159319	81.47052845277767	80.67179297218543	-2.564420996596467e-31
81.47052845277767	83.09994883318585	82.28523864298177	-2.5188790718572217e-31
83.09994883318585	84.76195762120219	83.93095322719401	-2.4740665008457513e-31
84.76195762120219	86.45720658497885	85.60958210309052	-2.4299821089462012e-31
86.45720658497885	88.18636052803105	87.32178355650495	-2.386611701946518e-31
88.18636052803106	89.9500975499443	89.06822903898768	-2.343948179258828e-31
89.9500975499443	91.74910931229581	90.84960343112006	-2.3019805590348936e-31
91.74910931229581	93.58410130989435	92.66660531109508	-2.260700769337881e-31
93.58410130989435	95.45579314744487	94.51994722866961	-2.2200983208232114e-31
95.45579314744487	97.36491882174639	96.41035598459563	-2.180163170045904e-31
97.36491882174636	99.31222700953391	98.33857291564013	-2.140890973848454e-31
99.31222700953393	101.29848136107722	100.30535418530557	-2.1022676772630723e-31
101.29848136107722	103.32446079965139	102.3114710803643	-2.064286755822391e-31
103.32446079965138	105.39095982699703	104.3577103133242	-2.026939344270495e-31
105.39095982699703	107.4987888348896	106.44487433094332	-1.9902129116633217e-31
107.49878883488961	109.64877442294002	108.57378162891482	-1.95410430295241e-31
109.64877442294002	111.84175972275145	110.74526707284573	-1.9186047478812573e-31
111.84175972275145	114.0786047285591	112.96018222565527	-1.8837002847790253e-31
114.0786047285591	116.3601866344829	115.21939568152101	-1.8493859289196174e-31
116.3601866344829	118.68740017852518	117.52379340650404	-1.815651502801016e-31
118.68740017852518	121.0611579934483	119.87427908598674	-1.7824908500972942e-31
121.0611579934483	123.48239096466989	122.2717744790591	-1.7498945947097039e-31
123.4823909646699	125.95204859531593	124.71721977999292	-1.7178504976175162e-31
125.95204859531593	128.47109937857488	127.21157398694541	-1.6863547274075908e-31
128.47109937857485	131.04053117749896	129.7558152780369	-1.6554031879211796e-31
131.040531177499	133.6613516124016	132.3509413949503	-1.6249791433839705e-31
133.6613516124016	136.33458845600225	134.99797003420193	-1.5950778432479202e-31
136.33458845600222	139.0612900364749	137.69793924623855	-1.5656936979914877e-31
139.0612900364749	141.84252564855703	140.45190784251596	-1.5368190848287707e-31
141.84252564855703	144.6793859728808	143.2609558107189	-1.5084427818565063e-31
144.6793859728808	147.57298350369103	146.12618473828593	-1.4805595947303975e-31
147.572983503691	150.52445298511745	149.04871824440423	-1.4531630351666404e-31
150.5244529851175	153.53495185617248	152.02970242064498	-1.42624142536483e-31
153.53495185617246	156.60566070464853	155.07030628041048	-1.3997913689003913e-31
156.60566070464853	159.73778373009412	158.17172221737133	-1.3738053837294724e-31
159.73778373009412	162.93254921604864	161.33516647307138	-1.348272535162955e-31
162.9325492160486	166.1912100117222	164.56187961388542	-1.32318834244276e-31
166.19121001172223	169.51504402330931	167.85312701751576	-1.2985478902916145e-31
169.51504402330931	172.9053547151281	171.2101993692187	-1.2743419757994506e-31
172.90535471512808	176.36347162078326	174.63441316795567	-1.250560640205089e-31
176.3634716207833	179.89075086455156	178.1271112426674	-1.2272019468567034e-31
179.89075086455156	183.48857569319523	181.6896632788734	-1.204259449013294e-31
183.48857569319523	187.15835701841175	185.32346635580348	-1.181720753045075e-31
187.15835701841175	190.90153397013262	189.02994549427217	-1.1595819577584392e-31
190.90153397013262	194.71957446088788	192.81055421551025	-1.137840726653613e-31
194.71957446088788	198.61397576145828	196.66677511117308	-1.1164884847011824e-31
198.61397576145828	202.58626508804008	200.60012042474918	-1.0955137540078148e-31
202.58626508804002	206.63800020115346	204.61213264459673	-1.0749156066709797e-31
206.6380002011535	210.77077001652918	208.70438510884134	-1.0546891878674171e-31
210.77077001652918	214.98619522821238	212.87848262237077	-1.034827321007612e-31
214.9861952282124	219.2859289441293	217.13606208617085	-1.0153190193389054e-31
219.28592894412924	223.67165733436445	221.47879313924685	-9.961608249389175e-32
223.67165733436448	228.1451002924044	225.90837881338445	-9.773514205951932e-32
228.1451002924044	232.7080121096051	230.42655620100476	-9.58884315833314e-32
232.7080121096051	237.36218216314984	235.0350971363775	-9.407490374162414e-32
237.3621821631498	242.10943561776543	239.73580889045763	-9.229386719690972e-32
242.10943561776543	246.95163414147336	244.53053487961938	-9.054542694115309e-32
246.9516341414734	251.8906766356555	249.42115538856444	-8.88289799194738e-32
251.8906766356555	256.9284999797212	254.40958830768835	-8.714384011783427e-32
256.9284999797212	262.06707979066823	259.4977898851947	-8.548903433695272e-32
262.06707979066823	267.30843119783424	264.68775549425123	-8.386437485763283e-32
267.3084311978343	272.6546096331436	269.98152041548894	-8.226963858089834e-32
272.6546096331436	278.10771163715907	275.38116063515133	-8.070427979837569e-32
278.10771163715907	283.6698756812549	280.88879365920695	-7.916742281936403e-32
283.66987568125484	289.3432830062326	286.50657934374374	-7.765863157374237e-32
289.3432830062326	295.13015847770987	292.2367207419712	-7.617746094954704e-32
295.13015847770987	301.0327714586167	298.0814649681633	-7.472377157151581e-32
301.0327714586167	307.0534366991417	304.0431040788792	-7.329699012049705e-32
307.0534366991416	313.1945152444771	310.1239759718094	-7.189626426955398e-32
313.1945152444771	319.45841536071924	316.3264653025982	-7.052133034043977e-32
319.4584153607193	325.84759347928633	322.65300442000284	-6.917194650997502e-32
325.84759347928633	332.3645551602247	329.1060743197555	-6.784747830278135e-32
332.3645551602246	339.0118560747817	335.6882056175032	-6.654771545532953e-32
339.0118560747818	345.7921030076301	342.40197954120595	-6.527192934079639e-32
345.79210300763	352.70795487913523	349.25002894338263	-6.401977091363232e-32
352.70795487913523	359.76212378807054	356.2350393336029	-6.279092755714428e-32
359.7621237880706	366.95737607518464	363.3597499316276	-6.158508714319417e-32
366.9573760751846	374.2965334080409	370.62695474161274	-6.040169150919222e-32
374.29653340804094	381.7824738875544	378.0395036477977	-5.924037951052673e-32
381.7824738875544	389.4181331766581	385.60030353210624	-5.810054770247745e-32
389.4181331766581	397.2065056515439	393.312319414101	-5.698211429790834e-32
397.20650565154386	405.15064557592734	401.1785756137356	-5.588463463388932e-32
405.15064557592746	413.25366829879863	409.20215693736304	-5.480787085342995e-32
413.25366829879863	421.51875147612725	417.38620988746294	-5.375139776131765e-32
421.5187514761272	429.94913631700234	425.73394389656477	-5.271465591430599e-32
429.94913631700234	438.548128854695	434.24863258584867	-5.169720949802964e-32
438.548128854695	447.3191012431415	442.9336150489182	-5.069896842037285e-32
447.3191012431415	456.265493079357	451.7922971612493	-4.971964230317255e-32
456.265493079357	465.39081275229677	460.8281529158269	-4.8758817754984274e-32
465.3908127522968	474.6986388186954	470.0447257854961	-4.7816260805117675e-32
474.6986388186954	484.1926214064219	479.44563011255866	-4.6891616309341023e-32
484.1926214064219	493.87648364590297	489.03455252616243	-4.5984379450321956e-32
493.8764836459029	503.7540231301736	498.8152533880383	-4.509431844063927e-32
503.7540231301736	513.8291134041297	508.79156826715166	-4.422116222896749e-32
513.8291134041297	524.1057054835649	518.9674094438473	-4.336466520095906e-32
524.105705483565	534.5878294045889	529.3467674440769	-4.252447660806083e-32
534.587829404589	545.2795958040334	539.9337126043113	-4.1700280173110517e-32
545.2795958040333	556.1851975314667	550.73239666775	-4.089183128688234e-32
556.1851975314667	567.3089112934487	561.7470544124576	-4.0098715957683204e-32
567.3089112934487	578.6550993306703	572.9820053120595	-3.9320694562277494e-32
578.6550993306702	590.2282111286362	584.4416552296532	-3.855755014158437e-32
590.2282111286362	602.0327851625616	596.130498145599	-3.780900483196095e-32
602.0327851625615	614.0734506771654	608.0531179198634	-3.707485040155706e-32
614.0734506771655	626.3549295020614	620.2141900896135	-3.6354837960512876e-32
626.3549295020614	638.8820379034553	632.6184837027583	-3.5648664898412367e-32
638.8820379034553	651.6596884728771	645.2708631881662	-3.495603314804365e-32
651.659688472877	664.6928920536872	658.176290263282	-3.427661201666256e-32
664.6928920536872	677.9867597061135	671.3398258799003	-3.3610124786699186e-32
677.9867597061134	691.5465047115883	684.7666322088509	-3.295646928779283e-32
691.5465047115883	705.3774446171727	698.4619746643805	-3.231538624914222e-32
705.3774446171727	719.4850033208688	712.4312239690207	-3.168664794391576e-32
719.4850033208689	733.8747131986389	726.6798582597539	-3.107006509536727e-32
733.8747131986389	748.5522172739643	741.2134652363015	-3.0465396865413733e-32
748.5522172739643	763.5232714307962	756.0377443523803	-2.9872393474812986e-32
763.5232714307963	778.7937466707648	771.1585090507806	-2.9290819833797913e-32
778.7937466707648	794.3696314155327	786.5816890431488	-2.872038284088481e-32
794.3696314155328	810.2570338551961	802.3133326353645	-2.816090126467434e-32
810.257033855196	826.4621843436526	818.3596090994242	-2.761218792070687e-32
826.4621843436526	842.9914378418782	834.7268110927654	-2.707411515653295e-32
842.9914378418785	859.8512764100686	851.4213571259736	-2.654647837070987e-32
859.8512764100685	877.0483117496225	868.4497940798456	-2.602906822974537e-32
877.0483117496226	894.5892877959677	885.8187997727952	-2.5521699895101807e-32
894.5892877959676	912.4810833632396	903.5351855796036	-2.502416171958501e-32
912.4810833632396	930.730714841857	921.6058991025483	-2.4536265416100393e-32
930.730714841857	949.3453389500468	940.0380268959518	-2.4057807800503436e-32
949.3453389500467	968.3322555404002	958.8387972452234	-2.358858666766751e-32
968.3322555404003	987.6989104625609	978.0155830014805	-2.3128376321480943e-32
987.698910462561	1007.4528984831649	997.5759044728629	-2.267704867380788e-32
1007.4528984831649	1027.6019662641809	1017.5274323736728	-2.2234479717643618e-32
1027.6019662641809	1048.1540154008171	1037.877990832499	-2.1800513471387414e-32
1048.1540154008171	1069.117105520186	1058.6355604605014	-2.1374992990284962e-32
1069.117105520186	1090.4994574419422	1079.8082814810641	-2.0957748208551698e-32
1090.4994574419425	1112.309456402134	1101.4044569220382	-2.054862230585417e-32
1112.309456402134	1134.5556553415292	1123.4325558718315	-2.0147453224386494e-32
1134.5556553415292	1157.2467782597125	1145.901216800621	-1.975408683908922e-32
1157.2467782597125	1180.3917236362595	1168.819250947986	-1.9368366809056504e-32
1180.3917236362593	1203.999567920337	1192.195645778298	-1.8990141363320227e-32
1203.999567920337	1228.0795690900964	1216.0395685052167	-1.861925770178036e-32
1228.0795690900964	1252.6411702832509	1240.3603696866735	-1.8255557837335868e-32
1252.641170283251	1277.6940035002688	1265.16758689176	-1.7898878259924082e-32
1277.6940035002685	1303.2478933816265	1290.4709484409475	-1.7549117068662465e-32
1303.2478933816267	1329.3128610606118	1316.2803772211191	-1.720617270899213e-32
1329.312861060612	1355.8991280931768	1342.6059945768943	-1.686991083583458e-32
1355.8991280931768	1383.017120466393	1369.458124279785	-1.6540205541798737e-32
1383.017120466393	1410.6774726870735	1396.8472965767332	-1.6216927402588618e-32
1410.6774726870735	1438.8910319521676	1424.7842523196205	-1.5899955475328097e-32
1438.8910319521676	1467.6688624025637	1453.2799471773656	-1.558916163525322e-32
1467.6688624025637	1497.0222494619677	1482.3455559322656	-1.528443162569522e-32
1497.0222494619675	1526.9627042625596	1511.9924768622636	-1.4985639670958102e-32
1526.9627042625596	1557.5019681591634	1542.2323362108614	-1.4692676877471552e-32
1557.5019681591634	1588.6520173336994	1573.0769927464314	-1.4405424553087536e-32
1588.6520173336992	1620.4250674917257	1604.5385424127126	-1.4123770428597145e-32
1620.4250674917257	1652.8335786529128	1636.6293230723193	-1.3847604269596348e-32
1652.833578652913	1685.890260037324	1669.3619193451186	-1.3576813522674937e-32
1685.890260037324	1719.6080750494232	1702.7491675433735	-1.331129023408586e-32
1719.6080750494232	1754.0002463617643	1736.8041607055939	-1.305090224434827e-32
1754.000246361764	1789.0802611003521	1771.540253731058	-1.2795584282164457e-32
1789.0802611003521	1824.8618761337118	1806.971068617032	-1.2545251930938647e-32
1824.8618761337118	1861.3591234677388	1843.1104998007254	-1.2299802904092272e-32
1861.3591234677388	1898.5863157484462	1879.9727196080926	-1.2059150347613428e-32
1898.586315748446	1936.5580518747674	1917.5721838116067	-1.1823193092216637e-32
1936.5580518747677	1975.2892227236157	1955.9236372991918	-1.1591849383748452e-32
1975.2892227236157	2014.7950169894407	1995.0421198565282	-1.1365027008324779e-32
2014.7950169894407	2055.090927140582	2034.9429720650114	-1.1142633346285418e-32
2055.0909271405826	2096.192755494747	2075.641841317665	-1.0924588400264648e-32
2096.192755494747	2138.1166204159945	2117.1546879553707	-1.071080538626833e-32
2138.116620415994	2180.8789626356665	2159.4977915258305	-1.0501197791956223e-32
2180.878962635667	2224.496551699733	2202.6877571677	-1.0295688934992806e-32
2224.4965516997327	2268.98649254508	2246.7415221224064	-1.0094197191202781e-32
2268.9864925450797	2314.366232207334	2291.676362376207	-9.896641083723367e-33
2314.366232207334	2360.6535666628333	2337.5098994350838	-9.702947658831366e-33
2360.653566662834	2407.8666478074433	2384.2601072351385	-9.513040060898719e-33
2407.866647807443	2456.0239905749445	2431.9453191911934	-9.326841596250793e-33
2456.0239905749445	2505.144480197796	2480.58423538637	-9.144282855863867e-33
2505.144480197796	2555.2473796131044	2530.19592990545	-8.965291552755457e-33
2555.2473796131044	2606.352337016719	2580.799858314912	-8.789796510671288e-33
2606.3523370167195	2658.4793935684065	2632.415865292563	-8.617727374949932e-33
2658.479393568406	2711.648991251127	2685.0641924097663	-8.449013715083223e-33
2711.648991251127	2765.8819808875023	2738.7654860693146	-8.283579851435794e-33
2765.881980887503	2821.1996303166056	2793.540805602054	-8.121371334449698e-33
2821.1996303166047	2877.6236327342895	2849.411631525447	-7.962333422235302e-33
2877.6236327342895	2935.176115200328	2906.399873967309	-7.806402881767598e-33
2935.1761152003282	2993.8796473156876	2964.527881258008	-7.653520861149873e-33
2993.8796473156876	3053.757250073354	3023.818448694521	-7.503630449458062e-33
3053.7572500733536	3114.832404886173	3084.2948274797636	-7.356671377474883e-33
3114.832404886174	3177.1290627952503	3145.980733840712	-7.212585599458441e-33
3177.12906279525	3240.6716538625074	3208.9003583288786	-7.071320750151362e-33
3240.671653862508	3305.4850967511106	3273.078375306809	-6.932820956023739e-33
3305.4850967511106	3371.5948084974857	3338.539952624298	-6.797030592321424e-33
3371.5948084974852	3439.0267144787877	3405.3107614881364	-6.663896747801484e-33
3439.0267144787877	3507.8072585797163	3473.416986529252	-6.533370069565934e-33
3507.8072585797163	3577.9634135626634	3542.88533607119	-6.405399096779518e-33
3577.9634135626634	3649.5226916452693	3613.743052603966	-6.279933074828014e-33
3649.522691645269	3722.513155289527	3686.017923467398	-6.156921043602931e-33
3722.5131552895273	3796.9634282066704	3759.738291748099	-6.036318457082018e-33
3796.96342820667	3872.902706582156	3834.9330673944132	-5.918077880396185e-33
3872.9027065821565	3950.3607705251525	3911.6317385536545	-5.8021527096869134e-33
3950.3607705251525	4029.367995747008	3989.8643831360805	-5.688496932017093e-33
4029.367995747008	4109.955365473301	4069.6616806101547	-5.577065284505671e-33
4109.955365473302	4192.15448259412	4151.054924033711	-5.467816439870662e-33
4192.154482594119	4275.9975820573545	4234.076032325736	-5.3607074568367146e-33
4275.9975820573545	4361.5175435098545	4318.757562783605	-5.2556961635081684e-33
4361.5175435098545	4448.747904191404	4405.132723850629	-5.152740974600677e-33
4448.747904191405	4537.722872086586	4493.235388138995	-5.0518009868260417e-33
4537.722872086585	4628.47733933967	4583.100105713127	-4.952838485603452e-33
4628.47733933967	4721.046895937816	4674.762117638743	-4.8558146425727355e-33
4721.046895937816	4815.467843667925	4768.25736980287	-4.760691386357637e-33
4815.467843667925	4911.777210352636	4863.6225270102805	-4.667431387034171e-33
4911.777210352636	5010.012764371041	4960.8949873618385	-4.5759980407319126e-33
5010.01276437104	5110.213029469814	5060.112896920427	-4.486355454304381e-33
5110.213029469815	5212.417299870564	5161.31516467019	-4.398468429976157e-33
5212.4172998705635	5316.665655679328	5264.541477774946	-4.312302449827323e-33
5316.665655679328	5422.998978604267	5369.832317141798	-4.227823659894392e-33
5422.998978604267	5531.458967987705	5477.228973295986	-4.1449988535183316e-33
5531.458967987705	5642.0881571588125	5586.7735625732585	-4.063795453279732e-33
5642.0881571588125	5754.9299301133415	5698.509043636077	-3.984181490241206e-33
5754.929930113341	5870.02853852696	5812.47923432015	-3.9061255777303085e-33
5870.028538526961	5987.429119108852	5928.728828817906	-3.829596872690728e-33
5987.429119108852	6107.177711302382	6047.303415205617	-3.754565002235249e-33
6107.177711302382	6229.321275339782	6168.249493321082	-3.6809998403528544e-33
6229.321275339782	6353.907710657931	6291.614492998857	-3.608870509047409e-33
6353.907710657931	6480.985874682442	6417.446792670186	-3.538151846282185e-33
6480.985874682442	6610.605601987444	6545.795738334943	-3.468815069931512e-33
6610.605601987444	6742.817723838546	6676.711662912995	-3.400836052598705e-33
6742.817723838545	6877.674088126669	6810.245905982607	-3.3341879124295524e-33
6877.674088126669	7015.227579700555	6946.450833913612	-3.2688440250865494e-33
7015.227579700555	7155.5321411059185	7085.379860403236	-3.204777485176998e-33
7155.532141105919	7298.642793739391	7227.087467422655	-3.141966183760491e-33
7298.64279373939	7444.615659425531	7371.62922658246	-3.0803854319157653e-33
7444.615659425531	7593.507982425394	7519.061820925463	-3.020010998800514e-33
7593.507982425395	7745.378151885256	7669.4430671553255	-2.9608190795620124e-33
7745.378151885256	7900.285724734314	7822.831938309784	-2.9027862145914087e-33
7900.285724734313	8058.291449040352	7979.288586887333	-2.8458886148588752e-33
8058.291449040351	8219.45728783251	8138.874368436431	-2.790105459499718e-33
8219.457287832513	8383.846443400516	8301.651865616514	-2.735415549513181e-33
8383.846443400515	8551.523382079879	8467.684912740197	-2.6817974163917385e-33
8551.523382079877	8722.553859532827	8637.038620806352	-2.629230005513886e-33
8722.553859532829	8897.004946534838	8809.779403033834	-2.577692664534328e-33
8897.004946534837	9074.945055276887	8985.975000905863	-2.52716512881997e-33
9074.945055276887	9256.443966193778	9165.694510735331	-2.4776274987989732e-33
9256.443966193778	9441.572855329006	9349.008410761391	-2.4290601872292685e-33
9441.572855329005	9630.404322246937	9535.988588787972	-2.381443582535115e-33
9630.404322246939	9823.012418503231	9726.708370375085	-2.334759626593521e-33
9823.01241850323	10019.472676684647	9921.242547593938	-2.2889907637008735e-33
10019.472676684647	10219.862140029692	10119.66740835717	-2.2441190380193977e-33
10219.862140029692	10424.25939264164	10322.060766335666	-2.20012684390618e-33
10424.259392641638	10632.744590305823	10528.501991473731	-2.156996918471062e-33
10632.744590305825	10845.399491923294	10739.07204111456	-2.1147123339875093e-33
10845.399491923294	11062.307491573112	10953.853491748203	-2.0732564899310735e-33
11062.307491573112	11283.553651215927	11172.93057139452	-2.03261310415895e-33
11283.553651215929	11509.2247340516	11396.389192633764	-1.9927662020201917e-33
11509.224734051599	11739.409238543984	11624.316986297792	-1.9537000996809896e-33
11739.409238543985	11974.197433126217	11856.803335835102	-1.915399365214134e-33
11974.197433126217	12213.681391600094	12093.939412363155	-1.8778485275855917e-33
12213.681391600096	12457.95502924345	12335.818210421774	-1.841033486083062e-33
12457.955029243449	12707.11413963967	12582.53458444156	-1.8049401806456735e-33
12707.11413963967	12961.256432243817	12834.185285941745	-1.7695544547959454e-33
12961.256432243817	13220.481570700047	13090.869001471932	-1.734862429130122e-33
13220.481570700047	13484.8912119254	13352.686391312724	-1.700850495780653e-33
13484.8912119254	13754.58904597526	13619.74012895033	-1.6675053129530057e-33
13754.589045975263	14029.68083670612	13892.134941340692	-1.6348137995192566e-33
14029.680836706118	14310.274463251593	14169.977649978857	-1.6027631296409085e-33
14310.274463251595	14596.47996232798	14453.377212789786	-1.5713407273745286e-33
14596.47996232798	14888.409571385891	14742.444766856936	-1.5405342611760138e-33
14888.409571385891	15186.177772624962	15037.293672005428	-1.5103316381362087e-33
15186.177772624962	15489.901337888814	15338.039555256888	-1.4807209975756244e-33
15489.901337888814	15799.699374457943	15644.800356173379	-1.4516907030308027e-33
15799.699374457945	16115.693371758456	15957.6963731082	-1.4232293294469132e-33
16115.693371758454	16438.007249004975	16276.850310381715	-1.3953256292750642e-33
16438.007249004975	16766.767403796428	16602.3873264007	-1.3679682825152847e-33
16766.767403796428	17102.10276168371	16934.43508274007	-1.3411473120121513e-33
17102.102761683713	17444.14482672874	17273.12379420623	-1.3148521993046377e-33
17444.144826728738	17793.027733074665	17618.5862799017	-1.2890726320834353e-33
17793.027733074665	18148.88829754751	17970.958015311087	-1.2637985001364587e-33
18148.88829754751	18511.86607330981	18330.37718542866	-1.2390198913714188e-33
18511.866073309815	18882.103404587364	18696.984738948588	-1.2147270879132768e-33
18882.103404587368	19259.745482490467	19070.92444353892	-1.190910562274221e-33
19259.745482490467	19644.94040195163	19452.342942221047	-1.16756097359351e-33
19644.940401951626	20037.839219802012	19841.38981087682	-1.1446691639440693e-33
20037.839219802016	20438.59601400941	20238.217616905713	-1.1222261547020416e-33
20438.596014009407	20847.367944100948	20642.981979055177	-1.1002231429743585e-33
20847.367944100948	21264.31531279432	21055.841628447633	-1.078651498077571e-33
21264.31531279432	21689.601628861557	21476.958470827936	-1.0575027580580703e-33
21689.601628861557	22123.39367125014	21906.497650055848	-1.0367686262382631e-33
22123.39367125014	22565.8615544865	22344.62761286832	-1.016440967762858e-33
22565.8615544865	23017.178795387583	22791.52017493704	-9.965118060984172e-34
23017.178795387583	23477.522381106686	23247.350588247136	-9.769733193931256e-34
23477.522381106686	23947.072838540174	23712.29760982343	-9.57817836489429e-34
23947.07283854017	24426.014305122328	24186.54357183125	-9.390378320489879e-34
24426.014305122328	24914.534601036128	24670.274453079226	-9.20625919000349e-34
24914.534601036128	25412.825302868205	25163.679951952166	-9.025748290361938e-34
