-0.0	9.811352620938276e-6	4.905676310469138e-6	0.00014970219890284004	3.784015585497531e10	0.00014970219890284004	3.784015585497531e10
9.811352620938276e-6	1.9818932294295318e-5	1.4815142457616797e-5	0.0007814429691457658	2.727338467151812e10	0.0009311451680486058	2.8555385172276783e10
1.9818932294295297e-5	3.0026663561119477e-5	2.4922797927707387e-5	0.0017992509324613846	2.2270501024211014e10	0.0027303961005099905	2.407774508018009e10
3.0026663561119436e-5	4.04385494532801e-5	3.523260650719977e-5	0.0030990840865111227	1.8943288535253708e10	0.005829480187021114	2.1045270616836338e10
4.043854945328012e-5	5.105867306328399e-5	4.574861125828205e-5	0.004616921026565328	1.6455505340109497e10	0.010446401213586441	1.8735682603288776e10
5.1058673063284006e-5	6.189119914548796e-5	5.6474936104385984e-5	0.006308412173203765	1.448569924275204e10	0.016754813386790204	1.6871911706771278e10
6.189119914548798e-5	7.294037574933601e-5	6.7415787447412e-5	0.008142201650010282	1.2873830109384367e10	0.024897015036800488	1.5316328895256493e10
7.294037574933611e-5	8.42105358852611e-5	7.85754558172986e-5	0.009924710836313402	1.133078993794488e10	0.03482172587311389	1.3920742169329159e10
8.421053588526102e-5	9.570609922390452e-5	8.995831755458276e-5	0.0117280591718343	1.0018732648131607e10	0.046549785044948194	1.267681707435494e10
9.57060992239045e-5	0.00010743157382932087	0.0001015688365266127	0.013602167245822682	8.938503196712841e9	0.060151952290770874	1.1581513133535189e10
0.0001074315738293209	0.0001193915579268456	0.00011341156587808324	0.01555326980984072	8.038300685615391e9	0.07570522210061159	1.0619800803417173e10
0.00011939155792684556	0.00013159074170632074	0.00012549114981658317	0.017596808222376175	7.283249551047315e9	0.09330203032298777	9.775218656668203e9
0.00013159074170632085	0.00014403390916138553	0.0001378123254338532	0.019740081534738475	6.642584154026777e9	0.11304211185772625	9.03144849567678e9
0.0001440339091613855	0.0001567259399655515	0.0001503799245634685	0.02199234040097017	6.093867641118799e9	0.13503445225869642	8.374007166432656e9
0.00015672593996555152	0.00016967181138580084	0.00016319887567567618	0.024357779876180874	5.618683216657825e9	0.1593922321348773	7.790215188093362e9
0.00016967181138580073	0.00018287660023445502	0.00017627420581012786	0.026650432393983757	5.1663325634791355e9	0.18604266452886106	7.261887614733186e9
0.00018287660023445502	0.0001963454848600824	0.00018961104254726873	0.029151975939268455	4.78868941055869e9	0.21519464046812953	6.7870349453161125e9
0.00019634548486008245	0.00021008374717822238	0.00020321461601915242	0.03168601425864617	4.442737833473134e9	0.24688065472677567	6.356544412714581e9
0.0002100837471782224	0.00022409677474272515	0.0002170902609604738	0.03443875957111731	4.148338719804459e9	0.281319414297893	5.967662818993603e9
0.00022409677474272504	0.00023839006285851782	0.00023124341880062142	0.037334149974027425	3.8858608465962706e9	0.3186535642719204	5.615206431763232e9
0.0002383900628585179	0.00025296921673662655	0.00024567963979757224	0.04043847897910657	3.6558373587455063e9	0.35909204325102695	5.295587455019718e9
0.0002529692167366266	0.0002678399536922974	0.000260404585214462	0.043811953134418304	3.456487547914588e9	0.4029039963854453	5.005954318597669e9
0.0002678399536922973	0.0002830081053870815	0.0002754240295396894	0.04739683916610714	3.2771283095340443e9	0.4503008355515524	4.742611189953528e9
0.0002830081053870816	0.0002984796201157615	0.00029074386275142156	0.051207385425518934	3.115059315994186e9	0.5015082209770714	4.50241370181547e9
0.0002984796201157615	0.00031426056513901503	0.00030637009262738827	0.05527045756423799	2.968666698284489e9	0.5567786785413094	4.282765791559356e9
0.000314260565139015	0.00033035712906273357	0.00032230884710087425	0.05919703509450825	2.8165807234364004e9	0.6159757136358176	4.0787203551509857e9
0.0003303571290627335	0.0003467756242649265	0.00033856637666383	0.06361613320893048	2.6893746068396864e9	0.679591846844748	3.890575646740764e9
0.00034677562426492655	0.00036352248937116335	0.000355149056818045	0.06826586038939639	2.571333367013729e9	0.7478577072341445	3.716520334118897e9
0.0003635224893711634	0.00038060429177952496	0.00037206339057534415	0.07288383151129517	2.4523219242519727e9	0.8207415387454396	3.553830917617948e9
0.0003806042917795249	0.00039802773023605366	0.0003893160110077893	0.07786182717392551	2.345869504467122e9	0.8986033659193652	3.4020402037257295e9
0.00039802773023605366	0.00041579963746171304	0.00040691368384888335	0.08317548258547863	2.2489396914566846e9	0.9817788485048438	3.2604139534793134e9
0.00041579963746171304	0.0004339269828318856	0.00042486331014679934	0.08862892824645308	2.1550983261871896e9	1.070407776751297	3.1275961973055305e9
0.00043392698283188554	0.00045241687510946154	0.0004431719289706735	0.09425599929979553	2.0651769823594294e9	1.1646637760510925	3.0025868042531204e9
0.0004524168751094616	0.0004712765652325891	0.0004618467201710254	0.10026427822738107	1.983105147205208e9	1.2649280542784735	2.8850256711324334e9
0.00047127656523258905	0.0004905134491581791	0.0004808950071953841	0.10661273707427078	1.9068040242901495e9	1.3715407913527444	2.7743890422604914e9
0.0004905134491581792	0.0005101350707622811	0.0005003242599602301	0.11315055514914978	1.8329606668751452e9	1.4846913465018943	2.669881731112765e9
0.0005101350707622809	0.0005301491247984648	0.0005201420977803729	0.11989872864689524	1.7618626796381407e9	1.6045900751487896	2.57087727852785e9
0.000530149124798465	0.0005505634599153726	0.0005403562923569188	0.1267031430567747	1.6913372204344237e9	1.7312932182055643	2.4766227895666757e9
0.0005505634599153724	0.0005713860817346181	0.0005609747708249953	0.13434082549138876	1.6312713782576666e9	1.865634043696953	2.387530217463874e9
0.0005713860817346182	0.0005926251559902489	0.0005820056188624335	0.1423173394709347	1.5740184537456386e9	2.0079513831678875	2.303161202857839e9
0.0005926251559902489	0.0006142890117309921	0.0006034570838606204	0.15053890688110436	1.5183214221016138e9	2.158490290048992	2.22301938365861e9
0.0006142890117309922	0.0006363861445865504	0.0006253375781587713	0.15919279013163204	1.4658966792731078e9	2.317683080180624	2.146857873413794e9
0.0006363861445865503	0.0006589252200992195	0.0006476556823428849	0.16851231171562872	1.418252259057882e9	2.4861953918962527	2.0746185506872363e9
0.0006589252200992196	0.0006819150771221423	0.000670420148610681	0.17831451280074445	1.3731054314763877e9	2.664509904696997	2.0060319757158248e9
0.0006819150771221423	0.0007053647312855234	0.0006936399042038329	0.18834127994488212	1.328280238837538e9	2.8528511846418794	1.9406592469859135e9
0.0007053647312855234	0.0007292833785321722	0.0007173240549088478	0.19870562796920757	1.2846731974292269e9	3.051556812611087	1.8782089436132834e9
0.0007292833785321721	0.0007536803987237538	0.000741481888627963	0.2097172692181736	1.2440770261600382e9	3.2612740818292605	1.8185993356318624e9
0.0007536803987237537	0.0007785653593191671	0.0007661228790214604	0.22141866188955922	1.206236189839886e9	3.4826927437188195	1.7617379978038962e9
0.0007785653593191672	0.0008039480191264889	0.0007912566892228281	0.23361091869010145	1.1696989871546447e9	3.716303662408921	1.707413361189427e9
0.000803948019126489	0.0008298383321299571	0.0008168931756282231	0.24609590554526808	1.1334185996480615e9	3.962399567954189	1.6553475191479993e9
0.000829838332129957	0.0008562464513934944	0.0008430423917617257	0.2590228247679531	1.098136586122966e9	4.221422392722142	1.6053652072540162e9
0.0008562464513934944	0.0008831827330423026	0.0008697145922178985	0.2727799420363987	1.0653116992650125e9	4.494202334758541	1.5574435079792721e9
0.0008831827330423027	0.000910657740324087	0.0008969202366831948	0.28731917917926986	1.0343686091911232e9	4.781521513937811	1.5115132372514424e9
0.0009106577403240867	0.0009386822477515067	0.0009246699940377967	0.3020876681646826	1.0031788633131272e9	5.083609182102494	1.4673297817105167e9
0.0009386822477515067	0.0009672672453274752	0.0009529747465394909	0.31762687445111326	9.73584994762641e8	5.401236056553607	1.424836738116182e9
0.0009672672453274753	0.0009964239428549631	0.0009818455940912192	0.33367107173273625	9.446089493233099e8	5.734907128286343	1.3839019341656516e9
0.0009964239428549631	0.0010261637743330008	0.0010112938585939819	0.35067967777030534	9.17436880019908e8	6.085586806056648	1.3445093137364657e9
0.0010261637743330006	0.001056498402440599	0.0010413310883867998	0.36844579047385173	8.912851713002976e8	6.4540325965305	1.3065800152347538e9
0.001056498402440599	0.0010874397231103493	0.0010719690627754741	0.3875180707180136	8.672585580320007e8	6.841550667248514	1.2701363883662243e9
0.0010874397231103493	0.0011189998701934946	0.0011032197966519218	0.407451959237708	8.440609687877914e8	7.249002626486222	1.2350926559899845e9
0.0011189998701934946	0.0011511912202183028	0.0011350955452058987	0.42804894250131176	8.2120281296482e8	7.677051568987534	1.2013330978693314e9
0.0011511912202183028	0.001184026397243607	0.001167608808730955	0.4493189961362735	7.986972849667046e8	8.126370565123807	1.168756013770477e9
0.001184026397243607	0.0012175182778094175	0.0012007723375265123	0.4716507903725948	7.77180088684591e8	8.598021355496401	1.1373220024496424e9
0.0012175182778094175	0.0012516799959865442	0.0012345991368979809	0.49533414646192353	7.569532382974882e8	9.093355501958325	1.1070204054422474e9
0.0012516799959865442	0.0012865249485272134	0.0012691024722568788	0.5202075707283228	7.375751303815124e8	9.613563072686647	1.0778073304699519e9
0.0012865249485272134	0.001322066800118696	0.0013042958743229548	0.5460072113065191	7.185704462222723e8	10.159570283993167	1.0496065491403555e9
0.001322066800118696	0.0013583194887420082	0.0013401931444303522	0.5725970603422554	6.997417133231307e8	10.732167344335423	1.022334533342758e9
0.001358319488742008	0.0013952972311377864	0.001376808359939897	0.6001366835762957	6.812818571495376e8	11.332304027911718	9.959313673805645e8
0.0013952972311377866	0.0014330145283814807	0.0014141558797596337	0.6291779453114653	6.637472751793151e8	11.961481973223183	9.703861748139002e8
0.0014330145283814807	0.0014714861715700487	0.0014522503499757647	0.6599911274170921	6.472605232488711e8	12.621473100640275	9.456988944811372e8
0.0014714861715700487	0.001510727247622388	0.0014911067095962184	0.6922411900313756	6.313412303225377e8	13.313714290671651	9.218333942360458e8
0.001510727247622388	0.001550753145195774	0.0015307401964090809	0.7256073758117737	6.156346106008931e8	14.039321666483424	8.987305472920854e8
0.0015507531451957738	0.0015915795607206276	0.0015711663529582006	0.7600136768489397	6.000694490130024e8	14.799335343332364	8.763317406794133e8
0.0015915795607206276	0.0016332225045559785	0.001612401032638303	0.7957084106545855	5.848336953466319e8	15.59504375398695	8.545980974835012e8
0.0016332225045559785	0.0016756983072680363	0.0016544604059120075	0.8333160600266524	5.70324045621594e8	16.428359814013604	8.33523990183191e8
0.001675698307268036	0.0017190236260343351	0.0016973609666511855	0.8732117534554281	5.566675960226307e8	17.301571567469033	8.1311394137343e8
0.0017190236260343353	0.0017632154511759604	0.0017411195386051479	0.9151642282131517	5.43584095364529e8	18.216735795682183	7.933517818848006e8
0.0017632154511759606	0.001808291112820418	0.0017857532819981893	0.9589286729975006	5.308457660967953e8	19.175664468679685	7.742064211211665e8
0.001808291112820418	0.0018542682876977648	0.0018312797002590915	1.0037031085353314	5.179894904980607e8	20.179367577215015	7.556161457491254e8
0.0018542682876977645	0.0019011650060726582	0.0018777166468852114	1.05073177289586	5.0565797340723103e8	21.230099350110876	7.375712531726549e8
0.0019011650060726582	0.0019489996588150497	0.001925082332443854	1.0995284566890278	4.935521211719532e8	22.329627806799905	7.200415956894083e8
0.0019489996588150493	0.0019977910046122885	0.001973395331713669	1.1507515760083127	4.8192405093442476e8	23.480379382808216	7.030178311344072e8
0.001997791004612289	0.002047558177325473	0.002022674590968881	1.204970888566413	4.7092286202616936e8	24.68535027137463	6.865022010603775e8
0.002047558177325473	0.002098320693492921	0.0020729394354091967	1.2615718441321353	4.6021847977551997e8	25.946922115506766	6.704735473509873e8
0.002098320693492921	0.002150098459983718	0.0021242095767383196	1.3201532086620833	4.4962963917779005e8	27.26707532416885	6.548998699548184e8
0.002150098459983718	0.0022029117818043306	0.0021765051208940244	1.3803399207249638	4.3902778297245127e8	28.647415244893814	6.397429621932393e8
0.00220291178180433	0.002256781370061355	0.002229846575932843	1.4436347450964886	4.288769631871114e8	30.091049989990303	6.250003618857315e8
0.002256781370061355	0.0023117283500835206	0.002284254860072438	1.510322714667247	4.1918526319877964e8	31.60137270465755	6.106705010425453e8
0.0023117283500835206	0.0023677742697061294	0.0023397513098948252	1.5803062172467366	4.0985215358238435e8	33.181678921904286	5.967450934272316e8
0.0023677742697061294	0.0024249411077211904	0.00239635768871366	1.653267627365402	4.007423540555775e8	34.83494654926969	5.832073006680111e8
0.0024249411077211904	0.0024832512824965523	0.002454096195108871	1.7286864696326982	3.917043819850561e8	36.56363301890239	5.70031331024597e8
0.0024832512824965523	0.0025427276607674215	0.002512989471631987	1.80706932448825	3.82841337131357e8	38.37070234339064	5.572006275688486e8
0.002542727660767422	0.0026033935666037087	0.0025730606136855653	1.8891343967368777	3.7427270238230735e8	40.25983674012752	5.447082063321993e8
0.0026033935666037087	0.002665272790556721	0.002634333178580215	1.9750349348184693	3.6598112494364005e8	42.234871674945985	5.3254654651412916e8
0.0026652727905567214	0.0027283895989887942	0.002696831194772758	2.065094628208191	3.5797913414367217e8	44.29996630315418	5.2070965538981706e8
0.0027283895989887934	0.0027927687435895074	0.0027605791712891504	2.158985362560158	3.5016645180067134e8	46.45895166571434	5.091853158825881e8
0.0027927687435895083	0.002858435471082237	0.002825602107335873	2.2566942425847136	3.4251210541846746e8	48.71564590829905	4.9796025230190086e8
0.002858435471082236	0.0029254155331248193	0.0028919255021035276	2.359069386194341	3.3511331919823694e8	51.07471529449339	4.870288139254327e8
0.0029254155331248197	0.002993735196408254	0.002959575364766537	2.466211528571805	3.2794170460350233e8	53.54092682306519	4.7638395511698914e8
0.002993735196408254	0.0030634212529573575	0.003028578224682806	2.578308417431761	3.209832440313987e8	56.119235240496955	4.660183005047995e8
0.0030634212529573575	0.003134501030637443	0.0030989611417974	2.6953142065496687	3.141971019866898e8	58.81454944704662	4.559223832904376e8
0.003134501030637443	0.00320700240387113	0.0031707517172542866	2.8172451801863536	3.075566725071427e8	61.63179462723298	4.4608574806072086e8
0.00320700240387113	0.003280953804569491	0.0032439781042203106	2.944245606746326	3.01053119347165e8	64.5760402339793	4.3649819751258844e8
0.0032809538045694914	0.0033563842332818197	0.0033186690189256555	3.076355112453818	2.946683201465853e8	67.65239534643311	4.271491553205374e8
0.003356384233281819	0.0034333232705683935	0.003394853751925106	3.2144327431391186	2.884609324965339e8	70.86682808957222	4.18032737474714e8
0.003433323270568394	0.0035118010886007003	0.003472562179584547	3.3588807248857635	2.8243548029026455e8	74.22570881445799	4.0914383999428076e8
0.0035118010886007003	0.0035918484629936524	0.0035518247757971764	3.5102807025825786	2.766071773270564e8	77.73598951704057	4.0047877538163376e8
0.003591848462993653	0.003673496784874464	0.0036326726239340585	3.6684366176718854	2.709274991010009e8	81.40442613471245	3.920310064546746e8
0.0036734967848744637	0.003756778073192891	0.0037151374290336774	3.832668857542168	2.6532370033969292e8	85.23709499225463	3.8378978320085317e8
0.0037567780731928915	0.003841724987277688	0.0037992515302352897	4.003485934339314	2.5981645327286744e8	89.24058092659394	3.7574651598451644e8
0.0038417249872776875	0.003928370839644179	0.0038850479134609336	4.181677729122668	2.5443810826546845e8	93.4222586557166	3.678953662706061e8
0.003928370839644179	0.004016749609058001	0.00397256022435109	4.3686071949831025	2.492449057175669e8	97.7908658506997	3.60234581785106e8
0.004016749609058001	0.0041068959538601	0.00406182278145905	4.563455467909476	2.441608695587183e8	102.35432131860918	3.527576758386339e8
0.0041068959538601004	0.004198845225558241	0.004152870589709171	4.767249000776067	2.392187083316082e8	107.12157031938526	3.454607584810237e8
0.00419884522555824	0.004292633482690343	0.004245739354124292	4.979766101894779	2.3438310145098245e8	112.10133642128004	3.383379818882932e8
0.004292633482690344	0.004388297504965089	0.0043404654938277165	5.202390887159457	2.296964499611793e8	117.30372730843949	3.313866539094046e8
0.004388297504965089	0.004485874807685329	0.0044370861563252095	5.433066541282542	2.2504694691082528e8	122.73679384972203	3.2459716158909136e8
0.004485874807685329	0.004585403656459974	0.004535639232072652	5.6730486693326885	2.2047696991407314e8	128.40984251905473	3.179632923236848e8
0.004585403656459973	0.004686923082210111	0.004636163369335042	5.923841133992634	2.1602776426943594e8	134.33368365304736	3.1148191476866126e8
0.004686923082210112	0.004790472896475252	0.0047386979893426825	6.1879017481413605	2.1176241360991925e8	140.52158540118873	3.051541422654949e8
0.004790472896475253	0.0048960937070256965	0.004843283301750475	6.4628062321408235	2.0757011081233045e8	146.98439163332955	2.9897401667315304e8
0.0048960937070256965	0.005003826933787149	0.0049499603204064225	6.74950095394846	2.0346586213217583e8	153.733892587278	2.929369619443789e8
0.005003826933787149	0.0051137148250838295	0.005058770879435489	7.0492098043103	1.994681852598629e8	160.7831023915883	2.8703990619046336e8
0.0051137148250838295	0.005225800474206444	0.005169757649645137	7.36320453370089	1.955913337163319e8	168.1463069252892	2.812809058315757e8
0.005225800474206444	0.005340127836311511	0.005282964155258978	7.689722175255127	1.9176896545766434e8	175.83602910054432	2.7565399898779076e8
0.005340127836311511	0.00545674174565868	0.005398434790985096	8.030437951619176	1.8802967920740953e8	183.8664670521635	2.7015544269638747e8
0.00545674174565868	0.005575687933192792	0.005516214839425736	8.385828325794018	1.843683652591453e8	192.25229537795752	2.6478144532343465e8
0.005575687933192793	0.005697013044477587	0.00563635048883519	8.758489263959444	1.8082392349593824e8	201.01078464191696	2.59530921010905e8
0.0056970130444775864	0.005820764657988076	0.005758888851232831	9.147102166682123	1.7734897835156852e8	210.15788680859907	2.5439991514363006e8
0.005820764657988076	0.005946991303768776	0.005883877980878426	9.550855737012927	1.7391514683550453e8	219.708742545612	2.4938298497538432e8
0.005946991303768777	0.006075742482465091	0.0060113668931169335	9.970957125793907	1.7053467552524588e8	229.67969967140593	2.444758291178438e8
0.006075742482465091	0.0062070686847353305	0.006141405583600211	10.41138313968065	1.6726114744081146e8	240.09108281108658	2.3967777679398087e8
0.0062070686847353305	0.006341021411050976	0.006274045047893154	10.870730995502969	1.6405352467288068e8	250.96181380658956	2.3498566870703685e8
0.006341021411050976	0.006477653191892934	0.006409337301471954	11.349560120307046	1.609069249045675e8	262.31137392689664	2.3039626547818562e8
0.006477653191892933	0.00661701760835173	0.006547335400122332	11.849959782170924	1.5783726117364162e8	274.16133370906755	2.2590753867074934e8
0.006617017608351731	0.006759169313139704	0.006688093460745718	12.373078109199103	1.548441499333692e8	286.5344118182667	2.2151758152899405e8
0.006759169313139704	0.006904164052023437	0.00683166668258157	12.918836657535795	1.519118521682732e8	299.45324847580247	2.1722365290725484e8
0.006904164052023436	0.007052058685684843	0.0069781113688541395	13.488592800399712	1.4904325100445372e8	312.9418412762022	2.1302337985955882e8
0.007052058685684844	0.0072029112120194794	0.007127484948852162	14.084642251741284	1.4624955027093363e8	327.02648352794347	2.089152442415982e8
0.007202911212019478	0.0073567807888808056	0.007279846000450141	14.70693610838384	1.4351557313964137e8	341.7334196363273	2.04896904205293e8
0.007356780788880807	0.007513727757279362	0.007435254273080085	15.353077153999005	1.4080719961040303e8	357.0864967903263	2.0096408605432558e8
0.00751372775727936	0.007673813665045886	0.007593770711162623	16.02769360327352	1.3815831290306494e8	373.1141903935998	1.97114879481162e8
0.007673813665045887	0.007837101290967744	0.007755457478006815	16.736265363207828	1.356015111520504e8	389.85045575680766	1.9334950180379358e8
0.007837101290967744	0.008003654669408037	0.00792037798018789	17.475807781505736	1.3309634518025093e8	407.3262635383134	1.8966569116216713e8
0.008003654669408037	0.008173539115417136	0.008088596892412587	18.246245090605743	1.3063142755258462e8	425.57250862891914	1.8606064411960447e8
0.008173539115417135	0.008346821250346416	0.008260180182881775	19.051206844619024	1.2822239065239637e8	444.623715473538	1.8253269880927557e8
0.008346821250346416	0.008523569027974283	0.00843519513916035	19.889628283681738	1.2585100363503101e8	464.5133437572198	1.7907919645527682e8
0.008523569027974283	0.008703851761154707	0.008613710394564496	20.7661296229593	1.2353646716120659e8	485.27947338017907	1.756988241644287e8
0.008703851761154709	0.008887740148998742	0.008795795955076725	21.680398048115826	1.2126541908357848e8	506.9598714282949	1.7238954712001884e8
0.00888774014899874	0.009075306304599653	0.008981523226799196	22.6353785195242	1.190440358636643e8	529.5952499478191	1.691498417504775e8
0.009075306304599653	0.009266623783312585	0.00917096504395612	23.63552547893652	1.1688396172812732e8	553.2307754267556	1.6597899390650487e8
0.009266623783312585	0.009461767611599775	0.00936419569745618	24.68184768338415	1.1477737921422511e8	577.9126231101397	1.628758666930454e8
0.009461767611599774	0.009660814316452708	0.00956129096402624	25.768953788561475	1.1268942853082715e8	603.6815768987012	1.5983729022566438e8
0.009660814316452706	0.0098638419554027	0.009762328135927704	26.90507446362292	1.1064880159987459e8	630.5866513623241	1.5686203629449254e8
0.009863841955402701	0.010070930147131694	0.009967386051267197	28.088430188378908	1.0863858163067836e8	658.675081550703	1.53947937037508e8
0.010070930147131694	0.010282160102695267	0.010176545124913481	29.329798734056215	1.0669090366147101e8	688.0048802847592	1.510949063119234e8
0.010282160102695267	0.010497614657370112	0.01038988738003269	30.621270357461853	1.0476601323063701e8	718.6261506422211	1.4830046997104678e8
0.01049761465737011	0.010717378303138451	0.010607496480254282	31.974435437446843	1.0289537237504698e8	750.6005860796679	1.455642099585101e8
0.010717378303138451	0.010941537221822159	0.010829457762480305	33.387561365617536	1.0106246408568938e8	783.9881474452854	1.4288474408528107e8
0.010941537221822157	0.01117017931887954	0.011055858270350848	34.866866607386235	9.92765000467202e7	818.8550140526717	1.4026133500572982e8
0.011170179318879538	0.011403394257878067	0.011286786788378803	36.40451914527403	9.750636688706844e7	855.2595331979456	1.376914251939331e8
0.011403394257878069	0.011641273495656568	0.011522333876767318	38.018429810180734	9.579248464764439e7	893.2779630081266	1.351750482757284e8
0.011641273495656568	0.011883910318190638	0.011762591906923603	39.69592949882139	9.409313586346646e7	932.973892506948	1.3270973576976939e8
0.011883910318190638	0.012131399877175389	0.012007655097683013	41.45863336370881	9.245203011574905e7	974.4325258706568	1.3029579735513926e8
0.012131399877175389	0.012383839227339835	0.012257619552257612	43.291188746218396	9.082490844638602e7	1017.7237146168752	1.2793087479126665e8
0.012383839227339837	0.012641327364507573	0.012512583295923705	45.204267165653654	8.922838962301786e7	1062.9279817825288	1.2561375446351738e8
0.012641327364507573	0.012903965264418662	0.012772646314463117	47.211352220068775	8.768031548809037e7	1110.1393340025977	1.2334436837991631e8
0.01290396526441866	0.013171855922327972	0.013037910593373316	49.3047505697861	8.615689857688743e7	1159.4440845723839	1.211212334866467e8
0.013171855922327972	0.01344510439339547	0.013308480157861721	51.48523825746262	8.465311487510465e7	1210.9293228298466	1.1894266108605157e8
0.013445104393395472	0.01372381783388432	0.013584461113639895	53.768423791613316	8.318776662296297e7	1264.6977466214598	1.168081918600747e8
0.01372381783388432	0.014008105543182945	0.013865961688533632	56.15555586700838	8.175410673822992e7	1320.8533024884682	1.1471699477579045e8
0.014008105543182943	0.01429807900666754	0.014153092274925241	58.647397917092036	8.034572240538603e7	1379.5007004055603	1.1266791007586949e8
0.014298079006667542	0.014593851939421832	0.014445965473044687	61.246367499353525	7.895937973282167e7	1440.7470679049138	1.106596589958705e8
0.014593851939421832	0.014895540330831207	0.01474469613512652	63.96625499743303	7.760606387913358e7	1504.7133229023468	1.0869169759230645e8
0.014895540330831205	0.015203262490068767	0.015049401410449987	66.81307235315512	7.628501291373138e7	1571.526395255502	1.067634720499024e8
0.015203262490068767	0.015517139092491082	0.015360200791279924	69.77779080812178	7.497897700700566e7	1641.3041860636238	1.0487343876555707e8
0.01551713909249108	0.01583729322696184	0.015677216159726462	72.87849936924584	7.370169176352076e7	1714.1826854328697	1.0302096688268071e8
0.015837293226961844	0.01616385044412202	0.016000571835541932	76.11712500989613	7.244812389082588e7	1790.2998104427656	1.012051670193483e8
0.016163850444122017	0.016496938805625395	0.016330394624873706	79.50536901559389	7.122274696390368e7	1869.8051794583596	9.942547143601015e7
0.016496938805625395	0.016836688934358843	0.01666681386999212	83.0506734682992	7.002505444121166e7	1952.8558529266588	9.76813186751412e7
0.01683668893435884	0.017183234065666953	0.017009961500012896	86.73870718686229	6.883694634519866e7	2039.594560113521	9.597110996489583e7
0.017183234065666957	0.017536710099601234	0.017359972082634095	90.59911333866785	6.767699403444336e7	2130.1936734521887	9.429444597108625e7
0.017536710099601237	0.0178972556542142	0.01771698287690772	94.65195846088498	6.6552607649021864e7	2224.8456319130737	9.265139199986364e7
0.0178972556542142	0.018265012119919422	0.01808113388706681	98.86452943692781	6.543408396710108e7	2323.7101613500017	9.104025251351075e7
0.01826501211991942	0.018640123714938745	0.01845256791742908	103.23652759281372	6.4318284902052075e7	2426.9466889428154	8.945925063498892e7
0.01864012371493875	0.019022737541858462	0.018831430628398607	107.84153068723484	6.3246129003256336e7	2534.78821963005	8.790913827376832e7
0.019022737541858462	0.01941300364531657	0.019217870593587517	112.66900329767772	6.220256619048479e7	2647.457222927728	8.638973344924003e7
0.019413003645316573	0.019811075070843842	0.01961203935808021	117.68416987389735	6.1162715377487354e7	2765.141392801625	8.48993965023851e7
0.01981107507084384	0.020217107924881655	0.02001409149786275	122.92423421431597	6.0142269801902615e7	2888.065627015941	8.343751477288267e7
0.020217107924881655	0.020631261436000227	0.02042418468044094	128.4448906429743	5.9161786957682334e7	3016.5105176589154	8.200472704501472e7
0.020631261436000227	0.02105369801734117	0.0208424797266707	134.19634243140416	5.819097761219485e7	3150.7068600903194	8.059984769805762e7
0.02105369801734117	0.02148458333030893	0.02126914067382505	140.16530697448567	5.722084104124486e7	3290.872167064805	7.922123290398288e7
0.021484583330308935	0.021924086349536052	0.02170433483992249	146.43719461712607	5.628230456848301e7	3437.309361681931	7.786916179828762e7
0.021924086349536052	0.02237237942914771	0.02214823288934188	153.0422742476109	5.537918021970026e7	3590.351635929542	7.654412222212104e7
0.022372379429147708	0.0228296383703516	0.022601008899749656	159.8732574776112	5.446697891492926e7	3750.2248934071536	7.524395351913537e7
0.022829638370351603	0.023296042490379573	0.023062840430365588	166.99215942583194	5.3565288593701355e7	3917.2170528329857	7.396777889168899e7
0.023296042490379573	0.023771774692808105	0.02353390859159384	174.5187621952111	5.270681785867506e7	4091.7358150281966	7.271669972173575e7
0.0237717746928081	0.024257021539285203	0.02401439811604665	182.34200308371948	5.185085791785189e7	4274.077818111916	7.148935755719547e7
0.024257021539285203	0.024751973322691845	0.024504497430988523	190.50147684150184	5.100576019749264e7	4464.579294953418	7.028496723140016e7
0.02475197332269185	0.025256824141766623	0.025004398732229236	199.0555116780475	5.0182661773429394e7	4663.634806631466	6.910344594161303e7
0.025256824141766623	0.025771771977222895	0.02551429805949476	208.01213200128325	4.937800882984622e7	4871.646938632749	6.794450774049696e7
0.0257717719772229	0.026297018769388295	0.026034395373305597	217.37167285290576	4.858698518961894e7	5089.018611485655	6.6807601602619775e7
0.026297018769388288	0.02683277049739699	0.02656489463339264	227.13069856388242	4.780479683321661e7	5316.149310049537	6.569192863939071e7
0.026832770497396997	0.027379237259965876	0.027106003878681437	237.3603819527718	4.704233976687551e7	5553.509692002309	6.459737780820515e7
0.027379237259965876	0.027936633357786133	0.027657935308876003	248.04628335001567	4.629186993247169e7	5801.555975352325	6.352339094588589e7
0.02793663335778613	0.02850517737756279	0.028220905367674458	259.2086042928707	4.555319892885606e7	6060.764579645195	6.2469432718672715e7
0.028505177377562793	0.029085092277734988	0.02879513482764889	270.9340700266413	4.4837003250901885e7	6331.698649671836	6.1435626236680105e7
0.029085092277734988	0.029676605475910625	0.029380848876822806	283.1169357357917	4.41212896554533e7	6614.8155854076285	6.0420798735672794e7
0.02967660547591062	0.030279948938049774	0.029978277206980198	295.89418983674426	4.342441343087197e7	6910.709775244372	5.942492330066879e7
0.030279948938049774	0.03089535926943171	0.030587654103740744	309.25661573106834	4.274027985695077e7	7219.96639097544	5.844761810237593e7
0.03089535926943171	0.031523077807441284	0.031209218538436497	323.2454723641597	4.2070454384399846e7	7543.211863339599	5.748861615890793e7
0.03152307780744129	0.032163350716211056	0.031843214261826173	337.8844348967884	4.141376986001868e7	7881.096298236388	5.654759848414653e7
0.03216335071621105	0.03281642908315621	0.03248988989968363	353.08546729821114	4.075619003510566e7	8234.181765534599	5.5623444038622454e7
0.032816429083156205	0.03348256901744027	0.03314949905029824	369.08302437444945	4.012177915455381e7	8603.264789909048	5.4716506653969966e7
0.03348256901744027	0.034162031750410014	0.03382230038392514	385.8818536796508	3.950553615072753e7	8989.1466435887	5.382682704925319e7
0.034162031750410014	0.03485508373803915	0.03450855774422458	403.2731707973524	3.88826125514313e7	9392.419814386052	5.295299094601415e7
0.03485508373803915	0.03556199676542088	0.035208540251730015	421.55967785638484	3.828005794023422e7	9813.979492242437	5.209524951419775e7
0.03556199676542088	0.03628304805335023	0.03592252240938555	440.7041573929776	3.768971873946612e7	10254.683649635415	5.1253362880837984e7
0.03628304805335023	0.03701852036703818	0.0366507842101942	460.72453755934595	3.710940862328441e7	10715.408187194762	5.042697797662545e7
0.03701852036703818	0.03776870212699988	0.037393611247019024	481.6072754885204	3.653484687048492e7	11197.015462683283	4.9615512910016276e7
0.03776870212699988	0.03853388752216081	0.038151294824580344	503.48512806646266	3.597302736559905e7	11700.500590749745	4.881882894584057e7
0.03853388752216082	0.039314376625224974	0.0389241320736929	526.3982455005627	3.542299673989607e7	12226.898836250308	4.80367401897596e7
0.039314376625224974	0.040110475510350414	0.039712426067787694	550.1960124251126	3.487170454009076e7	12777.09484867542	4.7268310280144624e7
0.04011047551035041	0.04092249637317835	0.04051648594176438	575.2362280815696	3.43392732094308e7	13352.33107675699	4.651383268851852e7
0.04092249637317835	0.04175075765326286	0.041336627013220606	601.4132839168125	3.3815140097178794e7	13953.744360673802	4.577296757826313e7
0.04175075765326286	0.042595584158949054	0.04217317090610596	628.6494807255732	3.329232544057659e7	14582.393841399375	4.504498830319062e7
0.04259558415894906	0.04345730719474898	0.04302644567684902	657.4165630598551	3.279273318866614e7	15239.81040445923	4.433048866742742e7
0.04345730719474898	0.0443362646912649	0.043896785943006944	687.4342323169477	3.229783863925293e7	15927.244636776177	4.3628947652167514e7
0.0443362646912649	0.04523280133771114	0.04478453301448802	718.7516816085661	3.1807560347788006e7	16645.996318384743	4.2939870427811265e7
0.04523280133771113	0.04614726871708629	0.04569003502739871	751.4600906934662	3.1323505495095994e7	17397.456409078208	4.226288519781836e7
0.046147268717086305	0.04708002544404897	0.04661364708056764	785.709167282358	3.0849129081877455e7	18183.165576360567	4.159784357825742e7
0.04708002544404896	0.04803143730555088	0.04755573137479992	821.6006955068976	3.038520403143011e7	19004.766271867466	4.094465114550222e7
0.04803143730555088	0.049001877404282836	0.04851665735491686	858.9978508472875	2.9923835391268782e7	19863.764122714754	4.030275939455644e7
0.049001877404282836	0.04999172630498943	0.04949680185463613	898.2232313375633	2.9473842816383626e7	20761.98735405232	3.967216585506403e7
0.04999172630498944	0.05100137218371016	0.0504965492443498	939.3808888021555	2.903520585941389e7	21701.368242854474	3.905286718851809e7
0.05100137218371016	0.0520312109800053	0.051516291581857734	982.3186020363303	2.860023540814508e7	22683.686844890806	3.844441283721257e7
0.0520312109800053	0.053081646552226344	0.052556428766115826	1027.3850492429845	2.8176549337074067e7	23711.07189413379	3.784682224025368e7
0.05308164655222635	0.054153090835891815	0.05361736869405909	1074.2447788075744	2.7752259624223955e7	24785.316672941364	3.725942209364775e7
0.054153090835891815	0.05524596400523059	0.0546995274205612	1123.5619494105931	2.7342347581701238e7	25908.878622351956	3.668245038055132e7
0.055245964005230595	0.05636069463795615	0.055803329321593376	1175.1358496265193	2.6938512633506473e7	27084.014471978477	3.611564842196645e7
0.056360694637956135	0.0574977198833362	0.05692920726064617	1229.2622876474206	2.6544825668095782e7	28313.276759625896	3.555900962015047e7
0.0574977198833362	0.058657485633623864	0.058077602758480035	1285.6093458534879	2.6151528778843928e7	29598.88610547938	3.501196047557426e7
0.058657485633623864	0.059840446698917284	0.059248966166270574	1344.494933347779	2.5763382090595704e7	30943.38103882716	3.447423800236949e7
0.05984044669891728	0.06104706698551656	0.06044375684221692	1406.664979198677	2.539176363061402e7	32350.046018025838	3.394625617928609e7
0.06104706698551657	0.06227781967784784	0.06166244333168221	1471.2543052930334	2.5017920712611575e7	33821.30032331887	3.3427314890188918e7
0.062277819677847845	0.06353318742402574	0.0629055035509368	1538.9876705716063	2.465259327816124e7	35360.28799389048	3.2917379287239037e7
0.06353318742402574	0.06481366252512719	0.06417342497457645	1610.1576203587697	2.4297553327814955e7	36970.44561424925	3.241651963782405e7
0.0648136625251272	0.06611974712825068	0.06546670482668894	1683.8351619457324	2.393663140365377e7	38654.28077619498	3.1923862806662317e7
0.06611974712825068	0.06745195342343663	0.06678585027584366	1761.9781988414504	2.3595862987204358e7	40416.25897503643	3.1440099228084616e7
0.06745195342343661	0.06881080384452629	0.06813137863398144	1843.2874925453045	2.3254275261670228e7	42259.546467581735	3.0964660927170403e7
0.0688108038445263	0.07019683127403777	0.06950381755928203	1928.481788550491	2.291934185321334e7	44188.028256132224	3.0497447260268044e7
0.07019683127403777	0.07161057925213946	0.07090370526308862	2017.2207078776637	2.258495902068314e7	46205.24896400989	3.0038009147871014e7
0.07161057925213947	0.0730526021898032	0.07233159072097134	2110.4746216531316	2.22601294172259e7	48315.72358566302	2.9586446519806672e7
0.0730526021898032	0.0745234655862202	0.0737880338880117	2208.762974662743	2.194727734784215e7	50524.486560325764	2.9142994281046692e7
0.0745234655862202	0.07602374625056554	0.07527360591839287	2310.6404096385145	2.1629683741385322e7	52835.12696996428	2.870690328001534e7
0.07602374625056553	0.07755403252819779	0.07678888938938166	2417.8791135051415	2.1322635855855245e7	55253.00608346942	2.8278355403742876e7
0.07755403252819777	0.07911492453138266	0.07833447852979022	2529.7277213460657	2.1017002580408823e7	57782.73380481549	2.785699213162803e7
0.07911492453138268	0.08070703437463127	0.07991097945300697	2646.0489132878974	2.0710362632304564e7	60428.78271810338	2.74423354618159e7
0.08070703437463127	0.08233098641474483	0.08151901039468805	2769.7342462718884	2.0423157078535583e7	63198.51696437527	2.7035121239932373e7
0.08233098641474483	0.08398741749566066	0.08315920195520274	2897.889257855256	2.013091732523403e7	66096.40622223052	2.663462306833193e7
0.08398741749566067	0.08567697719819482	0.08483219734692775	3032.367567428552	1.984552754155623e7	69128.77378965907	2.624084629273357e7
0.08567697719819482	0.08740032809477966	0.08653865264648725	3172.963525791426	1.956351512892924e7	72301.73731545049	2.585359461604745e7
0.08740032809477967	0.0891581460092962	0.08827923705203794	3320.061131705824	1.9285497146356683e7	75621.79844715631	2.5472719030960288e7
0.0891581460092962	0.09095112028210306	0.09005463314569963	3476.616767100028	1.9025953438205633e7	79098.41521425634	2.5098918854207285e7
0.09095112028210306	0.09277995404036606	0.09186553716123455	3637.4890230427673	1.8754177283168368e7	82735.90423729911	2.4731072426047478e7
0.09277995404036607	0.09464536447379433	0.0937126592570802	3805.5528165503365	1.848513490988774e7	86541.45705384944	2.4368991113266513e7
0.09464536447379433	0.09654808311589116	0.09559672379484274	3982.453717348322	1.8224933211011183e7	90523.91077119777	2.4012851309123e7
0.09654808311589115	0.09848885613082992	0.09751846962336053	4167.63769757406	1.7968724917648748e7	94691.54846877183	2.3662538235622637e7
0.0984888561308299	0.10046844460606744	0.09947865036844866	4363.414878680463	1.7724240200258184e7	99054.96334745229	2.3318391839575943e7
0.10046844460606745	0.10248762485080974	0.1014780347284386	4566.976140252427	1.7477743676665727e7	103621.93948770472	2.2979936377291955e7
0.10248762485080974	0.10454718870044688	0.10351740677562832	4779.155771623214	1.7231574743396632e7	108401.09525932794	2.264685940079009e7
0.10454718870044688	0.10664794382707676	0.10559756626376182	5003.493587979956	1.699675092965336e7	113404.5888473079	2.231950502281291e7
0.10664794382707674	0.1087907140562392	0.10771932894165798	5236.551610696136	1.6759394400761005e7	118641.14045800403	2.199739339103385e7
0.10879071405623923	0.11097633968998495	0.10988352687311209	5482.1559403788115	1.6530509774973989e7	124123.29639838285	2.16807100866906e7
0.11097633968998494	0.11320567783640557	0.11209100876319525	5738.628057275216	1.6302957457539862e7	129861.92445565807	2.1369216387945086e7
0.11320567783640557	0.11547960274575463	0.1143426402910801	6006.93600899535	1.6078157428469699e7	135868.8604646534	2.106276973886353e7
0.11547960274575463	0.11779900615329066	0.11663930444952264	6289.766335668277	1.5861498112955358e7	142158.62680032168	2.076154797045566e7
0.11779900615329067	0.12016479762897743	0.11898190189113406	6584.975109132452	1.5645580783711912e7	148743.60190945413	2.046529015837327e7
0.12016479762897742	0.1225779049341779	0.12137135128157767	6894.653294536651	1.5434026918873329e7	155638.2552039908	2.0173960280226935e7
0.12257790493417792	0.1250392743854824	0.12380858965983016	7221.571466264241	1.5231026955198498e7	162859.82667025502	1.988776706385449e7
0.12503927438548243	0.12754987122581302	0.1262945728056477	7559.940201825782	1.5022694668287387e7	170419.7668720808	1.9606103192385815e7
0.12754987122581302	0.13011068000295023	0.12883027561438162	7915.766874689438	1.48202595853343e7	178335.53374677023	1.9329046759674914e7
0.13011068000295023	0.13272270495563018	0.13141669247929022	8290.872324186403	1.4625060774488814e7	186626.40607095664	1.905674886413862e7
0.13272270495563016	0.1353869704073637	0.13405483768149692	8682.245159288124	1.4429969403560711e7	195308.65123024475	1.8788939218920443e7
0.1353869704073637	0.1381045211681319	0.13674574578774779	9094.858531714397	1.4241852311846254e7	204403.50976195914	1.8525760707292926e7
0.1381045211681319	0.14087642294411548	0.1394904720561237	9525.60863171779	1.4054055182327647e7	213929.11839367694	1.826696282427169e7
0.1408764229441155	0.14370376275561875	0.14229009284986713	9975.623571991473	1.38671931823872e7	223904.74196566842	1.8012345237964228e7
0.14370376275561872	0.14658764936335203	0.14514570605948537	10449.553183103773	1.368632991411207e7	234354.2951487722	1.7762012287421353e7
0.14658764936335203	0.14952921370324002	0.148058431533296	10943.973369378306	1.3505362251289828e7	245298.2685181505	1.7515709130891174e7
0.14952921370324004	0.1525296093299258	0.15102941151658292	11466.25859115765	1.3332021348395161e7	256764.5271093082	1.7273643063175064e7
0.1525296093299258	0.15559001286914526	0.15405981109953554	12013.42492153703	1.3160890491139289e7	268777.9520308452	1.7035695979549855e7
0.15559001286914523	0.15871162447914908	0.15715081867414715	12583.729261957007	1.2988920516703406e7	281361.6812928022	1.680158024934963e7
0.15871162447914908	0.161895668321353	0.16030364640025102	13186.460550316242	1.2824435457262864e7	294548.1418431185	1.6571506489490164e7
0.161895668321353	0.165143393040401	0.163519530680877	13824.65481108467	1.2668105779116219e7	308372.79665420315	1.6345711899288677e7
0.16514339304040102	0.16845607225382997	0.1667997326471155	14491.5566537173	1.2511829495073415e7	322864.35330792045	1.6123951298848407e7
0.16845607225382997	0.17183500505152752	0.17014553865267873	15193.084009726907	1.235950609029715e7	338057.43731764733	1.5906219292527629e7
0.17183500505152752	0.175281516505179	0.17355826077835326	15922.349674990432	1.2204295568630695e7	353979.7869926378	1.5692115218566384e7
0.17528151650517898	0.1787969581879035	0.17703923734654126	16688.324755021324	1.2052292157109978e7	370668.1117476591	1.5481614115135439e7
0.1787969581879035	0.18238270870428253	0.18058983344609303	17500.306925816847	1.1908439888374457e7	388168.418673476	1.527497839605894e7
0.18238270870428255	0.18604017423098915	0.18421144146763585	18347.467369001217	1.176355398750926e7	406515.8860424772	1.5071924149887124e7
0.18604017423098912	0.18977078906822983	0.18790548164960946	19232.36175653734	1.1618476332225062e7	425748.24779901456	1.487223262177922e7
0.18977078906822986	0.1935760162022154	0.19167340263522264	20165.829612565907	1.1478567050701719e7	445914.0774115805	1.4676007680554654e7
0.19357601620221537	0.1974573478788806	0.195516682040548	21140.550590397394	1.1338191134876182e7	467054.62800197786	1.4483021382531423e7
0.1974573478788806	0.20141630618907916	0.19943682703397989	22158.07073522037	1.1197373863633454e7	489212.69873719825	1.4293060470579652e7
0.20141630618907921	0.20545444366548174	0.20343537492728048	23231.26260123129	1.1061515772760147e7	512443.96133842954	1.410623627858315e7
0.20545444366548168	0.20957334389141227	0.20751389377844698	24351.80370305005	1.0925249935195226e7	536795.7650414795	1.3922343438672358e7
0.2095733438914123	0.2137746221218615	0.2116739830066369	25523.94064007286	1.0789646038230734e7	562319.7056815523	1.374125033021063e7
0.21377462212186146	0.21805992591691964	0.21591727401939054	26761.185316052528	1.0659205454494726e7	589080.8909976048	1.3563093170536868e7
0.21805992591691964	0.22243093578787898	0.2202454308523993	28053.511702156713	1.0528524522087866e7	617134.4026997616	1.3387687951689791e7
0.222430935787879	0.22688936585625752	0.22466015082206825	29405.86890362688	1.0398623364400733e7	646540.2716033885	1.3214920298323821e7
0.2268893658562575	0.2314369645260036	0.22916316519113056	30830.691389666943	1.0272765945702827e7	677370.9629930555	1.3044871118773801e7
0.23143696452600362	0.23607551516914463	0.23375623984757413	32314.06867888057	1.0145157673707511e7	709685.031671936	1.2877281745352052e7
0.23607551516914463	0.24080683682514847	0.23844117599714654	33865.133090788244	1.0018061390961342e7	743550.1647627243	1.2712039275878973e7
0.24080683682514847	0.24563278491427237	0.24321981086971042	35511.058587724554	9.898262513062522e6	779061.2233504489	1.2549429487656487e7
0.24563278491427235	0.25055525196517875	0.24809401843972556	37208.26256215781	9.772369397800263e6	816269.4859126067	1.2388947737404015e7
0.25055525196517875	0.2555761683571033	0.253065710161141	38992.977596565295	9.649675166851988e6	855262.463509172	1.2230655622711282e7
0.2555761683571033	0.2606975030768663	0.25813683571698476	40884.911414688555	9.5335758574361e6	896147.3749238605	1.20748074189015e7
0.2606975030768663	0.26592126449102454	0.2633093837839454	42861.10061085089	9.417230584579714e6	939008.4755347114	1.192124740848172e7
0.26592126449102454	0.27124950113346596	0.26858538281224525	44920.24070844586	9.299716645409737e6	983928.7162431573	1.1769775581615536e7
0.27124950113346596	0.27668430250875625	0.2739669018211111	47068.40719807461	9.181751243002849e6	1.0309971234412319e6	1.1620244950905003e7
0.27668430250875625	0.28222779991155234	0.27945605121015427	49366.77086222874	9.074019976461783e6	1.0803638943034606e6	1.1473134413193535e7
0.28222779991155234	0.28788216726240434	0.28505498358697834	51721.90632525664	8.957960086575726e6	1.132085800628717e6	1.1327822710446239e7
0.2878821672624043	0.29364962196027333	0.29076589461133884	54192.69024091869	8.843933875702854e6	1.1862784908696357e6	1.1184323195911687e7
0.29364962196027333	0.29953242575209976	0.2965910238561865	56794.560626088176	8.733378284470905e6	1.243073051495724e6	1.1042731467921872e7
0.29953242575209976	0.3055328856197627	0.30253265568593124	59535.631098366954	8.626285063544499e6	1.302608682594091e6	1.0903137121915378e7
0.30553288561976266	0.31165335468477884	0.30859312015227075	62366.71234269029	8.514743394274574e6	1.3649753949367811e6	1.0765167593138237e7
0.3116533546847789	0.31789623313109544	0.31477479390793717	65360.11834128846	8.40821784432364e6	1.4303355132780697e6	1.0629018597082984e7
0.31789623313109544	0.3242639691463383	0.3210801011387169	68511.5115735161	8.304770170730367e6	1.4988470248515857e6	1.0494762572108053e7
0.32426396914633826	0.330759059881886	0.3275115145141121	71792.77446996684	8.200083418914507e6	1.5706397993215525e6	1.0362218417027177e7
0.330759059881886	0.33738405243214464	0.33407155615701534	75214.12067369443	8.094888877847627e6	1.645853919995247e6	1.0231257750471273e7
0.3373840524321446	0.3441415448334084	0.3407627986327765	78817.27834271736	7.9929559470941145e6	1.7246711983379642e6	1.0101977335246349e7
0.3441415448334084	0.3510341870826975	0.34758786595805297	82575.22610770396	7.890612649970074e6	1.8072464244456682e6	9.974256260393078e6
0.3510341870826976	0.3580646821769725	0.35454943462983507	86525.4519141061	7.7907681125767315e6	1.8937718763597743e6	9.848148628979713e6
0.35806468217697246	0.3652357871731329	0.36165023467505264	90658.11007721655	7.691640612213579e6	1.9844299864369908e6	9.7236025180707e6
0.3652357871731329	0.3725503142692165	0.3688930507211747	94993.98610398629	7.594248742604702e6	2.0794239725409772e6	9.600627837169206e6
0.3725503142692164	0.3800111319072217	0.376280723088219	99519.7640612856	7.496781980841503e6	2.1789437366022626e6	9.47912936751536e6
0.38001113190722174	0.3876211658979871	0.3838161489026044	104222.58299287785	7.397835283066858e6	2.2831663195951404e6	9.35893625963589e6
0.3876211658979871	0.3953834005685678	0.39150228323327746	109147.4127091547	7.300187050415953e6	2.3923137323042955e6	9.240047992652388e6
0.3953834005685678	0.4033008799325601	0.3993421402505639	114317.1251389457	7.2046017931977315e6	2.5066308574432414e6	9.122508226575764e6
0.40330087993256014	0.41137670888383226	0.4073387944081962	119701.5926721834	7.108487112849494e6	2.6263324501154246e6	9.006208401877072e6
0.4113767088838322	0.4196140544141298	0.41549538164898103	125245.9999907392	7.008419522865937e6	2.751578450106164e6	8.890848553076534e6
0.41961405441412986	0.4280161468550334	0.4238151006345816	131282.69294095074	6.922183056528727e6	2.882861143047115e6	8.777172952328976e6
0.42801614685503336	0.43658628114475495	0.4323012139998942	137487.80410637954	6.830925534077e6	3.020348947153494e6	8.66479430233581e6
0.436586281144755	0.44532781812027106	0.44095704963251303	143779.49423769093	6.731199862977367e6	3.164128441391185e6	8.55314866165507e6
0.4453278181202711	0.45424418583529746	0.4497860019777843	150620.4998842055	6.644467127004218e6	3.3147489412753903e6	8.442943824141031e6
0.45424418583529746	0.4633388809046244	0.4587915333699609	157646.6902130542	6.553025227079961e6	3.4723956314884443e6	8.3338245997446105e6
0.4633388809046243	0.4726154698753377	0.46797717538998096	164995.81110088088	6.462658030240291e6	3.6373914425893254e6	8.225790269524467e6
0.4726154698753377	0.4820775906254654	0.4773465302504015	172677.70055171402	6.373179439602488e6	3.810069143141039e6	8.118829413928806e6
0.4820775906254654	0.49172895379059567	0.48690327220803054	180700.02238730027	6.284345861314909e6	3.9907691655283393e6	8.012917211835407e6
0.49172895379059567	0.5015733442190285	0.4966511490048121	189166.68637335201	6.199103033888867e6	4.1799358519016914e6	7.908200344823204e6
0.5015733442190285	0.5116146224560301	0.5065939833375293	197754.7102729718	6.106518791315396e6	4.377690562174663e6	7.804185885510759e6
0.5116146224560301	0.5218567262577716	0.5167356743569008	207113.5349515851	6.026405286558298e6	4.584804097126248e6	7.701553164685919e6
0.5218567262577716	0.532303672135548	0.5270801991966598	216527.9348880753	5.936727361883803e6	4.801332032014323e6	7.599670175617002e6
0.532303672135548	0.5429595569308798	0.5376316145332138	226708.0795725859	5.857115700308889e6	5.02804011158691e6	7.499074687076819e6
0.5429595569308799	0.5538285594221185	0.5483940581764992	236984.30075238174	5.769262860361198e6	5.265024412339292e6	7.399216549811323e6
0.5538285594221184	0.5649149419631817	0.5593717506926501	247824.39537008994	5.684981496218349e6	5.512848807709382e6	7.300259309296592e6
0.5649149419631817	0.5762230521550663	0.570568997059124	258983.89202610322	5.598121272916848e6	5.771832699735485e6	7.20200203043386e6
0.5762230521550663	0.5877573245507886	0.5819901883529275	270644.2098388184	5.512557488697759e6	6.042476909574304e6	7.104479089504077e6
0.5877573245507887	0.5995222823944254	0.593639803472607	282917.15691523784	5.429987202292941e6	6.325394066489542e6	7.007820839005946e6
0.5995222823944254	0.6115225393949348	0.6055224108946802	295461.685160227	5.3435035541075235e6	6.620855751649769e6	6.911751417457705e6
0.6115225393949348	0.6237628015354545	0.6176426704651947	309067.69572253403	5.2670111013090545e6	6.929923447372303e6	6.816813501521643e6
0.6237628015354545	0.6362478689187845	0.6300053352271195	322856.16887055145	5.184485528609412e6	7.252779616242855e6	6.722593476745253e6
0.6362478689187845	0.6489826376497811	0.6426152532842828	337509.97470984195	5.107041813143832e6	7.590289590952697e6	6.629343183593136e6
0.6489826376497811	0.6619721017553977	0.6554773697025894	352843.0081103125	5.030959264676173e6	7.94313259906301e6	6.537085159988933e6
0.6619721017553977	0.6752213551431265	0.6685967284492621	368157.9078957104	4.946410521079088e6	8.31129050695872e6	6.445273420416024e6
0.6752213551431265	0.68873559359861	0.6819784743708683	384897.7687483821	4.872910180189372e6	8.696188275707103e6	6.354519859055017e6
0.68873559359861	0.7025201168232031	0.6956278552109065	401836.5503223211	4.793797492023118e6	9.098024826029424e6	6.2644394181e6
0.7025201168232033	0.7165803305122883	0.7095502236677458	419717.0958985263	4.718178647095084e6	9.51774192192795e6	6.175194857008308e6
0.7165803305122883	0.730921748475155	0.7237510394937217	438391.5005618233	4.643736379962697e6	9.956133422489773e6	6.08680579366651e6
0.7309217484751549	0.7455499947972789	0.738235871636217	457445.5784053477	4.565967407786536e6	1.041357900089512e7	5.999030807697504e6
0.745549994797279	0.7604708060458455	0.7530104004215623	476895.943663371	4.485441213988892e6	1.0890474944558492e7	5.911675289597934e6
0.7604708060458455	0.7756900335193834	0.7680804197826144	498247.24510123313	4.415855327692764e6	1.1388722189659726e7	5.825346400857819e6
0.7756900335193835	0.7912136455423922	0.7834518395308878	519207.9556627605	4.33610586010345e6	1.1907930145322487e7	5.739398277782128e6
0.791213645542392	0.8070477298058608	0.7991306876741264	541689.0988237049	4.262824513978369e6	1.2449619244146192e7	5.654182204397211e6
0.8070477298058608	0.823198495754599	0.8151231127802299	565022.996438743	4.1898889541923692e6	1.3014642240584936e7	5.569675851731936e6
0.8231984957545989	0.8396722770223118	0.8314353863884554	588928.0295620214	4.115170644069816e6	1.3603570270146957e7	5.485735341763742e6
0.839672277022312	0.8564755339153791	0.8480739054688455	613144.3974123477	4.0371773188191643e6	1.4216714667559305e7	5.402138986710901e6
0.8564755339153791	0.8736148559463076	0.8650451949308433	637931.1051553851	3.9580244483390893e6	1.485464577271469e7	5.31879998285957e6
0.8736148559463076	0.8910969644178547	0.8823559101820811	663924.7013632355	3.881622954612472e6	1.5518570474077925e7	5.235862233809303e6
0.8910969644178548	0.9089287150588329	0.9000128397383438	689068.0162635047	3.7961785328586544e6	1.620763849034143e7	5.1527807068238715e6
0.9089287150588329	0.9271171007126305	0.9180229078857317	716159.5719533989	3.7177873007775615e6	1.692379806229483e7	5.069970707276781e6
0.9271171007126305	0.9456692540795041	0.9363931773960673	743318.7620164324	3.6361368302736403e6	1.7667116824311264e7	4.987228462858001e6
0.945669254079504	0.964592450513715	0.9551308522966095	770315.734972447	3.5507856368178492e6	1.843743255928371e7	4.904336490325453e6
0.9645924505137151	0.9838941108766104	0.9742432806951627	798591.755023621	3.4687359789525475e6	1.9236024314307332e7	4.821493934555001e6
0.9838941108766103	1.0035818044467635	0.9937379576616869	828193.874922607	3.389763089506446e6	2.006421818922994e7	4.738875472955273e6
1.0035818044467635	1.0236632518883197	1.0136225281675415	856800.0377904191	3.304516209902943e6	2.0921018227020353e7	4.656106115349563e6
1.0236632518883195	1.044146328278707	1.0339047900835132	887442.3607509568	3.2252234385209917e6	2.180846058777131e7	4.573538133859009e6
1.0441463282787071	1.0650390661969023	1.0545926972378048	918326.2680201471	3.144908854008096e6	2.2726786855791457e7	4.491100927343142e6
1.065039066196902	1.0863496588734611	1.0756943625351816	951071.5713603402	3.0691337778326217e6	2.3677858427151795e7	4.409048876876159e6
1.0863496588734611	1.1080864634035512	1.097218061138506	982913.0464419167	2.988886587906549e6	2.466077147359371e7	4.32710168389874e6
1.1080864634035512	1.1302580040242431	1.1191722337138972	1.0147025758915291e6	2.9075351238202867e6	2.567547404948524e7	4.24518956309993e6
1.1302580040242434	1.1528729754573492	1.1415654897407963	1.0494463712640887e6	2.8335995630463026e6	2.672492042074933e7	4.163738386900924e6
1.152872975457349	1.1759402463191169	1.164406610888233	1.0835608753496055e6	2.7569171066206847e6	2.7808481296098933e7	4.08256303796515e6
1.175940246319117	1.1994688625981205	1.1877045544586187	1.1192105323417722e6	2.683332501177771e6	2.8927691828440703e7	4.0018263318029754e6
1.1994688625981205	1.2234680512027039	1.2114684569004122	1.1551560960801465e6	2.609731498235434e6	3.008284792452085e7	3.9215019927793276e6
1.2234680512027039	1.247947223579379	1.2357076373910414	1.1913325599192518e6	2.5361839680361715e6	3.1274180484440103e7	3.841569293926337e6
1.2479472235793787	1.2729159794035871	1.260431601491483	1.226588986862604e6	2.460591537838768e6	3.2500769471302707e7	3.761887630148267e6
1.2729159794035874	1.2983841103442801	1.2856500448739339	1.2655240679005764e6	2.3922343961584214e6	3.3766293539203286e7	3.682859970515747e6
1.29838411034428	1.3243616039037864	1.311372857124033	1.3051391824436502e6	2.324786825880185e6	3.5071432721646935e7	3.6045010398318623e6
1.3243616039037867	1.3508586473344832	1.3376101256191348	1.3425975101503828e6	2.2535399372835276e6	3.6414030231797315e7	3.5265530190468156e6
1.3508586473344832	1.377885631633794	1.3643721394841386	1.3833957868087313e6	2.188059406532789e6	3.7797426018606044e7	3.449324889023021e6
1.3778856316337937	1.4054531556190906	1.3916693936264422	1.4253135969060108e6	2.1243029382997393e6	3.922273961551206e7	3.372874567339448e6
1.405453155619091	1.4335720300840937	1.4195125928515924	1.465477045690584e6	2.0581571085469653e6	4.068821666120264e7	3.2970192969566346e6
1.4335720300840937	1.4622532820383967	1.4479126560612452	1.5062853145124172e6	1.9934270363246242e6	4.2194501975715056e7	3.221806411976846e6
1.4622532820383964	1.4915081590317854	1.476880720535091	1.5498726140332606e6	1.932781772414679e6	4.3744374589748316e7	3.1474345092652636e6
1.4915081590317854	1.521348133565042	1.5064281462984137	1.5942715508938832e6	1.8734535982213644e6	4.5338646140642196e7	3.0739310381254395e6
1.5213481335650418	1.5517849075889636	1.5365665205770027	1.6372163494025888e6	1.8129284160435686e6	4.697586249004479e7	3.001176811924938e6
1.5517849075889636	1.5828304170933638	1.5673076623411637	1.6817324446493194e6	1.754791546793132e6	4.8657594934694104e7	2.9292663789628106e6
1.582830417093364	1.6144968367878523	1.598663626940608	1.7246852257142065e6	1.6957921791714365e6	5.038228016040831e7	2.8581012762881625e6
1.614496836787852	1.64679658487623	1.630646710832041	1.7758884650673755e6	1.6454046868107074e6	5.215816862547569e7	2.7881353432374448e6
1.64679658487623	1.6797423279263757	1.6632694564013029	1.8184865761793852e6	1.587674627300047e6	5.3976655201655075e7	2.7188757494504526e6
1.679742327926376	1.7133469858375243	1.69654465688195	1.8672165782618034e6	1.5361745336377653e6	5.5843871779916875e7	2.6506411584468684e6
1.7133469858375243	1.7476237369068959	1.7304853613722102	1.9104013220308335e6	1.4810340274474078e6	5.775427310194771e7	2.5831623870143625e6
1.7476237369068957	1.7825860229976545	1.765104879952275	1.9662623522377708e6	1.436403806949755e6	5.972053545418548e7	2.5170021862427816e6
1.7825860229976545	1.8182475548102286	1.8004167889039415	2.0098714116826148e6	1.3835603511884627e6	6.173040686586809e7	2.45161061732932e6
1.8182475548102286	1.8546223172590541	1.8364349360346415	2.0618456168349371e6	1.3374600645727415e6	6.379225248270303e7	2.3873323521534456e6
1.8546223172590544	1.8917245749568563	1.8731734461079554	2.1160077208808865e6	1.293411930930772e6	6.590826020358392e7	2.324221537143258e6
1.8917245749568563	1.9295688778086144	1.9106467263827354	2.1595267149236957e6	1.2438649211248958e6	6.806778691850764e7	2.2618935602893475e6
1.9295688778086142	1.9681700667174074	1.9488694722630107	2.210344004215228e6	1.1996916086509926e6	7.027813092272286e7	2.2006132625088054e6
1.9681700667174076	2.0075432794043766	1.9878566730608922	2.2701921227716887e6	1.1610944830558042e6	7.254832304549456e7	2.1406418841153886e6
2.0075432794043766	2.047703956345085	2.027623617874731	2.317833886113436e6	1.1170755308031007e6	7.486615693160799e7	2.081591102170329e6
2.047703956345085	2.088667846824608	2.0681859015848465	2.368407067182942e6	1.0756028483065395e6	7.723456399879093e7	2.023554689301646e6
2.088667846824608	2.130451015113721	2.1095594309691643	2.4281420364873116e6	1.039118622374068e6	7.966270603527825e7	1.9667618988463397e6
2.1304510151137213	2.1730698467686165	2.151760430941169	2.4840696909674574e6	1.0017292165030414e6	8.21467757262457e7	1.9110887493293602e6
2.1730698467686165	2.21654105505661	2.194805450912613	2.535312979025279e6	963415.760104001	8.468208870527098e7	1.856417325179821e6
2.21654105505661	2.260881687510363	2.238711371283486	2.5863301933257403e6	926108.3817440802	8.726841889859672e7	1.8027478642438725e6
2.260881687510363	2.306109132613191	2.283495410061777	2.6445736908683926e6	892337.7598909303	8.991299258946511e7	1.7502265850501924e6
2.3061091326131913	2.3522411266180763	2.329175129615634	2.70061840913651e6	858682.570113737	9.261361099860162e7	1.6987938950534458e6
2.352241126618076	2.3992957605030583	2.375768443560567	2.7607287667380916e6	827159.1192641513	9.53743397653397e7	1.648509959815819e6
2.3992957605030587	2.447291487065741	2.4232936237844	2.819391342002031e6	796006.5682881926	9.819373110734174e7	1.5993298925960932e6
2.4472914870657405	2.496247128159676	2.4717693076127083	2.873264814710422e6	764421.654642302	1.0106699592205216e8	1.5511650577444397e6
2.4962471281596765	2.546181882075491	2.521214505117584	2.9276312539403234e6	733955.6299963983	1.0399462717599249e8	1.5040214236775371e6
2.5461818820754907	2.5971153310696216	2.5716486065725563	2.983815846641002e6	704890.4366141396	1.069784430226335e8	1.457920879518715e6
2.5971153310696216	2.649067449043635	2.6230913900566284	3.04857945961838e6	678646.0997102476	1.1002702248225187e8	1.4129659703097888e6
2.6490674490436352	2.702058609377129	2.675563029210382	3.1060608991129994e6	651556.5341533583	1.1313308338136487e8	1.3690418358126406e6
2.7020586093771284	2.756109592917292	2.72908410114721	3.170497038921886e6	626708.885294383	1.1630358042028676e8	1.3262183337265295e6
2.7561095929172925	2.8112415961282595	2.783675594522776	3.23594341943546e6	602748.0900135373	1.1953952383972222e8	1.2844831211419823e6
2.811241596128259	2.8674762394034454	2.8393589177658525	3.2970159799216622e6	578698.6363621105	1.2283653981964388e8	1.2437682928960735e6
2.8674762394034454	2.9248355755441353	2.8961559074737906	3.3474294972001347e6	553655.206044865	1.2618396931684402e8	1.203957636791093e6
2.9248355755441353	2.983342098407639	2.9540888369758873	3.4033734093680764e6	530437.4157638439	1.295873427262121e8	1.1651043010561077e6
2.983342098407639	3.043018751728413	3.013180425068026	3.4638541234110086e6	508722.3282437322	1.3305119684962311e8	1.1272397384773619e6
3.043018751728413	3.103888938115602	3.0734538449220077	3.5263238244809085e6	488022.7963153441	1.3657752067410403e8	1.0903654855071162e6
3.1038889381156016	3.1659765282305345	3.134932733173068	3.586206230994966e6	467681.2350775452	1.40163726905099e8	1.054445056455761e6
3.165976528230535	3.229305870147767	3.197641199189151	3.6514061160339215e6	448716.0897882357	1.4381513302113292e8	1.0195028211967432e6
3.229305870147767	3.293901798903343	3.261603834525555	3.7203873286173483e6	430820.67051229096	1.4753552034975025e8	985544.0520556397
3.293901798903343	3.359789646234031	3.326845722568687	3.781086908883654e6	412593.0981095865	1.513166072586339e8	952492.8486938601
3.3597896462340304	3.426995250511332	3.393392448372681	3.844211328398018e6	395284.26480361045	1.5516081858703193e8	920349.8486525527
3.4269952505113324	3.49554496687418	3.461270108692756	3.906825583649937e6	378550.05890835216	1.5906764417068186e8	889095.8025887122
3.49554496687418	3.565465677564285	3.5305053222192324	3.971453432886898e6	362615.0629795185	1.6303909760356876e8	858725.5270492457
3.5654656775642843	3.636784802468191	3.6011252400162377	4.0340173123217463e6	347081.321258753	1.6707311491589049e8	829211.1816120995
3.6367848024681915	3.709530309870176	3.673157556169184	4.095339432602507e6	332032.4669194442	1.7116845434849298e8	800531.3566118954
3.709530309870176	3.783730727420201	3.7466305186451887	4.1597628551498726e6	317801.85789199744	1.7532821720364285e8	772685.10747523
3.783730727420201	3.8594151533212258	3.8215729403707135	4.225916742228122e6	304232.8112374541	1.7955413394587097e8	745662.5060453739
3.8594151533212258	3.936613267740271	3.8980142105307483	4.292494827448961e6	291200.55146274605	1.8384662877331993e8	719446.9994531581
3.9366132677402716	4.015355344447698	3.9759843060939852	4.354390040234287e6	278360.16288018366	1.8820101881355423e8	694003.0936244273
4.0153553444476975	4.0956722626892725	4.055513803568485	4.410253157454073e6	265668.862946665	1.926112719710083e8	669294.8744429414
4.0956722626892725	4.177595519295679	4.136633890992476	4.473216186715049e6	253918.5619575419	1.9708448815772334e8	645334.180646867
4.177595519295679	4.261157241034213	4.219376380164945	4.5361594827431915e6	242638.85183813662	2.0162064764046654e8	622105.0330074807
4.261157241034214	4.346390197207519	4.3037737191208665	4.599249685143204e6	231822.99859075953	2.0621989732560974e8	599591.9858255918
4.346390197207519	4.433327812504291	4.389859004855905	4.6622710254556285e6	221444.34355824918	2.1088216835106537e8	577778.9468111588
4.433327812504291	4.522004180106998	4.477665996305644	4.724141999756138e6	211440.2190642207	2.156063103508215e8	556647.137242734
4.522004180106997	4.612454075061757	4.567229127584377	4.78524604291706e6	201821.0904885145	2.2039155639373857e8	536179.4655300408
4.612454075061758	4.704712967915614	4.658583521488686	4.847067828037748e6	192636.6992634061	2.252386242217763e8	516362.6954557397
4.704712967915615	4.798817038626549	4.751765003271082	4.90955485204625e6	183865.2848763594	2.3014817907382256e8	497183.09926816454
4.798817038626548	4.8948031907517	4.846810114689124	4.971521280116781e6	175446.47688147525	2.3511970035393932e8	478624.2588833788
4.8948031907517	4.992709065919355	4.943756128335528	5.03218911361195e6	167343.9684440634	2.4015188946755132e8	460668.6091540388
4.992709065919355	5.0925730585903635	5.042641062254859	5.092590758099965e6	159584.12334975234	2.452444802256513e8	443301.1190747051
5.092573058590363	5.194434331114791	5.143503694852576	5.153996022090512e6	152192.34599551457	2.5039847624774182e8	426509.09023970785
5.194434331114792	5.298332829089708	5.2463835801022505	5.216046324697269e6	145140.3054648323	2.5561452257243907e8	410278.9226610581
5.298332829089708	5.404309297024123	5.351321063056916	5.27810604455313e6	138395.70004192804	2.608926286169922e8	394595.937729206
5.404309297024124	5.512405294317228	5.458357295670676	5.34000395342504e6	131942.28082890922	2.6623263257041726e8	379445.36640350183
5.512405294317227	5.622663211556192	5.56753425293671	5.401848165612813e6	125771.64341959612	2.7163448073603004e8	364812.80691500276
5.622663211556192	5.735126287139937	5.678894749348064	5.463615430744667e6	119872.19831426597	2.770980961667747e8	350684.01985003374
5.735126287139938	5.849838624235358	5.792482455687647	5.525174087837236e6	114230.56551477699	2.826232702546119e8	337044.81549937313
5.849838624235357	5.966845208072685	5.90834191615402	5.583163232702027e6	108771.40245269032	2.882064334873139e8	323877.47684215126
5.9668452080726855	6.08619192358676	6.026518565829723	5.640993981707533e6	103559.06242991624	2.9384742746902144e8	311169.0209954755
6.08619192358676	6.207925573411116	6.147058748498939	5.702183662687299e6	98644.24959249396	2.9954961113170874e8	298910.1387928066
6.207925573411115	6.332093896231958	6.270009734821537	5.761089855568356e6	93914.65046316004	3.053107009872771e8	287085.5796604803
6.332093896231959	6.458745585509219	6.395419740870589	5.81839964792551e6	89377.9517894506	3.111291006352026e8	275681.41621033865
6.458745585509219	6.587930308572025	6.523337947040622	5.879463604451528e6	85106.50075674482	3.170085642396541e8	264688.6976396451
6.587930308572025	6.7196987260960865	6.653814517334055	5.940236948635131e6	81026.48530513943	3.229488011882893e8	254094.73191335332
6.719698726096086	6.854102511970629	6.786900619033357	5.9970485714846505e6	77083.07433755594	3.2894584975977397e8	243884.39643764135
6.8541025119706305	6.9911943735626645	6.922648442766647	6.048163947826849e6	73256.01160659235	3.3499401370760083e8	234042.2726025411
6.991194373562663	7.131028072386537	7.0611112229746	6.110386695573742e6	69740.76198859664	3.411044004031746e8	224565.10598464118
7.131028072386538	7.27365844518689	7.202343258786714	6.17045038360924e6	66364.09231776363	3.472748507867838e8	215439.8375828407
7.27365844518689	7.419141425443249	7.34639993531507	6.228926774229952e6	63128.84512424927	3.5350377756101376e8	206654.32570296378
7.419141425443249	7.567534065304735	7.493337745373992	6.286483036822617e6	60037.23939182305	3.597902605978364e8	198197.25707179197
7.567534065304733	7.718894557963449	7.643214311634091	6.331142999390053e6	56976.19715601751	3.6612140359722644e8	190051.4485728556
7.71889455796345	7.8732822604753405	7.796088409219395	6.369105768916404e6	54011.742556082536	3.7249050936614287e8	182204.51667440575
7.87328226047534	8.030757717037467	7.952019988756403	6.415977158399473e6	51270.90106781255	3.7890648652454233e8	174652.11918318717
8.030757717037467	8.191382682730838	8.111070199884153	6.4737527591477195e6	48748.660202285864	3.8538023928369004e8	167389.875282761
8.191382682730838	8.355220147738075	8.273301415234457	6.533624414720749e6	46361.683215173936	3.919138636984108e8	160408.84994007257
8.355220147738077	8.52233436204546	8.438777254891768	6.592971769553726e6	44084.37831934612	3.9850683546796453e8	153699.14739847402
8.52233436204546	8.69279086063899	8.607562611342225	6.63921092460502e6	41832.94749299026	4.0514604639256954e8	147246.60921011775
8.692790860638988	8.86665648920439	8.779723674921689	6.6890473431467125e6	39715.93425805055	4.118350937357163e8	141044.15454091216
8.86665648920439	9.043999430341099	8.955327959772745	6.746573289769755e6	37746.98678360425	4.1858166702548605e8	135085.89826270047
9.043999430341099	9.224889230300542	9.134444330320822	6.801687578164449e6	35860.329678497124	4.253833546036505e8	129362.50077344394
9.22488923030054	9.409396826259172	9.317143028279856	6.848327699565892e6	34023.634316514464	4.3223168230321634e8	123863.29649624412
9.409396826259174	9.597594574136979	9.503495700198076	6.910794723375165e6	32353.61024444932	4.391424770265915e8	118584.96697065156
9.597594574136977	9.789556276972338	9.693575425554657	6.956623281422086e6	30689.643801707913	4.4609910030801356e8	113515.12089587325
9.789556276972338	9.985357213864406	9.887456745418373	6.991264928876482e6	29063.48869603853	4.5309036523689e8	108643.91332545991
9.985357213864406	10.185074169494316	10.08521569167936	7.026658014073527e6	27525.767776159577	4.6011702325096357e8	103964.98716058629
10.185074169494316	10.388785464236824	10.28692981686557	7.071196264214634e6	26102.504079610047	4.671882195151782e8	99473.85303011617
10.388785464236824	10.596570984874182	10.492678224555503	7.1203881392583335e6	24768.038923676046	4.743086076544365e8	95164.80053549558
10.596570984874182	10.808512215924287	10.702541600399234	7.163086336921457e6	23479.39097298176	4.81471693991358e8	91029.96950883772
10.808512215924287	11.024692271595393	10.91660224375984	7.217956845709986e6	22294.597040337616	4.8868965083706796e8	87065.30076371787
11.024692271595391	11.245195928379921	11.134944099987656	7.272687017856983e6	21167.957913258135	4.959623378549249e8	83264.33333234306
11.245195928379921	11.47010965830014	11.35765279334003	7.319303362571504e6	20074.861028355186	5.032816412174964e8	79619.5592875693
11.470109658300142	11.699521662818766	11.584815660559453	7.367660148967677e6	19041.937425728476	5.106493013664641e8	76125.43986701225
11.699521662818766	11.933521907427762	11.816521785123264	7.408999156376796e6	18044.292472131616	5.1805830052284086e8	72775.31988402583
11.933521907427762	12.172202156928938	12.05286203217835	7.4449789820479e6	17086.08514131793	5.255032795048888e8	69563.1679362012
12.172202156928938	12.415656011420138	12.293929084174538	7.4743195580209475e6	16164.026116335433	5.329775990629097e8	66483.11080613494
12.415656011420136	12.66397894300116	12.539817477210647	7.505039905471517e6	15294.30309617627	5.404826389683813e8	63530.547767582386
12.663978943001162	12.917268333213807	12.790623638107483	7.54558772360789e6	14490.006416012811	5.480282266919892e8	60701.89852854182
12.917268333213807	13.175623511230704	13.046445922222254	7.602350991581736e6	13756.952995604926	5.556305776835709e8	57994.12484035387
13.175623511230702	13.439145792807937	13.30738465201932	7.652326746477986e6	13048.683184880958	5.632829044300488e8	55401.68393236868
13.43914579280794	13.70793852001672	13.57354215641233	7.691588474399705e6	12359.135054490362	5.709744929044485e8	52919.003106573036
13.707938520016718	13.982107101769675	13.845022810893196	7.733921547971992e6	11710.371411131453	5.787084144524205e8	50542.103688174575
13.982107101769676	14.261759055157691	14.121933078463684	7.771791784239536e6	11088.963278971618	5.8648020623666e8	48266.46192588967
14.26175905515769	14.547004047613465	14.404381551385576	7.79277197842137e6	10477.57191288302	5.942729782150813e8	46086.81491889854
14.547004047613463	14.837953939918354	14.692478993765908	7.8105637436471e6	9895.778537353783	6.020835419587284e8	43999.33277875821
14.837953939918354	15.134722830069341	14.986338384993847	7.846912321915442e6	9368.397346687989	6.099304542806438e8	42001.83780488163
15.134722830069341	15.437427098023349	15.286074964046346	7.893628998541827e6	8880.596549712025	6.178240832791857e8	40091.4224236013
15.43742709802335	15.746185451336439	15.591806274679895	7.941210671950204e6	8418.81730983886	6.257652939511359e8	38264.56471164422
15.746185451336439	16.06111897171579	15.903652211526115	7.990769682241239e6	7982.738997159817	6.337560636333771e8	36517.927404327624
16.06111897171579	16.382351162502726	16.221735067109257	8.032012143620638e6	7561.128736481224	6.417880757769977e8	34847.71783248897
16.382351162502726	16.7100079971054	16.54617957980406	8.043189195557867e6	7134.92693726133	6.498312649725555e8	33249.26275098062
16.7100079971054	17.04421796840013	16.877112982752763	8.053625150976897e6	6732.116725078301	6.578848901235324e8	31719.7725219157
17.044217968400133	17.385112139120757	17.214665053760445	8.0820705010350635e6	6366.223035971216	6.659669606245675e8	30257.398527353842
17.385112139120753	17.73282419325579	17.558968166188272	8.125212926232803e6	6031.0505052113995	6.740921735508006e8	28860.04143794771
17.73282419325579	18.087490488473527	17.910157340864657	8.178476302582205e6	5720.44248111554	6.822706498533828e8	27525.367907063268
18.087490488473527	18.44925010959562	18.268370299034572	8.221854482358756e6	5419.085806361573	6.904925043357416e8	26250.295929362077
18.44925010959562	18.818244923140153	18.633747516367887	8.249662242480807e6	5123.791361647841	6.987421665782224e8	25031.737328197854
18.818244923140156	19.19461963295558	19.006432278047868	8.250299841976121e6	4828.631219161625	7.069924664201986e8	23866.440139304534
19.19461963295558	19.57852183696731	19.386570734961445	8.247222049332122e6	4548.4250044483515	7.152396884695307e8	22752.19475783766
19.57852183696731	19.970102085059278	19.774311961013296	8.285191251016823e6	4305.810795542158	7.235248797205476e8	21688.224774770206
19.970102085059278	20.369513938113084	20.16980801158618	8.3461954181265915e6	4087.332943833757	7.318710751386741e8	20673.022457637613
20.369513938113087	20.77691402822797	20.57321398317053	8.389883432867225e6	3871.7424842836895	7.402609585715413e8	19703.941423109973
20.77691402822797	21.19246212014515	20.98468807418656	8.42032724776308e6	3661.66480708063	7.486812858193043e8	18778.639363470433
21.19246212014515	21.616321173900676	21.404391647022912	8.400747279361991e6	3442.441924716102	7.570820330986663e8	17894.06362007915
21.616321173900673	22.04865740873131	21.83248929131599	8.409594634651925e6	3247.3033369845257	7.654916277333182e8	17049.254255443557
22.048657408731312	22.48964036825856	22.269148888494936	8.456516352019906e6	3077.077195992219	7.739481440853381e8	16243.354469544807
22.489640368258556	22.93944298697635	22.714541677617454	8.501356154145405e6	2914.970869889021	7.824495002394835e8	15474.588303745222
22.93944298697635	23.398241658068496	23.168842322522423	8.544875193164837e6	2760.901094841615	7.909943754326483e8	14741.277435386739
23.398241658068496	23.866216302582487	23.632228980325493	8.540482246136213e6	2600.3190851756603	7.995348576787845e8	14041.001191650479
23.86621630258249	24.34355043998676	24.104883371284625	8.530234086521948e6	2447.3964723949985	8.080650917653066e8	13372.295927831245
24.34355043998676	24.830431260139118	24.58699085006294	8.56290346347287e6	2315.0670112953317	8.166279952287794e8	12734.528426280089
24.830431260139115	25.32704969669452	25.07874047841682	8.603767637295242e6	2191.9484506259564	8.252317628660747e8	12126.445479959551
25.32704969669452	25.83360050198103	25.580325099337777	8.637194399940137e6	2073.545213699611	8.338689572660148e8	11546.606868229392
25.833600501981028	26.35028232337327	26.09194141267715	8.65259460451924e6	1957.4304034022493	8.425215518705341e8	10993.515462535444
26.350282323373275	26.877297781193363	26.61379005228332	8.642139563741583e6	1842.3002594688223	8.511636914342756e8	10465.685289855204
26.877297781193363	27.41485354816985	27.146075664681607	8.662933850425018e6	1740.2165983559441	8.598266252847006e8	9962.41179795038
27.41485354816985	27.96316043048587	27.68900698932786	8.699818177052936e6	1646.8257974549965	8.685264434617536e8	9482.779962427523
27.963160430485864	28.522433450448204	28.242796940467034	8.737103070222432e6	1558.4903857837314	8.77263546531976e8	9025.717733375868
28.522433450448204	29.09289193080979	28.807662690628998	8.736314224798417e6	1468.4667031885817	8.859998607567744e8	8589.825931838022
29.09289193080979	29.67475958077861	29.3838257557942	8.725280569614766e6	1382.020397900835	8.947251413263892e8	8174.089798620483
29.67475958077861	30.268264583746802	29.971512082262706	8.75690515815085e6	1307.0280213896003	9.0348204648454e8	7778.0074141481555
30.268264583746802	30.87363968677436	30.570952135260583	8.795666678143296e6	1237.0926348779635	9.122777131626832e8	7400.736843504722
30.873639686774364	31.491122291862474	31.182380989318418	8.820099552260358e6	1168.9775127220655	9.210978127149436e8	7041.298024908541
31.491122291862467	32.120954549052335	31.8060384204574	8.791104976894544e6	1097.9317715289985	9.298889176918381e8	6698.4934024002605
32.12095454905234	32.76338345138601	32.44216900021918	8.806271200714983e6	1036.3898824936982	9.386951888925531e8	6371.9116964755585
32.76338345138601	33.418660931766354	33.09102219157619	8.852621385051351e6	981.7529755854824	9.475478102776046e8	6061.015451383703
33.418660931766354	34.087043961754304	33.75285244676033	8.877269100525746e6	927.7029830979252	9.564250793781303e8	5764.933795236064
34.0870439617543	34.768794652342	34.42791930704815	8.851264674136708e6	871.6339400631183	9.652763440522671e8	5482.695779660885
34.76879465234201	35.46418035674147	35.11648750454174	8.862333073323468e6	822.3867706306512	9.741386771255906e8	5213.8963909257
35.46418035674147	36.17347377522892	35.8188270659852	8.907858306551257e6	778.9338806192295	9.830465354321418e8	4958.094706409234
36.17347377522891	36.89695306208611	36.53521341865751	8.929008144594405e6	735.7491426096815	9.919755435767362e8	4714.556497510836
36.89695306208612	37.634901934680464	37.26592749838329	8.890636935866479e6	690.3330677137445	1.0008661805126027e9	4482.4457190262465
37.634901934680464	38.38760978472669	38.01125585970358	8.912753387797868e6	652.1341631804838	1.0097789339004005e9	4261.519522996279
38.38760978472669	39.155371791773845	38.77149078825027	8.962905873279752e6	617.9782107816292	1.0187418397736803e9	4051.36598516285
39.155371791773845	39.93848903896195	39.546930415367896	8.971591544797953e6	582.8987033653489	1.0277134313184782e9	3851.3104808779494
39.93848903896195	40.737268631093805	40.33787883502788	8.922991136278993e6	546.3026803439758	1.0366364224547572e9	3660.6830963928096
40.737268631093805	41.5520238150683	41.144646223081054	8.965289373296065e6	517.2332783121665	1.0456017118280532e9	3479.3741511353187
41.5520238150683	42.38307410272229	41.96754895889529	9.002354084214313e6	489.41527489744266	1.0546040659122676e9	3306.9183466624063
42.3830741027223	43.230745396129365	42.80690974942583	8.978748796316246e6	459.9774442430173	1.0635828147085838e9	3142.71161516281
43.230745396129365	44.09537011540457	43.66305775576697	8.979357670849806e6	433.47621757204115	1.0725621723794336e9	2986.4475381350894
44.09537011540456	44.97728732906528	44.53632872223492	9.023981618949287e6	410.5041004527251	1.0815861539983828e9	2837.871545791055
44.977287329065284	45.87684288699921	45.42706510803225	9.019958231643435e6	386.654546433046	1.0906061122300265e9	2696.489589785096
45.87684288699921	46.79438955609182	46.33561622154552	8.99058030621879e6	363.1663658169867	1.0995966925362453e9	2561.907570452478
46.79438955609182	47.73028715856628	47.26233835732905	9.040642243190981e6	344.12520533075235	1.1086373347794363e9	2433.9897723825043
47.73028715856627	48.68490271309022	48.20759493582824	9.039577745071085e6	324.2385526322032	1.1176769125245075e9	2312.3030453905762
48.68490271309022	49.658610578704646	49.17175664589743	9.01568781579385e6	304.72962997000394	1.1266926003403013e9	2196.509776251854
49.658610578704646	50.651792601631364	50.155201590168005	9.047960342187515e6	288.18131742695186	1.1357405606824887e9	2086.4408008497135
50.651792601631364	51.66483826501661	51.15831543332399	9.050910514556153e6	271.6481322040061	1.1447914711970448e9	1981.7668221662586
51.664838265016606	52.69814484166956	52.18149155334308	9.034642319131266e6	255.51990488051354	1.1538261135161762e9	1882.2000214144932
52.69814484166957	53.75211754985558	53.22513119576257	8.958532344673716e6	238.75361951394225	1.1627846458608499e9	1787.4090216291368
53.752117549855576	54.82716971220531	54.289643631030444	8.125355506058594e6	204.05855057577733	1.1709100013669086e9	1696.0842618681543
54.82716971220531	55.92372291780204	55.37544631500367	7.044150448311323e6	166.70183474661522	1.1779541518152199e9	1607.8722953625868
