-0.0	9.953897499377266e-5	4.976948749688633e-5	0.00037205645504426985	9.006182468624583e7	0.00037205645504426985	9.006182468624583e7
9.953897499377266e-5	0.0002010687294874207	0.00015030385224059668	0.0024162963927406183	8.076052181124173e7	0.0027883528477848883	8.1888990927913e7
0.00020106872948742058	0.0003046290790709416	0.00025284890427918107	0.006335374766691108	7.509615868509261e7	0.009123727614475996	7.704946528626688e7
0.0003046290790709413	0.00041026063564613265	0.000357444857358537	0.012183198821619603	7.131657976483555e7	0.0213069264360956	7.36635511602252e7
0.0004102606356461331	0.0005180048233528283	0.0004641327294994807	0.02006890068369863	6.849983455475777e7	0.041375827119794234	7.106514857135698e7
0.0005180048233528287	0.0006279038948136577	0.0005729543590832433	0.030125093100414484	6.6245283276352264e7	0.07150092022020872	6.895146390487622e7
0.0006279038948136573	0.0007400009477037028	0.0006839524212586801	0.04254354004343484	6.4417921125641055e7	0.11404446026364357	6.718754262141515e7
0.000740000947703703	0.0008543399416515495	0.0007971704446776262	0.05745308748451856	6.2814926988226056e7	0.17149754774816212	6.565641611616145e7
0.0008543399416515493	0.0009709657154783526	0.0009126528285649509	0.07513002769502104	6.1462093496499576e7	0.24662757544318314	6.431930426785048e7
0.0009709657154783523	0.0010899240047816917	0.001030444860130022	0.09558423798077484	6.015200840721826e7	0.342211813423958	6.309831113348288e7
0.0010899240047816917	0.0012112614598710977	0.0011505927323263946	0.11958141747209967	5.918523817860135e7	0.46179323089605767	6.203620984413731e7
0.0012112614598710973	0.0013350256640622914	0.0012731435619666943	0.14674820329454952	5.816627382070194e7	0.6085414341906072	6.1056611861899644e7
0.0013350256640622922	0.00146126515233731	0.0013981454081998012	0.177585327148215	5.722718237276843e7	0.7861267613388223	6.014740416938556e7
0.0014612651523373099	0.0015900294303778282	0.001525647291357569	0.2124526536117277	5.637556261025206e7	0.99857941495055	5.930325224604793e7
0.0015900294303778277	0.0017213689939791564	0.001655699212178492	0.25149827515879036	5.5557029568792775e7	1.2500776901093404	5.85095108247414e7
0.0017213689939791568	0.0018553353488525118	0.0017883521714158342	0.29550127623268013	5.4858587469913244e7	1.5455789663420205	5.7774385153156124e7
0.0018553353488525112	0.0019919810308233333	0.0019236581898379223	0.34476558707918153	5.423501244924475e7	1.890344553421202	5.709482757718938e7
0.0019919810308233333	0.002131359626433572	0.0020616703286284524	0.39858529959515765	5.351943390631576e7	2.2889298530163593	5.643826697407346e7
0.0021313596264335728	0.002273525793956016	0.0022024427101947942	0.4587978354531278	5.29243132014646e7	2.747727688469487	5.581943334469665e7
0.0022735257939560153	0.0024185352848289073	0.002346030539392461	0.5254536545220571	5.237482133351593e7	3.273181342991544	5.5236248430392385e7
0.002418535284828908	0.002566444965519258	0.002492490125174083	0.5979642479954266	5.1769555247104265e7	3.8711455909869708	5.467074959549456e7
0.002566444965519257	0.002717312839823414	0.0026418789026713355	0.6788846527787049	5.1291515829887025e7	4.550030243765676	5.413856639519376e7
0.002717312839823413	0.0028711980716136527	0.002794255455718533	0.766612346936595	5.076063380758088e7	5.316642590702271	5.3624023386639245e7
0.002871198071613654	0.0030281610080396984	0.002949679539826676	0.8626670672197958	5.025555791284205e7	6.179309657922067	5.31268982512556e7
0.003028161008039698	0.0031882632031942633	0.0031082121056169804	0.9691028660524026	4.984773387216514e7	7.14841252397447	5.265728911650568e7
0.003188263203194263	0.0033515674422519193	0.0032699153227230913	1.0831817219692912	4.935495168243964e7	8.23159424594376	5.219771078799063e7
0.0033515674422519197	0.0035181377660907292	0.0034348526041713245	1.2080745982137404	4.890856783178995e7	9.4396688441575	5.175229621558046e7
0.0035181377660907292	0.003688039496406315	0.003603088631248522	1.3455522060123208	4.853583782333949e7	10.785221050169822	5.132793013847706e7
0.0036880394964063155	0.003861339261328213	0.0037746893788672643	1.4932459453683231	4.811547643161734e7	12.278466995538146	5.09145201744823e7
0.003861339261328213	0.004038105021548549	0.003949722141438381	1.6532514866853898	4.7700764707294494e7	13.931718482223536	5.051068423127361e7
0.004038105021548548	0.00421840609697329	0.004128255559260919	1.827211056622727	4.7312767848428234e7	15.758929538846264	5.011790935945198e7
0.00421840609697329	0.004402313193906526	0.004310359645439908	2.0165883055924754	4.695869263028487e7	17.77551784443874	4.973828921578079e7
0.004402313193906526	0.004589898432778427	0.004496105813342477	2.221764443295908	4.6617979527993485e7	19.997282287734645	4.9371138457663484e7
0.004589898432778428	0.004781235376427767	0.004685566904603098	2.4418405275083073	4.625130258588591e7	22.439122815242953	4.901137579033036e7
0.0047812353764277666	0.0049763990589500925	0.00487881721768893	2.679712595349586	4.589785030315113e7	25.11883541059254	4.86592368196581e7
0.004976399058950093	0.005175466015122866	0.0050759325370364795	2.9365290872362744	4.5555196523702376e7	28.055364497828812	4.831465945880283e7
0.005175466015122865	0.005378514310419092	0.005276990162770979	3.2138774028993176	4.5226600543662906e7	31.26924190072813	4.7977957732173994e7
0.005378514310419092	0.005585623571621245	0.005482068941020169	3.5129860414523355	4.490827806331249e7	34.78222794218046	4.764900047115939e7
0.005585623571621245	0.00579687501804744	0.0056912492948343425	3.835002676962741	4.45954998440459e7	38.6172306191432	4.732718847540509e7
0.005796875018047441	0.00601235149340216	0.0059046132557248	4.181649801922774	4.429011661215206e7	42.798880421065974	4.701221483664757e7
0.00601235149340216	0.006232137498263974	0.006122244495833067	4.554800854083144	4.399380401527217e7	47.353681275149114	4.670399787282015e7
0.006232137498263972	0.006456319223223022	0.006344228360743497	4.9557862689655945	4.37018372582129e7	52.30946754411471	4.640200047519682e7
0.006456319223223021	0.006684984582681251	0.006570651902952136	5.38566701862173	4.340787313315961e7	57.69513456273644	4.61051406554478e7
0.006684984582681254	0.006918223249328648	0.0068016039160049505	5.847546966282411	4.3121918390853524e7	63.54268152901885	4.5813472557013415e7
0.006918223249328647	0.00715612668930899	0.007037174969318818	6.343253215045474	4.28413752110142e7	69.88593474406433	4.552679809645976e7
0.00715612668930899	0.007398788198088939	0.007277457443698964	6.874932305264758	4.2565533656749435e7	76.7608670493291	4.52448837741179e7
0.007398788198088939	0.007646302937044488	0.0075225455675667135	7.444720190040825	4.229301209517559e7	84.20558723936992	4.496740221428743e7
0.007646302937044487	0.007898767970779146	0.007772535453911817	8.055353553051988	4.202521072642634e7	92.2609407924219	4.469420330397506e7
0.007898767970779147	0.0081562823051885	0.008027525137983823	8.709713974167524	4.176303292154893e7	100.97065476658943	4.4425243382388495e7
0.0081562823051885	0.00841894692628604	0.008287614615737269	9.410635896854826	4.15061143917121e7	110.38129066344425	4.416045541024922e7
0.00841894692628604	0.00868686483980553	0.008552905883045785	10.159954156193635	4.124936192744057e7	120.54124481963788	4.3899327758606836e7
0.008686864839805528	0.008960141111595408	0.008823502975700469	10.960996620089977	4.0994110599150576e7	131.50224143972787	4.364153303829904e7
0.008960141111595408	0.009238882908821085	0.009099512010208246	11.818771397933912	4.07464904711836e7	143.32101283766178	4.338732453166975e7
0.009238882908821085	0.009523199541991274	0.00938104122540618	12.736622539149003	4.050483016329823e7	156.0576353768108	4.3136783611556076e7
0.009523199541991274	0.009813202507824869	0.009668201024908072	13.716280999923745	4.0262446934492305e7	169.77391637673455	4.2889410237796985e7
0.00981320250782487	0.010109005532975137	0.009961104020400003	14.763611747970199	4.002517837933202e7	184.53752812470475	4.264526199745909e7
0.010109005532975134	0.010410724618628405	0.01025986507580177	15.882040569868826	3.979046894729348e7	200.41956869457357	4.240417688716078e7
0.010410724618628405	0.010718478085994741	0.010564601352311572	17.07612418885725	3.955847559998653e7	217.49569288343082	4.2166026613462284e7
0.010718478085994743	0.011032386622708406	0.010875432354351573	18.351309099273514	3.933062483957925e7	235.84700198270434	4.193081769622045e7
0.011032386622708406	0.011352573330156341	0.011192479976432374	19.714041890632664	3.91093180798512e7	255.561043873337	4.169875578203273e7
0.011352573330156343	0.011679163771753237	0.01151586855095479	21.162957182758312	3.88812764461269e7	276.72400105609535	4.1468943770462126e7
0.011679163771753237	0.01201228602218207	0.011845724896967653	22.707823598699864	3.8655393710228726e7	299.4318246547952	4.1241300689565286e7
0.012012286022182067	0.012352070717619476	0.012182178369900772	24.351768882726148	3.842720287045487e7	323.78359353752137	4.1015397162211195e7
0.01235207071761948	0.012698651106965636	0.012525360912292557	26.105725733938588	3.820442921402582e7	349.88931927145995	4.079146495222416e7
0.012698651106965634	0.013052163104098714	0.012875407105532175	27.971798992558117	3.7980192013657995e7	377.86111826401805	4.056916970942152e7
0.013052163104098714	0.013412745341174455	0.013232454222636584	29.978913460074782	3.778278979570693e7	407.8400317240928	4.035043356596452e7
0.013412745341174457	0.013780539222991713	0.013596642282083085	32.111267889855206	3.757969617743545e7	439.951299613948	4.0134454175939634e7
0.013780539222991713	0.014155688982445314	0.013968114102718514	34.373396331352374	3.736855084070544e7	474.32469594530033	3.9920327121988e7
0.014155688982445312	0.014538341737087986	0.014347015359766648	36.78025799955117	3.7157902656650014e7	511.1049539448515	3.970789471906858e7
0.014538341737087988	0.014928647546823513	0.01473349464195575	39.34260142127729	3.694972894256376e7	550.4475553661288	3.9497166751793265e7
0.014928647546823513	0.01532675947275375	0.01512770350978863	42.07162945130144	3.674541939933364e7	592.5191848174302	3.928825876384798e7
0.01532675947275375	0.01573283363720259	0.01552979655497817	44.97858047359125	3.6545528335304e7	637.4977652910214	3.9081318420888625e7
0.01573283363720259	0.01614702928494041	0.015939931461071498	48.048700823783555	3.633029455092619e7	685.546466114805	3.887499877629751e7
0.016147029284940405	0.016569508845632977	0.01635826906528669	51.332199160976884	3.61306246164302e7	736.8786652757818	3.867038248558263e7
0.016569508845632984	0.01700043799753941	0.016784973421586198	54.83678137945786	3.594107375189233e7	791.7154466552397	3.846805045867848e7
0.017000437997539405	0.01743998573248396	0.017220211865011683	58.56396653111384	3.57531255107256e7	850.2794131863535	3.826790427505659e7
0.01743998573248396	0.017888324422127407	0.017664155077305684	62.53452491240674	3.557088912194684e7	912.8139380987602	3.807015681076559e7
0.017888324422127403	0.018345629885563715	0.01811697715384556	66.71723853947003	3.536936610902044e7	979.5311766382302	3.787317994462881e7
0.01834562988556372	0.018812081458268758	0.018578855671916236	71.15215482896384	3.5165022311899275e7	1050.6833314671942	3.7676684748074464e7
0.018812081458268758	0.0192878620624279	0.01904997176034833	75.85433426718896	3.4958481257579654e7	1126.5376657343832	3.748045315649491e7
0.019287862062427896	0.019773158278670218	0.019530510170549055	80.90148085244469	3.477684511373485e7	1207.4391465868277	3.7286233455072515e7
0.019773158278670218	0.020268160419237388	0.020020659348953803	86.31543345569864	3.461725595156627e7	1293.7545800425266	3.709541994458954e7
0.020268160419237388	0.0207730626026159	0.020520611510926642	91.98759082303091	3.442782808962432e7	1385.7421708655575	3.690559695775628e7
0.0207730626026159	0.02128806282966198	0.021030562716138942	98.00292785598293	3.4237202942031324e7	1483.7450987215404	3.67165830799775e7
0.02128806282966198	0.021813363061248984	0.021550712945455484	104.37869721105793	3.404470921360696e7	1588.1237959325983	3.652816537816127e7
0.021813363061248984	0.022349169297467726	0.022081266179358357	111.17780197058687	3.386344991256801e7	1699.3015979031852	3.6341069181114964e7
0.02234916929746773	0.022895691658410846	0.022622430477939288	118.34534316781749	3.3669272089316584e7	1817.6469410710026	3.61542717039835e7
0.022895691658410842	0.02345314446657282	0.023174418062491833	126.04502644665288	3.350187600062445e7	1943.6919675176555	3.596959885163846e7
0.02345314446657282	0.024021746330898038	0.02373744539873543	134.198030022237	3.333030395831375e7	2077.8899975398926	3.578658142483759e7
0.024021746330898045	0.02460172023250977	0.024311733281703905	142.8637722628519	3.3162812644372657e7	2220.7537698027445	3.560535927400479e7
0.02460172023250977	0.025193293612153726	0.024897506922331746	152.00015891566107	3.2983246474400982e7	2372.7539287184054	3.54249501246989e7
0.025193293612153722	0.02579669845939056	0.02549499603577214	161.57500893337362	3.2781238705766942e7	2534.328937651779	3.524374023984664e7
0.02579669845939056	0.026412171403572132	0.026104434931481346	171.75848603618442	3.2587471297991876e7	2706.0874236879636	3.5062339666338585e7
0.026412171403572136	0.02703995380663734	0.02672606260510474	182.86075167151427	3.2449765851624656e7	2888.948175359478	3.4884564514765024e7
0.02703995380663734	0.027680291857763845	0.027360122832200594	194.5824232194688	3.2301933948696185e7	3083.5305985789464	3.470944410477692e7
0.027680291857763845	0.028333436669912882	0.028006864263838364	206.76529272846886	3.2115126657234367e7	3290.2958913074153	3.453413489030341e7
0.028333436669912882	0.0289996443783049	0.028666540524108892	219.64668411178857	3.1925302187636796e7	3509.942575419204	3.435843591098177e7
0.028999644378304903	0.02967917624086476	0.029339410309584833	233.30254310399278	3.1737857681680933e7	3743.2451185231967	3.4182524158280335e7
0.02967917624086476	0.030372298740675815	0.03002573749077029	248.01958352896696	3.158344220654167e7	3991.2647020521636	3.400861402485875e7
0.030372298740675818	0.031079283690483094	0.030725791215579456	263.70764129743634	3.1439625969539307e7	4254.9723433496	3.3837255459648475e7
0.031079283690483087	0.03180040833928651	0.031439846014884795	280.1045832918407	3.1269443389174715e7	4535.076926641441	3.366649921257244e7
0.03180040833928651	0.032535955481066	0.03216818191017626	297.44375117417354	3.109657222994749e7	4832.520677815614	3.3496113251007423e7
0.032535955481066005	0.03328621356568108	0.032911084523373546	315.9234372659808	3.0935568586255413e7	5148.444115081596	3.3326845468841333e7
0.03328621356568108	0.03405147681198846	0.03366884518883477	334.9976786509728	3.072882399559647e7	5483.441793732568	3.315559091500328e7
0.03405147681198846	0.03483204532322199	0.03444176106760523	355.92259587270286	3.0587598505528882e7	5839.364389605271	3.2986788608989302e7
0.03483204532322199	0.03562822520468019	0.03523013526395109	378.18309575745906	3.0453270800620947e7	6217.54748536273	3.2820707225552443e7
0.03562822520468018	0.036440328683767544	0.03603427694422386	401.7034734444951	3.0313378777642854e7	6619.250958807225	3.2656781542129945e7
0.036440328683767544	0.037268674232436655	0.036854501458102096	425.84374626395834	3.011823398638853e7	7045.094705071184	3.249124814271715e7
0.037268674232436655	0.03811358669207914	0.0376911304622579	451.22107642319696	2.991377934946389e7	7496.315781494381	3.2323605909555927e7
0.03811358669207915	0.03897539740091449	0.03854449204649682	478.71427998520227	2.9751706872762743e7	7975.030061479583	3.215674363991789e7
0.038975397400914484	0.03985444432392653	0.0394149208624205	509.50119034105404	2.968820649245021e7	8484.531251820637	3.1996978500109922e7
0.03985444432392653	0.040751072185398814	0.040302758254662674	540.2017264604997	2.95152470449951e7	9024.732978281138	3.183674305104462e7
0.040751072185398814	0.04166563260410055	0.04120835239474968	572.1639254238585	2.9316348745308176e7	9596.896903704996	3.1674391465913437e7
0.04166563260410054	0.042598484231176306	0.042132058417638424	605.9829855083104	2.912023638334944e7	10202.879889213305	3.151024113968439e7
0.04259848423117632	0.0435499928907936	0.04307423856098496	642.8719755920372	2.8976705523137018e7	10845.751864805343	3.134777995109886e7
0.043549992890793594	0.04452053172360322	0.04403526230719841	683.8609497122162	2.891520454341696e7	11529.612814517559	3.1192133862607423e7
0.044520531723603214	0.04551048133306903	0.04501550652833612	724.1518850976889	2.8725323470822472e7	12253.764699615247	3.1034634931273e7
0.045510481333069036	0.04652022993472417	0.0460153556338966	766.7702390751095	2.8537710716288492e7	13020.534938690356	3.087554697204664e7
0.04652022993472417	0.047550173508412404	0.04703520172156829	812.0440441871214	2.8359130710597552e7	13832.578982877478	3.0715545408437017e7
0.04755017350841241	0.04860071595357441	0.048075444730993414	861.6849224286009	2.823976794862021e7	14694.26390530608	3.0558443173145548e7
0.04860071595357442	0.04967226924763966	0.04913649260060704	914.5017401315614	2.812777498750187e7	15608.765645437641	3.0404505746735796e7
0.04967226924763965	0.05076525360758619	0.05021876142761292	968.5502519007712	2.7960775289432433e7	16577.315897338412	3.025003794674516e7
0.0507652536075862	0.05188009765473167	0.051322675631158936	1025.3560711478892	2.7785298582246494e7	17602.671968486302	3.0094534622887842e7
0.051880097654731665	0.05301723858282005	0.052448668118775854	1086.1544571254833	2.7630038708703734e7	18688.826425611784	2.9939332278332084e7
0.05301723858282006	0.05417712232947021	0.05359718045614513	1151.4566982773058	2.74993511984963e7	19840.28312388909	2.9785949990120217e7
0.0541771223294702	0.055360203751053355	0.054768663040261775	1220.2855002979484	2.7362500729361326e7	21060.56862418704	2.963387494733484e7
0.055360203751053355	0.05656694680106817	0.05596357527606076	1292.7770145422144	2.721894075738991e7	22353.345638729254	2.9482595169770304e7
0.05656694680106818	0.057797824712083286	0.057182385756575735	1368.6638252784437	2.7060177185805544e7	23722.009464007697	2.9331102316681456e7
0.05779782471208328	0.059053320181318696	0.05842557244670099	1449.3505925409822	2.6910748312954295e7	25171.360056548678	2.917998821311877e7
0.0590533201813187	0.06033392555993882	0.059693622870628765	1535.1634507329961	2.6770526069442138e7	26706.523507281672	2.9029797020773154e7
0.06033392555993882	0.06164014304613134	0.06098703430303508	1625.9346518669663	2.6630915595276583e7	28332.45815914864	2.8880501682410643e7
0.06164014304613134	0.06297248488204772	0.06230631396408953	1722.1434486480955	2.649495143250316e7	30054.601607796732	2.8732265690606184e7
0.06297248488204771	0.06433147355468241	0.06365197921836506	1823.3094385634058	2.635083355250807e7	31877.91104636014	2.8584509690642264e7
0.06433147355468241	0.06571764200076981	0.06502455777772612	1930.1550329824518	2.6205657457367294e7	33808.06607934259	2.8437132567867834e7
0.06571764200076981	0.06713153381577895	0.06642458790827438	2043.3266152775589	2.6063792701078277e7	35851.39269462015	2.829031034524607e7
0.06713153381577895	0.06857370346708827	0.0678526186414336	2163.105691786347	2.592399617173141e7	38014.4983864065	2.814413074432601e7
0.06857370346708827	0.07004471651142379	0.06930920998925602	2290.104419704337	2.578877407650323e7	40304.60280611084	2.7998830443571232e7
0.07004471651142379	0.071545149816646	0.0707949331640349	2424.9124970727107	2.565954218594407e7	42729.51530318355	2.7854717925236266e7
0.071545149816646	0.07307559178797267	0.07231037080230934	2566.020798029838	2.5516203189530678e7	45295.53610121339	2.77108451574459e7
0.07307559178797267	0.07463664259872586	0.07385611719334927	2715.539498684216	2.5376990033586722e7	48011.0755998976	2.7567446523704775e7
0.07463664259872586	0.07622891442569413	0.07543277851221	2874.1751113598134	2.5243514221468855e7	50885.25071125742	2.7424840106689382e7
0.07622891442569411	0.07785303168920174	0.07704097305744792	3041.528443891764	2.510759027710111e7	53926.77915514918	2.7282821740730718e7
0.07785303168920174	0.07950963129797951	0.07868133149359063	3219.246891514353	2.497856138903941e7	57146.02604666354	2.7141772555378314e7
0.07950963129797951	0.08119936289893284	0.08035449709845618	3407.1237112890963	2.4849859326786533e7	60553.14975795263	2.700164754261057e7
0.08119936289893284	0.08292288913190524	0.08206112601541904	3604.454300658812	2.4712737340753697e7	64157.60405861145	2.686187059869091e7
0.08292288913190525	0.0846808858895371	0.08380188751072118	3813.7681745820287	2.458118575963234e7	67971.37223319347	2.6722756242707502e7
0.08468088588953708	0.08647404258232155	0.08557746423592932	4035.4413221937352	2.4452778523069475e7	72006.8135553872	2.658445103898706e7
0.08647404258232155	0.08830306240896171	0.08738855249564163	4269.756077468254	2.4324831645515703e7	76276.56963285545	2.6446928902739264e7
0.08830306240896173	0.0901686626321347	0.08923586252054821	4517.806991765062	2.419939757059473e7	80794.3766246205	2.6310290310444497e7
0.09016866263213469	0.09207157485977112	0.09112011874595291	4780.206097334618	2.407540840756777e7	85574.58272195513	2.6174564572129868e7
0.09207157485977113	0.09401254533196028	0.09304206009586571	5056.4299265620975	2.394643211567197e7	90631.01264851722	2.6039389023710433e7
0.09401254533196027	0.09599233521359321	0.09500244027277674	5349.112973428863	2.3821415670103367e7	95980.12562194609	2.590496643735901e7
0.09599233521359321	0.09801172089285881	0.09700202805322601	5658.716298171236	2.3697987808502972e7	101638.84192011732	2.5771343220186695e7
0.0980117208928588	0.1000714942857097	0.09904160758928425	5985.97498508268	2.3575155977602065e7	107624.8169052	2.56385028969802e7
0.10007149428570972	0.10217246314641765	0.10112197871606368	6334.009056325947	2.3460780694929313e7	113958.82596152594	2.5506905136198513e7
0.10217246314641763	0.10431545138433972	0.10324395726537867	6700.375686774625	2.3341277709028862e7	120659.20164830057	2.5376160543309696e7
0.10431545138433973	0.10650129938702026	0.10540837538567999	7086.306872152905	2.321797451064933e7	127745.50852045347	2.5245984467886154e7
0.10650129938702026	0.10873086434975439	0.10761608186838732	7496.163506663727	2.310144627694703e7	135241.6720271172	2.5116747567011356e7
0.10873086434975437	0.1110050206117432	0.10986794248074878	7929.40186070421	2.298543742253715e7	143171.0738878214	2.498842062869964e7
0.1110050206117432	0.11332465999897179	0.11216484030535749	8387.664211519426	2.2870819918740723e7	151558.73809934082	2.4861028823506612e7
0.11332465999897177	0.11569069217394494	0.11450767608645836	8875.457055516008	2.2765414585520405e7	160434.19515485683	2.4735065927756242e7
0.11569069217394495	0.11810404499241757	0.11689736858318125	9387.484671820595	2.2651327728073526e7	169821.67982667746	2.460992026438392e7
0.11810404499241758	0.12056566486725966	0.11933485492983861	9930.345459765726	2.254153491652007e7	179752.02528644318	2.4485797117095638e7
0.12056566486725963	0.12307651713959854	0.12182109100342908	10503.477440705194	2.24306437613991e7	190255.50272714839	2.4362565712009948e7
0.12307651713959855	0.12563758645738424	0.1243570517984914	11113.514696023485	2.2328731243120596e7	201369.01742317187	2.424070727001292e7
0.12563758645738424	0.12824987716152564	0.12694373180945495	11755.129078865326	2.2220722982836753e7	213124.14650203718	2.4119770678132515e7
0.12824987716152564	0.13091441367974987	0.12958214542063776	12440.959193525976	2.2126702197010096e7	225565.10569556316	2.400053440541669e7
0.13091441367974987	0.13363224092833859	0.13227332730404423	13158.82910658303	2.2020425103465702e7	238723.9348021462	2.3882159853316985e7
0.13363224092833859	0.13640442472189906	0.13501833282511883	13926.596680954855	2.1928674214249156e7	252650.53148310105	2.3765460389229875e7
0.13640442472189906	0.13923205219133075	0.1378182384566149	14733.904422806081	2.1830172555470202e7	267384.4359059071	2.3649929008516904e7
0.1392320521913308	0.14211623221015113	0.14067414220074098	15591.948499423459	2.173824102430625e7	282976.3844053306	2.353588477302344e7
0.1421162322101511	0.14505809582934784	0.14358716401974947	16503.83164721638	2.165239582127925e7	299480.216052547	2.3423598316127192e7
0.14505809582934784	0.1480587967209285	0.14655844627513817	17467.36869444504	2.156542593856846e7	316947.58474699204	2.3312894092416465e7
0.1480587967209285	0.1511195116303408	0.14958915417563465	18496.828108141646	2.1490630317157377e7	335444.4128551337	2.320439924445341e7
0.1511195116303408	0.1542414408379413	0.15268047623414105	19590.0655299077	2.1420067289912988e7	355034.4783850414	2.309822996225136e7
0.1542414408379413	0.15742580862969385	0.15583362473381757	20751.654325160496	2.1354144672972027e7	375786.1327102019	2.2994519670707446e7
0.15742580862969385	0.16067386377728143	0.15904983620348764	21983.19979342249	2.129002165690533e7	397769.3325036244	2.289322491027003e7
0.16067386377728143	0.16398688002782077	0.16233037190255112	23289.185957876878	2.1227861073084705e7	421058.5184615012	2.279431466405036e7
0.16398688002782077	0.1673661566033709	0.16567651831559582	24675.43868087145	2.116870571279241e7	445733.9571423727	2.2697821817060728e7
0.1673661566033709	0.17081301871043203	0.16908958765690146	26146.58359664068	2.111214733405185e7	471880.54073901335	2.2603753133345503e7
0.170813018710432	0.17432881805963435	0.1725709183850332	27713.375523839484	2.1062273076744355e7	499593.91626285284	2.2512357398007143e7
0.17432881805963435	0.17791493339582073	0.17612187572772753	29353.47241696516	2.099828173610584e7	528947.388679818	2.2422635699246418e7
0.17791493339582073	0.18157277103873085	0.1797438522172758	31098.447969614368	2.094022521546749e7	560045.8366494324	2.233483760872054e7
0.18157277103873087	0.1853037654344992	0.18343826823661502	32953.247204837375	2.088665535403316e7	592999.0838542698	2.2249111878198106e7
0.18530376543449914	0.1891093797181828	0.187206572576341	34914.67548538981	2.0831293477754354e7	627913.7593396596	2.216522682949598e7
0.18910937971818284	0.19299110628754018	0.1910502430028615	36963.0659785343	2.075979470515631e7	664876.8253181939	2.2082116632267192e7
0.19299110628754018	0.19695046738828467	0.1949707868379124	39170.8755003754	2.070972294911689e7	704047.7008185693	2.200100034898465e7
0.19695046738828464	0.20098901571104402	0.19896974154966435	41479.80863331882	2.0644891981191877e7	745527.5094518882	2.1920885513425726e7
0.20098901571104408	0.20510833500025866	0.20304867535565135	43894.99658532011	2.0566693865768842e7	789422.5060372083	2.184092195174487e7
0.20510833500025863	0.2093100406752575	0.20720918783775805	46505.766420576576	2.051343628523028e7	835928.2724577849	2.176257187357702e7
0.2093100406752575	0.21359578046375632	0.2114529105695069	49221.751038002905	2.043992014025456e7	885150.0234957878	2.168454274554728e7
0.21359578046375632	0.21796723504802512	0.21578150775589072	52063.06501661768	2.0354038762156293e7	937213.0885124054	2.160608549960849e7
0.21796723504802512	0.2224261187239793	0.2201966768860022	55111.29923317368	2.0284685665245466e7	992324.3877455791	2.1528199274542443e7
0.22242611872397927	0.22697418007345255	0.2247001493987159	58324.43324947299	2.0211232595971566e7	1.0506488209950519e6	2.145060770500286e7
0.22697418007345255	0.23161320264991528	0.22929369136168393	61645.18334177605	2.011239420997977e7	1.112294004336828e6	2.1371797540121812e7
0.23161320264991528	0.23634500567790726	0.23397910416391127	65211.05933246974	2.003160669277807e7	1.1775050636692976e6	2.1292903495622363e7
0.23634500567790728	0.2411714447664591	0.2387582252221832	68990.11528054034	1.9953482492770273e7	1.246495178949838e6	2.1214086657857403e7
0.24117144476645908	0.24609441263678192	0.2436329287016205	72864.86259227137	1.9842415357654177e7	1.3193600415421093e6	2.1133404074405838e7
0.24609441263678195	0.25111583986451125	0.2486051262506466	77091.16319681858	1.9766630200230163e7	1.396451204738928e6	2.1053040786517475e7
0.25111583986451125	0.25623769563679516	0.2536767677506532	81386.85124024744	1.964901994012561e7	1.4778380559791755e6	2.0970518882510737e7
0.2562376956367951	0.2614619885245247	0.25884984208065986	86045.07798324146	1.956041664386432e7	1.563883133962417e6	2.0887670459807266e7
0.2614619885245247	0.26679076727000883	0.2641263778972668	90825.92378313237	1.9441688884667855e7	1.6547090577455494e6	2.0802745060716942e7
0.26679076727000883	0.27222612159040266	0.2695084444302057	95963.29863612697	1.9342293504277747e7	1.7506723563816764e6	2.071700054376813e7
0.2722261215904027	0.2777701829972044	0.27499815229380353	101245.23593260492	1.9215975654760182e7	1.8519175923142813e6	2.0628904873074003e7
0.2777701829972044	0.28342512563214217	0.2805976543146733	106918.36008048794	1.9108713540661495e7	1.9588359523947693e6	2.053971502211188e7
0.28342512563214217	0.28919316711977866	0.2863091463759604	112867.9045624836	1.8995340805669103e7	2.0717038569572528e6	2.0449136918674074e7
0.28919316711977866	0.29507656943716787	0.29213486827847324	119144.78147737589	1.888231085563187e7	2.190848638434629e6	2.0357272383325238e7
0.2950765694371678	0.3010776398009048	0.2980771046190363	125497.04319820563	1.872936286082468e7	2.3163456816328345e6	2.02618573875017e7
0.30107763980090485	0.3071987315719166	0.3041381856864107	132555.15897270612	1.862950515604864e7	2.4489008406055407e6	2.0166212374787208e7
0.30719873157191663	0.3134422451783486	0.3103204883751326	139545.3588863637	1.846889534799597e7	2.588446199491904e6	2.006679180526591e7
0.31344224517834857	0.31981062905690916	0.31662643711762883	147076.46811383034	1.833137768147887e7	2.7355226676057344e6	1.996517069760081e7
0.3198106290569092	0.326306380613041	0.3230585048349751	155105.7118009134	1.8205873965974085e7	2.8906283794066478e6	1.9862181885836862e7
0.326306380613041	0.33293204720029546	0.32961921390666826	163480.6297977001	1.8071208592160925e7	3.0541090092043476e6	1.9757369453398887e7
0.3329320472002955	0.33969022711929503	0.33631113715979527	172148.27993880823	1.792115355382381e7	3.226257289143156e6	1.96499401638308e7
0.33969022711929503	0.34658357063667455	0.3431368988779848	181415.7836001487	1.7786309043071065e7	3.4076730727433045e6	1.9540937612119723e7
0.3465835706366745	0.35361478102440164	0.35009917583053807	191031.8059963783	1.7638796519504566e7	3.598704878739683e6	1.942971332793779e7
0.35361478102440164	0.3607866156198833	0.35720069832214246	200457.1931468933	1.743180376873212e7	3.7991620718865762e6	1.9312920740847148e7
0.3607866156198833	0.3681018869072746	0.36444425126357893	211393.4384119646	1.7313083069620606e7	4.010555510298541e6	1.9196046421488628e7
0.36810188690727463	0.37556346362041376	0.3718326752638442	222596.6726531097	1.7169929813476425e7	4.233152182951651e6	1.907766706670943e7
0.3755634636204137	0.3831742718678156	0.37936886774411466	234209.56924708627	1.7014768660699073e7	4.467361752198737e6	1.8957169356196098e7
0.38317427186781555	0.3909372962801655	0.38705578407399055	246213.82446455126	1.6846509695595074e7	4.713575576663288e6	1.883391258601602e7
0.39093729628016555	0.3988555811807625	0.394896438730464	258911.87935361572	1.668514572757063e7	4.972487456016904e6	1.8708461149062082e7
0.3988555811807624	0.40693223177937127	0.40289390648006684	271602.78674621787	1.648531008135769e7	5.244090242763122e6	1.8578698053885102e7
0.40693223177937127	0.4151704153899523	0.4110513235846618	285755.2973253527	1.6336022398798274e7	5.529845540088475e6	1.844782608578771e7
0.4151704153899523	0.4235733626727449	0.4193718890313486	300647.26438422274	1.6188350243565936e7	5.830492804472698e6	1.8316004104357235e7
0.423573362672745	0.43214436890119345	0.4278588657869692	315143.8623133418	1.5982752872673513e7	6.145636666786039e6	1.8179908659790784e7
0.4321443689011934	0.4408867952542109	0.43651558207770214	331709.58337134204	1.584536157102273e7	6.477346250157381e6	1.8043767759278577e7
0.4408867952542108	0.44980407013428864	0.44534543269424975	347134.9981651105	1.5618807339863798e7	6.8244812483224915e6	1.790238500563596e7
0.4498040701342887	0.45889969051196805	0.45435188032312834	365412.0124195923	1.548607888019892e7	7.189893260742084e6	1.7761536772240005e7
0.4588996905119681	0.468177223297201	0.46353845690458456	383497.7611559505	1.5308563231662765e7	7.573391021898035e6	1.761858096238443e7
0.4681772232972011	0.4776403067381387	0.4729087650176699	400899.5804118627	1.5073838226103665e7	7.974290602309898e6	1.7470307264093433e7
0.47764030673813856	0.4872926518478949	0.4824664792930167	422205.69535713014	1.4953147147782488e7	8.396496297667028e6	1.73236700754867e7
0.48729265184789494	0.4971380438598464	0.49221534785387067	441733.10335936525	1.4736430055476844e7	8.838229401026394e6	1.717297995747768e7
0.49713804385984633	0.5071803437120368	0.5021591937859415	462483.3736371933	1.4533016449168483e7	9.300712774663588e6	1.7019248610410985e7
0.5071803437120368	0.517423489561271	0.5123019166366539	486353.00784547837	1.4396003915964186e7	9.787065782509066e6	1.686651964067161e7
0.5174234895612712	0.5278714983274901	0.5226474939443806	507557.3714577335	1.4151730193297658e7	1.02946231539668e7	1.6708490018386943e7
0.5278714983274901	0.5385284672690335	0.5331999827982619	532990.3977333953	1.3998487382887524e7	1.0827613551700195e7	1.6550767616576055e7
0.5385284672690335	0.5493985755894076	0.5439635214292206	557893.9130403149	1.3802376888938608e7	1.1385507464740511e7	1.6390839427732991e7
0.5493985755894077	0.5604860860761894	0.5549423308327985	584367.3662558924	1.3618582083148545e7	1.1969874830996403e7	1.6229550524707984e7
0.5604860860761894	0.5717953467727067	0.5661407164244481	609895.6156787805	1.338900211276815e7	1.2579770446675183e7	1.606431666903902e7
0.5717953467727067	0.5833307926831544	0.5775630697279306	639354.6169785116	1.3221608276260283e7	1.3219125063653694e7	1.5898984823035635e7
0.5833307926831544	0.595096947511811	0.5892138700974827	670365.9079869696	1.3058916409202369e7	1.3889490971640661e7	1.573383359684301e7
0.5950969475118111	0.6070984254370408	0.601097686474426	696992.0729245435	1.2790240307901578e7	1.4586483044565205e7	1.5562689860200262e7
0.6070984254370407	0.619339932920775	0.6132191791789079	730504.818783239	1.262793789718736e7	1.5316987863348443e7	1.539208704555895e7
0.619339932920775	0.631826270554184	0.6255831017374796	765622.4426413546	1.2467669505452655e7	1.6082610305989798e7	1.522211124057429e7
0.631826270554184	0.6445623349402613	0.6381943027472227	796130.5798239566	1.2212903817719718e7	1.6878740885813754e7	1.504723366959002e7
0.6445623349402613	0.65755312061406	0.6510577277771606	834985.8908727454	1.2066475911557475e7	1.77137267766865e7	1.487403512791333e7
0.65755312061406	0.6708037220013348	0.6641784213076973	869369.5474340443	1.1835184767893458e7	1.8583096324120544e7	1.4697486764609518e7
0.6708037220013346	0.6843193354163548	0.6775615287088448	905946.3544917284	1.1618363977921063e7	1.9489042678612273e7	1.4518624193708861e7
0.6843193354163548	0.6981052610996754	0.6912122982580151	950405.3232229764	1.1482217092456378e7	2.043944800183525e7	1.4342267575361533e7
0.6981052610996754	0.7121669052966624	0.7051360831981689	987158.2155314644	1.1235192698505083e7	2.1426606217366714e7	1.4161831245464401e7
0.7121669052966624	0.7265097823775891	0.7193383438371257	1.0265657253348541e6	1.100676793860507e7	2.2453171942701567e7	1.3978632700796153e7
0.7265097823775891	0.7411395170001344	0.7338246496888617	1.0810276525640036e6	1.0919217455153406e7	2.353419959526557e7	1.3801011339126179e7
0.7411395170001344	0.7560618463151305	0.7486006816576325	1.1155382160116555e6	1.0615077078992167e7	2.4649737811277226e7	1.3616068494113205e7
0.7560618463151304	0.7712826222164265	0.7636722342657785	1.1602642677853298e6	1.0401162554387148e7	2.5810002079062555e7	1.34294674555862e7
0.7712826222164265	0.7868078136357485	0.7790452179260875	1.2205003265385283e6	1.0307453099374779e7	2.7030502405601084e7	1.3248280542221026e7
0.7868078136357485	0.8026435088834569	0.7947256612596028	1.2604654880889705e6	1.0028480114386847e7	2.8290967893690053e7	1.3061441302090826e7
0.8026435088834569	0.8187959180361195	0.8107197134597882	1.310809546556166e6	9.825091234990302e6	2.9601777440246224e7	1.2873664093086623e7
0.8187959180361196	0.8352713753718355	0.8270336467039776	1.3670457478468101e6	9.653281837277263e6	3.0968823188093036e7	1.2686835181943595e7
0.8352713753718353	0.8520763418542654	0.8436738586130503	1.4166560434795152e6	9.42439238883165e6	3.2385479231572554e7	1.2497587820519252e7
0.8520763418542654	0.8692174076663441	0.8606468747603048	1.4793210370307253e6	9.27150846538985e6	3.386480026860328e7	1.2310470829562647e7
0.8692174076663441	0.8867012947946644	0.8779593512305043	1.5249142098917728e6	9.003977127204895e6	3.5389714478495054e7	1.2118710798679201e7
0.8867012947946645	0.9045348596655512	0.8956180772301079	1.590654128528177e6	8.848459680265764e6	3.698036860702323e7	1.1929073112293549e7
0.9045348596655511	0.9227250958338555	0.9136299777497033	1.642266818619755e6	8.60677576607194e6	3.862263542564299e7	1.1736437701966343e7
0.9227250958338556	0.9412791367255261	0.9320021162796909	1.709055777495269e6	8.4383925244244e6	4.033169120313826e7	1.154522831622775e7
0.9412791367255261	0.96020425843503	0.950741697580278	1.7651776064249068e6	8.211082976222239e6	4.209686880956317e7	1.135194560749295e7
0.9602042584350299	0.9795078825787238	0.9698560705068768	1.8339413766850943e6	8.03725630593239e6	4.3930810186248265e7	1.1159809918436212e7
0.9795078825787238	0.9991975792052916	0.9893527308920077	1.8920057615014082e6	7.811904365379577e6	4.5822815947749674e7	1.0965767800830172e7
0.9991975792052917	1.0192810697643908	1.0092393244848412	1.9648858378099394e6	7.64338264968711e6	4.778770178555962e7	1.0773223258734828e7
1.0192810697643908	1.039766230134672	1.0295236499495313	2.0271441390448548e6	7.429308867293743e6	4.9814845924604475e7	1.057944920153682e7
1.039766230134672	1.0606610937123586	1.0502136619235154	2.1047830207696958e6	7.267554121050354e6	5.191962894537417e7	1.0387548261728985e7
1.0606610937123588	1.0819738545615993	1.071317474136979	2.1692284983002283e6	7.056754762577739e6	5.40888574436744e7	1.0194569695095247e7
1.0819738545615993	1.1037128706278245	1.0928433625947118	2.239190869357658e6	6.862955906835517e6	5.632804831303206e7	1.000156066582562e7
1.1037128706278245	1.1258866670153744	1.1147997688215994	2.320288789463204e6	6.700142885912716e6	5.864833710249524e7	9.810317543603482e6
1.1258866670153742	1.148503939330675	1.1371953031730246	2.391911280526594e6	6.507445593983754e6	6.104024838302183e7	9.619006438199898e6
1.1485039393306753	1.171573557092282	1.1600387482114787	2.474074939732411e6	6.341664793260151e6	6.351432332275424e7	9.42918992459091e6
1.171573557092282	1.195104567209121	1.1833390621507016	2.5473391146107577e6	6.151819967034055e6	6.6061662437364995e7	9.239387267597448e6
1.195104567209121	1.2191061975282966	1.2071053823687088	2.6285776623391034e6	5.9808860137583e6	6.86902400997041e7	9.050692458406443e6
1.2191061975282966	1.2435878604538557	1.2313470289910762	2.7177442237559664e6	5.826162098342678e6	7.140798432346007e7	8.863979501409601e6
1.243587860453856	1.2685591566379264	1.2560735085458912	2.791291312894468e6	5.637801724591794e6	7.419927563635454e7	8.677185520220006e6
1.268559156637926	1.2940298787456777	1.2812945176918018	2.8752201084925234e6	5.471516814302774e6	7.707449574484706e7	8.491592997655032e6
1.2940298787456779	1.3200100152955847	1.3070199470206312	2.983576379133011e6	5.349425410571889e6	8.005807212398008e7	8.309690325078272e6
1.3200100152955847	1.3465097545764897	1.3332598849360373	3.0485252753772987e6	5.149848028774087e6	8.310659739935738e7	8.126777703692957e6
1.3465097545764895	1.3735394886430126	1.360024621609751	3.1454070204244987e6	5.006305847168304e6	8.625200441978188e7	7.946156935417825e6
1.3735394886430126	1.401109817390866	1.3873246530169392	3.2406865007830267e6	4.859758753535307e6	8.94926909205649e7	7.767520877564172e6
1.401109817390866	1.4292315527136765	1.4151706850522712	3.3329785400193045e6	4.709215866492158e6	9.282566946058421e7	7.590522893667458e6
1.4292315527136763	1.457915722742943	1.4435736377283095	3.421223819803918e6	4.554462818454626e6	9.624689328038813e7	7.414824084148881e6
1.4579157227429431	1.487173576172795	1.4725446494578691	3.5261369941088674e6	4.422782942586256e6	9.9773030274497e7	7.241684039317485e6
1.487173576172795	1.5170165866712442	1.5020950814220195	3.623402479374029e6	4.282081690294347e6	1.0339643275387104e8	7.070432140652829e6
1.5170165866712444	1.5474564573796623	1.5322365220254532	3.7177159597856463e6	4.1395929177379888e6	1.0711414871365666e8	6.900855259517627e6
1.5474564573796623	1.5785051255022486	1.5629807914409555	3.8273934945785655e6	4.015399052563129e6	1.1094154220823523e8	6.733914536158427e6
1.5785051255022486	1.6101747669872868	1.5943399462447676	3.9246282251286614e6	3.8794430170044717e6	1.148661704333639e8	6.5687764675460365e6
1.6101747669872866	1.6424778013020254	1.626326284144656	4.019447838315636e6	3.7435494505463187e6	1.1888561827167954e8	6.405339973216996e6
1.6424778013020256	1.6754268963030592	1.6589523488025424	4.1412190455803587e6	3.634065481582767e6	1.230268373172599e8	6.245033913295611e6
1.6754268963030592	1.7090349732041135	1.6922309347535864	4.234717754558278e6	3.5013651846214244e6	1.2726155507181817e8	6.086333786236161e6
1.709034973204113	1.7433152116431883	1.7261750924236505	4.348071567692262e6	3.387341799602162e6	1.3160962663951044e8	5.930226602378478e6
1.7433152116431885	1.7782810548510453	1.7607981332471168	4.4509364919983875e6	3.267112717841665e6	1.3606056313150883e8	5.776203025819785e6
1.7782810548510457	1.8139462149230596	1.7961136348870528	4.573532478007149e6	3.1631212271787566e6	1.4063409560951596e8	5.625081228775841e6
1.8139462149230594	1.8503246781965137	1.8321354465597866	4.68059642554812e6	3.050124458111565e6	1.4531469203506407e8	5.47617216077906e6
1.8503246781965135	1.8874307107354367	1.868877694465975	4.786473769013799e6	2.938903121446652e6	1.5010116580407786e8	5.329450149374722e6
1.887430710735437	1.9252788639251386	1.9063547873302877	4.924016695638834e6	2.8486771761447527e6	1.550251824997167e8	5.186002391635482e6
1.9252788639251386	1.9638839801786343	1.9445814220518864	5.030322244058321e6	2.742044824639069e6	1.60055504743775e8	5.044690462131799e6
1.9638839801786343	2.0032611987571998	1.983572589467917	5.137162245145733e6	2.6385050085808425e6	1.6519266698892075e8	4.90556932809603e6
2.0032611987571998	2.0434259617073365	2.023343580232268	5.263121346445028e6	2.5470342127370546e6	1.7045578833536577e8	4.769209758541796e6
2.0434259617073365	2.084394019916476	2.063909990811906	5.390734158015735e6	2.458085048331507e6	1.758465224933815e8	4.635597493522071e6
2.084394019916476	2.1261814392897986	2.1052877296031376	5.503848301931154e6	2.364688084264478e6	1.813503707953127e8	4.504316206723538e6
2.126181439289799	2.1688046070505878	2.1474930231701936	5.621259478379237e6	2.275622742573061e6	1.8697163027369195e8	4.375481220243699e6
2.1688046070505878	2.2122802381665925	2.19054242260859	5.749847431098513e6	2.1932238999276906e6	1.9272147770479047e8	4.24933615047911e6
2.212280238166592	2.2566253819049167	2.234452810035754	5.881212677843895e6	2.1137534295911505e6	1.9860269038263437e8	4.1258944367070934e6
2.256625381904917	2.3018574285180082	2.2792414052114625	5.998260568567258e6	2.031301178702937e6	2.0460095095120162e8	4.004827142450411e6
2.3018574285180082	2.347994116063361	2.3249257722906846	6.130344552080335e6	1.9561230679432678e6	2.1073129550328195e8	3.8864171594050364e6
2.347994116063361	2.395053537359621	2.371523826711491	6.259044847270119e6	1.8818386402124402e6	2.1699034035055208e8	3.770562243265731e6
2.395053537359621	2.4430541470818063	2.4190538422207135	6.382103269179648e6	1.8080144211427046e6	2.2337244361973172e8	3.657141027552639e6
2.4430541470818063	2.4920147689984353	2.467534458040121	6.520013512541482e6	1.7404077377917254e6	2.298924571322732e8	3.546371901001521e6
2.4920147689984353	2.5419546033533966	2.516984686175916	6.634150268891625e6	1.6686027279139578e6	2.3652660740116483e8	3.4378586986520425e6
2.5419546033533966	2.5928932343954574	2.567423918874427	6.779630137497961e6	1.6067172501696458e6	2.433062375386628e8	3.332044018032884e6
2.5928932343954574	2.6448506380583594	2.6188719362269084	6.924774075404018e6	1.5463419408108827e6	2.502310116140668e8	3.2288589121055296e6
2.644850638058359	2.6978471897945187	2.6713489139264386	7.044163189334653e6	1.482164663546315e6	2.5727517480340147e8	3.127931486962107e6
2.697847189794519	2.751903672565402	2.7248754311799606	7.169899750066146e6	1.4215033440141173e6	2.6444507455346763e8	3.0293342124730167e6
2.7519036725654016	2.807041284991702	2.779472478778552	7.313259095966682e6	1.3661995608623785e6	2.717583336494343e8	2.933241772498058e6
2.8070412849917026	2.863281649666529	2.835161467329116	7.4476197810858525e6	1.3109606869651107e6	2.792059534305202e8	2.8395129601553553e6
2.8632816496665288	2.920646821634852	2.8919642356506903	7.592156956759759e6	1.2592354414997338e6	2.8679811038727987e8	2.7482139934718404e6
2.920646821634852	2.9791592970425413	2.9499030593386966	7.726813276399925e6	1.2075701085397198e6	2.945249236636798e8	2.6592077358382414e6
2.979159297042542	3.038842021958385	3.0090006595004635	7.861629124596911e6	1.1576978872540228e6	3.023865527882767e8	2.572465119526319e6
3.038842021958385	3.099718401372545	3.069280211665465	8.009723042347302e6	1.111402845661011e6	3.10396275830624e8	2.488061827061186e6
3.099718401372545	3.1618123083749885	3.130765354873767	8.133602688941512e6	1.0634298057493796e6	3.185298785195655e8	2.405765593242413e6
3.161812308374988	3.2251480935174803	3.193480200946234	8.268494419442773e6	1.0186493766929702e6	3.267983729390083e8	2.325638946337814e6
3.2251480935174803	3.2897505943628222	3.2574493439401513	8.415209472114727e6	976868.6234820902	3.3521358241112304e8	2.247729657426333e6
3.2897505943628227	3.3556451452250715	3.322697869793947	8.55711462836573e6	935991.7997448874	3.437706970394888e8	2.1719616853366313e6
3.355645145225072	3.422857587104566	3.389251366164819	8.683973415107377e6	895029.0985275361	3.5245467045459616e8	2.098206221110649e6
3.422857587104566	3.4914142778216495	3.4571359324631077	8.82752788396733e6	857298.8562224719	3.612821983385635e8	2.0265335721647546e6
3.491414277821649	3.5613421023530742	3.5263781900873616	8.96957932202458e6	820805.3691956988	3.702517776605881e8	1.9568947183431983e6
3.5613421023530742	3.632668483375128	3.597005292864101	9.105423340466954e6	785133.8559171585	3.7935720100105506e8	1.8892195229952426e6
3.6326684833751277	3.7054213920176227	3.669044937696375	9.251286527952027e6	751660.3045141802	3.886084875290071e8	1.823521377897237e6
3.705421392017622	3.779629358832967	3.7425253754252945	9.390272015944883e6	718909.1979367982	3.97998759544952e8	1.759727689917508e6
3.7796293588329672	3.8553214849846187	3.817475421908793	9.531908431579055e6	687626.4374702085	4.07530667976531e8	1.6978131437094074e6
3.855321484984619	3.932527453659304	3.8939244693219615	9.664556833515111e6	656949.4150378401	4.1719522481004614e8	1.637704076296575e6
3.9325274536593033	4.011277541707481	3.9719024976833923	9.801771031734006e6	627815.8225184681	4.2699699584178007e8	1.5793852369736624e6
4.011277541707481	4.091602631516623	4.051440086612052	9.944357531160895e6	600181.4642459872	4.3694135337294096e8	1.522839707831898e6
4.091602631516623	4.173534223121948	4.132568427319285	1.0088848509312257e7	573754.3791972651	4.470302018822532e8	1.4680346928337752e6
4.173534223121948	4.257104446559379	4.215319334840663	1.0224802244900864e7	547921.4522090607	4.572550041271541e8	1.4149038913597062e6
4.257104446559379	4.342346074465558	4.299725260512469	1.036521626591872e7	523384.83178867394	4.6762022039307284e8	1.3634253822618718e6
4.342346074465559	4.429292534929862	4.38581930469771	1.0505957071544725e7	499871.24890521995	4.7812617746461755e8	1.3135627354100125e6
4.4292925349298615	4.517977924603451	4.473635229766656	1.0646296561017387e7	477310.79300474864	4.8877247402563494e8	1.2652775924762546e6
4.51797792460345	4.608437022070511	4.5632074733369805	1.078613797537196e7	455668.70742530696	4.995586120010069e8	1.2185318080134336e6
4.608437022070511	4.700705301486913	4.654571161778712	1.0907886309562948e7	434214.9242364675	5.104664983105698e8	1.1732472914359225e6
4.700705301486913	4.794818946491643	4.747762123989277	1.1055610162595492e7	414694.3656872202	5.2152210847316533e8	1.1294512133072384e6
4.794818946491643	4.890814864396467	4.842816905444055	1.1193963756933236e7	395649.7967835711	5.3271607223009855e8	1.0870850422361214e6
4.890814864396468	4.988730700659389	4.939772782527928	1.1309370422771297e7	376658.2308143205	5.440254426528698e8	1.0460692108776651e6
4.988730700659389	5.088604853647568	5.038667777153478	1.1460786948265605e7	359671.3114780476	5.554862296011354e8	1.0064414262772291e6
5.088604853647569	5.190476489695512	5.13954067167154	1.1590219164907522e7	342740.69296909723	5.67076448766043e8	968124.736634761
5.190476489695511	5.294385558464413	5.242431024079962	1.172117706853501e7	326609.0707078632	5.787976258345779e8	931089.5151430703
5.294385558464413	5.400372808608692	5.347379183536552	1.1867677938159015e7	311606.1955114042	5.906653037727369e8	895326.8850964125
5.400372808608693	5.508479803755858	5.454426306182276	1.1990652097152902e7	296665.31162620283	6.0265595586989e8	860766.9018609838
5.508479803755859	5.618748938805967	5.563614371280913	1.211284352151236e7	282393.0590109654	6.147687993914024e8	827378.6837333825
5.618748938805966	5.731223456557077	5.6749861976815215	1.2232796400020948e7	268731.08686094964	6.270015957914233e8	795129.7663571963
5.7312234565570765	5.845947464663209	5.788585460610143	1.2387682898307111e7	256428.79400174064	6.393892786897304e8	764032.8220829631
5.845947464663211	5.962965952931467	5.904456708797339	1.2497342482793814e7	243769.41993890455	6.518866211725242e8	734000.6927162991
5.962965952931466	6.082324810965086	6.022645381948276	1.2603488403930679e7	231652.74348657962	6.644901095764549e8	705003.1954547657
6.082324810965086	6.204070846159379	6.143197828562233	1.2759520303987239e7	220986.85455242096	6.772496298804421e8	677064.3100557466
6.20407084615938	6.328251802057558	6.266161324108468	1.2872377007196022e7	210076.04440508113	6.901220068876382e8	650108.7522256296
6.328251802057558	6.4549163770737	6.3915840895656295	1.2966964917936388e7	199407.76892169143	7.030889718055747e8	624093.7242910918
6.454916377073701	6.584114243590166	6.519515310331934	1.3121712758617286e7	190143.06433185816	7.162106845641919e8	599045.9172995496
6.584114243590165	6.71589606743696	6.650005155513563	1.3215173533806568e7	180446.8546363729	7.294258580979985e8	574884.5617285783
6.715896067436961	6.850313527760691	6.783104797598826	1.3362540459640304e7	171930.21963286315	7.427883985576388e8	551626.5438968363
6.85031352776069	6.987419337290895	6.9188664325257925	1.3491488806335017e7	163572.4095173566	7.562798873639737e8	529228.8600825525
6.987419337290895	7.127267263011704	7.057343300151299	1.3573221619217994e7	155067.3439211955	7.698531089831917e8	507633.32517117064
7.127267263011705	7.269912147246929	7.198589705129317	1.3748189728526743e7	148002.95937990412	7.836012987117184e8	486876.7653772971
7.269912147246929	7.4154099291668585	7.342661038206893	1.378495319355218e7	139835.64453350482	7.973862519052706e8	466847.074679025
7.415409929166858	7.5638176667251855	7.489613797946022	1.3969740158020403e7	133533.07870502878	8.11355992063291e8	447609.9015569365
7.5638176667251855	7.71519355903468	7.639505612879933	1.4017126491776928e7	126254.74065667849	8.253731185550679e8	429063.1655783751
7.715193559034678	7.869596969190362	7.79239526411252	1.4174690649347581e7	120306.94008762059	8.395478092044154e8	411243.7872326954
7.869596969190363	8.027088447549161	7.948342708369762	1.4242888374261212e7	113910.50297471648	8.537906975786767e8	394083.874504992
8.027088447549161	8.187729755475134	8.107409101512147	1.4365111301444972e7	108258.87633110609	8.681558088801217e8	377588.33285532537
8.187729755475134	8.351583889559627	8.26965682251738	1.4437278875231305e7	102524.79164862339	8.82593087755353e8	361714.0422271875
8.351583889559627	8.51871510632581	8.435149497942719	1.4567422427961485e7	97479.99521517409	8.971605101833144e8	346464.91108602163
8.51871510632581	8.689188947427317	8.603952026876563	1.464794353004076e7	92363.18030268294	9.118084537133552e8	331800.6876516545
8.689188947427317	8.863072265350853	8.776130606389085	1.4773905353169683e7	87782.34276039172	9.265823590665249e8	317718.5319470131
8.863072265350853	9.04043324963286	8.951752757491857	1.4865157345388316e7	83228.33220781352	9.414475164119132e8	304186.38597023196
9.04043324963286	9.221341453600507	9.130887351616684	1.498509298236798e7	79058.96778148474	9.564326093942811e8	291194.6922689991
9.221341453600507	9.405867821647508	9.313604637624007	1.5060532965331338e7	74872.48382083475	9.714931423596125e8	278711.2607018998
9.405867821647508	9.594084717055448	9.499976269351478	1.5139195312591081e7	70921.03673644131	9.866323376722035e8	266720.3112795595
9.594084717055447	9.786065950371546	9.690075333713496	1.5294753035988942e7	67515.78399953776	1.0019270907081925e9	255224.9312307937
9.786065950371546	9.981886808353966	9.883976379362757	1.5314776490976948e7	63703.639761213635	1.0172418671991694e9	244173.0312460105
9.981886808353966	10.181624083496034	10.081755445925001	1.537486755951708e7	60263.71166275877	1.0326167347586864e9	233560.48831563484
10.181624083496034	10.385356104140945	10.28349009381849	1.5496599295083823e7	57236.355691872246	1.0481133340537704e9	223385.74648938156
10.385356104140945	10.593162765198754	10.48925943466985	1.5569961389825825e7	54189.40076353383	1.0636832954435962e9	213622.4018291993
10.593162765198754	10.805125559477718	10.699144162338236	1.5679066717764173e7	51420.75217119844	1.0793623621613605e9	204262.76523301715
10.805125559477718	11.021327609642261	10.91322658455999	1.5760047694514323e7	48704.30013132367	1.0951224098558748e9	195286.54448594546
11.021327609642261	11.241853700810095	11.131590655226178	1.5829761745680798e7	46097.34109227331	1.1109521716015556e9	186677.9252206652
11.241853700810095	11.466790313801287	11.35432200730569	1.5897062149012055e7	43622.468729249485	1.1268492337505677e9	178423.3099299205
11.466790313801285	11.696225659052299	11.581507986426793	1.5989264272501398e7	41344.13101917005	1.1428384980230691e9	170513.60501967758
11.6962256590523	11.930249711208337	11.813237685130318	1.6068468216866259e7	39151.826896132894	1.1589069662399354e9	162933.86598283378
11.930249711208337	12.168954244407493	12.049601977807914	1.6071613778751038e7	36900.253581818615	1.1749785800186865e9	155661.62708906253
12.168954244407491	12.41243286827063	12.290693556339061	1.6179874668127134e7	35005.59525874039	1.1911584546868136e9	148699.7335655087
12.41243286827063	12.660781064611031	12.53660696644083	1.6253926771913573e7	33137.00102104877	1.2074123814587271e9	142031.77650863185
12.66078106461103	12.914096224878238	12.787438644744633	1.6346590349016216e7	31403.265086364554	1.2237589718077433e9	135648.57170134285
12.91409622487824	13.172477688350792	13.043286956614516	1.6385708604351375e7	29662.360562155456	1.2401446804120946e9	129533.27038872612
13.172477688350792	13.436026781092796	13.304252234721794	1.644594680229168e7	28053.842202398453	1.2565906272143862e9	123678.04859120901
13.436026781092798	13.704846855689642	13.570436818391219	1.6513579908770591e7	26544.0883901846	1.2731042071231568e9	118073.59415177244
13.70484685568964	13.97904333177842	13.84194509373403	1.6540682983313385e7	25053.77999333837	1.28964489010647e9	112706.55598629054
13.979043331778422	14.258723737388978	14.1188835345837	1.6582402971021991e7	23667.95023142187	1.3062272930774922e9	107569.25992225109
14.258723737388976	14.543997751111744	14.401360744250361	1.6670751583896931e7	22421.354433189783	1.322898044661389e9	102656.4801076932
14.543997751111744	14.834977245108966	14.689487498110356	1.6742010121420644e7	21218.167001955626	1.3396400547828097e9	97957.76359828399
14.834977245108968	15.131776328986135	14.98337678704755	1.6767495429934885e7	20024.522757474755	1.3564075502127447e9	93461.30695352997
15.131776328986136	15.434511394540847	15.283143861763492	1.6833490495781038e7	18943.576827256667	1.3732410407085257e9	89161.93968808674
15.434511394540843	15.743301161406647	15.588906277973745	1.68491341753923e7	17867.31660047536	1.390090174883918e9	85048.55796772845
15.743301161406647	16.058266723609766	15.900783942508205	1.6838917491965033e7	16826.351642736736	1.406929092375883e9	81112.46490589112
16.05826672360977	16.37953159705695	16.218899160333358	1.6917793866222773e7	15929.922939040589	1.423846886242106e9	77351.76825536536
16.37953159705695	16.707221767973074	16.54337668251501	1.695378333689464e7	15042.874536044947	1.4408006695790007e9	73756.88728987286
16.707221767973074	17.041465742307523	16.8743437551403	1.7012785627233617e7	14224.40127613289	1.4578134552062342e9	70322.20946684916
17.041465742307526	17.382394596128663	17.211930169218093	1.7064422790983137e7	13444.499217802799	1.4748778779972174e9	67040.71516873334
17.382394596128663	17.730142027026222	17.55626831157744	1.7074195737300355e7	12676.163831240332	1.4919520737345178e9	63904.23195440947
17.730142027026222	18.084844406541734	17.907493216783976	1.705497348471025e7	11931.451852175998	1.509007047219228e9	60905.75465849311
18.08484440654173	18.44664083364755	18.265742620094642	1.7044708277814955e7	11236.383895155172	1.526051755497043e9	58040.183633400935
18.446640833647553	18.81567318929549	18.631157011471522	1.7125783304106534e7	10638.546221654988	1.5431775388011494e9	55305.458948496955
18.81567318929549	19.192086192056387	19.003879690675937	1.7180439988685727e7	10056.828809684172	1.560357978789835e9	52694.96016745844
19.192086192056387	19.5760274548725	19.38405682346444	1.7192927957839172e7	9483.565402047812	1.5775509067476745e9	50202.006662263375
19.5760274548725	19.967647542944935	19.771837498908717	1.7159939158026677e7	8919.338698754198	1.5947108459057012e9	47820.33697875635
19.967647542944935	20.36710003277882	20.167373787861877	1.7124493202338032e7	8387.447938607393	1.6118353391080391e9	45545.39519173376
20.367100032778815	20.774541572409376	20.570820802594096	1.7172454107803438e7	7925.73881247888	1.6290077932158425e9	43375.071676789536
20.77454157240938	21.19013194283255	20.982336757620963	1.7204199938790485e7	7482.336528317056	1.646211993154633e9	41304.385872991814
21.19013194283255	21.614034120664186	21.40208303174837	1.7228389596086238e7	7060.6207633112945	1.6634403827507193e9	39328.839627165515
21.61403412066419	22.046414342052458	21.830224231358322	1.7191605809097186e7	6639.114676523005	1.6806319885598166e9	37442.95536837876
22.046414342052458	22.48744216786849	22.266928254960476	1.711647712718377e7	6228.790324555308	1.6977484656870003e9	35642.20460731773
22.48744216786849	22.937290550200846	22.712366359034668	1.7119849894927327e7	5870.633363087334	1.7148683155819275e9	33924.6846466979
22.937290550200842	23.396135900179843	23.166713225190342	1.7176472250754967e7	5550.277927747675	1.7320447878326826e9	32287.773841209713
23.396135900179846	23.86415815715843	23.630147028669136	1.72039990326547e7	5238.488491452133	1.7492487868653374e9	30727.315260679912
23.86415815715842	24.341540859276574	24.102849508217496	1.7122414366570633e7	4912.89503346121	1.766371201231908e9	29238.101347975607
24.341540859276574	24.828471215437087	24.58500603735683	1.706745796534622e7	4614.634328223109	1.7834386591972544e9	27817.598186053787
24.82847121543709	25.325140178720815	25.076805697078953	1.7049065872833245e7	4343.752544896977	1.8004877250700877e9	26463.42074805117
25.32514017872082	25.83174252127022	25.57844134999552	1.711824332586843e7	4109.791481477298	1.817605968395956e9	25173.872093290123
25.831742521270215	26.348476910670602	26.090109715970407	1.7040580803896364e7	3855.148895684188	1.8346465491998525e9	23944.03023245517
26.348476910670605	26.875545987859	26.612011449264802	1.700299174901751e7	3624.7523768955243	1.8516495409488692e9	22771.84897514291
26.875545987858995	27.413156446591156	27.144351217225076	1.6961197314112756e7	3407.2641623685095	1.868610738262982e9	21654.746155809124
27.41315644659116	27.961519114497964	27.68733778054456	1.6905675170164213e7	3200.207812789121	1.885516413433146e9	20590.145748837032
27.961519114497964	28.520849035762904	28.241184075130434	1.6925936520568844e7	3019.22022590639	1.9024423499537148e9	19576.522426551994
28.52084903576291	29.09136555545315	28.80610729560803	1.6881594893548142e7	2837.605662939183	1.919323944847263e9	18610.898874674658
29.091365555453145	29.67329240553719	29.382328980495167	1.6804724417623777e7	2661.7453555777356	1.9361286692648869e9	17690.83768758521
29.67329240553719	30.266857792622915	29.970075099080052	1.6716917361411694e7	2495.099709686633	1.9528455866262987e9	16814.241720658378
30.266857792622922	30.87229448745036	30.56957614003664	1.6711054396101568e7	2350.348267782887	1.9695566410224001e9	15979.866278517376
30.872294487450354	31.48983991617434	31.181067201812347	1.666027476562117e7	2208.041533672222	1.9862169157880213e9	15185.416513488188
31.489839916174343	32.11973625347281	31.804788084823578	1.6639695650212783e7	2078.1037381652227	2.002856611438234e9	14429.302482540554
32.11973625347281	32.762230517517246	32.44098338549503	1.6576331459651608e7	1950.7745766440157	2.0194329428978858e9	13709.46294742159
32.762230517517246	33.41757466684257	33.08990259217991	1.6499965420237571e7	1829.7787125646705	2.0359329083181233e9	13024.170461601097
33.41757466684257	34.0860256991544	33.75180018299848	1.6397825320557974e7	1713.5576321240642	2.0523307336386814e9	12371.707345519804
34.086025699154405	34.76784575211247	34.42693572563344	1.6421731052497625e7	1617.0683184776635	2.068752464691179e9	11751.317831279031
34.767845752112464	35.46330220612969	35.11557397912108	1.6347212456032656e7	1516.8762898756108	2.0850996771472118e9	11160.937928171817
35.4633022061297	36.17266778922727	35.81798499767848	1.6221634950852282e7	1418.398132744454	2.1013213120980642e9	10598.935188506593
36.17266778922727	36.89622068398679	36.53444423660703	1.6155384610880308e7	1331.1222627917182	2.1174766967089443e9	10064.31869321416
36.8962206839868	37.63424463664151	37.265232660314155	1.6113964821671106e7	1251.1236141238278	2.1335906615306153e9	9555.928279281783
37.634244636641505	38.387029068349314	38.01063685249541	1.609033604492966e7	1177.226784166751	2.149680997575545e9	9072.602918197736
38.387029068349314	39.15486918869128	38.7709491285203	1.590398257916823e7	1096.4735666159067	2.165584980154713e9	8612.501076128061
39.15486918869128	39.93806611144008	39.54646765006568	1.5835561174833834e7	1028.78122970298	2.181420541329547e9	8175.036387120035
39.93806611144008	40.73692697264386	40.33749654204197	1.5877738623842888e7	972.0208110881152	2.1972982799533896e9	7759.533509221047
40.736926972643865	41.55176505107172	41.14434601185779	1.5706580828247763e7	906.0787642129594	2.213004860781637e9	7364.195826958036
41.55176505107172	42.38289989106813	41.96733247106992	1.5529356177106045e7	844.1802238055622	2.228534216958743e9	6988.093259919499
42.38289989106812	43.23065742786446	42.80677865946629	1.5612565842570618e7	799.7485677195752	2.244146782801314e9	6631.123704489672
43.23065742786446	44.09537011539672	43.66301377163059	1.5500927939427905e7	748.2287473633577	2.2596477107407417e9	6291.774515809208
44.09537011539672	44.97737705667963	44.536373586038174	1.532069397856073e7	696.8714527463932	2.2749684047193027e9	5969.038565203239
44.977377056679636	45.8770241367882	45.42720059673392	1.5186303283116631e7	650.9144106956768	2.2901547080024195e9	5662.268959965313
45.8770241367882	46.79466415849894	46.33584414764357	1.5054927648766898e7	608.0623439605454	2.3052096356511865e9	5370.723728912521
46.79466415849895	47.7306569806439	47.26266056957142	1.4857641264584295e7	565.4796235334832	2.3200672769157705e9	5093.5401379959885
47.73065698064389	48.685369659231746	48.20801331993782	1.4608292362755619e7	523.9191048188821	2.3346755692785263e9	4829.948653196564
48.685369659231746	49.65917659139136	49.17227312531155	1.4587710415657818e7	493.0030922337317	2.3492632796941843e9	4579.779182819407
49.65917659139135	50.65245966219415	50.15581812679275	1.4351083509023964e7	457.0302670962325	2.3636143632032084e9	4341.96574674138
50.652459662194154	51.665608394413006	51.15903402830358	1.415483680081208e7	424.7788962362322	2.3777692000040207e9	4116.010219397253
51.66560839441301	52.69902010127625	52.18231424784463	1.407480834270925e7	398.0140318632071	2.3918440083467298e9	3901.545026441704
52.69902010127624	53.753100042276735	53.22606007177649	1.3824372135926716e7	368.38265186134026	2.4056683804826565e9	3697.741973207145
53.753100042276735	54.82826158209724	54.29068081218699	1.364600528570459e7	342.6550851577547	2.419314385768361e9	3504.21117493482
54.82826158209724	55.92492635271416	55.3765939674057	1.3658703697914615e7	323.19084756820763	2.4329730894662757e9	3320.721343013022
55.92492635271416	57.04352441874341	56.484225385728784	1.3395636349860877e7	298.68325325847456	2.4463687258161364e9	3146.4023335204674
57.04352441874342	58.184494446093254	57.614009432418335	1.3207616176450536e7	277.50444718550426	2.459576341992587e9	2980.917126397308
58.184494446093254	59.348283873990084	58.76638916004167	1.3161889217775673e7	260.5924040830085	2.472738231210363e9	2824.0022490397105
59.348283873990084	60.53534909044485	59.94181648221747	1.279601219445908e7	238.73506332082684	2.485534243404822e9	2674.878055821458
60.535349090444846	61.74615561122871	61.14075235083678	1.2840089262227602e7	225.7395616296939	2.4983743326670494e9	2533.6063037581407
61.74615561122872	62.981178262428266	62.363666936828494	1.256821405767709e7	208.2146588507328	2.5109425467247267e9	2399.472752822862
62.98117826242826	64.2409013666518	63.61103981454003	1.2470089585645176e7	194.67287014504083	2.523412636310372e9	2272.295385164184
64.2409013666518	65.5258189329598	64.8833601498058	1.2381050353809811e7	182.13419918027208	2.5357936866641817e9	2151.7307915833494
65.5258189329598	66.83643485059396	66.18112689177687	1.2104175624766536e7	167.7905143943124	2.547897862288948e9	2037.2933952644564
66.83643485059396	68.1732630865808	67.50484896858738	1.2084218370081298e7	157.85158887142046	2.5599820806590295e9	1928.8838219047286
68.17326308658079	69.53682788728737	68.85504548693407	1.182191992912595e7	145.5179726816939	2.5718040005881553e9	1826.0162263696857
69.53682788728739	70.9276639840081	70.23224593564774	1.1783998071457498e7	136.6845850239604	2.5835879986596127e9	1728.5728189955817
70.92766398400809	72.34631680266321	71.63699039333565	1.1576577518056907e7	126.53344662605413	2.5951645761776695e9	1636.1646968569105
72.34631680266322	73.79334267769146	73.06982974017734	1.1554538468847267e7	119.00797296876802	2.606719114646517e9	1548.652853587514
73.79334267769144	75.26930907022023	74.53132587395584	1.1262689224711664e7	109.31100333037217	2.6179818038712287e9	1465.6295949210357
75.26930907022025	76.77479479059961	76.02205193040993	1.1208246863066338e7	102.50801296982861	2.629190050734295e9	1387.0029282668588
76.7747947905996	78.31039022538656	77.54259250799308	1.100658785071034e7	94.85739668765677	2.6401966385850053e9	1312.470347508168
78.31039022538656	79.87669756886925	79.0935438971279	1.0899943092750333e7	88.51994172544198	2.651096581677756e9	1241.8714336875755
79.87669756886925	81.4743310592216	80.67551431404542	1.0800556077404194e7	82.65353222471153	2.66189713775516e9	1175.0064477156852
81.47433105922158	83.10391721938097	82.28912413930128	1.0614634503441773e7	76.54534424480975	2.6725117722586017e9	1111.646056245054
83.10391721938097	84.76609510274355	83.93500616106226	1.053625765290773e7	71.59761784041008	2.6830480299115095e9	1051.6550377716758
84.76609510274358	86.4615165437734	85.61380582325849	1.0288472634142578e7	65.88121080022339	2.693336502545652e9	994.7946965200329
86.4615165437734	88.19084641362383	87.32618147869862	1.0400999413462318e7	62.760187454049834	2.703737501959114e9	941.0341480460944
88.19084641362382	89.95476288087124	89.07280464724752	9.972136393425666e6	56.70167445374567	2.7137096383525395e9	890.0251491496598
89.95476288087124	91.75395767746362	90.85436027916742	1.0138789843809426e7	54.32407355009295	2.723848428196349e9	841.8212991457765
91.75395767746362	93.58913636998784	92.67154702372574	9.75397501164364e6	49.24775049295274	2.7336024032079926e9	796.1051241403273
93.58913636998786	95.46101863636257	94.52507750317521	9.81762571287772e6	46.709992798414426	2.743420028920871e9	752.8795534498066
95.46101863636258	97.37033854806478	96.41567859221368	9.600246106069967e6	43.04119135082551	2.753020275026941e9	711.9356824943784
97.37033854806477	99.31784485800101	98.34409170303289	9.434909709101453e6	39.860089662961435	2.7624551847360425e9	673.1700271281495
99.31784485800102	101.304301294136	100.31107307606851	9.545320114723057e6	38.00052908226521	2.7720005048507657e9	636.5331690025968
101.304301294136	103.33048685899367	102.31739407656482	9.122963628532574e6	34.224233391968454	2.781123468479298e9	601.7917554867648
103.33048685899367	105.39719613514849	104.36384149707108	9.247353695356674e6	32.689923989128424	2.790370822174655e9	568.9657710329437
105.39719613514849	107.50523959682641	106.45121786598745	9.04101371193897e6	30.1170369831104	2.799411835886594e9	537.884823593267
107.50523959682641	109.65544392773789	108.58034176228216	8.720724367845863e6	27.37451055891639	2.80813256025444e9	508.43847049790804
109.65544392773788	111.84865234526758	110.75204813650274	9.020172006974429e6	26.681320897768206	2.817152732261414e9	480.6506307705106
111.84865234526758	114.08572493114788	112.96718863820773	8.561925829633437e6	23.865068629285474	2.8257146580910473e9	454.3031792691501
114.0857249311479	116.36753896874579	115.22663194994684	8.508996600067265e6	22.349525691871456	2.8342236546911144e9	429.3880564219496
116.36753896874578	118.69498928709564	117.5312641279207	8.711115769570589e6	21.56068205672179	2.842934770460685e9	405.8645587142602
118.69498928709562	121.06898861181249	119.88198894945405	8.131065180150732e6	18.96421698709519	2.8510658356408353e9	383.54815099193854
121.06898861181249	123.49046792302367	122.27972826741808	8.335584799394615e6	18.319867365185793	2.85940142044023e9	362.4818040027492
123.49046792302369	125.9603768204591	124.72542237174139	8.234357253939673e6	17.053547997653418	2.8676357776941695e9	342.55753693449043
125.9603768204591	128.47968389584324	127.22003035815118	7.83735225892657e6	15.295131487060264	2.875473129953096e9	323.6810886353461
128.4796838958432	131.04937711273502	129.7645305042891	7.998732534801282e6	14.709700866855146	2.883471862487898e9	305.85967686439636
131.04937711273502	133.67046419396465	132.35992065334983	7.986995632816404e6	13.840919561842213	2.891458858120714e9	289.0161019383928
133.67046419396468	136.3439730168189	135.00721860539178	7.521155326850131e6	12.28188141655473	2.898980013447564e9	273.0541470104709
136.3439730168189	139.0709520161302	137.70746251647455	7.5593490053200945e6	11.632246467647464	2.906539362452884e9	257.97541313339167
139.0709520161302	141.85247059542775	140.46171130577898	7.828628071877062e6	11.351773808763076	2.914367990524761e9	243.75024814353216
141.85247059542775	144.68961954631123	143.2710450708695	7.188742476642296e6	9.82267727592964	2.9215567330014033e9	230.25739702712298
144.68961954631123	147.58351147621238	146.1365655112618	7.142745042636089e6	9.196889976143854	2.9286994780440392e9	217.5067215669082
147.5835114762124	150.5352812447116	149.05939636046202	7.731215385764755e6	9.380425093912793	2.936430693429804e9	205.50209361979373
150.53528124471157	153.54608640858072	152.04068382664616	6.865997357349403e6	7.850138069687616	2.9432966907871532e9	194.10162802848353
153.54608640858075	156.61710767572728	155.08159704215402	6.739980647898085e6	7.261581903402482	2.9500366714350514e9	183.32479466023645
156.61710767572728	159.74954936821675	158.18332852197202	7.529320669357553e6	7.644116945536599	2.957565992104409e9	173.1916338491139
159.74954936821675	162.94463989455602	161.34709463138637	6.679687259315394e6	6.390378867730267	2.9642456793637247e9	163.57063881385244
162.94463989455602	166.20363223142206	164.57413606298906	6.416019312866859e6	5.7840907671760835	2.9706616986765914e9	154.46961194006465
166.20363223142203	169.5278044150254	167.86571832322372	6.70223679328876e6	5.693616013297581	2.97736393546988e9	145.88831287153403
169.5278044150254	172.91846004230084	171.22313222866313	7.114737498475134e6	5.695426710503427	2.984478672968355e9	137.80208634631708
172.91846004230084	176.37692878212178	174.6476944122113	6.124172949680001e6	4.6197005247234415	2.990602845918035e9	130.1202247723718
176.37692878212178	179.90456689673914	178.14074783943045	6.108876009551898e6	4.3423686040224805	2.9967117219275875e9	122.86545493060666
179.90456689673914	183.50275777364885	181.703662335194	7.001284976551823e6	4.689668446484262	3.0037130069041395e9	116.04917023586967
183.50275777364885	187.17291246809674	185.3378351208728	6.223279930726983e6	3.928101843739535	3.0099362868348665e9	109.58212020160893
187.17291246809674	190.9164702564336	189.04469136226516	5.680878566001736e6	3.3789202065120323	3.0156171654008684e9	103.45641102854673
190.91647025643357	194.73489920053714	192.82568472848536	5.735982076750398e6	3.214913201539793	3.0213531474776187e9	97.67457060273136
194.73489920053717	198.6296967235228	196.68229796203	7.114846812060744e6	3.757734269057685	3.0284679942896795e9	92.25753368686537
198.6296967235228	202.60239019696817	200.6160434602455	5.626415217893124e6	2.8002147852980928	3.0340944095075727e9	87.0977201282022
202.6023901969682	206.65453753988248	204.62846386842534	5.203424560305119e6	2.4403262415466687	3.039297834067878e9	82.21476401088337
206.65453753988243	210.78772782965498	208.7211326847687	5.504988355643198e6	2.4328431088832323	3.044802822423521e9	77.61302256220044
210.787727829655	215.00358192522302	212.89565487743903	6.950299418279029e6	2.894411606421703	3.0517531218418e9	73.30332972585421
215.00358192522305	219.30375310270242	217.15366751396272	5.283857412976623e6	2.0735139080275435	3.057036979254777e9	69.1948688423593
219.30375310270236	223.6899277037313	221.49684040321682	4.86999105671864e6	1.8008731427949811	3.061906970311496e9	65.30765572582347
223.6899277037313	228.16382579678083	225.92687675025607	5.175199975692995e6	1.803354864845783	3.067082170287189e9	61.64479758641198
228.16382579678083	232.72720185169135	230.4455138242361	6.494530735383078e6	2.132558461498607	3.073576701022572e9	58.212198610840126
232.72720185169135	237.38184542770006	235.0545236396957	5.431460725763649e6	1.6806176865378448	3.079008161748336e9	54.95152198602547
237.38184542770009	242.12958187522898	239.75571365146453	4.5449785331213325e6	1.3252055514750503	3.083553140281457e9	51.85841892488652
242.12958187522898	246.97227305170844	244.55092746346872	4.760528398076877e6	1.3079938488721081	3.088313668679533e9	48.942730823110274
246.97227305170844	251.9118180517175	249.44204555171297	5.446731384558298e6	1.4102159985130835	3.093760400064091e9	46.201113239631404
251.91181805171752	256.95015395172675	254.43098600172215	5.993902790356703e6	1.4623742110997724	3.099754302854448e9	43.62063822251428
256.95015395172675	262.08925656973616	259.5197052607315	4.661831360582426e6	1.071777252044001	3.10441613421503e9	41.166473571282225
262.08925656973616	267.33114124010575	264.71019890492096	4.326215815379351e6	0.9372497101281223	3.1087423500304093e9	38.846103510625206
267.3311412401058	272.6778636038828	270.0045024219943	4.62167737747708e6	0.9435087330829597	3.1133640274078865e9	36.65993121519555
272.67786360388277	278.1315204149353	275.404692009409	5.8859662261765e6	1.1323045050441924	3.119249993634063e9	34.610744703194406
278.1315204149353	283.6942503622089	280.91288538857214	4.935316116228998e6	0.8946632982642673	3.124185309750292e9	32.666046396914986
283.6942503622089	289.36823490842795	286.53124263531845	4.448722087491855e6	0.7599396517708453	3.128634031837784e9	30.825745619381827
289.36823490842795	295.15569914557136	292.2619670269996	4.0457900482580885e6	0.6512479362520389	3.132679821886042e9	29.085322269269472
295.15569914557136	301.05891266745766	298.1073059065145	4.491960909928225e6	0.6813624270949211	3.1371717827959704e9	27.447021627381673
301.05891266745766	307.0801904597817	304.0695515636197	5.669973403246246e6	0.810442924543096	3.142841756199217e9	25.910661543686704
307.08019045978165	313.22189380795214	310.1510421338669	4.562291990593664e6	0.6145025598363946	3.1474040481898103e9	24.45161542292549
313.2218938079522	319.48643122308613	316.3541625155192	4.209943684914634e6	0.5343380696611975	3.151613991874725e9	23.072101635634425
319.4864312230861	325.87625938652263	322.6813453048044	4.0227980556379855e6	0.48113536384630534	3.1556367899303627e9	21.76908793350999
325.87625938652263	332.39388411322795	329.1350717498753	4.28645634281829e6	0.4830995961163172	3.159923246273181e9	20.541343799359336
332.39388411322795	339.04186133446734	335.7178727238477	5.37589094655706e6	0.570936682190733	3.1652991372197385e9	19.38948076393132
339.04186133446734	345.82279810013154	342.43232971729947	4.346108808324553e6	0.43494798582119765	3.169645246028063e9	18.29621214038276
345.8227981001316	352.7393536011091	349.28107585062037	3.9955325981867313e6	0.37679978339693176	3.1736407786262493e9	17.262647974360423
352.73935360110903	359.79424021210605	356.2667969066075	3.8466649255147353e6	0.34183739146525177	3.177487443551764e9	16.286681888683987
359.7942402121061	366.99022455532304	363.3922323837146	3.9704631151790395e6	0.33248772847066566	3.181457906666943e9	15.366468982306287
366.9902245553231	374.3301285854044	370.6601765703638	4.0557284435308874e6	0.3200387570562638	3.185513635110474e9	14.498614702735038
374.33012858540434	381.81683069608727	378.0734796407458	4.401997199309155e6	0.3273276740381278	3.1899156323097835e9	13.681237506428337
381.81683069608727	389.45326684898384	385.6350487725356	4.924294464764975e6	0.3450453970220594	3.1948399267745485e9	12.912027443670047
389.4532668489838	397.2424317249383	393.34784928696104	5.60800773760137e6	0.3702883872188771	3.20044793451215e9	12.188640330022967
397.24243172493834	405.1873798984119	401.2149058116751	6.570184854934581e6	0.408797608057616	3.2070181193670845e9	11.509198321586828
405.18737989841185	413.2912270353549	409.23930346688337	8.1225237192709595e6	0.47623468090475546	3.2151406430863557e9	10.872835223864934
413.29122703535495	421.55715111503685	417.4241890751959	1.2216468051063642e7	0.6749552376466122	3.227357111137419e9	10.284638506510415
421.5571511150369	429.98839367631246	425.7727723956747	1.331476699489402e7	0.6932057568321153	3.2406718781323133e9	9.731420780327218
429.98839367631246	438.5882610888135	434.288327382563	8.824790516980268e6	0.43294455342641164	3.2494966686492934e9	9.1951004134912
438.58826108881357	447.36012584956467	442.9741934691891	5.542921600939721e6	0.2562511960210613	3.255039590250233e9	8.679522836179144
447.3601258495646	456.3074279055307	451.8337768775476	1.2461890994228795e6	0.05428882055955667	3.256285779349656e9	8.182034155207491
