-0.0	9.953897499377266e-5	4.976948749688633e-5	2.6823687866809476e-5	6.493074481967333e6	2.6823687866809476e-5	6.493074481967333e6
9.953897499377266e-5	0.0002010687294874207	0.00015030385224059668	0.0001740665878589453	5.817874209316766e6	0.00020089027572575476	5.899792050880853e6
0.00020106872948742058	0.0003046290790709416	0.00025284890427918107	0.00045663118135597623	5.412662852395015e6	0.000657521457081731	5.552738839113635e6
0.0003046290790709413	0.00041026063564613265	0.000357444857358537	0.0008757888023756989	5.126589731995631e6	0.00153331025945743	5.301049829068541e6
0.0004102606356461331	0.0005180048233528283	0.0004641327294994807	0.0014480794366924917	4.942632553668184e6	0.0029813896961499217	5.120692840594522e6
0.0005180048233528287	0.0006279038948136577	0.0005729543590832433	0.0021702833600295013	4.772467772825898e6	0.005151673056179423	4.967983596419256e6
0.0006279038948136573	0.0007400009477037028	0.0006839524212586801	0.0030665165161137594	4.643210669911687e6	0.008218189572293182	4.841620196920182e6
0.000740000947703703	0.0008543399416515495	0.0007971704446776262	0.004138131316337109	4.524324590448692e6	0.012356320888630291	4.730515139027243e6
0.0008543399416515493	0.0009709657154783526	0.0009126528285649509	0.005428110221606504	4.440608211991829e6	0.017784431110236795	4.638095451226087e6
0.0009709657154783523	0.0010899240047816917	0.001030444860130022	0.006886845018966754	4.333952628920035e6	0.02467127612920355	4.548983396233539e6
0.0010899240047816917	0.0012112614598710977	0.0011505927323263946	0.008624759329409003	4.268710355965502e6	0.03329603545861255	4.472910611271497e6
0.0012112614598710973	0.0013350256640622914	0.0012731435619666943	0.010589970382578265	4.197524080003845e6	0.04388600584119082	4.403201941998524e6
0.0013350256640622922	0.00146126515233731	0.0013981454081998012	0.012814431819670416	4.1294730737277395e6	0.05670043766086123	4.338211479737411e6
0.0014612651523373099	0.0015900294303778282	0.001525647291357569	0.015328200675942552	4.0674283056420516e6	0.07202863833680379	4.277609215926368e6
0.0015900294303778277	0.0017213689939791564	0.001655699212178492	0.018143356618421105	4.007943988841874e6	0.09017199495522489	4.22047314072119e6
0.0017213689939791568	0.0018553353488525118	0.0017883521714158342	0.021285506921140937	3.9515661595837e6	0.11145750187636583	4.16632781750008e6
0.0018553353488525112	0.0019919810308233333	0.0019236581898379223	0.024915264406327853	3.919415759273765e6	0.13637276628269368	4.1189208406705963e6
0.0019919810308233333	0.002131359626433572	0.0020616703286284524	0.028784424281803778	3.864984720826526e6	0.16515719056449746	4.0722897652296093e6
0.0021313596264335728	0.002273525793956016	0.0022024427101947942	0.03300607550167073	3.807393458333066e6	0.1981632660661682	4.025639537704392e6
0.0022735257939560153	0.0024185352848289073	0.002346030539392461	0.038021789515122695	3.789838391068812e6	0.23618505558129088	3.985717575217133e6
0.002418535284828908	0.002566444965519258	0.002492490125174083	0.043040999934568225	3.7263321870378493e6	0.2792260555158591	3.9434057445907556e6
0.002566444965519257	0.002717312839823414	0.0026418789026713355	0.04911566212699853	3.710817074993612e6	0.32834171764285763	3.9067762033617073e6
0.002717312839823413	0.0028711980716136527	0.002794255455718533	0.05512810015332675	3.6502638074809243e6	0.3834698177961844	3.8677029961603465e6
0.002871198071613654	0.0030281610080396984	0.002949679539826676	0.06248215848707528	3.6399624532862087e6	0.44595197628325967	3.8340925735244793e6
0.003028161008039698	0.0031882632031942633	0.0031082121056169804	0.06983318110659364	3.5920085980428425e6	0.5157851573898533	3.79942372709895e6
0.003188263203194263	0.0033515674422519193	0.0032699153227230913	0.07804038667362634	3.5558941177045926e6	0.5938255440634796	3.7655322992651872e6
0.0033515674422519197	0.0035181377660907292	0.0034348526041713245	0.08743894209601166	3.5399415209673266e6	0.6812644861594913	3.734982876089223e6
0.0035181377660907292	0.003688039496406315	0.003603088631248522	0.09700188837115042	3.4989856963578328e6	0.7782663745306417	3.703846394544283e6
0.0036880394964063155	0.003861339261328213	0.0037746893788672643	0.10740191894113382	3.4607122259742282e6	0.8856682934717756	3.672557511638419e6
0.003861339261328213	0.004038105021548549	0.003949722141438381	0.11954887341095433	3.4493074571680427e6	1.0052171668827299	3.644504227174518e6
0.004038105021548548	0.00421840609697329	0.004128255559260919	0.1320776879390504	3.4199448196025738e6	1.1372948548217803	3.6169233645232767e6
0.00421840609697329	0.004402313193906526	0.004310359645439908	0.14548547269255874	3.3878048262976403e6	1.282780327514339	3.5893918528052187e6
0.004402313193906526	0.004589898432778427	0.004496105813342477	0.16000851624493917	3.357364799458948e6	1.4427888437592782	3.5620904253625423e6
0.004589898432778428	0.004781235376427767	0.004685566904603098	0.17572635337567166	3.328461728246442e6	1.6185151971349496	3.5351496224823687e6
0.0047812353764277666	0.0049763990589500925	0.00487881721768893	0.193508001065809	3.3143857594257602e6	1.8120231982007586	3.510181283594989e6
0.004976399058950093	0.005175466015122866	0.0050759325370364795	0.21218580372450146	3.2916976815328444e6	2.02420900192526	3.485927570430628e6
0.005175466015122865	0.005378514310419092	0.005276990162770979	0.23208420742539193	3.265955239067851e6	2.256293209350652	3.461943227574572e6
0.005378514310419092	0.005585623571621245	0.005482068941020169	0.2535441880206739	3.2411836433776217e6	2.5098373973713257	3.438285883488541e6
0.005585623571621245	0.00579687501804744	0.0056912492948343425	0.276672041629606	3.2172931882062485e6	2.7865094390009317	3.4149952053454206e6
0.005796875018047441	0.00601235149340216	0.0059046132557248	0.30157983892313256	3.1941953215780673e6	3.0880892779240643	3.3920961282215263e6
0.00601235149340216	0.006232137498263974	0.006122244495833067	0.328386771116151	3.1718144684066726e6	3.4164760490402153	3.3696026545385565e6
0.006232137498263972	0.006456319223223022	0.006344228360743497	0.3572179536434703	3.1500714576008604e6	3.7736940026836856	3.347519275704746e6
0.006456319223223021	0.006684984582681251	0.006570651902952136	0.38820699475250997	3.128904909894446e6	4.161900997436195	3.325844238602003e6
0.006684984582681254	0.006918223249328648	0.0068016039160049505	0.4214941964664858	3.1082500828208616e6	4.583395193902681	3.3045701704910393e6
0.006918223249328647	0.00715612668930899	0.007037174969318818	0.4572288119354617	3.088054413932605e6	5.040624005838143	3.2836860841079643e6
0.00715612668930899	0.007398788198088939	0.007277457443698964	0.4955685823683318	3.0682689276624788e6	5.536192588206474	3.2631782291302844e6
0.007398788198088939	0.007646302937044488	0.0075225455675667135	0.5366778387782709	3.0488348449987397e6	6.072870426984745	3.2430295427925796e6
0.007646302937044487	0.007898767970779146	0.007772535453911817	0.58073282115748	3.029714217279576e6	6.653603248142225	3.2232220235595442e6
0.007898767970779147	0.0081562823051885	0.008027525137983823	0.6279175683790763	3.01086145400553e6	7.281520816521302	3.203736127250763e6
0.0081562823051885	0.00841894692628604	0.008287614615737269	0.6784284307739723	2.992244983540948e6	7.959949247295275	3.184552216143306e6
0.00841894692628604	0.00868686483980553	0.008552905883045785	0.7324703460041517	2.9738258597381646e6	8.692419593299427	3.1656498762108423e6
0.008686864839805528	0.008960141111595408	0.008823502975700469	0.7902598521568525	2.9555706387144616e6	9.482679445456279	3.1470084751380933e6
0.008960141111595408	0.009238882908821085	0.009099512010208246	0.8520240822383869	2.937445016849586e6	10.334703527694666	3.1286070829165378e6
0.009238882908821085	0.009523199541991274	0.00938104122540618	0.9180041947384048	2.919424194505403e6	11.25270772243307	3.1104253046936123e6
0.009523199541991274	0.009813202507824869	0.009668201024908072	0.988453158625374	2.901482030486739e6	12.241160881058445	3.0924430679301633e6
0.00981320250782487	0.010109005532975137	0.009961104020400003	1.0636369159709815	2.883593663890155e6	13.304797797029426	3.074640663302448e6
0.010109005532975134	0.010410724618628405	0.01025986507580177	1.143836298916808	2.8657389793591406e6	14.448634095946234	3.0569990743571296e6
0.010410724618628405	0.010718478085994741	0.010564601352311572	1.229344077106516	2.847893183509372e6	15.67797817305275	3.039499477557632e6
0.010718478085994743	0.011032386622708406	0.010875432354351573	1.3204674164433285	2.8300329032699354e6	16.99844558949608	3.02212331359019e6
0.011032386622708406	0.011352573330156341	0.011192479976432374	1.4175316989120041	2.8121426548943124e6	18.415977288408083	3.0048528828884955e6
0.011352573330156343	0.011679163771753237	0.01151586855095479	1.5208807423209159	2.7942117953131404e6	19.936858030729	2.987671620389706e6
0.011679163771753237	0.01201228602218207	0.011845724896967653	1.6345916110800829	2.7825556248092125e6	21.57144964180908	2.97107577664229e6
0.012012286022182067	0.012352070717619476	0.012182178369900772	1.7556559491770116	2.770433131763257e6	23.327105590986093	2.954969058209113e6
0.01235207071761948	0.012698651106965636	0.012525360912292557	1.8816146684471704	2.753649338899919e6	25.208720259433264	2.938931177134027e6
0.012698651106965634	0.013052163104098714	0.012875407105532175	2.0155898781975665	2.736773942036973e6	27.22431013763083	2.9229460370774628e6
0.013052163104098714	0.013412745341174455	0.013232454222636584	2.158033978728657	2.719796509599535e6	29.382344116359487	2.9069984112828188e6
0.013412745341174457	0.013780539222991713	0.013596642282083085	2.3094231182073344	2.702709199308684e6	31.69176723456682	2.8910740369362975e6
0.013780539222991713	0.014155688982445314	0.013968114102718514	2.4702531752354453	2.685500742444905e6	34.16202040980227	2.8751592349402094e6
0.014155688982445312	0.014538341737087986	0.014347015359766648	2.641045273151285	2.6681624466244536e6	36.80306568295355	2.8592410349350055e6
0.014538341737087988	0.014928647546823513	0.01473349464195575	2.8230604484175217	2.6513579323477633e6	39.62612613137107	2.8433584567331225e6
0.014928647546823513	0.01532675947275375	0.01512770350978863	3.0315428327222023	2.6477537064344767e6	42.657668964093276	2.8285084761268343e6
0.01532675947275375	0.01573283363720259	0.01552979655497817	3.238575487668868	2.631373667297368e6	45.89624445176214	2.813634559053601e6
0.01573283363720259	0.01614702928494041	0.015939931461071498	3.4582629709910577	2.614840988759389e6	49.3545074227532	2.798725557638553e6
0.016147029284940405	0.016569508845632977	0.01635826906528669	3.6912941976883076	2.598150229006184e6	53.04580162044151	2.783770971506006e6
0.016569508845632984	0.01700043799753941	0.016784973421586198	3.938392699514587	2.581297788024326e6	56.984194319956096	2.7687610134525634e6
0.017000437997539405	0.01743998573248396	0.017220211865011683	4.200301934381109	2.5642717038827445e6	61.184496254337205	2.7536859172025793e6
0.01743998573248396	0.017888324422127407	0.017664155077305684	4.481490164215643	2.5491612825986813e6	65.66598641855285	2.7386899955699807e6
0.017888324422127403	0.018345629885563715	0.01811697715384556	4.802453335629224	2.545964640740746e6	70.46843975418207	2.724633950281158e6
0.01834562988556372	0.018812081458268758	0.018578855671916236	5.118735337196171	2.5297960795972687e6	75.58717509137824	2.710497141834866e6
0.018812081458268758	0.0192878620624279	0.01904997176034833	5.453783105382371	2.513448655430136e6	81.04095819676061	2.6962718867203183e6
0.019287862062427896	0.019773158278670218	0.019530510170549055	5.808593163814706	2.496920237530842e6	86.84955136057532	2.68195101728537e6
0.019773158278670218	0.020268160419237388	0.020020659348953803	6.184206536707009	2.4802083702494805e6	93.03375789728233	2.6675278074065023e6
0.020268160419237388	0.0207730626026159	0.020520611510926642	6.581709500261724	2.4633101180656813e6	99.61546739754405	2.6529958947817483e6
0.0207730626026159	0.02128806282966198	0.021030562716138942	7.047990105212804	2.462206720193087e6	106.66345750275686	2.639481473180327e6
0.02128806282966198	0.021813363061248984	0.021550712945455484	7.502376445656623	2.447014873034217e6	114.16583394841348	2.625908933348881e6
0.021813363061248984	0.022349169297467726	0.022081266179358357	7.980951474816379	2.4309038830753346e6	122.14678542322986	2.6122171513248365e6
0.02234916929746773	0.022895691658410846	0.022622430477939288	8.487198415952918	2.4146095240733037e6	130.63398383918278	2.598401504041653e6
0.022895691658410842	0.02345314446657282	0.023174418062491833	9.022550661609017	2.3981301126745427e6	139.6565345007918	2.58445762340573e6
0.02345314446657282	0.024021746330898038	0.02373744539873543	9.602690197026362	2.384987194159061e6	149.25922469781815	2.570625684892181e6
0.024021746330898045	0.02460172023250977	0.024311733281703905	10.261098161034198	2.3818975969205657e6	159.52032285885235	2.5575903479831424e6
0.02460172023250977	0.025193293612153726	0.024897506922331746	10.904191537980921	2.3661530334376893e6	170.42451439683327	2.5444188920992585e6
0.025193293612153722	0.02579669845939056	0.02549499603577214	11.583998825022547	2.350226270493198e6	182.00851322185582	2.531108202305964e6
0.02579669845939056	0.026412171403572132	0.026104434931481346	12.302431097373073	2.3341211810443467e6	194.3109443192289	2.517655664399336e6
0.026412171403572136	0.02703995380663734	0.02672606260510474	13.061467381447784	2.317837777283068e6	207.37241170067668	2.504058859987862e6
0.02703995380663734	0.027680291857763845	0.027360122832200594	13.939276459280364	2.3140095597043573e6	221.31168815995704	2.4911721886145505e6
0.027680291857763845	0.028333436669912882	0.028006864263838364	14.824816882655284	2.3026150355031416e6	236.13650504261233	2.4784305688769068e6
0.028333436669912882	0.0289996443783049	0.028666540524108892	15.73480921207613	2.2870299225854822e6	251.87131425468846	2.4655401684458894e6
0.028999644378304903	0.02967917624086476	0.029339410309584833	16.69595140027178	2.271272838915825e6	268.56726565496024	2.4524995707456716e6
0.02967917624086476	0.030372298740675815	0.03002573749077029	17.71089036288322	2.255349655230702e6	286.27815601784346	2.439307848149804e6
0.030372298740675818	0.031079283690483094	0.030725791215579456	18.84912730404909	2.2472216177578596e6	305.12728332189255	2.426495168554639e6
0.031079283690483087	0.03180040833928651	0.031439846014884795	20.06777844518774	2.2402641708454248e6	325.1950617670803	2.414111043320667e6
0.03180040833928651	0.032535955481066	0.03216818191017626	21.282535901627	2.2250052733965744e6	346.4775976687073	2.4015733452989524e6
0.032535955481066005	0.03328621356568108	0.032911084523373546	22.564980711829435	2.2095875966005716e6	369.0425783805367	2.3888819041626113e6
0.03328621356568108	0.03405147681198846	0.03366884518883477	23.91856674619237	2.1940134950500424e6	392.9611451267291	2.376036705305182e6
0.03405147681198846	0.03483204532322199	0.03444176106760523	25.412447418113402	2.1839179295773716e6	418.3735925448425	2.3634081273343945e6
0.03483204532322199	0.03562822520468019	0.03523013526395109	27.06102460691659	2.179094517289629e6	445.4346171517591	2.351325694267863e6
0.03562822520468018	0.036440328683767544	0.03603427694422386	28.67876813359203	2.1641594329651473e6	474.1133852853511	2.339089021675861e6
0.036440328683767544	0.037268674232436655	0.036854501458102096	30.385960860150476	2.1490781234109956e6	504.4993461455016	2.326698806710565e6
0.037268674232436655	0.03811358669207914	0.0376911304622579	32.18722046397909	2.1338573509562244e6	536.6865666094807	2.3141561243807767e6
0.03811358669207915	0.03897539740091449	0.03854449204649682	34.16613109409059	2.1233975249687335e6	570.8526977035713	2.301779894833852e6
0.038975397400914484	0.03985444432392653	0.0394149208624205	36.367774650505	2.1191196879684506e6	607.2204723540763	2.2899580214959765e6
0.03985444432392653	0.040751072185398814	0.040302758254662674	38.51775952726791	2.104512318973781e6	645.7382318813442	2.2779845360652176e6
0.040751072185398814	0.04166563260410055	0.04120835239474968	40.78589290268212	2.0897742886150156e6	686.5241247840263	2.2658609441566314e6
0.04166563260410054	0.042598484231176306	0.042132058417638424	43.17825062825568	2.0749111690976159e6	729.702375412282	2.253588992432449e6
0.04259848423117632	0.0435499928907936	0.04307423856098496	45.816438723591546	2.0651226113717812e6	775.5188141358735	2.241503718368982e6
0.043549992890793594	0.04452053172360322	0.04403526230719841	48.728760288047624	2.0603633991222482e6	824.2475744239212	2.2299136225101613e6
0.044520531723603214	0.04551048133306903	0.04501550652833612	51.58105787860029	2.046093648337501e6	875.8286323025214	2.218177232236093e6
0.045510481333069036	0.04652022993472417	0.0460153556338966	54.58936289530379	2.0317108921334536e6	930.4179951978252	2.206296795764167e6
0.04652022993472417	0.047550173508412404	0.04703520172156829	57.7616781156504	2.0172193755634848e6	988.1796733134756	2.1942746659842706e6
0.04755017350841241	0.04860071595357441	0.048075444730993414	61.29145034609019	2.0086881990805445e6	1049.4711236595658	2.1824981435529776e6
0.04860071595357442	0.04967226924763966	0.04913649260060704	65.11791815998276	2.0028634930700706e6	1114.5890418195486	2.1711216438922347e6
0.04967226924763965	0.05076525360758619	0.05021876142761292	68.89627503660745	1.9889450865321492e6	1183.485316856156	2.1596062936860854e6
0.0507652536075862	0.05188009765473167	0.051322675631158936	72.88053148116501	1.9749308411174505e6	1256.365848337321	2.1479549007952525e6
0.051880097654731665	0.05301723858282005	0.052448668118775854	77.08127648763548	1.9608248523935417e6	1333.4471248249565	2.1361703317555455e6
0.05301723858282006	0.05417712232947021	0.05359718045614513	81.80984450643905	1.9538013448032767e6	1415.2569693313956	2.1247062377308896e6
0.0541771223294702	0.055360203751053355	0.054768663040261775	86.81541949283542	1.946664922768084e6	1502.072388824231	2.113533880616198e6
0.055360203751053355	0.05656694680106817	0.05596357527606076	91.8142340164627	1.9331146580326415e6	1593.8866228406937	2.1022318004293134e6
0.05656694680106818	0.057797824712083286	0.057182385756575735	97.08466386107148	1.9194839211670535e6	1690.9712867017652	2.090803137907553e6
0.05779782471208328	0.059053320181318696	0.05842557244670099	102.6408919914993	1.9057798887416266e6	1793.6121786932645	2.0792512647547384e6
0.0590533201813187	0.06033392555993882	0.059693622870628765	108.97113148750032	1.9002631380455603e6	1902.5833101807648	2.068094235275479e6
0.06033392555993882	0.06164014304613134	0.06098703430303508	115.50384747292424	1.8918184746534459e6	2018.087157653689	2.0571236432956243e6
0.06164014304613134	0.06297248488204772	0.06230631396408953	122.11054163219865	1.8786546919082266e6	2140.1976992858877	2.0460337398168612e6
0.06297248488204771	0.06433147355468241	0.06365197921836506	129.07562153676054	1.8654267601891886e6	2269.273320822648	2.0348279765081229e6
0.06433147355468241	0.06571764200076981	0.06502455777772612	136.41775187872918	1.852139758594512e6	2405.6910727013774	2.0235098864038757e6
0.06571764200076981	0.06713153381577895	0.06642458790827438	144.87450611574968	1.8479566931883183e6	2550.565578817127	2.0126496171365315e6
0.06713153381577895	0.06857370346708827	0.0678526186414336	153.39519004758404	1.838382809797699e6	2703.960768864711	2.0018842451349911e6
0.06857370346708827	0.07004471651142379	0.06930920998925602	162.11941585262048	1.825620243716954e6	2866.0801847173316	1.9910106425217802e6
0.07004471651142379	0.071545149816646	0.0707949331640349	171.31639171013558	1.81280775514026e6	3037.396576427467	1.9800324029690528e6
0.071545149816646	0.07307559178797267	0.07231037080230934	181.01083888916173	1.7999500815228957e6	3218.407415316629	1.9689531732250692e6
0.07307559178797267	0.07463664259872586	0.07385611719334927	192.27718009089995	1.7968496076809757e6	3410.684595407529	1.9583786453082764e6
0.07463664259872586	0.07622891442569413	0.07543277851221	203.39732638959913	1.786412832339711e6	3614.081921797128	1.9478260881563353e6
0.07622891442569411	0.07785303168920174	0.07704097305744792	214.91024827701222	1.7740680580928726e6	3828.99217007414	1.937176899110459e6
0.07785303168920174	0.07950963129797951	0.07868133149359063	227.04700709465033	1.7616876853590973e6	4056.0391771687905	1.926434792377774e6
0.07950963129797951	0.08119936289893284	0.08035449709845618	239.8405358498635	1.7492771269157187e6	4295.879713018654	1.915603570748137e6
0.08119936289893284	0.08292288913190524	0.08206112601541904	254.8074974413521	1.747002522842905e6	4550.687210460006	1.9053076057955895e6
0.08292288913190525	0.0846808858895371	0.08380188751072118	269.3417051617107	1.7360096849939597e6	4820.028915621717	1.8949809833625795e6
0.08468088588953708	0.08647404258232155	0.08557746423592932	284.53020351821124	1.7241123074916766e6	5104.559119139928	1.8845702965874092e6
0.08647404258232155	0.08830306240896171	0.08738855249564163	300.54319881178253	1.7121968048432902e6	5405.102317951711	1.8740795161995117e6
0.08830306240896173	0.0901686626321347	0.08923586252054821	317.4249588513194	1.700270239980232e6	5722.52727680303	1.8635127870550891e6
0.09016866263213469	0.09207157485977112	0.09112011874595291	337.24870903182364	1.6985460960341054e6	6059.775985834854	1.853494259495613e6
0.09207157485977113	0.09401254533196028	0.09304206009586571	356.2911530820129	1.6873371201830958e6	6416.0671389168665	1.843413897188033e6
0.09401254533196027	0.09599233521359321	0.09500244027277674	376.3307893339452	1.6759287393467554e6	6792.397928250812	1.8332632846678747e6
0.09599233521359321	0.09801172089285881	0.09700202805322601	397.46340473956843	1.6645264444319997e6	7189.86133299038	1.8230469829996093e6
0.0980117208928588	0.1000714942857097	0.09904160758928425	419.7813160957121	1.6532661810484992e6	7609.642649086092	1.8127774867708175e6
0.10007149428570972	0.10217246314641765	0.10112197871606368	445.872743391963	1.6514852690521698e6	8055.515392478055	1.8030307455825722e6
0.10217246314641763	0.10431545138433972	0.10324395726537867	470.9530881980245	1.6406015622754442e6	8526.46848067608	1.7932244708843848e6
0.10431545138433973	0.10650129938702026	0.10540837538567999	497.40966863843096	1.629741022531944e6	9023.87814931451	1.7833635815165695e6
0.10650129938702026	0.10873086434975439	0.10761608186838732	525.3199378767895	1.618914837207299e6	9549.1980871913	1.7734533611450805e6
0.10873086434975437	0.1110050206117432	0.10986794248074878	554.7650014191549	1.6081309092841537e6	10103.963088610455	1.7634992377921264e6
0.1110050206117432	0.11332465999897179	0.11216484030535749	589.0965829616543	1.6063020077935194e6	10693.05967157211	1.754042479109204e6
0.11332465999897177	0.11569069217394494	0.11450767608645836	622.2510688028742	1.596064683652174e6	11315.310740374984	1.744546771254523e6
0.11569069217394495	0.11810404499241757	0.11689736858318125	657.2216945483215	1.585828846986198e6	11972.532434923305	1.7350144509636809e6
0.11810404499241758	0.12056566486725966	0.11933485492983861	694.1315250971729	1.575654147484652e6	12666.663960020478	1.7254512898046344e6
0.12056566486725963	0.12307651713959854	0.12182109100342908	733.0903761163063	1.5655471404021918e6	13399.754336136784	1.7158630938895822e6
0.12307651713959855	0.12563758645738424	0.1243570517984914	777.8417754167531	1.5628017263671728e6	14177.596111553537	1.7066923279980978e6
0.12563758645738424	0.12824987716152564	0.12694373180945495	822.1185916076756	1.554050947513492e6	14999.714703161213	1.6975536785279408e6
0.12824987716152564	0.13091441367974987	0.12958214542063776	868.4221216147489	1.5445205926135096e6	15868.136824775962	1.6883984011556543e6
0.13091441367974987	0.13363224092833859	0.13227332730404423	917.3279777951775	1.5350873445302842e6	16785.46480257114	1.6792331860626894e6
0.13363224092833859	0.13640442472189906	0.13501833282511883	968.9857782565196	1.5257549232172505e6	17754.45058082766	1.6700645335449113e6
0.13640442472189906	0.13923205219133075	0.1378182384566149	1026.892996272487	1.5214739190199547e6	18781.343577100146	1.6611940810170786e6
0.1392320521913308	0.14211623221015113	0.14067414220074098	1086.6456900456324	1.514997687371081e6	19867.98926714578	1.6524725448234288e6
0.1421162322101511	0.14505809582934784	0.14358716401974947	1148.1250955634387	1.5062962076250091e6	21016.114362709217	1.6437580668484543e6
0.14505809582934784	0.1480587967209285	0.14655844627513817	1213.1204839467318	1.4977333111101862e6	22229.23484665595	1.6350583587795014e6
0.1480587967209285	0.1511195116303408	0.14958915417563465	1281.843049498315	1.4893156242967122e6	23511.077896154264	1.6263810552880343e6
0.1511195116303408	0.1542414408379413	0.15268047623414105	1356.2966039523744	1.482994759634028e6	24867.374500106638	1.6178494476751904e6
0.1542414408379413	0.15742580862969385	0.15583362473381757	1437.8590765510344	1.479604963484244e6	26305.233576657673	1.6096288773579523e6
0.15742580862969385	0.16067386377728143	0.15904983620348764	1519.847099675997	1.4719230126347814e6	27825.08067633367	1.6014453051478295e6
0.16067386377728143	0.16398688002782077	0.16233037190255112	1606.6456061817807	1.4644414701052948e6	29431.72628251545	1.5933082946312572e6
0.16398688002782077	0.1673661566033709	0.16567651831559582	1698.563419427377	1.4571732492944954e6	31130.289701942827	1.5852275947252673e6
0.1673661566033709	0.17081301871043203	0.16908958765690146	1795.9568238101128	1.4501514100200236e6	32926.24652575294	1.5772143240113528e6
0.170813018710432	0.17432881805963435	0.1725709183850332	1904.727588454858	1.447600367928292e6	34830.9741142078	1.5695293962851742e6
0.17432881805963435	0.17791493339582073	0.17612187572772753	2016.905179931171	1.4428120326482547e6	36847.87929413897	1.5620203282682507e6
0.17791493339582073	0.18157277103873085	0.1797438522172758	2133.8468994284267	1.4368316609567557e6	38981.726193567396	1.554605832711386e6
0.18157277103873087	0.1853037654344992	0.18343826823661502	2258.041526243549	1.4312075177471659e6	41239.767719810945	1.5473012198691105e6
0.18530376543449914	0.1891093797181828	0.187206572576341	2390.068740400544	1.4259970247790073e6	43629.83646021149	1.54012427230677e6
0.18910937971818284	0.19299110628754018	0.1910502430028615	2530.562388513048	1.421255360814201e6	46160.39884872454	1.533094961885137e6
0.19299110628754018	0.19695046738828467	0.1949707868379124	2689.0610401634913	1.421712137491445e6	48849.45988888803	1.5265116025712204e6
0.19695046738828464	0.20098901571104402	0.19896974154966435	2850.365695844419	1.4186538905662883e6	51699.82558473245	1.5201396908079286e6
0.20098901571104408	0.20510833500025866	0.20304867535565135	3022.347335637416	1.4160997207792255e6	54722.17292036986	1.5139962423713212e6
0.20510833500025863	0.2093100406752575	0.20720918783775805	3207.088519511366	1.4146290034472304e6	57929.26143988123	1.5081314476444093e6
0.2093100406752575	0.21359578046375632	0.2114529105695069	3406.9532619551537	1.41477804278392e6	61336.21470183638	1.5026241137058118e6
0.21359578046375632	0.21796723504802512	0.21578150775589072	3627.834323166724	1.4183006784723045e6	64964.04902500311	1.4976517238602303e6
0.21796723504802512	0.2224261187239793	0.2201966768860022	3878.4429753165387	1.4275293400725883e6	68842.49200031965	1.4935185556670586e6
0.22242611872397927	0.22697418007345255	0.2247001493987159	4132.891547097039	1.4321756371813146e6	72975.38354741668	1.4899044222171428e6
0.22697418007345255	0.23161320264991528	0.22929369136168393	4397.4544882585615	1.4347161188239057e6	77372.83803567525	1.4866542687056877e6
0.23161320264991528	0.23634500567790726	0.23397910416391127	4673.078787405888	1.4354816080570754e6	82045.91682308113	1.483641848366921e6
0.23634500567790728	0.2411714447664591	0.2387582252221832	4959.512199827004	1.434401717543465e6	87005.42902290814	1.4807443640103417e6
0.24117144476645908	0.24609441263678192	0.2436329287016205	5260.376272994181	1.4324952690896944e6	92265.80529590232	1.4779063213781014e6
0.24609441263678195	0.25111583986451125	0.2486051262506466	5580.257964772172	1.4308111466671e6	97846.06326067449	1.47513722902496e6
0.25111583986451125	0.25623769563679516	0.2536767677506532	5915.745684513604	1.4282233941277913e6	103761.8089451881	1.472379849040239e6
0.2562376956367951	0.2614619885245247	0.25884984208065986	6256.735103461557	1.4223282530795746e6	110018.54404864965	1.4694391432775757e6
0.2614619885245247	0.26679076727000883	0.2641263778972668	6616.419261495059	1.4162736744594495e6	116634.96331014471	1.466316628623979e6
0.26679076727000883	0.27222612159040266	0.2695084444302057	6983.362079531929	1.4075614418083276e6	123618.32538967664	1.46286705503865e6
0.2722261215904027	0.2777701829972044	0.27499815229380353	7378.744657009578	1.4004587612020762e6	130997.07004668622	1.4592042906550136e6
0.2777701829972044	0.28342512563214217	0.2805976543146733	7773.3024959464965	1.3892638322186351e6	138770.37254263271	1.455100873584306e6
0.28342512563214217	0.28919316711977866	0.2863091463759604	8204.363520008774	1.3807705721150353e6	146974.7360626415	1.4507413746601695e6
0.28919316711977866	0.29507656943716787	0.29213486827847324	8668.676581812499	1.3738297548164255e6	155643.412644454	1.446231971615039e6
0.2950765694371678	0.3010776398009048	0.2980771046190363	9095.537793422001	1.3574314056012838e6	164738.950437876	1.4410271948641085e6
0.30107763980090485	0.3071987315719166	0.3041381856864107	9583.701147706539	1.346908044386191e6	174322.65158558253	1.435512436976269e6
0.30719873157191663	0.3134422451783486	0.3103204883751326	10085.06769426103	1.3347635586679708e6	184407.71927984356	1.4296110580930447e6
0.31344224517834857	0.31981062905690916	0.31662643711762883	10594.617396009999	1.3204963062256358e6	195002.33667585356	1.4232215964680745e6
0.3198106290569092	0.326306380613041	0.3230585048349751	11124.718033399986	1.305788239978191e6	206127.05470925354	1.4163470757411688e6
0.326306380613041	0.33293204720029546	0.32961921390666826	11695.98302782941	1.2928782403629613e6	217823.03773708295	1.409121357182456e6
0.3329320472002955	0.33969022711929503	0.33631113715979527	12316.093207580241	1.2821423347053393e6	230139.1309446632	1.4016923472398215e6
0.33969022711929503	0.34658357063667455	0.3431368988779848	12860.210217592772	1.2608366744599931e6	242999.34116225597	1.3934537920960744e6
0.3465835706366745	0.35361478102440164	0.35009917583053807	13527.965240652498	1.2490957982532182e6	256527.30640290846	1.3850127176702877e6
0.35361478102440164	0.3607866156198833	0.35720069832214246	14151.018100875837	1.230575799200583e6	270678.3245037843	1.3759847378164076e6
0.3607866156198833	0.3681018869072746	0.36444425126357893	14874.321611596097	1.21820415808725e6	285552.6461153804	1.366763740467894e6
0.36810188690727463	0.37556346362041376	0.3718326752638442	15489.0838095402	1.1947459893046338e6	301041.7299249206	1.3567133068883314e6
0.3755634636204137	0.3831742718678156	0.37936886774411466	16282.002194726141	1.1828487690184605e6	317323.73211964674	1.346557557728926e6
0.38317427186781555	0.3909372962801655	0.38705578407399055	17098.081742538838	1.1698896293828082e6	334421.8138621856	1.3362406323388105e6
0.39093729628016555	0.3988555811807625	0.394896438730464	17769.620069736964	1.1451336305129044e6	352191.43393192254	1.325083233900357e6
0.3988555811807624	0.40693223177937127	0.40289390648006684	18596.130496005528	1.1287180857481097e6	370787.56442792807	1.313621597406426e6
0.40693223177937127	0.4151704153899523	0.4110513235846618	19447.813220284763	1.1117901062477701e6	390235.37764821283	1.3018436640204494e6
0.4151704153899523	0.4235733626727449	0.4193718890313486	20324.57201079873	1.094376464509927e6	410559.94965901156	1.2897396455528664e6
0.423573362672745	0.43214436890119345	0.4278588657869692	21227.72824077832	1.0765798579421323e6	431787.6778997899	1.277306318329189e6
0.4321443689011934	0.4408867952542109	0.43651558207770214	22160.509675898124	1.0585804752576535e6	453948.187575688	1.2645511533619384e6
0.4408867952542108	0.44980407013428864	0.44534543269424975	23129.51718311163	1.0406771851199603e6	477077.70475879963	1.2514986029592438e6
0.4498040701342887	0.45889969051196805	0.45435188032312834	24140.888698401803	1.0230854321019809e6	501218.59345720144	1.2381842338646431e6
0.4588996905119681	0.468177223297201	0.46353845690458456	25214.67215858196	1.0065258319678443e6	526433.2656157834	1.2246835116166514e6
0.4681772232972011	0.4776403067381387	0.4729087650176699	26343.78912448953	990527.3912164812	552777.0547402729	1.2110400130208177e6
0.47764030673813856	0.4872926518478949	0.4824664792930167	27452.386250988813	972273.8837560405	580229.4409912617	1.1971306896913145e6
0.48729265184789494	0.4971380438598464	0.49221534785387067	28139.23074563057	938738.3525127354	608368.6717368923	1.1820809952366352e6
0.49713804385984633	0.5071803437120368	0.5021591937859415	29655.89876140689	931903.0457784678	638024.5704982992	1.1675125388714098e6
0.5071803437120368	0.517423489561271	0.5123019166366539	31026.63482259703	918385.5125806235	669051.2053208962	1.1530080154694677e6
0.5174234895612712	0.5278714983274901	0.5226474939443806	32179.17893812142	897220.8538046292	701230.3842590177	1.1381184819248824e6
0.5278714983274901	0.5385284672690335	0.5331999827982619	33078.75204056734	868782.0550815405	734309.136299585	1.1224430771926404e6
0.5385284672690335	0.5493985755894076	0.5439635214292206	34921.25177189056	863956.8690800867	769230.3880714756	1.1074018275301927e6
0.5493985755894077	0.5604860860761894	0.5549423308327985	36114.07764549961	841632.4373546023	805344.4657169752	1.0919394630845604e6
0.5604860860761894	0.5717953467727067	0.5661407164244481	37267.3185018925	818127.2226456548	842611.7842188677	1.076011886555005e6
0.5717953467727067	0.5833307926831544	0.5775630697279306	39426.57787681569	815326.5097610877	882038.3620956833	1.0608504318377674e6
0.5833307926831544	0.595096947511811	0.5892138700974827	39979.400078952545	778809.9566233433	922017.7621746359	1.0444496542752499e6
0.5950969475118111	0.6070984254370408	0.601097686474426	42345.03300520941	777057.8303855202	964362.7951798453	1.028903200877585e6
0.6070984254370407	0.619339932920775	0.6132191791789079	43327.883365268935	748991.3910007287	1.0076906785451142e6	1.0126313853312685e6
0.619339932920775	0.631826270554184	0.6255831017374796	45440.48692512687	739969.1304695868	1.053131165470241e6	996783.4478792989
0.631826270554184	0.6445623349402613	0.6381943027472227	46755.18046348379	717239.7800709036	1.099886345933725e6	980538.0015737095
0.6445623349402613	0.65755312061406	0.6510577277771606	48829.352670295164	705638.5194212307	1.14871569860402e6	964564.8184835433
0.65755312061406	0.6708037220013348	0.6641784213076973	50179.23428263073	683116.3007712826	1.1988949328866508e6	948213.4785787845
0.6708037220013346	0.6843193354163548	0.6775615287088448	52642.04415995092	675111.0885977829	1.2515369770466017e6	932349.2864126607
0.6843193354163548	0.6981052610996754	0.6912122982580151	53635.241944015725	647988.2601237542	1.3051722189906174e6	915833.4019104142
0.6981052610996754	0.7121669052966624	0.7051360831981689	56898.868501417805	647585.9106294945	1.3620710874920352e6	900255.5369573134
0.7121669052966624	0.7265097823775891	0.7193383438371257	57226.964710931294	613583.6263172543	1.4192980522029665e6	883609.9512055642
0.7265097823775891	0.7411395170001344	0.7338246496888617	61622.97298413003	622439.8059113673	1.4809210251870966e6	868447.120040109
0.7411395170001344	0.7560618463151305	0.7486006816576325	61000.34415460052	580458.2449547998	1.541921369341697e6	851729.4235838982
0.7560618463151304	0.7712826222164265	0.7636722342657785	64071.98623177968	574371.8586208295	1.6059933555734768e6	835630.9091527605
0.7712826222164265	0.7868078136357485	0.7790452179260875	67604.89966534241	570941.5372011842	1.6735982552388192e6	820269.5927612913
0.7868078136357485	0.8026435088834569	0.7947256612596028	67802.32165392418	539446.9272193549	1.7414005768927434e6	803973.9574829005
0.8026435088834569	0.8187959180361195	0.8107197134597882	71441.04952414706	535481.9327813993	1.8128416264168904e6	788395.7035879178
0.8187959180361196	0.8352713753718355	0.8270336467039776	74086.73772967071	523157.444317728	1.8869283641465611e6	773008.0349086705
0.8352713753718353	0.8520763418542654	0.8436738586130503	74984.92875655438	498841.8996290919	1.9619132929031155e6	757104.2410389
0.8520763418542654	0.8692174076663441	0.8606468747603048	78940.35519809299	494751.4117348413	2.0408536481012085e6	741887.420066944
0.8692174076663441	0.8867012947946644	0.8779593512305043	81663.93250582158	482191.17877602304	2.12251758060703e6	726826.3421599298
0.8867012947946645	0.9045348596655512	0.8956180772301079	82499.05713110557	458924.1417051389	2.2050166377381356e6	711291.0356552358
0.9045348596655511	0.9227250958338555	0.9136299777497033	86353.34106609458	452559.7392460569	2.29136997880423e6	696289.1245514763
0.9227250958338556	0.9412791367255261	0.9320021162796909	90785.10287895845	448247.70703835244	2.3821550816831887e6	681908.5310400912
0.9412791367255261	0.96020425843503	0.950741697580278	90385.67274847673	420447.3567408042	2.4725407544316654e6	666751.4461370483
0.9602042584350299	0.9795078825787238	0.9698560705068768	94062.56291568978	412229.60371437395	2.566603317347355e6	651998.10875763
0.9795078825787238	0.9991975792052916	0.9893527308920077	99366.4963500672	410274.42009139253	2.6659698136974224e6	637987.9834177692
0.9991975792052917	1.0192810697643908	1.0092393244848412	100695.05629550572	391702.57700884424	2.766664869992928e6	623714.8306541719
1.0192810697643908	1.039766230134672	1.0295236499495313	102379.647109563	375212.59857716045	2.869044517102491e6	609314.5559774115
1.039766230134672	1.0606610937123586	1.0502136619235154	106401.85619515693	367392.3824203692	2.975446373297648e6	595296.8738535166
1.0606610937123588	1.0819738545615993	1.071317474136979	112344.58694630908	365470.11972432194	3.087790960243957e6	581981.2367246349
1.0819738545615993	1.1037128706278245	1.0928433625947118	113218.30569468997	347005.80931369116	3.201009265938647e6	568368.5006666261
1.1037128706278245	1.1258866670153744	1.1147997688215994	115089.01910011796	332334.8697248691	3.316098285038765e6	554695.6450815571
1.1258866670153742	1.148503939330675	1.1371953031730246	119237.11600652337	324397.08425354084	3.4353354010452884e6	541356.1414868342
1.1485039393306753	1.171573557092282	1.1600387482114787	124195.05261955131	318342.57727847376	3.5595304536648397e6	528439.679966594
1.171573557092282	1.195104567209121	1.1833390621507016	130171.00823101215	314362.78074301785	3.689701461895852e6	516041.8229044494
1.195104567209121	1.2191061975282966	1.2071053823687088	128636.0993268718	292689.7912705685	3.8183375612227237e6	503107.84936617827
1.2191061975282966	1.2435878604538557	1.2313470289910762	132805.6618877221	284702.03596504306	3.951143223110446e6	490461.29601053864
1.243587860453856	1.2685591566379264	1.2560735085458912	137323.73783796793	277364.1011362105	4.0884669609484137e6	478123.0815150644
1.268559156637926	1.2940298787456777	1.2812945176918018	142604.04382907366	271374.15368433704	4.231071004777487e6	466153.3308721233
1.2940298787456779	1.3200100152955847	1.3070199470206312	150031.9400540786	269000.8803313784	4.381102944831566e6	454740.0129428559
1.3200100152955847	1.3465097545764897	1.3332598849360373	147389.48815452587	248983.81888622048	4.528492432986092e6	442829.4802984945
1.3465097545764895	1.3735394886430126	1.360024621609751	151802.48190198094	241612.49969423152	4.680294914888073e6	431182.5348050583
1.3735394886430126	1.401109817390866	1.3873246530169392	156441.91822468396	234601.5207976962	4.836736833112757e6	419804.72309000284
1.401109817390866	1.4292315527136765	1.4151706850522712	161436.6999035133	228096.3587048342	4.99817353301627e6	408709.69042665913
1.4292315527136763	1.457915722742943	1.4435736377283095	167233.15675987862	222627.1166670745	5.165406689776149e6	397940.9685068796
1.4579157227429431	1.487173576172795	1.4725446494578691	175607.3170522442	220261.73337836657	5.341014006828393e6	387659.2279557813
1.487173576172795	1.5170165866712442	1.5020950814220195	172224.04072415363	203531.7400182414	5.5132380475525465e6	377005.03249737277
1.5170165866712444	1.5474564573796623	1.5322365220254532	176984.03957100026	197067.7385485401	5.690222087123547e6	366593.9513062988
1.5474564573796623	1.5785051255022486	1.5629807914409555	181841.75086269714	190774.00721006698	5.872063837986244e6	356421.7266932007
1.5785051255022486	1.6101747669872868	1.5943399462447676	186915.52220181283	184763.51791303625	6.058979360188057e6	346490.88490017387
1.6101747669872866	1.6424778013020254	1.626326284144656	192288.28711462207	179089.45221592626	6.251267647302679e6	336806.8831760834
1.6424778013020256	1.6754268963030592	1.6589523488025424	198286.6469664527	174003.51231568083	6.4495542942691315e6	327389.4230856681
1.6754268963030592	1.7090349732041135	1.6922309347535864	207626.52522407565	171670.5407440622	6.657180819493207e6	318382.28379261284
1.709034973204113	1.7433152116431883	1.7261750924236505	207003.8125488935	161265.20826703767	6.864184632042101e6	309294.7784136728
1.7433152116431885	1.7782810548510453	1.7607981332471168	209259.26776009332	153602.19501093766	7.073443899802194e6	300290.15841653635
1.7782810548510457	1.8139462149230596	1.7961136348870528	214422.2536987057	148297.53270920677	7.2878661535009e6	291500.0016192005
1.8139462149230594	1.8503246781965137	1.8321354465597866	219698.3195246784	143167.0575421931	7.507564473025578e6	282921.9467534377
1.8503246781965135	1.8874307107354367	1.868877694465975	225057.46564489882	138185.67074795536	7.732621938670477e6	274552.31893332856
1.887430710735437	1.9252788639251386	1.9063547873302877	230635.98261219636	133429.1697765746	7.963257921282673e6	266392.04004844575
1.9252788639251386	1.9638839801786343	1.9445814220518864	236339.9436514983	128829.66297249535	8.199597864934172e6	258438.05377870612
1.9638839801786343	2.0032611987571998	1.983572589467917	242438.29436061624	124519.0678076659	8.442036159294788e6	250695.10895717685
2.0032611987571998	2.0434259617073365	2.023343580232268	249228.520889109	120611.61575215879	8.691264680183897e6	243174.28426220623
2.0434259617073365	2.084394019916476	2.063909990811906	261964.90202969126	119451.63497059477	8.953229582213588e6	236021.54891518582
2.084394019916476	2.1261814392897986	2.1052877296031376	255229.4410157632	109657.45871151524	9.208459023229351e6	228716.44008986847
2.126181439289799	2.1688046070505878	2.1474930231701936	260768.12757816352	105565.28904909379	9.469227150807515e6	221597.39158251233
2.1688046070505878	2.2122802381665925	2.19054242260859	266401.5346396193	101616.2984758364	9.735628685447134e6	214661.90179426788
2.212280238166592	2.2566253819049167	2.234452810035754	272076.28663342074	97786.32664456805	1.0007704972080555e7	207906.2181331029
2.256625381904917	2.3018574285180082	2.2792414052114625	277763.2329660896	94064.06675312638	1.0285468205046644e7	201326.1524390759
2.3018574285180082	2.347994116063361	2.3249257722906846	283559.94829612784	90480.74725565394	1.0569028153342772e7	194919.56462986086
2.347994116063361	2.395053537359621	2.371523826711491	289310.78456864133	86983.91315551956	1.0858338937911414e7	188681.40746601083
2.395053537359621	2.4430541470818063	2.4190538422207135	295168.4639932662	83619.58700097373	1.115350740190468e7	182609.5863017834
2.4430541470818063	2.4920147689984353	2.467534458040121	301085.2772394512	80369.6411418095	1.1454592679144131e7	176701.08067687345
2.4920147689984353	2.5419546033533966	2.516984686175916	307093.2952014003	77239.23778150309	1.1761685974345531e7	170953.34382037213
2.5419546033533966	2.5928932343954574	2.567423918874427	313126.2395992838	74208.37426842214	1.2074812213944815e7	165362.82100022954
2.5928932343954574	2.6448506380583594	2.6188719362269084	319214.2251409441	71282.37528963575	1.239402643908576e7	159926.471409685
2.644850638058359	2.6978471897945187	2.6713489139264386	325428.69630127586	68473.55763875414	1.2719455135387035e7	154642.14238851998
2.697847189794519	2.751903672565402	2.7248754311799606	331607.0087586362	65744.36021153172	1.3051062144145671e7	149505.63601583822
2.7519036725654016	2.807041284991702	2.779472478778552	338012.78733929247	63144.61385396453	1.3389074931484964e7	144515.87687022166
2.8070412849917026	2.863281649666529	2.835161467329116	344554.75409476086	60649.94594277013	1.3733629685579725e7	139670.44399675462
2.8632816496665288	2.920646821634852	2.8919642356506903	351468.3937626239	58294.56115219309	1.4085098079342349e7	134969.03305534754
2.920646821634852	2.9791592970425413	2.9499030593386966	359690.38175532036	56213.51750062457	1.4444788461097669e7	130419.16025470392
2.979159297042542	3.038842021958385	3.0090006595004635	366745.41105371714	54006.66716884409	1.4811533872151386e7	126004.79056180184
3.038842021958385	3.099718401372545	3.069280211665465	365396.60361807235	50701.23185395221	1.5176930475769458e7	121654.62123433765
3.099718401372545	3.1618123083749885	3.130765354873767	371560.9616004247	48579.825734051614	1.5548491437369883e7	117433.33435689326
3.161812308374988	3.2251480935174803	3.193480200946234	377710.0044110231	46532.54160264849	1.5926201441780906e7	113337.7562658177
3.2251480935174803	3.2897505943628222	3.2574493439401513	383804.7434434481	44553.47340501549	1.6310006185224354e7	109364.55602915703
3.2897505943628227	3.3556451452250715	3.322697869793947	389944.3814023845	42652.781831313485	1.6699950566626739e7	105511.1825705218
3.355645145225072	3.422857587104566	3.389251366164819	396097.5961453058	40824.500198273985	1.7096048162772045e7	101774.88800267309
3.422857587104566	3.4914142778216495	3.4571359324631077	402306.56292553246	39070.616460273006	1.7498354725697577e7	98153.19844805317
3.491414277821649	3.5613421023530742	3.5263781900873616	408488.5588555932	37380.75001359192	1.790684328455317e7	94643.18380090126
3.5613421023530742	3.632668483375128	3.597005292864101	414644.0964030102	35753.54006829584	1.832148738095618e7	91242.00505242849
3.6326684833751277	3.7054213920176227	3.669044937696375	420819.8434960246	34191.306339082155	1.8742307224452205e7	87947.12156757856
3.705421392017622	3.779629358832967	3.7425253754252945	427028.21462044865	32692.824100077865	1.9169335439072654e7	84756.06910941435
3.7796293588329672	3.8553214849846187	3.817475421908793	433271.5647977367	31255.963556256636	1.960260700387039e7	81666.40313817526
3.855321484984619	3.932527453659304	3.8939244693219615	439447.133310765	29871.471826562924	2.0042054137181155e7	78675.28630693912
3.9325274536593033	4.011277541707481	3.9719024976833923	445614.30706063285	28542.15955540191	2.048766844424179e7	75780.20781400667
4.011277541707481	4.091602631516623	4.051440086612052	451826.42462936044	27269.51884717903	2.093949486887115e7	72978.88836134593
4.091602631516623	4.173534223121948	4.132568427319285	458044.70254418254	26049.0732624499	2.139753957141533e7	70268.92209935113
4.173534223121948	4.257104446559379	4.215319334840663	464318.7307298966	24881.673712199936	2.1861858302145228e7	67648.09155693362
4.257104446559379	4.342346074465558	4.299725260512469	470608.20616845787	23763.054287031442	2.2332466508313686e7	65114.06127894441
4.342346074465559	4.429292534929862	4.38581930469771	476768.04860926047	22684.52443441921	2.2809234556922946e7	62664.12915535775
4.4292925349298615	4.517977924603451	4.473635229766656	482980.55578351393	21653.7112944065	2.329221511270646e7	60296.18979668354
4.51797792460345	4.608437022070511	4.5632074733369805	489189.48846526816	20666.186767124942	2.378140460117173e7	58008.003965121046
4.608437022070511	4.700705301486913	4.654571161778712	477369.0700839497	19002.835995605496	2.4258773671255678e7	55755.94205996586
4.700705301486913	4.794818946491643	4.747762123989277	493126.2149063349	18497.09422517421	2.4751899886162013e7	53604.75213587891
4.794818946491643	4.890814864396467	4.842816905444055	500671.88881202415	17696.209793517693	2.5252571774974037e7	51531.56528513937
4.890814864396468	4.988730700659389	4.939772782527928	507448.55570426956	16900.55839324218	2.5760020330678307e7	49532.176304297194
4.988730700659389	5.088604853647568	5.038667777153478	513931.81280779094	16128.60704568302	2.6273952143486097e7	47603.68927276062
5.088604853647569	5.190476489695512	5.13954067167154	520292.4196342081	15385.850941621917	2.6794244563120306e7	45743.692966696064
5.190476489695511	5.294385558464413	5.242431024079962	526559.5154667124	14672.512241166984	2.7320804078587018e7	43949.928416120856
5.294385558464413	5.400372808608692	5.347379183536552	532744.3455589525	13988.114571770217	2.785354842414597e7	42220.23977062279
5.400372808608693	5.508479803755858	5.454426306182276	538877.7811260298	13332.581378468109	2.8392426205272e7	40552.59141304311
5.508479803755859	5.618748938805967	5.563614371280913	544973.278985709	12705.247207948387	2.893739948425771e7	38945.02700796471
5.618748938805966	5.731223456557077	5.6749861976815215	551030.5657580495	12105.085214163382	2.948843005001576e7	37395.64405145376
5.7312234565570765	5.845947464663209	5.788585460610143	557064.4415189289	11531.40293407684	3.0045494491534688e7	35902.6100567208
5.845947464663211	5.962965952931467	5.904456708797339	563138.2483974546	10984.406032423132	3.0608632739932142e7	34464.21034657662
5.962965952931466	6.082324810965086	6.022645381948276	569159.0566651896	10461.171759050874	3.117779179659733e7	33078.660655814434
6.082324810965086	6.204070846159379	6.143197828562233	575206.8429892659	9962.220202706556	3.1752998639586598e7	31744.30987863078
6.20407084615938	6.328251802057558	6.266161324108468	581241.5641249344	9485.810473615591	3.2334240203711532e7	30459.50186083716
6.328251802057558	6.4549163770737	6.3915840895656295	587225.5718322918	9030.435562516896	3.2921465775543824e7	29222.589186994777
6.454916377073701	6.584114243590166	6.519515310331934	593185.1896804534	8595.680438747946	3.3514650965224277e7	28031.995700613683
6.584114243590165	6.71589606743696	6.650005155513563	599135.7317033596	8180.910981574668	3.411378669692764e7	26886.199737013765
6.715896067436961	6.850313527760691	6.783104797598826	605078.032512173	7785.285989520511	3.471886472943981e7	25783.71901864931
6.85031352776069	6.987419337290895	6.9188664325257925	592191.5681532025	7179.800768407196	3.531105629759301e7	24709.9392499013
6.987419337290895	7.127267263011704	7.057343300151299	591626.31777215	6759.038072502208	3.590268261536516e7	23673.864463150352
7.127267263011705	7.269912147246929	7.198589705129317	606579.581380263	6529.992305635911	3.6509262196745425e7	22684.382368797647
7.269912147246929	7.4154099291668585	7.342661038206893	615170.1716729999	6240.334388216661	3.7124432368418425e7	21735.30407491202
7.415409929166858	7.5638176667251855	7.489613797946022	622521.5495286584	5950.52006182529	3.774695391794708e7	20824.28735667552
7.5638176667251855	7.71519355903468	7.639505612879933	629154.6239263415	5666.907117044974	3.8376108541873425e7	19949.492227686304
7.715193559034678	7.869596969190362	7.79239526411252	635372.7682570592	5392.692895737089	3.9011481310130484e7	19109.36952445709
7.869596969190363	8.027088447549161	7.948342708369762	641318.5269842818	5129.080145555316	3.9652799837114766e7	18302.5289911186
8.027088447549161	8.187729755475134	8.107409101512147	647438.9632500261	4879.253156038807	4.030023880036479e7	17527.84445678051
8.187729755475134	8.351583889559627	8.26965682251738	653442.0937681273	4640.349133447361	4.095368089413292e7	16784.08959441719
8.351583889559627	8.51871510632581	8.435149497942719	659357.5396316871	4412.185486226757	4.161303843376461e7	16070.09837963953
8.51871510632581	8.689188947427317	8.603952026876563	665189.4917891622	4194.378333011055	4.227822792555377e7	15384.749989170512
8.689188947427317	8.863072265350853	8.776130606389085	654931.0199267343	3891.4138070667263	4.29331589454805e7	14721.476292456045
8.863072265350853	9.04043324963286	8.951752757491857	637669.6692522988	3570.240249615771	4.35708286147328e7	14077.951939962466
9.04043324963286	9.221341453600507	9.130887351616684	660420.4951759577	3484.273518474862	4.423124910990876e7	13466.610032661161
9.221341453600507	9.405867821647508	9.313604637624007	670328.2492300421	3332.4943486832726	4.49015773591388e7	12881.79472154936
9.405867821647508	9.594084717055448	9.499976269351478	677924.9935404882	3175.8057399160352	4.557950235267929e7	12321.69126359311
9.594084717055447	9.786065950371546	9.690075333713496	684518.5667650998	3021.6772764253647	4.626402091944439e7	11785.020753635012
9.786065950371546	9.981886808353966	9.883976379362757	690691.3131851405	2873.0129118938903	4.695471223262953e7	11270.74571625009
9.981886808353966	10.181624083496034	10.081755445925001	696917.0357405916	2731.653273249706	4.765162926837012e7	10777.994803228712
10.181624083496034	10.385356104140945	10.28349009381849	702959.7586741522	2596.366726557268	4.835458902704428e7	10305.87591536107
10.385356104140945	10.593162765198754	10.48925943466985	708695.0065218285	2466.5287707535026	4.906328403356611e7	9853.512433423726
10.593162765198754	10.805125559477718	10.699144162338236	670542.5949095637	2199.0980211859055	4.973382662847567e7	9411.824340816884
10.805125559477718	11.021327609642261	10.91322658455999	686957.6580501571	2122.94991764726	5.042078428652583e7	8991.23298452339
11.021327609642261	11.241853700810095	11.131590655226178	702249.2659709305	2044.9975473631685	5.112303355249676e7	8590.416472032743
11.241853700810095	11.466790313801287	11.35432200730569	711239.3895289823	1951.682501956293	5.183427294202574e7	8207.346882905482
11.466790313801285	11.696225659052299	11.581507986426793	718281.3319828212	1857.291054297892	5.2552554274008565e7	7840.937715831639
11.6962256590523	11.930249711208337	11.813237685130318	724983.2372424826	1766.466960262089	5.327753751125105e7	7490.433149192372
11.930249711208337	12.168954244407493	12.049601977807914	731391.5334306657	1679.2671490693374	5.400892904468171e7	7155.12428515861
12.168954244407491	12.41243286827063	12.290693556339061	737436.0682563931	1595.4628242845488	5.4746365112938106e7	6834.329953284324
12.41243286827063	12.660781064611031	12.53660696644083	704440.6367059872	1436.1483489719428	5.545080574964409e7	6522.855463799321
12.66078106461103	12.914096224878238	12.787438644744633	705989.2351897359	1356.2685934756619	5.615679498483383e7	6224.746217602882
12.91409622487824	13.172477688350792	13.043286956614516	726665.6234036684	1315.452279176932	5.68834606082375e7	5941.484731575694
13.172477688350792	13.436026781092796	13.304252234721794	736682.0998395383	1256.6478312668573	5.7620142708077036e7	5671.176161388101
13.436026781092798	13.704846855689642	13.570436818391219	744209.985962607	1196.2503441036222	5.836435269403964e7	5412.98100687236
13.70484685568964	13.97904333177842	13.84194509373403	751279.9816249534	1137.9459597901332	5.9115632675664596e7	5166.320911235277
13.979043331778422	14.258723737388978	14.1188835345837	757723.4189517051	1081.4934482216665	5.9873356094616294e7	4930.636986603824
14.258723737388976	14.543997751111744	14.401360744250361	750586.2518002093	1009.5021990818943	6.06239423464165e7	4704.399221580078
14.543997751111744	14.834977245108966	14.689487498110356	701930.8595603704	889.5996414983888	6.132587320597687e7	4484.298128084387
14.834977245108968	15.131776328986135	14.98337678704755	741726.4964653552	885.8042735336652	6.206759970244223e7	4276.678485569429
15.131776328986136	15.434511394540847	15.283143861763492	753627.8551616371	848.0954782962699	6.2821227557603866e7	4078.863314289434
15.434511394540843	15.743301161406647	15.588906277973745	761716.0465545207	807.7460611197947	6.358294360415839e7	3890.134440615443
15.743301161406647	16.058266723609766	15.900783942508205	769197.5461619124	768.6235413070006	6.43521411503203e7	3710.0382805075765
16.05826672360977	16.37953159705695	16.218899160333358	775750.1629923582	730.4522335556467	6.512789131331266e7	3538.131525591145
16.37953159705695	16.707221767973074	16.54337668251501	724354.8231049851	642.7107452667949	6.585224613641764e7	3371.0816482948635
16.707221767973074	17.041465742307523	16.8743437551403	740648.77039624	619.2569250932033	6.659289490681388e7	3212.31738389899
17.041465742307526	17.382394596128663	17.211930169218093	760365.1882722154	599.0668013905505	6.73532600950861e7	3061.5488869165883
17.382394596128663	17.730142027026222	17.55626831157744	770396.3508260548	571.9549259193891	6.812365644591215e7	2917.91540743334
17.730142027026222	18.084844406541734	17.907493216783976	778499.74340716	544.6289443792533	6.890215618931931e7	2780.99285754905
18.08484440654173	18.44664083364755	18.265742620094642	785453.3972577453	517.7944825743448	6.968760958657706e7	2650.4223351588166
18.446640833647553	18.81567318929549	18.631157011471522	734339.9537375271	456.1723923232978	7.042194954031458e7	2523.830305617776
18.81567318929549	19.192086192056387	19.003879690675937	744976.2383677363	436.08303986863876	7.116692577868232e7	2403.3833069874304
19.192086192056387	19.5760274548725	19.38405682346444	767120.4039506316	423.14122061996284	7.193404618263295e7	2289.1391017923634
19.5760274548725	19.967647542944935	19.771837498908717	777550.9010646939	404.1529389032545	7.271159708369765e7	2180.390936534451
19.967647542944935	20.36710003277882	20.167373787861877	786147.5641448051	385.0491625309712	7.349774464784245e7	2076.8150098629535
20.367100032778815	20.774541572409376	20.570820802594096	793091.5306032449	366.04181828001134	7.42908361784457e7	1978.1184335572725
20.77454157240938	21.19013194283255	20.982336757620963	713685.9272743464	310.3915498767503	7.500452210572004e7	1881.905693893824
21.19013194283255	21.614034120664186	21.40208303174837	758814.165755704	310.98083917527424	7.576333627147575e7	1791.277963874232
21.61403412066419	22.046414342052458	21.830224231358322	774821.7540223747	299.22338471122663	7.653815802549812e7	1705.2006949971528
22.046414342052458	22.48744216786849	22.266928254960476	784680.680913344	285.55008117740425	7.732283870641147e7	1623.3007973164838
22.48744216786849	22.937290550200846	22.712366359034668	792449.5606237054	271.7419169977584	7.811528826703517e7	1545.3294556006763
22.937290550200842	23.396135900179843	23.166713225190342	727808.5499289632	235.17866016516948	7.884309681696413e7	1469.7472587600623
23.396135900179846	23.86415815715843	23.630147028669136	748960.8717462867	228.05296022999534	7.959205768871042e7	1398.114589080176
23.86415815715842	24.341540859276574	24.102849508217496	770613.0095456392	221.1102211560153	8.036267069825606e7	1330.2141185447877
24.341540859276574	24.828471215437087	24.58500603735683	781882.7736315131	211.402488593918	8.114455347188757e7	1265.6709956504678
24.82847121543709	25.325140178720815	25.076805697078953	790428.5084289312	201.38498323936142	8.19349819803165e7	1204.2736376026678
25.32514017872082	25.83174252127022	25.57844134999552	720484.3084135205	172.97570883230398	8.265546628873003e7	1144.779546471241
25.831742521270215	26.348476910670602	26.090109715970407	745113.8298743367	168.56965096766282	8.340058011860436e7	1088.4636131330549
26.348476910670605	26.875545987859	26.612011449264802	767072.4538172185	163.52696873982245	8.416765257242158e7	1035.1057425204247
26.875545987858995	27.413156446591156	27.144351217225076	778629.4506685436	156.4156217214779	8.494628202309012e7	984.4159280598682
27.41315644659116	27.961519114497964	27.68733778054456	787019.175859943	148.981030928999	8.573330119895007e7	936.2215861070873
27.961519114497964	28.520849035762904	28.241184075130434	693346.7807801664	123.67803823171899	8.642664797973023e7	889.3479544691944
28.52084903576291	29.09136555545315	28.80610729560803	746876.0745524615	125.54144273855474	8.71735240542827e7	845.285989933492
29.091365555453145	29.67329240553719	29.382328980495167	764256.4576499164	121.05262937168747	8.793778051193261e7	803.507032532999
29.67329240553719	30.266857792622915	29.970075099080052	775570.9062567651	115.7585876155362	8.871335141818938e7	763.8329137799841
30.266857792622922	30.87229448745036	30.56957614003664	720525.1311178952	101.33920659201772	8.943387654930727e7	725.6157849238048
30.872294487450354	31.48983991617434	31.181067201812347	717767.5612065941	95.12811817108634	9.015164411051387e7	689.2450941848753
31.489839916174343	32.11973625347281	31.804788084823578	749119.4780891538	93.55627773934339	9.090076358860302e7	654.881935243476
32.11973625347281	32.762230517517246	32.44098338549503	762944.2494082451	89.78658810998684	9.166370783801126e7	622.2837012974476
32.762230517517246	33.41757466684257	33.08990259217991	772280.7213705629	85.64277488453048	9.243598855938183e7	591.3269866925708
33.41757466684257	34.0860256991544	33.75180018299848	655942.7411197573	68.5454118646443	9.309193130050159e7	561.1698501620751
34.086025699154405	34.76784575211247	34.42693572563344	733028.6543267667	72.18224495692523	9.382495995482835e7	532.962229050833
34.767845752112464	35.46330220612969	35.11557397912108	749611.0582921505	69.55725595481036	9.45745710131205e7	506.2304350385224
35.4633022061297	36.17266778922727	35.81798499767848	760396.5331109166	66.48805906295	9.533496754623142e7	480.8637005694304
36.17266778922727	36.89622068398679	36.53444423660703	646903.7371966839	53.30160730966015	9.59818712834281e7	456.1996563498712
36.8962206839868	37.63424463664151	37.265232660314155	718175.5189507455	55.7607243647768	9.670004680237885e7	433.1002794996366
37.634244636641505	38.387029068349314	38.01063685249541	736450.6874001026	53.881377741555184	9.743649748977895e7	411.22503872050385
38.387029068349314	39.15486918869128	38.7709491285203	747663.9773252308	51.54644654363707	9.818416146710418e7	390.47703232304195
39.15486918869128	39.93806611144008	39.54646765006568	626365.5737143457	40.692788721219344	9.881052704081853e7	370.2998292556962
39.93806611144008	40.73692697264386	40.33749654204197	704938.9102972448	43.15572309055037	9.951546595111577e7	351.42866117831267
40.736926972643865	41.55176505107172	41.14434601185779	723003.5036433786	41.70851239148499	1.0023846945475915e8	333.56262859661007
41.55176505107172	42.38289989106813	41.96733247106992	680613.659091413	36.998352314434655	1.0091908311385056e8	316.4555245050612
42.38289989106812	43.23065742786446	42.80677865946629	647823.237104997	33.18453297391349	1.0156690635095556e8	300.11527118328104
43.23065742786446	44.09537011539672	43.66301377163059	693004.1622498631	33.45126422521422	1.0225991051320542e8	284.7330120963867
44.09537011539672	44.97737705667963	44.536373586038174	706086.6757610589	32.116798898995135	1.0296599718896648e8	270.1611182162254
44.977377056679636	45.8770241367882	45.42720059673392	621324.0919105113	26.63115556151052	1.03587321280877e8	256.11338477926284
45.8770241367882	46.79466415849894	46.33584414764357	643753.3181759715	26.00093210109328	1.0423107459905297e8	242.839651969896
46.79466415849895	47.7306569806439	47.26266056957142	673312.8847785741	25.626188560118294	1.0490438748383154e8	230.3100059284095
47.73065698064389	48.685369659231746	48.20801331993782	660511.6370963305	23.688919761233898	1.0556489912092787e8	218.39138981161324
48.685369659231746	49.65917659139136	49.17227312531155	572691.2351465076	19.35454857393751	1.0613759035607438e8	206.9102816312013
49.65917659139135	50.65245966219415	50.15581812679275	645289.806954354	20.55015376653483	1.0678288016302872e8	196.1604292241301
50.652459662194154	51.665608394413006	51.15903402830358	669056.0168484449	20.07800445574812	1.0745193617987716e8	186.00344701649263
51.66560839441301	52.69902010127625	52.18231424784463	522224.4898350686	14.767709064019314	1.0797416066971223e8	176.12605507510384
52.69902010127624	53.753100042276735	53.22606007177649	626588.3795030415	16.696909385632434	1.0860074904921527e8	166.92971954864765
53.753100042276735	54.82826158209724	54.29068081218699	590104.473070085	14.817691642229313	1.0919085352228536e8	158.1554722132332
54.82826158209724	55.92492635271416	55.3765939674057	552401.9561531544	13.070878493010404	1.0974325547843851e8	149.78660154392676
55.92492635271416	57.04352441874341	56.484225385728784	619444.8907783628	13.81179739131567	1.1036270036921687e8	141.9432215229448
57.04352441874342	58.184494446093254	57.614009432418335	520008.3042035252	10.925863915334626	1.108827086734204e8	134.3858125737812
58.184494446093254	59.348283873990084	58.76638916004167	573241.8361191005	11.349622058320259	1.114559505095395e8	127.28878897696039
59.348283873990084	60.53534909044485	59.94181648221747	620923.5790171623	11.5845646050764	1.1207687408855666e8	120.61470159182889
60.535349090444846	61.74615561122871	61.14075235083678	458123.2164654881	8.054191208898427	1.1253499730502215e8	114.12196116385833
61.74615561122872	62.981178262428266	62.363666936828494	590611.2385572046	9.784518069572542	1.1312560854357935e8	108.1035548586695
62.98117826242826	64.2409013666518	63.61103981454003	473044.00317788124	7.3847772440660835	1.1359865254675724e8	102.2938897224088
64.2409013666518	65.5258189329598	64.8833601498058	556751.6580439508	8.190219285306473	1.1415540420480119e8	96.86580558382919
65.5258189329598	66.83643485059396	66.18112689177687	490113.64967121184	6.794053881847292	1.146455178544724e8	91.67029800470941
66.83643485059396	68.1732630865808	67.50484896858738	519906.5221615881	6.791342896534311	1.1516542437663399e8	86.77432768033083
68.17326308658079	69.53682788728737	68.85504548693407	511894.1120304316	6.300989505675979	1.1567731848866442e8	82.13248775370465
69.53682788728739	70.9276639840081	70.23224593564774	476991.67876181006	5.532707089400969	1.1615431016742623e8	77.71408733465324
70.92766398400809	72.34631680266321	71.63699039333565	552288.5798226148	6.036583560915308	1.1670659874724884e8	73.57961745984491
72.34631680266322	73.79334267769146	73.06982974017734	414167.18613143265	4.265786766349098	1.1712076593338028e8	69.5814932103571
73.79334267769144	75.26930907022023	74.53132587395584	558055.9196501374	5.416259942391492	1.1767882185303041e8	65.88035247158854
75.26930907022025	76.77479479059961	76.02205193040993	385468.2902403474	3.5254031230897707	1.1806429014327076e8	62.28363602194905
76.7747947905996	78.31039022538656	77.54259250799308	547799.4056626707	4.721065804681059	1.1861208954893343e8	58.96335451453019
78.31039022538656	79.87669756886925	79.0935438971279	372930.01108534634	3.0286160733169094	1.1898501956001878e8	55.73697233422998
79.87669756886925	81.4743310592216	80.67551431404542	518384.1906040162	3.9670442980717096	1.195034037506228e8	52.750824943359675
81.47433105922158	83.10391721938097	82.28912413930128	380555.3779319227	2.744300088577467	1.1988395912855472e8	49.866396008303745
83.10391721938097	84.76609510274355	83.93500616106226	457496.6819164902	3.1088526566235606	1.203414558104712e8	47.16937484717095
84.76609510274358	86.4615165437734	85.61380582325849	421671.63407976925	2.700132352113613	1.2076312744455098e8	44.60434802835256
86.4615165437734	88.19084641362383	87.32618147869862	415005.76692417264	2.5041670219653023	1.2117813321147515e8	42.17597354249409
88.19084641362382	89.95476288087124	89.07280464724752	446230.6037120521	2.5372719971680335	1.216243638151872e8	39.88958177948654
89.95476288087124	91.75395767746362	90.85436027916742	378164.3704726845	2.026221017701258	1.2200252818565989e8	37.70559540434089
91.75395767746362	93.58913636998784	92.67154702372574	467528.6049807519	2.3605486028952245	1.2247005679064064e8	35.66686934806863
93.58913636998786	95.46101863636257	94.52507750317521	344594.92115981877	1.639502946688247	1.2281465171180046e8	33.704149989108664
95.46101863636258	97.37033854806478	96.41567859221368	488800.0494582653	2.1914580343647745	1.2330345176125872e8	31.886480415661072
97.37033854806477	99.31784485800101	98.34409170303289	314127.03276221454	1.3271066790796413	1.2361757879402094e8	30.12380049822913
99.31784485800102	101.304301294136	100.31107307606851	390439.94027784467	1.5543663415249012	1.2400801873429878e8	28.475902875395104
101.304301294136	103.33048685899367	102.31739407656482	404437.9616523385	1.517223980688832	1.2441245669595112e8	26.920915798253368
103.33048685899367	105.39719613514849	104.36384149707108	334016.82998099923	1.1807685898995288	1.2474647352593212e8	25.436215476912018
105.39719613514849	107.50523959682641	106.45121786598745	454990.46484553814	1.5156447156606374	1.2520146399077766e8	24.056470187413456
107.50523959682641	109.65544392773789	108.58034176228216	294113.36386682093	0.9232271363117815	1.2549557735464448e8	22.72213937032443
109.65544392773788	111.84865234526758	110.75204813650274	364401.4707175195	1.0778854957882384	1.25859978825362e8	21.4736948829226
111.84865234526758	114.08572493114788	112.96718863820773	387929.87198777497	1.0812956340144495	1.2624790869734977e8	20.29745860328101
114.0857249311479	116.36753896874579	115.22663194994684	301300.464441061	0.7913885487914124	1.2654920916179083e8	19.17234685194179
116.36753896874578	118.69498928709564	117.5312641279207	453936.2192220092	1.1235270837364337	1.2700314538101284e8	18.131290274744853
118.69498928709562	121.06898861181249	119.88198894945405	260135.98241248727	0.6067194281832254	1.2726328136342533e8	17.120473208973518
121.06898861181249	123.49046792302367	122.27972826741808	306117.58773112297	0.6727822630743424	1.2756939895115645e8	16.17177131437611
123.49046792302369	125.9603768204591	124.72542237174139	419545.6858958304	0.8688890062681979	1.2798894463705228e8	15.289102601784236
125.9603768204591	128.47968389584324	127.22003035815118	255566.8780578524	0.49875632413742355	1.2824451151511014e8	14.435997563780447
128.4796838958432	131.04937711273502	129.7645305042891	305525.9539555609	0.5618634415131761	1.285500374690657e8	13.635740106466704
131.04937711273502	133.67046419396465	132.35992065334983	393106.80488069355	0.6812273244786876	1.2894314427394639e8	12.88852678123769
133.67046419396468	136.3439730168189	135.00721860539178	246750.3002681136	0.4029378194827743	1.291898945742145e8	12.16836138976467
136.3439730168189	139.0709520161302	137.70746251647455	296219.26871711016	0.4558190843892403	1.2948611384293161e8	11.4927855941635
139.0709520161302	141.85247059542775	140.46171130577898	379901.70377984643	0.5508702382176793	1.2986601554671146e8	10.861659755336163
141.85247059542775	144.68961954631123	143.2710450708695	233561.36771856248	0.319137588622557	1.3009957691443002e8	10.253571185616355
144.68961954631123	147.58351147621238	146.1365655112618	277461.154628098	0.3572547664149439	1.3037703806905812e8	9.682755888953107
147.5835114762124	150.5352812447116	149.05939636046202	382463.7089147121	0.46405021637612004	1.3075950177797283e8	9.151025234880766
150.53528124471157	153.54608640858072	152.04068382664616	216653.12121719122	0.2477071904146917	1.3097615489919002e8	8.637486318800093
153.54608640858075	156.61710767572728	155.08159704215402	252412.2543129027	0.27194621971017185	1.3122856715350293e8	8.154966465305048
156.61710767572728	159.74954936821675	158.18332852197202	397852.39956760406	0.4039182819951027	1.3162641955307053e8	7.707890448079126
159.74954936821675	162.94463989455602	161.34709463138637	197218.6939110607	0.18867682347448336	1.3182363824698159e8	7.274186775049413
162.94463989455602	166.20363223142206	164.57413606298906	224982.36826001108	0.2028233357122913	1.320486206152416e8	6.866315068034887
166.20363223142203	169.5278044150254	167.86571832322372	281894.57624839246	0.23947221247043057	1.3233051519149e8	6.484083243139249
169.5278044150254	172.91846004230084	171.22313222866313	316218.67390838265	0.2531365749085999	1.3264673386539838e8	6.1246866460252924
172.91846004230084	176.37692878212178	174.6476944122113	197452.99309825897	0.14894642971699612	1.3284418685849664e8	5.7800103672489795
176.37692878212178	179.90456689673914	178.14074783943045	231021.91122826934	0.16421716410520035	1.330752087697249e8	5.456095741822174
179.90456689673914	183.50275777364885	181.703662335194	376090.93861047924	0.2519168715053316	1.3345129970833538e8	5.15592287360792
183.50275777364885	187.17291246809674	185.3378351208728	171207.7413687706	0.10806543366507178	1.3362250744970416e8	4.864766652051463
187.17291246809674	190.9164702564336	189.04469136226516	193210.14793747663	0.11491913889449601	1.3381571759764163e8	4.590799535398333
190.91647025643357	194.73489920053714	192.82568472848536	230995.8499072194	0.12946895534728498	1.3404671344754885e8	4.33347395607408
194.73489920053717	198.6296967235228	196.68229796203	342891.20780038834	0.18109933722338287	1.3438960465534925e8	4.093968799417157
198.6296967235228	202.60239019696817	200.6160434602455	161696.29003986716	0.08047474716361853	1.3455130094538912e8	3.8624742578557396
202.6023901969682	206.65453753988248	204.62846386842534	182808.0486626625	0.08573416855519408	1.3473410899405178e8	3.6446355638455725
206.65453753988243	210.78772782965498	208.7211326847687	219211.4508370459	0.09687705642656014	1.3495332044488883e8	3.4400043994297476
210.787727829655	215.00358192522302	212.89565487743903	332225.1188111603	0.13835321069807288	1.352855455637e8	3.2495685455751806
215.00358192522305	219.30375310270242	217.15366751396272	147874.2423618734	0.058029442169153546	1.3543341980606186e8	3.0654839257577797
219.30375310270236	223.6899277037313	221.49684040321682	166206.00291872025	0.061461288807643955	1.3559962580898058e8	2.892215134146442
223.6899277037313	228.16382579678083	225.92687675025607	195574.46022805572	0.06815005332129696	1.3579520026920864e8	2.7293261702922726
228.16382579678083	232.72720185169135	230.4455138242361	291770.4599163532	0.09580639286531267	1.36086970729125e8	2.5774277133854526
232.72720185169135	237.38184542770006	235.0545236396957	186069.13021788	0.05757402786317969	1.3627303985934287e8	2.432085448478026
237.38184542770009	242.12958187522898	239.75571365146453	145280.2882782817	0.0423602098762949	1.3641832014762115e8	2.294248898398713
242.12958187522898	246.97227305170844	244.55092746346872	166403.17723736167	0.04572062469938645	1.3658472332485852e8	2.164556474956693
246.97227305170844	251.9118180517175	249.44204555171297	206466.25848332047	0.05345628420225977	1.3679118958334184e8	2.042790786252529
251.91181805171752	256.95015395172675	254.43098600172215	285680.89020323753	0.06969955654091917	1.3707687047354507e8	1.9289853296097603
256.95015395172675	262.08925656973616	259.5197052607315	122336.80854359269	0.028125815445263908	1.3719920728208867e8	1.8193461496124796
262.08925656973616	267.33114124010575	264.71019890492096	136741.89455860853	0.029624342960844197	1.3733594917664728e8	1.7161172901298225
267.3311412401058	272.6778636038828	270.0045024219943	158115.87143790722	0.03227912581430027	1.3749406504808518e8	1.618995698153886
272.67786360388277	278.1315204149353	275.404692009409	201559.0684967935	0.03877464336720891	1.3769562411658198e8	1.5278506380611492
278.1315204149353	283.6942503622089	280.91288538857214	257955.39812645316	0.046761589705265484	1.3795357951470843e8	1.4424234103476246
283.6942503622089	289.36823490842795	286.53124263531845	108863.69478365779	0.018596315228812763	1.380624432094921e8	1.3602990029058202
289.36823490842795	295.15569914557136	292.2619670269996	121349.57075089216	0.01953355378651322	1.3818379278024298e8	1.282965503631837
295.15569914557136	301.05891266745766	298.1073059065145	139205.94930776954	0.02111543385801858	1.3832299872955075e8	1.210183758031455
301.05891266745766	307.0801904597817	304.0695515636197	171202.97834181786	0.024471057020901035	1.3849420170789257e8	1.141793531009971
307.08019045978165	313.22189380795214	310.1510421338669	282206.9451789856	0.03801091437672975	1.3877640865307155e8	1.078128934895179
313.2218938079522	319.48643122308613	316.3541625155192	91216.69416686893	0.01157748319927678	1.3886762534723842e8	1.0166117976918936
319.4864312230861	325.87625938652263	322.6813453048044	100762.99066236615	0.012051472011286615	1.389683883379008e8	0.9586702358647193
325.87625938652263	332.39388411322795	329.1350717498753	113441.94502469897	0.012785329755172256	1.390818302829255e8	0.9041130019392667
332.39388411322795	339.04186133446734	335.7178727238477	132407.8629615605	0.014062135323569704	1.3921423814588705e8	0.8527762071062807
339.04186133446734	345.82279810013154	342.43232971729947	170591.55383446813	0.01707238728038523	1.3938482969972152e8	0.8045740817629184
345.8227981001316	352.7393536011091	349.28107585062037	238828.72342821956	0.02252280742185879	1.3962365842314973e8	0.7594665661229925
352.73935360110903	359.79424021210605	356.2667969066075	77158.31548163295	0.006856744167953478	1.3970081673863137e8	0.7160571999831923
359.7942402121061	366.99022455532304	363.3922323837146	84549.85376217961	0.00708022918345293	1.3978536659239355e8	0.6751645198325728
366.9902245553231	374.3301285854044	370.6601765703638	93506.79226151109	0.007378649233635349	1.3987887338465506e8	0.6366476878026107
374.33012858540434	381.81683069608727	378.0734796407458	104693.07633852959	0.0077848621010402205	1.399835664609936e8	0.6003758846634483
381.81683069608727	389.45326684898384	385.6350487725356	119262.45132887363	0.00835672199602289	1.4010282891232246e8	0.566229173703254
389.4532668489838	397.2424317249383	393.34784928696104	139458.34253320098	0.009208226371478556	1.4024228725485566e8	0.5341011112776503
397.24243172493834	405.1873798984119	401.2149058116751	170475.21485739946	0.010606986196814846	1.4041276246971306e8	0.5039068287100048
405.18737989841185	413.2912270353549	409.23930346688337	228911.67855229974	0.013421404967040362	1.4064167414826536e8	0.475616440578062
413.29122703535495	421.55715111503685	417.4241890751959	501669.4310220182	0.027717046254299826	1.4114334357928738e8	0.44978235017865054
421.5571511150369	429.98839367631246	425.7727723956747	86427.33602073789	0.004499660181827764	1.4122977091530812e8	0.4240991927507843
