-0.0	9.953897499377266e-5	4.976948749688633e-5	5.2088158859837115e-8	12608.717219825648	5.2088158859837115e-8	12608.717219825648
9.953897499377266e-5	0.0002010687294874207	0.00015030385224059668	3.3174622185125746e-7	11088.042868460943	3.8383438071109456e-7	11272.53681141605
0.00020106872948742058	0.0003046290790709416	0.00025284890427918107	8.629584778192323e-7	10229.050241775338	1.246792858530327e-6	10529.109058459673
0.0003046290790709413	0.00041026063564613265	0.000357444857358537	1.6521982983732067e-6	9671.44454083484	2.8989911569035336e-6	10022.561632250887
0.0004102606356461331	0.0005180048233528283	0.0004641327294994807	2.7132175579301817e-6	9260.843768101648	5.612208714833715e-6	9639.262194768804
0.0005180048233528287	0.0006279038948136577	0.0005729543590832433	4.0677192820562696e-6	8944.94218591445	9.679927996889985e-6	9334.777843750277
0.0006279038948136573	0.0007400009477037028	0.0006839524212586801	5.740356863626665e-6	8691.84499683397	1.542028486051665e-5	9084.624048421312
0.000740000947703703	0.0008543399416515495	0.0007971704446776262	7.733873875457242e-6	8455.641708618377	2.315415873597389e-5	8864.377950296657
0.0008543399416515493	0.0009709657154783526	0.0009126528285649509	1.0121539495856273e-5	8280.191368331654	3.3275698231830165e-5	8678.144588869478
0.0009709657154783523	0.0010899240047816917	0.001030444860130022	1.2896927364049735e-5	8116.15073382326	4.61726255958799e-5	8513.483700486067
0.0010899240047816917	0.0012112614598710977	0.0011505927323263946	1.6062589753564435e-5	7949.965976542126	6.223521534944433e-5	8360.531555695794
0.0012112614598710973	0.0013350256640622914	0.0012731435619666943	1.9736153226094968e-5	7822.777158042437	8.19713685755393e-5	8224.409635413238
0.0013350256640622922	0.00146126515233731	0.0013981454081998012	2.3927098275611475e-5	7710.549281623655	0.00010589846685115078	8102.405616833046
0.0014612651523373099	0.0015900294303778282	0.001525647291357569	2.861143872008202e-5	7592.21373568353	0.0001345099055712328	7988.222809577868
0.0015900294303778277	0.0017213689939791564	0.001655699212178492	3.3859890228015886e-5	7479.792540947794	0.00016836979579924868	7880.497722516738
0.0017213689939791568	0.0018553353488525118	0.0017883521714158342	3.984012732081394e-5	7396.154552376327	0.00020820992312006262	7782.973599542106
0.0018553353488525112	0.0019919810308233333	0.0019236581898379223	4.653205758807681e-5	7319.949603899169	0.00025474198070813943	7694.0732518206505
0.0019919810308233333	0.002131359626433572	0.0020616703286284524	5.371317887129911e-5	7212.255267367951	0.00030845515957943854	7605.59552444719
0.0021313596264335728	0.002273525793956016	0.0022024427101947942	6.195512112144917e-5	7146.790985680743	0.0003704102807008877	7524.796602129951
0.0022735257939560153	0.0024185352848289073	0.002346030539392461	7.092791027962797e-5	7069.77027657008	0.0004413381909805157	7447.759046719796
0.002418535284828908	0.002566444965519258	0.002492490125174083	8.088898436917752e-5	7003.072105431823	0.0005222271753496932	7375.220193727299
0.002566444965519257	0.002717312839823414	0.0026418789026713355	9.151742570522861e-5	6914.381508047378	0.0006137446010549218	7302.644389986341
0.002717312839823413	0.0028711980716136527	0.002794255455718533	0.00010407152430501126	6891.014156181279	0.0007178161253599331	7239.94288442914
0.002871198071613654	0.0030281610080396984	0.002949679539826676	0.00011679047466649857	6803.74930990045	0.0008346066000264316	7175.568530148878
0.003028161008039698	0.0031882632031942633	0.0031082121056169804	0.00013074388458055952	6725.071808457943	0.0009653504846069912	7111.052894083194
0.003188263203194263	0.0033515674422519193	0.0032699153227230913	0.00014743082466985122	6717.655108557148	0.0011127813092768424	7056.304673974453
0.0033515674422519197	0.0035181377660907292	0.0034348526041713245	0.00016433376897560716	6653.0074375218055	0.0012771150782524495	7001.690305270864
0.0035181377660907292	0.003688039496406315	0.003603088631248522	0.00018276790522650586	6592.678729036206	0.0014598829834789554	6947.727027363932
0.0036880394964063155	0.003861339261328213	0.0037746893788672643	0.00020288027161196546	6537.22245653099	0.0016627632550909209	6894.899284045686
0.003861339261328213	0.004038105021548549	0.003949722141438381	0.0002247984510691946	6486.041662369593	0.0018875617061601155	6843.522816553556
0.004038105021548548	0.00421840609697329	0.004128255559260919	0.0002486596902962061	6438.653136212711	0.0021362213964563215	6793.795863824777
0.00421840609697329	0.004402313193906526	0.004310359645439908	0.00027474596034781544	6397.791293148934	0.002410967356804137	6746.210868902936
0.004402313193906526	0.004589898432778427	0.004496105813342477	0.0003034704634287339	6367.542650239095	0.002714437820232871	6701.654931362023
0.004589898432778428	0.004781235376427767	0.004685566904603098	0.000333855634281443	6323.6144159300975	0.003048293454514314	6658.061335486645
0.0047812353764277666	0.0049763990589500925	0.00487881721768893	0.000366722770055995	6281.191062055353	0.003415016224570309	6615.4373997875355
0.004976399058950093	0.005175466015122866	0.0050759325370364795	0.00040223025953519103	6239.910444119198	0.0038172464841055	6573.750412836108
0.005175466015122865	0.005378514310419092	0.005276990162770979	0.0004405383930518943	6199.382063774807	0.004257784877157394	6532.931739038748
0.005378514310419092	0.005585623571621245	0.005482068941020169	0.00048181340316213496	6159.264519847259	0.004739598280319529	6492.888295352077
0.005585623571621245	0.00579687501804744	0.0056912492948343425	0.0005277373540226683	6136.8173822643075	0.005267335634342197	6455.3615661438525
0.005796875018047441	0.00601235149340216	0.0059046132557248	0.0005764171556865713	6105.146115024851	0.005843752790028769	6419.040846728966
0.00601235149340216	0.006232137498263974	0.006122244495833067	0.0006286114716984592	6071.617788264559	0.006472364261727228	6383.564668507891
0.006232137498263972	0.006456319223223022	0.006344228360743497	0.0006846730431034473	6037.683685466454	0.007157037304830675	6348.771341242963
0.006456319223223021	0.006684984582681251	0.006570651902952136	0.0007448057131951907	6003.050651932643	0.007901843018025866	6314.494047798811
0.006684984582681254	0.006918223249328648	0.0068016039160049505	0.0008092080748555459	5967.391927990763	0.008711051092881412	6280.558053002684
0.006918223249328647	0.00715612668930899	0.007037174969318818	0.0008780817177107547	5930.431445673987	0.009589132810592167	6246.786495547964
0.00715612668930899	0.007398788198088939	0.007277457443698964	0.0009516186700991129	5891.862600519819	0.01054075148069128	6212.997507300908
0.007398788198088939	0.007646302937044488	0.0075225455675667135	0.0010300071494112502	5851.409282842161	0.01157075863010253	6179.007525536155
0.007646302937044487	0.007898767970779146	0.007772535453911817	0.001123924542864703	5863.574508979307	0.012694683172967233	6149.717808413588
0.007898767970779147	0.0081562823051885	0.008027525137983823	0.0012162156857975642	5831.747848013882	0.013910898858764797	6120.541348345374
0.0081562823051885	0.00841894692628604	0.008287614615737269	0.0013138314472505522	5794.7240695217515	0.015224730306015347	6090.9871570701
0.00841894692628604	0.00868686483980553	0.008552905883045785	0.0014175470663283628	5755.233841534061	0.01664227737234371	6060.869788687796
0.008686864839805528	0.008960141111595408	0.008823502975700469	0.0015275433095829835	5713.009642139939	0.018169820681926692	6030.002385576933
0.008960141111595408	0.009238882908821085	0.009099512010208246	0.0016562078156289461	5709.955265707392	0.019826028497555638	6001.899620761939
0.009238882908821085	0.009523199541991274	0.00938104122540618	0.0017929646825897462	5701.961389988866	0.021618993180145384	5975.829561045705
0.009523199541991274	0.009813202507824869	0.009668201024908072	0.0019288377339019384	5661.864677962265	0.023547830914047323	5948.808873806808
0.00981320250782487	0.010109005532975137	0.009961104020400003	0.002072439331761173	5618.5271835998465	0.025620270245808496	5920.655533761539
0.010109005532975134	0.010410724618628405	0.01025986507580177	0.002227531717104214	5580.802493774175	0.02784780196291271	5891.955202006909
0.010410724618628405	0.010718478085994741	0.010564601352311572	0.002422059900620322	5610.93351282348	0.030269861863533032	5868.43713547762
0.010718478085994743	0.011032386622708406	0.010875432354351573	0.002598435041767721	5568.980024527429	0.032868296905300756	5843.59586484157
0.011032386622708406	0.011352573330156341	0.011192479976432374	0.0027841318453359493	5523.245741261451	0.035652428750636705	5817.247797148427
0.011352573330156343	0.011679163771753237	0.01151586855095479	0.0029860516816304916	5486.07172018882	0.0386384804322672	5790.234913873569
0.011679163771753237	0.01201228602218207	0.011845724896967653	0.003242220305986275	5519.21243700226	0.04188070073825347	5768.306606110614
0.012012286022182067	0.012352070717619476	0.012182178369900772	0.003468990898650111	5474.083532089855	0.04534969163690358	5744.687658041757
0.01235207071761948	0.012698651106965636	0.012525360912292557	0.0037067803902548838	5424.688456269402	0.04905647202715847	5719.195325945537
0.012698651106965634	0.013052163104098714	0.012875407105532175	0.0039913755402891105	5419.501600849112	0.05304784756744758	5695.497701829142
0.013052163104098714	0.013412745341174455	0.013232454222636584	0.004304057879132586	5424.456571196127	0.05735190544658017	5674.2204555566295
0.013412745341174457	0.013780539222991713	0.013596642282083085	0.004592920042112508	5375.077070823825	0.06194482548869268	5650.902184387353
0.013780539222991713	0.014155688982445314	0.013968114102718514	0.004896484500144162	5323.143753981333	0.06684130998883683	5625.528214799689
0.014155688982445312	0.014538341737087986	0.014347015359766648	0.005319652531128108	5374.272549183104	0.07216096251996494	5606.2064757028265
0.014538341737087988	0.014928647546823513	0.01473349464195575	0.005669260593737638	5324.448172613059	0.07783022311370258	5584.679722315186
0.014928647546823513	0.01532675947275375	0.01512770350978863	0.006033444487668266	5269.618767169239	0.08386366760137084	5560.760829412163
0.01532675947275375	0.01573283363720259	0.01552979655497817	0.006517700895678616	5295.694534066316	0.09038136849704946	5540.761448687403
0.01573283363720259	0.01614702928494041	0.015939931461071498	0.006973556953562526	5272.803922831148	0.09735492545061199	5520.665330255347
0.016147029284940405	0.016569508845632977	0.01635826906528669	0.007412075348586358	5217.055112107011	0.10476700079919835	5498.028622196688
0.016569508845632984	0.01700043799753941	0.016784973421586198	0.00797371652126265	5226.126084685544	0.112740717320461	5477.871653197203
0.017000437997539405	0.01743998573248396	0.017220211865011683	0.008550569759324125	5220.097133122173	0.12129128707978512	5458.868333614877
0.01743998573248396	0.017888324422127407	0.017664155077305684	0.009076738758786534	5163.030636754974	0.13036802583857166	5437.177259937267
0.017888324422127403	0.018345629885563715	0.01811697715384556	0.009745235022154575	5166.322720523245	0.14011326086072623	5417.423015997439
0.01834562988556372	0.018812081458268758	0.018578855671916236	0.01045302319622779	5166.1231456130145	0.15056628405695402	5399.189506681549
0.018812081458268758	0.0192878620624279	0.01904997176034833	0.011082235186611639	5107.395837113446	0.16164851924356566	5378.1244405846155
0.019287862062427896	0.019773158278670218	0.019530510170549055	0.011899403709386525	5115.156303528059	0.17354792295295218	5359.23353914663
0.019773158278670218	0.020268160419237388	0.020020659348953803	0.012743290102883054	5110.763133489653	0.18629121305583524	5341.469616336396
0.020268160419237388	0.0207730626026159	0.020520611510926642	0.013493193703386697	5050.043696588383	0.19978440675922193	5320.732059193151
0.0207730626026159	0.02128806282966198	0.021030562716138942	0.014517499525391026	5071.670697349604	0.21430190628461296	5303.089966784948
0.02128806282966198	0.021813363061248984	0.021550712945455484	0.015494753078048956	5053.850804557974	0.22979665936266191	5285.513886289352
0.021813363061248984	0.022349169297467726	0.022081266179358357	0.016385397392595896	4990.799188928817	0.2461820567552578	5264.821245817311
0.02234916929746773	0.022895691658410846	0.022622430477939288	0.017697891067029375	5035.05329227807	0.2638799478222872	5248.75712396519
0.022895691658410842	0.02345314446657282	0.023174418062491833	0.018793193594332347	4995.097856713339	0.28267314141661953	5231.09611646626
0.02345314446657282	0.024021746330898038	0.02373744539873543	0.019883095768364833	4938.296228953949	0.30255623718498437	5210.792405003165
0.024021746330898045	0.02460172023250977	0.024311733281703905	0.021523660495197494	4996.263987136235	0.32407989768018186	5195.975054636751
0.02460172023250977	0.025193293612153726	0.024897506922331746	0.022738305699500416	4934.094455210637	0.3468182033796823	5177.956891509169
0.025193293612153722	0.02579669845939056	0.02549499603577214	0.024211702757003406	4912.205252469995	0.3710299061366857	5159.74127857777
0.02579669845939056	0.026412171403572132	0.026104434931481346	0.02601539853598711	4935.861235518219	0.3970453046726728	5144.4521760444795
0.026412171403572136	0.02703995380663734	0.02672606260510474	0.027446198444371295	4870.496839239523	0.4244915031170441	5125.810616043151
0.02703995380663734	0.027680291857763845	0.027360122832200594	0.029464604394898064	4891.313867105919	0.45395610751194215	5109.910096877039
0.027680291857763845	0.028333436669912882	0.028006864263838364	0.031373522090361705	4872.987251969189	0.48532962960230386	5093.900198831999
0.028333436669912882	0.0289996443783049	0.028666540524108892	0.033069122317044175	4806.545235685154	0.518398751919348	5074.547492283855
0.028999644378304903	0.02967917624086476	0.029339410309584833	0.03582083252208346	4872.970819347044	0.5542195844414315	5061.016239736778
0.02967917624086476	0.030372298740675815	0.03002573749077029	0.0377527043487077	4807.525030775662	0.5919722887901392	5044.054600669516
0.030372298740675818	0.031079283690483094	0.030725791215579456	0.040208157229432495	4793.677642400857	0.6321804460195717	5027.353769288929
0.031079283690483087	0.03180040833928651	0.031439846014884795	0.04307277912054075	4808.424812245509	0.6752532251401124	5012.795271215468
0.03180040833928651	0.032535955481066	0.03216818191017626	0.045332777487805176	4739.363271101968	0.7205860026279176	4994.666750608865
0.032535955481066005	0.03328621356568108	0.032911084523373546	0.048864545008574956	4784.86970333971	0.7694505476364926	4980.797872871601
0.03328621356568108	0.03405147681198846	0.03366884518883477	0.05169111119632552	4741.546462307346	0.8211416588328181	4965.02706651251
0.03405147681198846	0.03483204532322199	0.03444176106760523	0.05479853416551306	4709.3260759024815	0.8759401929983311	4948.21902739768
0.03483204532322199	0.03562822520468019	0.03523013526395109	0.05888470279938407	4741.702684441989	0.9348248957977152	4934.681123765382
0.03562822520468018	0.036440328683767544	0.03603427694422386	0.06191466827221126	4672.2095159751625	0.9967395640699265	4917.5210912527355
0.036440328683767544	0.037268674232436655	0.036854501458102096	0.06654823129343879	4706.69164232301	1.0632877953633653	4903.773341954626
0.037268674232436655	0.03811358669207914	0.0376911304622579	0.07050240188084445	4673.968933784466	1.1337901972442097	4888.826536671558
0.03811358669207915	0.03897539740091449	0.03854449204649682	0.07459835136108395	4636.227444384857	1.2083885486052937	4872.438157017268
0.038975397400914484	0.03985444432392653	0.0394149208624205	0.08021286998171928	4673.936572700209	1.288601418587013	4859.5910206462195
0.03985444432392653	0.040751072185398814	0.040302758254662674	0.08426700205688609	4604.134458707562	1.372868420643899	4843.097214745281
0.040751072185398814	0.04166563260410055	0.04120835239474968	0.09053421967752207	4638.762843156181	1.463402640321421	4829.934984911333
0.04166563260410054	0.042598484231176306	0.042132058417638424	0.09585083382765536	4606.068165859737	1.5592534741490764	4815.547522055207
0.04259848423117632	0.0435499928907936	0.04307423856098496	0.10144730237799404	4572.618995277575	1.6607007765270705	4799.969901222146
0.043549992890793594	0.04452053172360322	0.04403526230719841	0.10894458564140175	4606.4261733976655	1.7696453621684722	4787.586184732701
0.044520531723603214	0.04551048133306903	0.04501550652833612	0.11436263502703659	4536.484336685907	1.8840079971955088	4771.554035340445
0.045510481333069036	0.04652022993472417	0.0460153556338966	0.12304289950629244	4579.419613415605	2.0070508967018013	4759.312465132695
0.04652022993472417	0.047550173508412404	0.04703520172156829	0.12997394535465157	4539.098749224082	2.137024842056453	4745.3105929410995
0.04755017350841241	0.04860071595357441	0.048075444730993414	0.1378257363306985	4516.925746312039	2.2748505783871513	4730.818268612893
0.04860071595357442	0.04967226924763966	0.04913649260060704	0.1476198910214972	4540.416815100732	2.4224704694086485	4718.75989309646
0.04967226924763965	0.05076525360758619	0.05021876142761292	0.15486018097417187	4470.610288936534	2.5773306503828204	4703.074397460649
0.0507652536075862	0.05188009765473167	0.051322675631158936	0.16706474908651625	4527.153119345435	2.7443953994693366	4691.975315797827
0.051880097654731665	0.05301723858282005	0.052448668118775854	0.17589027360241571	4474.368296550459	2.9202856730717524	4678.271450685045
0.05301723858282006	0.05417712232947021	0.05359718045614513	0.187072768069116	4467.714466817529	3.1073584411408683	4665.035400515851
0.0541771223294702	0.055360203751053355	0.054768663040261775	0.19966050190537654	4476.993808151126	3.307018943046245	4653.235511132015
0.055360203751053355	0.05656694680106817	0.05596357527606076	0.2094513712419479	4409.920969555185	3.516470314288193	4637.993451997973
0.05656694680106818	0.057797824712083286	0.057182385756575735	0.2265173151754185	4478.527576377469	3.7429876294636113	4628.0207963175835
0.05779782471208328	0.059053320181318696	0.05842557244670099	0.23767168585814114	4412.957742702356	3.9806593153217524	4614.593396645275
0.0590533201813187	0.06033392555993882	0.059693622870628765	0.25367785285832456	4423.691542383539	4.234337168180077	4602.693737965098
0.06033392555993882	0.06164014304613134	0.06098703430303508	0.2696780237051355	4417.011888482755	4.5040151918852125	4591.13775430888
0.06164014304613134	0.06297248488204772	0.06230631396408953	0.2839298461069131	4368.223500049418	4.787945037992126	4577.286058848353
0.06297248488204771	0.06433147355468241	0.06365197921836506	0.30586112186367487	4420.366253773883	5.0938061598558	4567.549966712033
0.06433147355468241	0.06571764200076981	0.06502455777772612	0.32081425853619727	4355.6856433694	5.414620418391998	4554.424328239817
0.06571764200076981	0.06713153381577895	0.06642458790827438	0.34366757375652845	4383.675293759123	5.758287992148526	4543.861259248401
0.06713153381577895	0.06857370346708827	0.0678526186414336	0.3639423581516663	4361.710264681135	6.1222303503001925	4532.60883977213
0.06857370346708827	0.07004471651142379	0.06930920998925602	0.3845222368941661	4330.089496938987	6.506752587194359	4520.115563562919
0.07004471651142379	0.071545149816646	0.0707949331640349	0.4126731653830822	4366.757360909737	6.919425752577441	4510.667887877968
0.071545149816646	0.07307559178797267	0.07231037080230934	0.4328091589041172	4303.802389040072	7.352234911481558	4497.940872980984
0.07307559178797267	0.07463664259872586	0.07385611719334927	0.46511917721184926	4346.585542303591	7.817354088693407	4488.641175066279
0.07463664259872586	0.07622891442569413	0.07543277851221	0.49091847353549856	4311.674476372481	8.308272562228906	4477.781742195759
0.07622891442569411	0.07785303168920174	0.07704097305744792	0.5202338180749813	4294.491336666719	8.828506380303887	4466.5483380298565
0.07785303168920174	0.07950963129797951	0.07868133149359063	0.5565851162638626	4318.617354720072	9.38509149656775	4457.493135275138
0.07950963129797951	0.08119936289893284	0.08035449709845618	0.5837327479165442	4257.455231843166	9.968824244484294	4445.2630414728255
0.08119936289893284	0.08292288913190524	0.08206112601541904	0.6288439140064224	4311.458317652073	10.597668158490716	4437.091984625551
0.08292288913190525	0.0846808858895371	0.08380188751072118	0.6620909278994329	4267.427736413729	11.259759086390149	4426.743017412203
0.08468088588953708	0.08647404258232155	0.08557746423592932	0.703113259600725	4260.5186003060335	11.962872345990874	4416.615296037544
0.08647404258232155	0.08830306240896171	0.08738855249564163	0.7506021939381142	4276.186196361262	12.713474539928988	4408.06867538336
0.08830306240896173	0.0901686626321347	0.08923586252054821	0.7874399168470294	4217.880853580356	13.500914456776018	4396.506213107037
0.09016866263213469	0.09207157485977112	0.09112011874595291	0.8492862951377429	4277.412729503909	14.35020075191376	4389.273593356666
0.09207157485977113	0.09401254533196028	0.09304206009586571	0.8931408228136988	4229.770093498593	15.24334157472746	4379.596891684086
0.09401254533196027	0.09599233521359321	0.09500244027277674	0.949246617037744	4227.317379576792	16.192588191765203	4370.367833168796
0.09599233521359321	0.09801172089285881	0.09700202805322601	1.0125784213625977	4240.5502980170595	17.2051666131278	4362.50793073678
0.0980117208928588	0.1000714942857097	0.09904160758928425	1.0626395103143054	4185.098044354157	18.267806123442107	4351.776975656939
0.10007149428570972	0.10217246314641765	0.10112197871606368	1.1457140605968057	4243.654544180588	19.413520184038912	4345.243236018725
0.10217246314641763	0.10431545138433972	0.10324395726537867	1.2052642218689478	4198.631275396716	20.61878440590786	4336.391888430646
0.10431545138433973	0.10650129938702026	0.10540837538567999	1.2800906430227101	4194.161000537134	21.89887504893057	4327.812897319689
0.10650129938702026	0.10873086434975439	0.10761608186838732	1.366418750210883	4210.987303271726	23.265293799141453	4320.772604084807
0.10873086434975437	0.1110050206117432	0.10986794248074878	1.4347291272198923	4158.936216290521	24.700022926361346	4311.02837788342
0.1110050206117432	0.11332465999897179	0.11216484030535749	1.5438077259269072	4209.532904326752	26.243830652288253	4304.922556547746
0.11332465999897177	0.11569069217394494	0.11450767608645836	1.6274956950686459	4174.502113258588	27.8713263473569	4297.083262271174
0.11569069217394495	0.11810404499241757	0.11689736858318125	1.724218439723984	4160.415523256574	29.595544787080883	4288.875237451558
0.11810404499241758	0.12056566486725966	0.11933485492983861	1.8451649488048076	4188.459534337669	31.44070973588569	4282.84932302486
0.12056566486725963	0.12307651713959854	0.12182109100342908	1.9387550629331898	4140.297763551303	33.37946479881888	4274.301625636542
0.12307651713959855	0.12563758645738424	0.1243570517984914	2.077710742836892	4174.435005187793	35.45717554165577	4268.318055704206
0.12563758645738424	0.12824987716152564	0.12694373180945495	2.1988922043907095	4156.566398809937	37.65606774604648	4261.627476669715
0.12824987716152564	0.13091441367974987	0.12958214542063776	2.3196304761746163	4125.547874164988	39.9756982222211	4253.486449530409
0.13091441367974987	0.13363224092833859	0.13227332730404423	2.4928349694070064	4171.59348255883	42.468533191628104	4248.5907383311205
0.13363224092833859	0.13640442472189906	0.13501833282511883	2.621372758628425	4127.586267841072	45.08990595025653	4241.362040778436
0.13640442472189906	0.13923205219133075	0.1378182384566149	2.792831334390101	4137.938471603619	47.88273728464663	4235.187937093912
0.1392320521913308	0.14211623221015113	0.14067414220074098	2.9731888683213157	4145.209704402434	50.855926152967946	4229.820168481506
0.1421162322101511	0.14505809582934784	0.14358716401974947	3.1266818440524773	4102.086978453287	53.98260799702042	4222.205200884781
0.14505809582934784	0.1480587967209285	0.14655844627513817	3.360543134039247	4148.9674454249935	57.34315113105967	4217.841919543174
0.1480587967209285	0.1511195116303408	0.14958915417563465	3.547279919004872	4121.424545068594	60.89043105006454	4212.10137389515
0.1511195116303408	0.1542414408379413	0.15268047623414105	3.749396350695669	4099.645404750916	64.63982740076021	4205.410147246992
0.1542414408379413	0.15742580862969385	0.15583362473381757	4.022706436846207	4139.499139842449	68.66253383760642	4201.490814955219
0.15742580862969385	0.16067386377728143	0.15904983620348764	4.234253456156708	4100.738228716605	72.89678729376313	4195.503298980516
0.16067386377728143	0.16398688002782077	0.16233037190255112	4.507627824278444	4108.657872199715	77.40441511804157	4190.345325476985
0.16398688002782077	0.1673661566033709	0.16567651831559582	4.803483141752665	4120.839444404583	82.20789825979423	4186.219597489323
0.1673661566033709	0.17081301871043203	0.16908958765690146	5.057055704706144	4083.33672809096	87.26495396450038	4180.116165665922
0.170813018710432	0.17432881805963435	0.1725709183850332	5.415891126438311	4116.0982992069885	92.68084509093869	4176.320488936439
0.17432881805963435	0.17791493339582073	0.17612187572772753	5.737941399301107	4104.690183712415	98.4187864902398	4172.075791772904
0.17791493339582073	0.18157277103873085	0.1797438522172758	6.043089657213727	4069.1309914552903	104.46187614745352	4165.978724195229
0.18157277103873087	0.1853037654344992	0.18343826823661502	6.503138845080329	4121.864498885532	110.96501499253385	4163.367364900591
0.18530376543449914	0.1891093797181828	0.187206572576341	6.858325544502321	4091.9123605571217	117.82334053703617	4159.139738487023
0.18910937971818284	0.19299110628754018	0.1910502430028615	7.249082452268254	4071.346884407109	125.07242298930443	4153.948110025216
0.19299110628754018	0.19695046738828467	0.1949707868379124	7.779331183144862	4112.9484974317675	132.8517541724493	4151.524799403463
0.19695046738828464	0.20098901571104402	0.19896974154966435	8.202082197533542	4082.2536691483433	141.05383636998283	4147.4324677423865
0.20098901571104408	0.20510833500025866	0.20304867535565135	8.696684751582154	4074.7708587977736	149.750521121565	4143.141877810946
0.20510833500025863	0.2093100406752575	0.20720918783775805	9.304360995418222	4104.102160755813	159.0548821169832	4140.837698594497
0.2093100406752575	0.21359578046375632	0.2114529105695069	9.813326493605018	4075.1010601931903	168.86820861058823	4136.959600948055
0.21359578046375632	0.21796723504802512	0.21578150775589072	10.426835593720284	4076.3680696377337	179.2950442043085	4133.386635565639
0.21796723504802512	0.2224261187239793	0.2201966768860022	11.134060179210962	4098.087217244778	190.42910438351947	4131.306009877228
0.22242611872397927	0.22697418007345255	0.2247001493987159	11.746416801929911	4070.4992560759965	202.17552118544938	4127.723465578413
0.22697418007345255	0.23161320264991528	0.22929369136168393	12.493415450479972	4076.1091612947057	214.66893663592936	4124.68379227819
0.23161320264991528	0.23634500567790726	0.23397910416391127	13.328204400956508	4094.172847579824	227.99714103688586	4122.887681050059
0.23634500567790728	0.2411714447664591	0.2387582252221832	14.06768500960618	4068.68875941941	242.06482604649204	4119.698401798723
0.24117144476645908	0.24609441263678192	0.2436329287016205	14.960146868333027	4073.91762520745	257.02497291482507	4117.005547229808
0.24609441263678195	0.25111583986451125	0.2486051262506466	15.962546627623055	4092.8913659870323	272.9875195424481	4115.587686582906
0.25111583986451125	0.25623769563679516	0.2536767677506532	16.852497635761324	4068.6555265359743	289.84001717820945	4112.829229529954
0.2562376956367951	0.2614619885245247	0.25884984208065986	17.90279016218193	4069.797400011163	307.7428073403914	4110.300959519479
0.2614619885245247	0.26679076727000883	0.2641263778972668	19.123594279243207	4093.4895550460433	326.8664016196346	4109.31359200476
0.26679076727000883	0.27222612159040266	0.2695084444302057	20.20022294371381	4071.5424186353	347.0666245633484	4107.09601005151
0.2722261215904027	0.2777701829972044	0.27499815229380353	21.410793862733897	4063.6904030650485	368.4774184260823	4104.548519941677
0.2777701829972044	0.28342512563214217	0.2805976543146733	22.91562059660339	4095.5363443410033	391.3930390226857	4104.019774262412
0.28342512563214217	0.28919316711977866	0.2863091463759604	24.217313824955	4075.7036403400016	415.6103528476407	4102.359022820129
0.28919316711977866	0.29507656943716787	0.29213486827847324	25.590463726975145	4055.6295042118263	441.2008165746158	4099.619225713555
0.2950765694371678	0.3010776398009048	0.2980771046190363	27.468366719911273	4099.419351887765	468.6691832945271	4099.6075107134375
0.30107763980090485	0.3071987315719166	0.3041381856864107	29.03950994999218	4081.2572255591995	497.7086932445193	4098.532305728218
0.30719873157191663	0.3134422451783486	0.3103204883751326	30.695163321689506	4062.5196251749044	528.4038565662088	4096.4228581977395
0.31344224517834857	0.31981062905690916	0.31662643711762883	32.80646440869259	4088.9456837125854	561.2103209749014	4095.985015297323
0.3198106290569092	0.326306380613041	0.3230585048349751	34.82840893131038	4088.0610783226416	596.0387299062118	4095.5211499135894
0.326306380613041	0.33293204720029546	0.32961921390666826	36.82905790660823	4071.0975270077784	632.86778781282	4094.0918157438696
0.3329320472002955	0.33969022711929503	0.33631113715979527	39.14784663794171	4075.4085440149624	672.0156344507617	4092.9987358892017
0.33969022711929503	0.34658357063667455	0.3431368988779848	41.782292292086936	4096.406324120826	713.7979267428486	4093.1980434712063
0.3465835706366745	0.35361478102440164	0.35009917583053807	44.19171381373485	4080.4129120960415	757.9896405565835	4092.4504558758954
0.35361478102440164	0.3607866156198833	0.35720069832214246	46.745656566341495	4065.013080911922	804.735297122925	4090.8465384261517
0.3607866156198833	0.3681018869072746	0.36444425126357893	50.05629921903858	4099.601544150624	854.7915963419636	4091.358197622171
0.36810188690727463	0.37556346362041376	0.3718326752638442	53.041813203089646	4091.364884397132	907.8334095450532	4091.3585883085207
0.3755634636204137	0.3831742718678156	0.37936886774411466	56.117216890411555	4076.7824574465203	963.9506264354648	4090.5071695513516
0.38317427186781555	0.3909372962801655	0.38705578407399055	59.639171035862546	4080.6476861235924	1023.5897974713273	4089.9314025977164
0.39093729628016555	0.3988555811807625	0.394896438730464	63.64019745460723	4101.1867486051	1087.2299949259345	4090.5885233665367
0.3988555811807624	0.40693223177937127	0.40289390648006684	67.37181145889781	4089.2260935469344	1154.6018063848323	4090.508999706217
0.40693223177937127	0.4151704153899523	0.4110513235846618	71.30897723463113	4076.5825174327497	1225.9107836194635	4089.6963159194784
0.4151704153899523	0.4235733626727449	0.4193718890313486	76.06550451819498	4095.7466588500492	1301.9762881376585	4090.049304067675
0.423573362672745	0.43214436890119345	0.4278588657869692	80.86295118472549	4101.02407152549	1382.839239322384	4090.6894476732587
0.4321443689011934	0.4408867952542109	0.43651558207770214	85.61706299905018	4089.822507027959	1468.4563023214341	4090.6388913659107
0.4408867952542108	0.44980407013428864	0.44534543269424975	90.65917974826516	4079.0708789458845	1559.1154820696993	4089.964440171978
0.4498040701342887	0.45889969051196805	0.45435188032312834	96.87261975956926	4105.439832135555	1655.9881018292685	4090.866511973324
0.4588996905119681	0.468177223297201	0.46353845690458456	102.77961961782376	4102.783549773764	1758.7677214470923	4091.5610199904945
0.4681772232972011	0.4776403067381387	0.4729087650176699	108.87108666655558	4093.5566613110127	1867.6388081136479	4091.6772993749814
0.47764030673813856	0.4872926518478949	0.4824664792930167	115.30718726739497	4083.804073149271	1982.9459953810428	4091.218644499785
0.48729265184789494	0.4971380438598464	0.49221534785387067	123.19968509761475	4110.001103586708	2106.1456804786576	4092.312602135882
0.49713804385984633	0.5071803437120368	0.5021591937859415	130.6995025584465	4107.083905831648	2236.845183037104	4093.172770243485
0.5071803437120368	0.517423489561271	0.5123019166366539	138.47688220084456	4098.902867415264	2375.3220652379487	4093.506384503491
0.5174234895612712	0.5278714983274901	0.5226474939443806	146.7235083256728	4090.949357853813	2522.0455735636215	4093.3575383541083
0.5278714983274901	0.5385284672690335	0.5331999827982619	156.482285066224	4109.858831341748	2678.5278586298455	4094.3179151186555
0.5385284672690335	0.5493985755894076	0.5439635214292206	166.24251526107673	4112.864107253128	2844.770373890922	4095.3971135339957
0.5493985755894077	0.5604860860761894	0.5549423308327985	176.20111142348242	4106.336933968892	3020.9714853144046	4096.033588225162
0.5604860860761894	0.5717953467727067	0.5661407164244481	186.73812829017425	4099.451004298311	3207.709613604579	4096.232378300986
0.5717953467727067	0.5833307926831544	0.5775630697279306	198.53608776599958	4105.650153194251	3406.2457013705784	4096.78011584322
0.5833307926831544	0.595096947511811	0.5892138700974827	211.5086872746374	4120.248708998046	3617.754388645216	4098.144824847291
0.5950969475118111	0.6070984254370408	0.601097686474426	224.25151299245317	4115.155468768874	3842.005901637669	4099.133842309169
0.6070984254370407	0.619339932920775	0.6132191791789079	237.75044279377562	4109.894622775185	4079.7563444314446	4099.759387315488
0.619339932920775	0.631826270554184	0.6255831017374796	252.07591616016725	4104.894315959019	4331.832260591612	4100.057844569883
0.631826270554184	0.6445623349402613	0.6381943027472227	268.77567018113314	4123.106801388263	4600.607930772745	4101.397315405793
0.6445623349402613	0.65755312061406	0.6510577277771606	285.4846785943919	4125.571503702157	4886.092609367137	4102.80196969139
0.65755312061406	0.6708037220013348	0.6641784213076973	302.79389130888376	4122.092452866787	5188.886500676021	4103.922690631375
0.6708037220013346	0.6843193354163548	0.6775615287088448	321.1611424320663	4118.750552767707	5510.047643108087	4104.784023461017
0.6843193354163548	0.6981052610996754	0.6912122982580151	340.646353707848	4115.4813524855845	5850.693996815935	4105.405331707643
0.6981052610996754	0.7121669052966624	0.7051360831981689	363.264357703054	4134.438629065336	6213.958354518989	4107.091374634723
0.7121669052966624	0.7265097823775891	0.7193383438371257	385.7137687503855	4135.596814295988	6599.672123269374	4108.746541125272
0.7265097823775891	0.7411395170001344	0.7338246496888617	409.23739618188847	4133.614999664627	7008.909519451263	4110.190336463183
0.7411395170001344	0.7560618463151305	0.7486006816576325	434.1626562234278	4131.3421579664755	7443.072175674691	4111.4181954604555
0.7560618463151304	0.7712826222164265	0.7636722342657785	460.6788340343328	4129.744896223217	7903.7510097090235	4112.481922194371
0.7712826222164265	0.7868078136357485	0.7790452179260875	490.0282964426515	4138.420591229317	8393.779306151675	4113.987279583229
0.7868078136357485	0.8026435088834569	0.7947256612596028	521.2999497600504	4147.552018838391	8915.079255911725	4115.934981162305
0.8026435088834569	0.8187959180361195	0.8107197134597882	553.2179588293511	4146.6107205381	9468.297214741076	4117.714827163108
0.8187959180361196	0.8352713753718355	0.8270336467039776	587.1302754774188	4145.972461644994	10055.427490218495	4119.354180091537
0.8352713753718353	0.8520763418542654	0.8436738586130503	623.1819821747667	4145.756873517209	10678.609472393262	4120.885744131791
0.8520763418542654	0.8692174076663441	0.8606468747603048	661.4868602821334	4145.808023632244	11340.096332675395	4122.331270244003
0.8692174076663441	0.8867012947946644	0.8779593512305043	703.5874698466723	4154.388125176575	12043.683802522068	4124.190406853733
0.8867012947946645	0.9045348596655512	0.8956180772301079	748.4117056162795	4163.250000496429	12792.095508138347	4126.455422811638
0.9045348596655511	0.9227250958338555	0.9136299777497033	794.7279813780133	4165.002576434127	13586.82348951636	4128.690486678954
0.9227250958338556	0.9412791367255261	0.9320021162796909	844.0303602981676	4167.365147769149	14430.853849814528	4130.932711327984
0.9412791367255261	0.96020425843503	0.950741697580278	896.5897243608779	4170.6696230222	15327.443574175406	4133.23628755091
0.9602042584350299	0.9795078825787238	0.9698560705068768	952.6821977258696	4175.134002953763	16280.125771901276	4135.664885131698
0.9795078825787238	0.9991975792052916	0.9893527308920077	1012.5535719899635	4180.733394242992	17292.67934389124	4138.277022423718
0.9991975792052917	1.0192810697643908	1.0092393244848412	1078.4482637721303	4195.150979910733	18371.12760766337	4141.573079203203
1.0192810697643908	1.039766230134672	1.0295236499495313	1148.3237223188662	4208.507647989475	19519.451329982236	4145.451821731334
1.039766230134672	1.0606610937123586	1.0502136619235154	1222.168553396783	4219.996084731255	20741.61988337902	4149.771135531839
1.0606610937123588	1.0819738545615993	1.071317474136979	1301.7259687560618	4234.66727308277	22043.34585213508	4154.689823808816
1.0819738545615993	1.1037128706278245	1.0928433625947118	1387.7599051398101	4253.382401912385	23431.10575727489	4160.407340876074
1.1037128706278245	1.1258866670153744	1.1147997688215994	1481.445018250637	4277.869782838189	24912.550775525524	4167.211655156244
1.1258866670153742	1.148503939330675	1.1371953031730246	1584.5956345616105	4311.058676935403	26497.146410087134	4175.543656264784
1.1485039393306753	1.171573557092282	1.1600387482114787	1700.753510443894	4359.451076434327	28197.89992053103	4186.195174814061
1.171573557092282	1.195104567209121	1.1833390621507016	1844.6621486892946	4454.856196275527	30042.562069220323	4201.754167654154
1.195104567209121	1.2191061975282966	1.2071053823687088	1994.6849111749143	4538.569758857563	32037.246980395237	4221.258641878248
1.2191061975282966	1.2435878604538557	1.2313470289910762	2127.147250082271	4560.070288327468	34164.39423047751	4240.877165293936
1.243587860453856	1.2685591566379264	1.2560735085458912	2258.9335412281	4562.554741471201	36423.32777170561	4259.5021262447335
1.268559156637926	1.2940298787456777	1.2812945176918018	2391.5464103238046	4551.090317441053	38814.874182029416	4276.383654848862
1.2940298787456779	1.3200100152955847	1.3070199470206312	2527.8028317913486	4532.242846496064	41342.677013820765	4291.195554429034
1.3200100152955847	1.3465097545764897	1.3332598849360373	2667.975506543102	4506.988514795259	44010.65252036387	4303.687081649633
1.3465097545764895	1.3735394886430126	1.360024621609751	2813.374333118045	4477.834595874102	46824.02685348191	4313.767178269209
1.3735394886430126	1.401109817390866	1.3873246530169392	2960.29608758985	4439.283102899653	49784.32294107176	4321.031850114033
1.401109817390866	1.4292315527136765	1.4151706850522712	3108.9405530385993	4392.66920100406	52893.26349411036	4325.177828567239
1.4292315527136763	1.457915722742943	1.4435736377283095	3275.0982318278475	4359.93489736118	56168.36172593821	4327.18924318295
1.4579157227429431	1.487173576172795	1.4725446494578691	3431.097729856825	4303.576559648741	59599.45945579503	4325.822851180876
1.487173576172795	1.5170165866712442	1.5020950814220195	3606.34206227112	4261.919950018182	63205.80151806615	4322.125228370871
1.5170165866712444	1.5474564573796623	1.5322365220254532	3760.831739015419	4187.601366009172	66966.63325708157	4314.341745456079
1.5474564573796623	1.5785051255022486	1.5629807914409555	3951.184665556284	4145.270974894528	70917.81792263786	4304.560000486802
1.5785051255022486	1.6101747669872868	1.5943399462447676	4130.777279336879	4083.218626548717	75048.59520197473	4291.754867644916
1.6101747669872866	1.6424778013020254	1.626326284144656	4334.534332483716	4037.008134317115	79383.12953445845	4277.018029583285
1.6424778013020256	1.6754268963030592	1.6589523488025424	4497.935984761294	3947.0971519931454	83881.06551921974	4257.933555586956
1.6754268963030592	1.7090349732041135	1.6922309347535864	4703.903304360414	3889.2989370979267	88584.96882358016	4236.610879062159
1.709034973204113	1.7433152116431883	1.7261750924236505	4912.290753656591	3826.893725783738	93497.25957723675	4212.913220346158
1.7433152116431885	1.7782810548510453	1.7607981332471168	5122.9609141930705	3760.3975670862037	98620.22049142982	4186.741572273354
1.7782810548510457	1.8139462149230596	1.7961136348870528	5338.476658906831	3692.1676891522734	103958.69715033665	4158.138987376419
1.8139462149230594	1.8503246781965137	1.8321354465597866	5563.958520859931	3625.769971485154	109522.65567119658	4127.352228200544
1.8503246781965135	1.8874307107354367	1.868877694465975	5803.55588604667	3563.3932895253015	115326.21155724325	4094.740318092006
1.887430710735437	1.9252788639251386	1.9063547873302877	6056.354644053092	3503.765383336905	121382.56620129634	4060.567892728818
1.9252788639251386	1.9638839801786343	1.9445814220518864	6193.459832741559	3376.07486300475	127576.0260340379	4020.989860741542
1.9638839801786343	2.0032611987571998	1.983572589467917	6489.2847976750345	3332.9705436016216	134065.31083171294	3981.2098730860744
2.0032611987571998	2.0434259617073365	2.023343580232268	6803.353165230976	3292.4137850024426	140868.6639969439	3941.386875552528
2.0434259617073365	2.084394019916476	2.063909990811906	6935.069153372751	3162.2761010580784	147803.73315031666	3896.3444099419194
2.084394019916476	2.1261814392897986	2.1052877296031376	7276.187955676811	3126.160826711116	155079.92110599348	3851.82009229831
2.126181439289799	2.1688046070505878	2.1474930231701936	7562.9889018101385	3061.6821039809156	162642.9100078036	3806.144265326347
2.1688046070505878	2.2122802381665925	2.19054242260859	7734.289888034284	2950.170354027125	170377.1998958379	3756.6648167973935
2.212280238166592	2.2566253819049167	2.234452810035754	8162.795269793685	2933.771900747235	178539.99516563158	3709.099667100993
2.256625381904917	2.3018574285180082	2.2792414052114625	8254.297704445431	2795.304482814407	186794.292870077	3656.2823909813415
2.3018574285180082	2.347994116063361	2.3249257722906846	8640.613787733193	2757.1213669609833	195434.9066578102	3604.313127614242
2.347994116063361	2.395053537359621	2.371523826711491	8952.273922911554	2691.5824054606137	204387.18058072176	3551.561718647
2.395053537359621	2.4430541470818063	2.4190538422207135	9128.835109336767	2586.1483009246676	213516.01569005853	3495.767733772101
2.4430541470818063	2.4920147689984353	2.467534458040121	9713.840962668182	2592.946156106354	223229.8566527267	3443.593152089946
2.4920147689984353	2.5419546033533966	2.516984686175916	9639.77394009856	2424.5686999805735	232869.63059282527	3384.7053994547323
2.5419546033533966	2.5928932343954574	2.567423918874427	10070.434472256893	2386.6111358767425	242940.06506508216	3327.029338538822
2.5928932343954574	2.6448506380583594	2.6188719362269084	10629.461311782856	2373.6199413375816	253569.52637686502	3271.937478089518
2.644850638058359	2.6978471897945187	2.6713489139264386	10532.31393539338	2216.1075944481313	264101.8403122584	3210.92955318606
2.697847189794519	2.751903672565402	2.7248754311799606	10942.368597022258	2169.432501752721	275044.20890928066	3150.7519412050774
2.7519036725654016	2.807041284991702	2.779472478778552	11659.777935663878	2178.178468234788	286703.98684494453	3094.558681097048
2.8070412849917026	2.863281649666529	2.835161467329116	11446.375406268053	2014.838110287351	298150.3622512126	3032.176811724064
2.8632816496665288	2.920646821634852	2.8919642356506903	11782.080154266732	1954.17626233788	309932.4424054794	2969.896398896989
2.920646821634852	2.9791592970425413	2.9499030593386966	12194.312822949723	1905.7646577474422	322126.7552284291	2908.4192562326934
2.979159297042542	3.038842021958385	3.0090006595004635	12809.573544046725	1886.3286468411568	334936.3287724758	2849.3728146458693
3.038842021958385	3.099718401372545	3.069280211665465	12857.31801147724	1784.0391921137757	347793.64678395307	2787.8301501585884
3.099718401372545	3.1618123083749885	3.130765354873767	12998.67848839407	1699.5152908938633	360792.32527234714	2724.9618355435455
3.161812308374988	3.2251480935174803	3.193480200946234	13375.257297599106	1647.7845685267596	374167.58256994624	2662.7387849453635
3.2251480935174803	3.2897505943628222	3.2574493439401513	13784.976130173367	1600.2109872176381	387952.5587001196	2601.363780048771
3.2897505943628227	3.3556451452250715	3.322697869793947	14328.683927065635	1567.2958981304644	402281.24262718525	2541.634447730399
3.355645145225072	3.422857587104566	3.389251366164819	14626.590920175833	1507.5154955036387	416907.8335473611	2481.903868235231
3.422857587104566	3.4914142778216495	3.4571359324631077	14557.731319387676	1413.7963168569584	431465.56486674875	2420.211835668971
3.491414277821649	3.5613421023530742	3.5263781900873616	14912.910069783742	1364.6790129337076	446378.4749365325	2359.2477678423165
3.5613421023530742	3.632668483375128	3.597005292864101	15273.406200749334	1316.9808645896958	461651.88113728183	2299.0515123228315
3.6326684833751277	3.7054213920176227	3.669044937696375	15644.470976377022	1271.1018929677437	477296.35211365885	2239.6837166523733
3.705421392017622	3.779629358832967	3.7425253754252945	16042.321917274618	1228.1830348480403	493338.6740309335	2181.2674144813977
3.7796293588329672	3.8553214849846187	3.817475421908793	16512.126736282953	1191.1754046136905	509850.8007672164	2124.0889554922933
3.855321484984619	3.932527453659304	3.8939244693219615	17106.714088998153	1162.8309510286604	526957.5148562146	2068.57705648014
3.9325274536593033	4.011277541707481	3.9719024976833923	16787.486105703632	1075.2597018791178	543745.0009619182	2011.2151503653613
4.011277541707481	4.091602631516623	4.051440086612052	17122.177631858154	1033.3914091450472	560867.1785937763	1954.749313126334
4.091602631516623	4.173534223121948	4.132568427319285	17454.919676685124	992.6639887387208	578322.0982704614	1899.1936122407344
4.173534223121948	4.257104446559379	4.215319334840663	17786.54094643891	953.1360227537797	596108.6392169003	1844.5646864185817
4.257104446559379	4.342346074465558	4.299725260512469	18117.46842055535	914.8297458015942	614226.1076374557	1790.8794981039816
4.342346074465559	4.429292534929862	4.38581930469771	18445.386837791768	877.6276632730599	632671.4944752475	1738.1472466237149
4.4292925349298615	4.517977924603451	4.473635229766656	18774.783552380395	841.7393573923534	651446.2780276278	1686.3887025012443
4.51797792460345	4.608437022070511	4.5632074733369805	19101.81822276232	806.9710251169968	670548.0962503902	1635.6122474019262
4.608437022070511	4.700705301486913	4.654571161778712	19425.29898281512	773.2712357571094	689973.3952332053	1585.822810702254
4.700705301486913	4.794818946491643	4.747762123989277	19749.95402245759	740.8179680036787	709723.3492556629	1537.0353143341981
4.794818946491643	4.890814864396467	4.842816905444055	20066.516969020246	709.2495145903565	729789.8662246831	1489.2429361614616
4.890814864396468	4.988730700659389	4.939772782527928	20381.171514085494	678.7942845131008	750171.0377387686	1442.4524368640452
4.988730700659389	5.088604853647568	5.038667777153478	20696.968994638883	649.5283452633063	770868.0067334075	1396.674579539693
5.088604853647569	5.190476489695512	5.13954067167154	21007.157300008228	621.2141071599053	791875.1640334157	1351.9057902962686
5.190476489695511	5.294385558464413	5.242431024079962	21305.3351561164	593.6703861541839	813180.4991895321	1308.1322433250189
5.294385558464413	5.400372808608692	5.347379183536552	21602.340418848442	567.2064195823481	834782.8396083806	1265.3587653526351
5.400372808608693	5.508479803755858	5.454426306182276	21884.723773360252	541.4583248244584	856667.5633817408	1223.5688990952203
5.508479803755859	5.618748938805967	5.563614371280913	22154.777051222743	516.5059097881901	878822.3404329636	1182.7517466448132
5.618748938805966	5.731223456557077	5.6749861976815215	22411.944164786604	492.34745001230533	901234.2845977502	1142.896941499469
5.7312234565570765	5.845947464663209	5.788585460610143	22654.36862669175	468.9523031468072	923888.6532244419	1103.9929484898882
5.845947464663211	5.962965952931467	5.904456708797339	22905.990063883713	446.79738261849855	946794.6432883256	1066.0564298493123
5.962965952931466	6.082324810965086	6.022645381948276	23157.294069186668	425.63221632985096	969951.9373575123	1029.088628136922
6.082324810965086	6.204070846159379	6.143197828562233	23410.258681264706	405.4509344379165	993362.196038777	993.0903764616121
6.20407084615938	6.328251802057558	6.266161324108468	23672.81739583763	386.33826803404406	1.0170350134346146e6	958.0673517942226
6.328251802057558	6.4549163770737	6.3915840895656295	23945.29181735555	368.2339890403279	1.0409803052519702e6	924.0214278286716
6.454916377073701	6.584114243590166	6.519515310331934	24213.51542469184	350.87127006907406	1.065193820676662e6	890.9389697213765
6.584114243590165	6.71589606743696	6.650005155513563	24484.59189492534	334.32535586400843	1.0896784125715874e6	858.8114743694042
6.715896067436961	6.850313527760691	6.783104797598826	24756.494688065024	318.53146352781215	1.1144349072596524e6	827.6271916515805
6.85031352776069	6.987419337290895	6.9188664325257925	25031.60328215873	303.48612534316345	1.1394665105418111e6	797.3748509671301
6.987419337290895	7.127267263011704	7.057343300151299	25303.11416369141	289.07556484180265	1.1647696247055025e6	768.0372667827208
7.127267263011705	7.269912147246929	7.198589705129317	25572.192615848267	275.2915299914216	1.1903418173213508e6	739.5977707841512
7.269912147246929	7.4154099291668585	7.342661038206893	25841.684847898083	262.1400744565289	1.2161835021692489e6	712.0410076095177
7.415409929166858	7.5638176667251855	7.489613797946022	26107.539805816952	249.55511901080666	1.2422910419750658e6	685.3486958165546
7.5638176667251855	7.71519355903468	7.639505612879933	26371.78823540057	237.53536691465357	1.2686628302104664e6	659.5035357277702
7.715193559034678	7.869596969190362	7.79239526411252	26632.046716426965	226.03809338663507	1.2952948769268934e6	634.4867617191587
7.869596969190363	8.027088447549161	7.948342708369762	26899.45539177116	215.13406641309442	1.3221943323186645e6	610.2847768268933
8.027088447549161	8.187729755475134	8.107409101512147	27165.111740807304	204.72270703345805	1.3493594440594718e6	586.8789653809237
8.187729755475134	8.351583889559627	8.26965682251738	27430.412261452293	194.79413858009195	1.3767898563209241e6	564.2512173914425
8.351583889559627	8.51871510632581	8.435149497942719	27699.721452755388	185.3566564729669	1.4044895777736795e6	542.3849480235983
8.51871510632581	8.689188947427317	8.603952026876563	27962.378777074628	176.3178720195184	1.4324519565507541e6	521.2591989862317
8.689188947427317	8.863072265350853	8.776130606389085	28224.447310070973	167.70163668766872	1.460676403860825e6	500.85559922794135
8.863072265350853	9.04043324963286	8.951752757491857	27161.742061838508	152.07551720715296	1.4878381459226636e6	480.7279222975266
9.04043324963286	9.221341453600507	9.130887351616684	27689.731175633613	146.0866187128898	1.5155278770982972e6	461.4163815223916
9.221341453600507	9.405867821647508	9.313604637624007	28236.32023843052	140.3750740480708	1.5437641973367278e6	442.8898639687023
9.405867821647508	9.594084717055448	9.499976269351478	28600.778680910356	133.98313672805833	1.572364976017638e6	425.0637849940775
9.594084717055447	9.786065950371546	9.690075333713496	28906.618537336122	127.60278042617168	1.6012715945549742e6	407.8983754329331
9.786065950371546	9.981886808353966	9.883976379362757	29192.49622004945	121.42967049034552	1.6304640907750237e6	391.3674537192044
9.981886808353966	10.181624083496034	10.081755445925001	29465.538550969213	115.49385465270868	1.659929629325993e6	375.4480842164255
10.181624083496034	10.385356104140945	10.28349009381849	29737.021587438183	109.8330486828458	1.689666650913431e6	360.12083223162796
10.385356104140945	10.593162765198754	10.48925943466985	30003.659127906198	104.42417088567724	1.7196703100413373e6	345.3660535603234
10.593162765198754	10.805125559477718	10.699144162338236	30263.882863110397	99.25282215165491	1.7499341929044477e6	331.1644075699516
10.805125559477718	11.021327609642261	10.91322658455999	29028.491085988004	89.7086334772658	1.7789626839904357e6	317.231637485764
11.021327609642261	11.241853700810095	11.131590655226178	29266.125110042747	85.22494357913435	1.8082288091004784e6	303.8442257333979
11.241853700810095	11.466790313801287	11.35432200730569	29998.475905086845	82.31757319865045	1.8382272850055653e6	291.06164939433637
11.466790313801285	11.696225659052299	11.581507986426793	30414.18745626742	78.64327773955794	1.8686414724618327e6	278.80474319855637
11.6962256590523	11.930249711208337	11.813237685130318	30734.56385680195	74.8866853771783	1.8993760363186346e6	267.03841599695284
11.930249711208337	12.168954244407493	12.049601977807914	31029.921895137057	71.24436925359991	1.9304059582137717e6	255.74094499084202
12.168954244407491	12.41243286827063	12.290693556339061	31316.91061661276	67.75498081940286	1.9617228688303845e6	244.89409177819346
12.41243286827063	12.660781064611031	12.53660696644083	31587.195021241205	64.39704868608239	1.9933100638516257e6	234.479432088761
12.66078106461103	12.914096224878238	12.787438644744633	29848.752426764928	57.342128538223186	2.0231588162783906e6	224.2587062285157
12.91409622487824	13.172477688350792	13.043286956614516	30406.94476037356	55.04441589033418	2.0535657610387641e6	214.4952062345436
13.172477688350792	13.436026781092796	13.304252234721794	31168.264397787163	53.16748142565509	2.0847340254365513e6	205.1868210009331
13.436026781092798	13.704846855689642	13.570436818391219	31585.13094654167	50.77024559739902	2.116319156383093e6	196.27726290454862
13.70484685568964	13.97904333177842	13.84194509373403	31923.558473812882	48.35385645285886	2.148242714856906e6	187.74240852780153
13.979043331778422	14.258723737388978	14.1188835345837	32238.78549281694	46.01419781553232	2.180481500349723e6	179.56505924337966
14.258723737388976	14.543997751111744	14.401360744250361	32520.591645415872	43.7386225803536	2.2130020919951387e6	171.72827955409934
14.543997751111744	14.834977245108966	14.689487498110356	29894.319521756843	37.88688809899221	2.2428964115168955e6	164.00608183549127
14.834977245108968	15.131776328986135	14.98337678704755	31377.903801399283	37.47295184176553	2.274274315318295e6	156.70559327626427
15.131776328986136	15.434511394540847	15.283143861763492	32030.035375257954	36.04501609829646	2.3063043506935528e6	149.74397307031631
15.434511394540843	15.743301161406647	15.588906277973745	32445.54770244751	34.406211443322306	2.3387498983960003e6	143.08949872432655
15.743301161406647	16.058266723609766	15.900783942508205	32799.36876162281	32.774892608518634	2.371549267157623e6	136.72487671718562
16.05826672360977	16.37953159705695	16.218899160333358	33113.39971609553	31.179828167797844	2.4046626668737186e6	130.6354715086388
16.37953159705695	16.707221767973074	16.54337668251501	30133.830248387996	26.73736113699834	2.4347964971221066e6	124.6411211513986
16.707221767973074	17.041465742307523	16.8743437551403	31823.273479259107	26.607459930869982	2.4666197706013657e6	118.98514968690685
17.041465742307526	17.382394596128663	17.211930169218093	32525.783172188327	25.6259981232987	2.499145553773554e6	113.59890044811921
17.382394596128663	17.730142027026222	17.55626831157744	32966.04066610802	24.474530969444597	2.532111594439662e6	108.45700040517197
17.730142027026222	18.084844406541734	17.907493216783976	33339.752426967956	23.32408497746745	2.56545134686663e6	103.54540796114628
18.08484440654173	18.44664083364755	18.265742620094642	31421.422145090066	20.713945700877847	2.59687276901172e6	98.76661905016934
18.446640833647553	18.81567318929549	18.631157011471522	31386.247438706923	19.497154563488984	2.628259016450427e6	94.19335590721457
18.81567318929549	19.192086192056387	19.003879690675937	32558.989315223414	19.058893833637292	2.6608180057656504e6	89.85867392777455
19.192086192056387	19.5760274548725	19.38405682346444	33100.908082515	18.258357589672425	2.6939189138481654e6	85.72790563026454
19.5760274548725	19.967647542944935	19.771837498908717	33530.88853625255	17.42857879453012	2.727449802384418e6	81.78759740521495
19.967647542944935	20.36710003277882	20.167373787861877	31441.580521826632	15.399849596620344	2.7588913829062446e6	77.95758988326246
20.367100032778815	20.774541572409376	20.570820802594096	31461.25365100894	14.520561684758508	2.7903526365572535e6	74.29783093625318
20.77454157240938	21.19013194283255	20.982336757620963	32693.551043021027	14.218862375462042	2.8230461876002746e6	70.83181847464965
21.19013194283255	21.614034120664186	21.40208303174837	33290.03649733681	13.643081472796673	2.8563362240976114e6	67.53256109668045
21.61403412066419	22.046414342052458	21.830224231358322	33734.41452845419	13.027674615553126	2.8900706386260656e6	64.38815080883258
22.046414342052458	22.48744216786849	22.266928254960476	30257.989681166597	11.011066819773479	2.920328628307232e6	61.308817292092044
22.48744216786849	22.937290550200846	22.712366359034668	32127.30639609834	11.016897808838218	2.9524559347033305e6	58.4074798093714
22.937290550200842	23.396135900179843	23.166713225190342	33028.3929328192	10.672550079423107	2.9854843276361497e6	55.65366637996191
23.396135900179846	23.86415815715843	23.630147028669136	33599.57560541527	10.230818415681114	3.019083903241565e6	53.033246951446486
23.86415815715842	24.341540859276574	24.102849508217496	31374.697511741426	9.00226990667405	3.0504586007533064e6	50.4931339824982
24.341540859276574	24.828471215437087	24.58500603735683	31274.11089017475	8.455775077429875	3.081732711643481e6	48.068040830685334
24.82847121543709	25.325140178720815	25.076805697078953	32720.721319316886	8.336569144713378	3.114453432962798e6	45.77598083513654
25.32514017872082	25.83174252127022	25.57844134999552	33411.3933285228	8.02149245526537	3.147864826291321e6	43.59797881493409
25.831742521270215	26.348476910670602	26.090109715970407	31819.26726893522	7.198581696538615	3.179684093560256e6	41.49815783267258
26.348476910670605	26.875545987859	26.612011449264802	30622.140944190323	6.528126332796547	3.2103062345044464e6	39.48080191170131
26.875545987858995	27.413156446591156	27.144351217225076	32501.904544658493	6.5291719984645455	3.242808139049105e6	37.57989058137229
27.41315644659116	27.961519114497964	27.68733778054456	33281.54710164573	6.300125016264656	3.2760896861507506e6	35.7754319418962
27.961519114497964	28.520849035762904	28.241184075130434	31062.985294670798	5.540963323638348	3.3071526714454214e6	34.03128007645424
28.52084903576291	29.09136555545315	28.80610729560803	30739.711312074214	5.166998701621147	3.3378923827574956e6	32.36617651586173
29.091365555453145	29.67329240553719	29.382328980495167	32432.856087357737	5.137127031259732	3.3703252388448534e6	30.795410295439847
29.67329240553719	30.266857792622915	29.970075099080052	33239.810779125895	4.961240187528922	3.4035650496239793e6	29.305115493145017
30.266857792622922	30.87229448745036	30.56957614003664	29554.330709321424	4.156707790044704	3.4331193803333007e6	27.854384826137448
30.872294487450354	31.48983991617434	31.181067201812347	31244.9711960149	4.140999778800519	3.4643643515293156e6	26.486440234339252
31.489839916174343	32.11973625347281	31.804788084823578	32535.91189104272	4.063355577331462	3.4969002634203583e6	25.192932616346788
32.11973625347281	32.762230517517246	32.44098338549503	33298.08772291988	3.9186633748755626	3.530198351143278e6	23.96569970904689
32.762230517517246	33.41757466684257	33.08990259217991	27849.96853600908	3.088447658822521	3.5580483196792873e6	22.76137275289598
33.41757466684257	34.0860256991544	33.75180018299848	31721.43023923412	3.3148602223603327	3.5897697499185214e6	21.639582770878363
34.086025699154405	34.76784575211247	34.42693572563344	32751.23421562556	3.225054841771676	3.622520984134147e6	20.5773267520398
34.767845752112464	35.46330220612969	35.11557397912108	28722.617213990074	2.665204061686759	3.651243601348137e6	19.544055203651524
35.4633022061297	36.17266778922727	35.81798499767848	30768.295673776884	2.690338752144183	3.682011897021914e6	18.57184107692724
36.17266778922727	36.89622068398679	36.53444423660703	32191.29641823331	2.6524005687601346	3.714203193440147e6	17.653523501927616
36.8962206839868	37.63424463664151	37.265232660314155	29580.408586408943	2.2966878795785686	3.743783602026556e6	16.76766225085188
37.634244636641505	38.387029068349314	38.01063685249541	29679.0345983929	2.1714247831666436	3.773462636624949e6	15.925678352911305
38.387029068349314	39.15486918869128	38.7709491285203	31662.230198995676	2.1828996794035933	3.8051248668239447e6	15.132928197526383
39.15486918869128	39.93806611144008	39.54646765006568	30349.07846807735	1.9716738751488214	3.835473945292022e6	14.37372504317878
39.93806611144008	40.73692697264386	40.33749654204197	28500.27595721744	1.7447611406431305	3.8639742212492395e6	13.64522865288266
40.736926972643865	41.55176505107172	41.14434601185779	31215.37268574955	1.8007475093932495	3.895189593934989e6	12.961986420009419
41.55176505107172	42.38289989106813	41.96733247106992	30589.4932205067	1.6628535618917266	3.925779087155496e6	12.310203796791031
42.38289989106812	43.23065742786446	42.80677865946629	27663.181153520476	1.4170373870111082	3.9534422683090162e6	11.681840484155334
43.23065742786446	44.09537011539672	43.66301377163059	30925.046421050094	1.4927499073729644	3.9843673147300663e6	11.094092505341882
44.09537011539672	44.97737705667963	44.536373586038174	29976.68607040122	1.3635085198905281	4.0143440008004676e6	10.532794259939088
44.977377056679636	45.8770241367882	45.42720059673392	27512.78581267316	1.1792513576205383	4.0418567866131407e6	9.993246370428418
45.8770241367882	46.79466415849894	46.33584414764357	30591.35691043781	1.235572340290724	4.0724481435235785e6	9.488071514593216
46.79466415849895	47.7306569806439	47.26266056957142	28676.75457799062	1.0914330272314554	4.101124898101569e6	9.003723507184068
47.73065698064389	48.685369659231746	48.20801331993782	27779.369437467307	0.9962932016076846	4.1289042675390365e6	8.541827339350801
48.685369659231746	49.65917659139136	49.17227312531155	30441.117375890724	1.0287813899332439	4.159345384914927e6	8.108449816007447
49.65917659139135	50.65245966219415	50.15581812679275	27016.27691270318	0.860371012794578	4.1863616618276304e6	7.690357285903897
50.652459662194154	51.665608394413006	51.15903402830358	28274.980306490324	0.8485166656957216	4.214636642134121e6	7.295698627958018
51.66560839441301	52.69902010127625	52.18231424784463	30441.212603051215	0.8608308879190948	4.245077854737172e6	6.924516119450335
52.69902010127624	53.753100042276735	53.22606007177649	25287.812126078643	0.6738527579539682	4.270365666863251e6	6.563959727539347
53.753100042276735	54.82826158209724	54.29068081218699	28763.796039946377	0.7222671232476522	4.299129462903197e6	6.226994554745448
54.82826158209724	55.92492635271416	55.3765939674057	29264.10688941274	0.6924442991145594	4.32839356979261e6	5.907746768922854
55.92492635271416	57.04352441874341	56.484225385728784	24866.255351915024	0.5544442869967181	4.353259825144525e6	5.598954371723389
57.04352441874342	58.184494446093254	57.614009432418335	29279.836264699697	0.615196918790321	4.382539661409224e6	5.311478774115478
58.184494446093254	59.348283873990084	58.76638916004167	25123.635061881505	0.49742315497062795	4.407663296471106e6	5.033792459362539
59.348283873990084	60.53534909044485	59.94181648221747	27540.243457018398	0.5138180290598112	4.435203539928124e6	4.773069875635242
60.535349090444846	61.74615561122871	61.14075235083678	29795.111746532843	0.5238231080025372	4.464998651674657e6	4.527963877245812
61.74615561122872	62.981178262428266	62.363666936828494	22709.995771869086	0.3762311813310457	4.487708647446526e6	4.288483078277292
62.98117826242826	64.2409013666518	63.61103981454003	28632.127370929345	0.4469814250631797	4.516340774817456e6	4.066897404243754
64.2409013666518	65.5258189329598	64.8833601498058	23760.511377868243	0.3495342954154221	4.540101286195324e6	3.8524726147042334
65.5258189329598	66.83643485059396	66.18112689177687	27213.856578600593	0.3772439475046454	4.567315142773924e6	3.6520149069497556
66.83643485059396	68.1732630865808	67.50484896858738	25313.48676139582	0.33066053449141003	4.59262862953532e6	3.460433231332087
68.17326308658079	69.53682788728737	68.85504548693407	25282.54684558604	0.31120706139579196	4.617911176380906e6	3.2787804739696442
69.53682788728739	70.9276639840081	70.23224593564774	28609.845038587227	0.33185042741741017	4.6465210214194935e6	3.1087967372058993
70.92766398400809	72.34631680266321	71.63699039333565	21567.554348613136	0.2357360785403197	4.668088575768107e6	2.9430741308600292
72.34631680266322	73.79334267769146	73.06982974017734	27674.276961105876	0.28503601536289297	4.6957628527292125e6	2.78975456188937
73.79334267769144	75.26930907022023	74.53132587395584	22031.445468535647	0.21382809744052644	4.717794298197748e6	2.6411715069844104
75.26930907022025	76.77479479059961	76.02205193040993	26674.081469324417	0.2439549309201889	4.744468379667073e6	2.50289686507443
76.7747947905996	78.31039022538656	77.54259250799308	22482.255384527147	0.19375743385409544	4.7669506350516e6	2.3697027960362727
78.31039022538656	79.87669756886925	79.0935438971279	25668.85855344031	0.20846034185448334	4.79261949360504e6	2.2450397630838803
79.87669756886925	81.4743310592216	80.67551431404542	22900.36400309857	0.17524986311099697	4.815519857608139e6	2.125651965110955
81.47433105922158	83.10391721938097	82.28912413930128	24670.222485701554	0.17790444618246298	4.84019008009384e6	2.013303840179345
83.10391721938097	84.76609510274355	83.93500616106226	23244.44965408463	0.15795430199872867	4.863434529747925e6	1.9062854511221008
84.76609510274358	86.4615165437734	85.61380582325849	23714.318589010276	0.15185227948817337	4.887148848336935e6	1.8050881317037226
86.4615165437734	88.19084641362383	87.32618147869862	23438.359342815354	0.14142831544308318	4.91058720767975e6	1.7091268091065013
88.19084641362382	89.95476288087124	89.07280464724752	22880.19775318727	0.13009704974491212	4.933467405432938e6	1.6180471194446229
89.95476288087124	91.75395767746362	90.85436027916742	23348.334966694005	0.12510138641223947	4.956815740399632e6	1.5319329163159507
91.75395767746362	93.58913636998784	92.67154702372574	22320.203313801438	0.1126945478574525	4.979135943713433e6	1.4500702932985916
93.58913636998786	95.46101863636257	94.52507750317521	22868.38145087287	0.10880247058925235	5.002004325164306e6	1.3727051428450165
95.46101863636258	97.37033854806478	96.41567859221368	22165.63330897689	0.09937612579126447	5.024169958473283e6	1.299258817960731
97.37033854806477	99.31784485800101	98.34409170303289	22074.35276376456	0.09325851624914946	5.046244311237047e6	1.2296961191119924
99.31784485800102	101.304301294136	100.31107307606851	22343.799521608278	0.08895209310157468	5.068588110758656e6	1.1638974981657826
101.304301294136	103.33048685899367	102.31739407656482	21103.65542043373	0.0791690571114092	5.089691766179089e6	1.101329940065639
103.33048685899367	105.39719613514849	104.36384149707108	22731.535190675408	0.08035727647278183	5.112423301369765e6	1.04243989450968
105.39719613514849	107.50523959682641	106.45121786598745	20061.744225755334	0.06682882163920485	5.13248504559552e6	0.9861663717910584
107.50523959682641	109.65544392773789	108.58034176228216	23232.12017989438	0.07292604287728749	5.155717165775415e6	0.9334904581032828
109.65544392773788	111.84865234526758	110.75204813650274	18993.839311769232	0.056183044111145	5.174711005087184e6	0.8828872074158663
111.84865234526758	114.08572493114788	112.96718863820773	23824.510954448953	0.06640720794604575	5.198535516041633e6	0.8357925333044045
114.0857249311479	116.36753896874579	115.22663194994684	17937.422078324482	0.04711400114818311	5.216472938119957e6	0.7903014896406044
116.36753896874578	118.69498928709564	117.5312641279207	24483.929685976356	0.0605996105920758	5.240956867805934e6	0.7482122588580661
118.69498928709562	121.06898861181249	119.88198894945405	16921.996062953956	0.03946744960008799	5.257878863868888e6	0.7073318655664165
121.06898861181249	123.49046792302367	122.27972826741808	21203.521793684922	0.04660089439235812	5.279082385662572e6	0.6692209400733581
123.49046792302369	125.9603768204591	124.72542237174139	19907.63638896309	0.04122918428351943	5.298990022051536e6	0.6329984387536141
125.9603768204591	128.47968389584324	127.22003035815118	18778.63435071893	0.036647795333498434	5.3177686564022545e6	0.5986010197366304
128.4796838958432	131.04937711273502	129.7645305042891	22083.308974254876	0.04061129282024394	5.339851965376509e6	0.5664162768089523
131.04937711273502	133.67046419396465	132.35992065334983	17116.326960981824	0.02966142909703858	5.356968292337491e6	0.5354563803357125
133.67046419396468	136.3439730168189	135.00721860539178	23606.27593162749	0.03854852999029096	5.380574568269119e6	0.5067948700404281
136.3439730168189	139.0709520161302	137.70746251647455	15773.59479902964	0.024272241201455883	5.396348163068148e6	0.4789631149547839
139.0709520161302	141.85247059542775	140.46171130577898	18994.48111025151	0.02754263597640791	5.4153426441784e6	0.45292534010540614
141.85247059542775	144.68961954631123	143.2710450708695	20475.84818590898	0.027978140729705985	5.435818492364309e6	0.42841455126488714
144.68961954631123	147.58351147621238	146.1365655112618	16686.417106641456	0.021485177100649993	5.45250490947095e6	0.4049430390784071
147.5835114762124	150.5352812447116	149.05939636046202	22919.054781188257	0.027808108540615172	5.4754239642521385e6	0.3831900717518854
150.53528124471157	153.54608640858072	152.04068382664616	15104.936946444213	0.017270009642020686	5.490528901198583e6	0.36208398623078336
153.54608640858075	156.61710767572728	155.08159704215402	17904.592776840553	0.01929021367986309	5.508433493975423e6	0.34231182580228
156.61710767572728	159.74954936821675	158.18332852197202	20596.82672464382	0.020910857579873137	5.529030320700067e6	0.323773602144371
159.74954936821675	162.94463989455602	161.34709463138637	15577.954365343787	0.01490324719019289	5.544608275065411e6	0.305958147746949
162.94463989455602	166.20363223142206	164.57413606298906	19933.228682117537	0.01796995899763403	5.564541503747528e6	0.2893471737597011
166.20363223142203	169.5278044150254	167.86571832322372	17463.132741747424	0.014835102860035677	5.582004636489276e6	0.27351350271863306
169.5278044150254	172.91846004230084	171.22313222866313	15999.63204564713	0.012807883879136166	5.598004268534923e6	0.25847618700268743
172.91846004230084	176.37692878212178	174.6476944122113	22177.725518206134	0.016729516141274683	5.620181994053129e6	0.24453241771170076
176.37692878212178	179.90456689673914	178.14074783943045	14116.748952331953	0.010034600038636246	5.634298743005461e6	0.23100676425059177
179.90456689673914	183.50275777364885	181.703662335194	16294.105405911803	0.010914275342556843	5.650592848411373e6	0.21831200580468993
183.50275777364885	187.17291246809674	185.3378351208728	21220.3211629251	0.013394156074077459	5.671813169574298e6	0.20649251455183978
187.17291246809674	190.9164702564336	189.04469136226516	14090.309077964164	0.008380751235286745	5.685903478652262e6	0.1950655985465239
190.91647025643357	194.73489920053714	192.82568472848536	16343.38772497233	0.009160170351275549	5.702246866377234e6	0.18434273881858185
194.73489920053717	198.6296967235228	196.68229796203	20713.653822101653	0.0109399975657613	5.722960520199336e6	0.17434102786505717
198.6296967235228	202.60239019696817	200.6160434602455	13930.352632197551	0.006933007589102672	5.736890872831534e6	0.16468509156543154
202.6023901969682	206.65453753988248	204.62846386842534	16085.253751608543	0.00754373708642479	5.752976126583142e6	0.15562133111983645
206.65453753988243	210.78772782965498	208.7211326847687	20773.927345345728	0.009180710788381001	5.773750053928488e6	0.14717478251920976
210.787727829655	215.00358192522302	212.89565487743903	13650.919187920168	0.005684845581174159	5.787400973116408e6	0.13901378809175954
215.00358192522305	219.30375310270242	217.15366751396272	15563.267609980889	0.006107403989440835	5.802964240726389e6	0.13134788759796
219.30375310270236	223.6899277037313	221.49684040321682	21411.931025144644	0.007917914236282629	5.824376171751534e6	0.1242285796174082
223.6899277037313	228.16382579678083	225.92687675025607	13287.597751453519	0.004630208331995689	5.837663769502987e6	0.11733027726963262
228.16382579678083	232.72720185169135	230.4455138242361	14900.478859143332	0.004892754159792719	5.8525642483621305e6	0.11084500747777389
232.72720185169135	237.38184542770006	235.0545236396957	18954.908560467884	0.00586508053392047	5.871519156922598e6	0.10478988592865372
237.38184542770009	242.12958187522898	239.75571365146453	16472.20397442393	0.004802895325656147	5.887991360897022e6	0.09902275353413881
242.12958187522898	246.97227305170844	244.55092746346872	14220.109721029177	0.0039070906609666375	5.9022114706180515e6	0.09353659577948412
246.97227305170844	251.9118180517175	249.44204555171297	16554.677341203205	0.0042861799469260985	5.918766147959255e6	0.0883887404580838
251.91181805171752	256.95015395172675	254.43098600172215	19976.57408002671	0.004873823914487727	5.938742722039281e6	0.0835717035818336
256.95015395172675	262.08925656973616	259.5197052607315	13603.565483849496	0.003127524550879353	5.952346287523131e6	0.0789317847667996
262.08925656973616	267.33114124010575	264.71019890492096	15193.31195684895	0.00329154342620195	5.96753959947998e6	0.07456895261290682
267.3311412401058	272.6778636038828	270.0045024219943	19121.799554108642	0.0039036876436866394	5.9866613990340885e6	0.07049307217697319
272.67786360388277	278.1315204149353	275.404692009409	16836.83814367745	0.003238963145252373	6.003498237177766e6	0.06661394413307607
278.1315204149353	283.6942503622089	280.91288538857214	14308.189641921781	0.00259375728641541	6.017806426819688e6	0.0629213457129587
283.6942503622089	289.36823490842795	286.53124263531845	16131.916254384443	0.0027556863700751006	6.033938343074072e6	0.05945107243411829
289.36823490842795	295.15569914557136	292.2619670269996	22241.723060159013	0.0035802342852304936	6.056180066134231e6	0.05622851965707445
295.15569914557136	301.05891266745766	298.1073059065145	13750.917432804592	0.002085805879585739	6.069930983567036e6	0.05310564371906874
301.05891266745766	307.0801904597817	304.0695515636197	14987.403485761955	0.002142238463650302	6.084918387052798e6	0.05016614678002488
307.08019045978165	313.22189380795214	310.1510421338669	16889.546702634543	0.0022748806311922946	6.101807933755432e6	0.047403847328261965
313.2218938079522	319.48643122308613	316.3541625155192	22675.71607029438	0.002878066610867785	6.124483649825727e6	0.04483566502714564
319.4864312230861	325.87625938652263	322.6813453048044	14472.293005510233	0.001730917601279442	6.138955942831237e6	0.04234944660484392
325.87625938652263	332.39388411322795	329.1350717498753	15700.335301117972	0.001769486269367653	6.154656278132355e6	0.04000885487491122
332.39388411322795	339.04186133446734	335.7178727238477	17477.311761767603	0.0018561459840005258	6.172133589894122e6	0.037808264029915134
339.04186133446734	345.82279810013154	342.43232971729947	23167.634166297503	0.002318560409157838	6.19530122406042e6	0.03576127189975722
345.8227981001316	352.7393536011091	349.28107585062037	16727.146695523523	0.0015774580977220211	6.2120283707559435e6	0.03378960205367605
352.73935360110903	359.79424021210605	356.2667969066075	16630.015529579483	0.0014778415169336282	6.228658386285523e6	0.03192590986837158
359.7942402121061	366.99022455532304	363.3922323837146	18221.59732977301	0.001525881825251557	6.246879983615296e6	0.0301724839116231
366.9902245553231	374.3301285854044	370.6601765703638	20998.81663146708	0.0016570229659006366	6.267878800246763e6	0.028527757259173493
374.33012858540434	381.81683069608727	378.0734796407458	23485.904801879078	0.0017463860705514433	6.291364705048642e6	0.02698305055391259
381.81683069608727	389.45326684898384	385.6350487725356	18091.681199062616	0.0012676844097756499	6.309456386247705e6	0.025499829688217922
389.4532668489838	397.2424317249383	393.34784928696104	19606.321980742738	0.001294576199826796	6.3290627082284475e6	0.024103710029113982
397.24243172493834	405.1873798984119	401.2149058116751	21644.372725287452	0.0013467151980297081	6.350707080953735e6	0.02279112389032188
405.18737989841185	413.2912270353549	409.23930346688337	25943.86898110062	0.0015211245411737866	6.376650949934836e6	0.021564305501792343
413.29122703535495	421.55715111503685	417.4241890751959	24523.946060040966	0.0013549387410337868	6.4011748959948765e6	0.020398662916808388
421.5571511150369	429.98839367631246	425.7727723956747	22338.45284080319	0.0011630052642983368	6.42351334883568e6	0.019289182501745585
429.98839367631246	438.5882610888135	434.288327382563	24382.810860994272	0.0011962216144600442	6.447896159696674e6	0.01824561114839354
438.58826108881357	447.36012584956467	442.9741934691891	27029.277119480073	0.001249572894604395	6.474925436816154e6	0.017265308649312826
447.3601258495646	456.3074279055307	451.8337768775476	31814.24786189478	0.0013859517742624507	6.506739684678049e6	0.016349414623464828
456.3074279055307	465.4336760026161	460.8705519540734	32005.827261186205	0.0013138773097675046	6.538745511939235e6	0.015482190842148125
465.43367600261604	474.74244906164313	470.0880625321296	31998.752293704078	0.001237821725483075	6.570744264232939e6	0.014660600442606416
474.74244906164324	484.23739758185087	479.489923321747	36216.85047421511	0.001320185750563083	6.606961114707154e6	0.013891148714797755
484.2373975818509	493.9222450724627	489.0798213271568	41938.777903875336	0.0014405868287711674	6.64889989261103e6	0.013173022278401933
493.9222450724626	503.80078951288664	498.86151729267465	50408.8634607112	0.001631660822594864	6.699308756071741e6	0.012507337047159959
503.80078951288675	513.8769048421193	508.838847177503	65149.18780315202	0.0019871529730163973	6.764457943874893e6	0.01190055162889086
513.8769048421193	524.1545424779365	519.0157236600279	105348.7168252645	0.0030279650862974	6.869806660700157e6	0.011388796787320124
524.1545424779364	534.6377328664698	529.3961376722032	103777.93230567314	0.002810774131815523	6.97358459300583e6	0.010894031951518043
