-0.0	9.953897499377266e-5	4.976948749688633e-5	0.44466827194482705	1.0763860002554117e11	0.44466827194482705	1.0763860002554117e11
9.953897499377266e-5	0.0002010687294874207	0.00015030385224059668	1.7245108967756062	5.763878980707514e10	2.1691791687204334	6.370495520661204e10
0.00020106872948742058	0.0003046290790709416	0.00025284890427918107	3.3091805920288238	3.9225264488404915e10	5.478359760749257	4.6264499341454094e10
0.0003046290790709413	0.00041026063564613265	0.000357444857358537	5.022162139693928	2.9398143465560375e10	10.500521900443186	3.630301791965558e10
0.0004102606356461331	0.0005180048233528283	0.0004641327294994807	6.831899218364555	2.331886402392137e10	17.33242111880774	2.9769340401176804e10
0.0005180048233528287	0.0006279038948136577	0.0005729543590832433	8.739194203865603	1.92175471030882e10	26.071615322673345	2.5141998694934856e10
0.0006279038948136573	0.0007400009477037028	0.0006839524212586801	10.751328090942097	1.6279280103421324e10	36.82294341361544	2.169367169899221e10
0.000740000947703703	0.0008543399416515495	0.0007971704446776262	12.875820191361946	1.4077462859622068e10	49.69876360497739	1.902676012894828e10
0.0008543399416515493	0.0009709657154783526	0.0009126528285649509	15.11949927769725	1.236890370915796e10	64.81826288267463	1.6904296143578304e10
0.0009709657154783523	0.0010899240047816917	0.001030444860130022	17.488703016981404	1.1005795862706957e10	82.30696589965603	1.5176070313959167e10
0.0010899240047816917	0.0012112614598710977	0.0011505927323263946	19.9897010514175	9.893637680981815e9	102.29666695107353	1.3742292161837751e10
0.0012112614598710973	0.0013350256640622914	0.0012731435619666943	22.628663221365166	8.969275204606613e9	124.92533017243869	1.2534097051589031e10
0.0013350256640622922	0.00146126515233731	0.0013981454081998012	25.412065975478402	8.189082720971541e9	150.3373961479171	1.1502475901573465e10
0.0014612651523373099	0.0015900294303778282	0.001525647291357569	28.346613956806276	7.5219409253938465e9	178.68401010472337	1.0611617628929924e10
0.0015900294303778277	0.0017213689939791564	0.001655699212178492	31.43922640500549	6.945057694332306e9	210.12323650972886	9.83475497432511e9
0.0017213689939791568	0.0018553353488525118	0.0017883521714158342	34.69719886395362	6.441391195009224e9	244.82043537368247	9.151489787751486e9
0.0018553353488525112	0.0019919810308233333	0.0019236581898379223	38.128123118182984	5.997928185060029e9	282.94855849186547	8.546007727040937e9
0.0019919810308233333	0.002131359626433572	0.0020616703286284524	41.73970804404672	5.604535712183134e9	324.6882665359122	8.005856119161711e9
0.0021313596264335728	0.002273525793956016	0.0022024427101947942	45.54025556428025	5.253265300125726e9	370.22852210019244	7.521104219460841e9
0.0022735257939560153	0.0024185352848289073	0.002346030539392461	49.53854158012448	4.937775657383037e9	419.76706368031694	7.083737618750757e9
0.002418535284828908	0.002566444965519258	0.002492490125174083	53.74350867895534	4.65291620871234e9	473.51057235927226	6.687213726227486e9
0.002566444965519257	0.002717312839823414	0.0026418789026713355	58.16409258087913	4.394449724459519e9	531.6746649401514	6.326134686235099e9
0.002717312839823413	0.0028711980716136527	0.002794255455718533	62.81042334415885	4.158942797376671e9	594.4850882843102	5.996017549292385e9
0.002871198071613654	0.0030281610080396984	0.002949679539826676	67.6922465239037	3.943481494426473e9	662.1773348082139	5.693100012481568e9
0.003028161008039698	0.0031882632031942633	0.0031082121056169804	72.82070184710913	3.7456776707775187e9	734.9980366553231	5.414209656538508e9
0.003188263203194263	0.0033515674422519193	0.0032699153227230913	78.20621564551453	3.5634500805952983e9	813.2042523008377	5.156643914279408e9
0.0033515674422519197	0.0035181377660907292	0.0034348526041713245	83.86062759166299	3.395074442462253e9	897.0648798925006	4.918092801266515e9
0.0035181377660907292	0.003688039496406315	0.003603088631248522	89.79601468550858	3.239060354911378e9	986.8608945780092	4.696568277800615e9
0.0036880394964063155	0.003861339261328213	0.0037746893788672643	96.0246846257794	3.0941141774374905e9	1082.8855792037884	4.490348810569146e9
0.003861339261328213	0.004038105021548549	0.003949722141438381	102.55961227135926	2.9591214481444654e9	1185.4451914751478	4.297936957058455e9
0.004038105021548548	0.00421840609697329	0.004128255559260919	109.41472421887073	2.833122877296648e9	1294.8599156940186	4.1180253854153323e9
0.00421840609697329	0.004402313193906526	0.004310359645439908	116.60395497863463	2.7152638275905066e9	1411.4638706726532	3.949465710733476e9
0.004402313193906526	0.004589898432778427	0.004496105813342477	124.14217618930677	2.604802433316682e9	1535.60604686196	3.7912461136055517e9
0.004589898432778428	0.004781235376427767	0.004685566904603098	132.04475120457423	2.5010813253528523e9	1667.6507980665342	3.642471259864098e9
0.0047812353764277666	0.0049763990589500925	0.00487881721768893	140.32789380922955	2.403522181666004e9	1807.9786918757638	3.5023464223098383e9
0.004976399058950093	0.005175466015122866	0.0050759325370364795	149.0083145068932	2.3116076324705577e9	1956.987006382657	3.3701633349300213e9
0.005175466015122865	0.005378514310419092	0.005276990162770979	158.10333046657547	2.224875213094289e9	2115.0903368492327	3.2452886163101754e9
0.005378514310419092	0.005585623571621245	0.005482068941020169	167.63139642572253	2.1429169583934586e9	2282.721733274955	3.1271547390568185e9
0.005585623571621245	0.00579687501804744	0.0056912492948343425	177.61130960009612	2.0653610432013862e9	2460.3330428750514	3.0152510619105067e9
0.005796875018047441	0.00601235149340216	0.0059046132557248	188.06300305668677	1.991877065358806e9	2648.396045931738	2.909117310054387e9
0.00601235149340216	0.006232137498263974	0.006122244495833067	199.00707441162064	1.9221648782885966e9	2847.4031203433588	2.808337297006882e9
0.006232137498263972	0.006456319223223022	0.006344228360743497	210.46497734767306	1.855952958706042e9	3057.868097691032	2.7125337646093574e9
0.006456319223223021	0.006684984582681251	0.006570651902952136	222.45940147105628	1.7929978669207566e9	3280.3274991620883	2.621364208455851e9
0.006684984582681254	0.006918223249328648	0.0068016039160049505	235.01358371413477	1.7330748493510268e9	3515.341082876223	2.534516617076396e9
0.006918223249328647	0.00715612668930899	0.007037174969318818	248.1518322275167	1.675980036323282e9	3763.4929151037395	2.451706236896792e9
0.00715612668930899	0.007398788198088939	0.007277457443698964	261.89952935139485	1.6215277091174679e9	4025.3924444551344	2.372672695027573e9
0.007398788198088939	0.007646302937044488	0.0075225455675667135	276.28305199173406	1.5695475667721984e9	4301.675496446868	2.297177403373433e9
0.007646302937044487	0.007898767970779146	0.007772535453911817	291.3301831628206	1.5198851618061192e9	4593.005679609689	2.2250014779564095e9
0.007898767970779147	0.0081562823051885	0.008027525137983823	307.0699690078344	1.472398894260926e9	4900.075648617523	2.155943761929332e9
0.0081562823051885	0.00841894692628604	0.008287614615737269	323.53205200418813	1.426955469009188e9	5223.607700621711	2.089818786838433e9
0.00841894692628604	0.00868686483980553	0.008552905883045785	340.6927026488072	1.3832106308305964e9	5564.3004032705185	2.0264354123438237e9
0.008686864839805528	0.008960141111595408	0.008823502975700469	358.54993342503514	1.3409762027664332e9	5922.850336695554	1.9656111243417182e9
0.008960141111595408	0.009238882908821085	0.009099512010208246	377.2151879013237	1.300490088343188e9	6300.065524596877	1.9072080365220537e9
0.009238882908821085	0.009523199541991274	0.00938104122540618	396.72288986763147	1.2616526262428548e9	6696.788414464509	1.8510975898719578e9
0.009523199541991274	0.009813202507824869	0.009668201024908072	417.1093561835822	1.22437294185757e9	7113.897770648091	1.7971599311994612e9
0.00981320250782487	0.010109005532975137	0.009961104020400003	438.41085282340805	1.1885623170837264e9	7552.308623471499	1.7452828332888832e9
0.010109005532975134	0.010410724618628405	0.01025986507580177	460.66460254315393	1.1541376236871088e9	8012.973226014653	1.6953610681889892e9
0.010410724618628405	0.010718478085994741	0.010564601352311572	483.91967635952903	1.1210462337884228e9	8496.892902374182	1.647297964862563e9
0.010718478085994743	0.011032386622708406	0.010875432354351573	508.21569403003264	1.0892106220516388e9	9005.108596404214	1.6010021908957024e9
0.011032386622708406	0.011352573330156341	0.011192479976432374	533.5964630241017	1.0585649515439595e9	9538.705059428316	1.556387963992971e9
0.011352573330156343	0.011679163771753237	0.01151586855095479	560.1091343144856	1.029050803402131e9	10098.8141937428	1.5133749018892355e9
0.011679163771753237	0.01201228602218207	0.011845724896967653	587.8007348099982	1.0006097118238648e9	10686.614928552799	1.471887298987493e9
0.012012286022182067	0.012352070717619476	0.012182178369900772	616.7188678958054	9.731851991860857e8	11303.333796448604	1.4318536645207095e9
0.01235207071761948	0.012698651106965636	0.012525360912292557	646.9137920477028	9.467261101166376e8	11950.247588496306	1.3932065908486578e9
0.012698651106965634	0.013052163104098714	0.012875407105532175	678.4429448191535	9.211918518861952e8	12628.69053331546	1.3558830604419644e9
0.013052163104098714	0.013412745341174455	0.013232454222636584	711.4301414862815	8.966240729806343e8	13340.120674801745	1.3198303530308871e9
0.013412745341174457	0.013780539222991713	0.013596642282083085	745.9561871248625	8.729897234200091e8	14086.076861926607	1.2849990597364604e9
0.013780539222991713	0.014155688982445314	0.013968114102718514	782.0620515414112	8.502076795639653e8	14868.138913468018	1.2513389545064933e9
0.014155688982445312	0.014538341737087986	0.014347015359766648	819.7909158777012	8.282081939545207e8	15687.92982934572	1.218799898564494e9
0.014538341737087988	0.014928647546823513	0.01473349464195575	859.1890564959399	8.069319669027467e8	16547.11888584166	1.1873325760546234e9
0.014928647546823513	0.01532675947275375	0.01512770350978863	900.314113597908	7.863355930529824e8	17447.43299943957	1.156889565792026e9
0.01532675947275375	0.01573283363720259	0.01552979655497817	943.2469252972913	7.663971800061616e8	18390.67992473686	1.1274267256249597e9
0.01573283363720259	0.01614702928494041	0.015939931461071498	988.0661481842769	7.470906306287766e8	19378.746072921138	1.0989025064054956e9
0.016147029284940405	0.016569508845632977	0.01635826906528669	1034.854543619701	7.283915682411424e8	20413.60061654084	1.0712777841846199e9
0.016569508845632984	0.01700043799753941	0.016784973421586198	1083.7115066533167	7.102852174506359e8	21497.312123194155	1.0445162980899891e9
0.017000437997539405	0.01743998573248396	0.017220211865011683	1134.7323590656956	6.927506939476756e8	22632.04448225985	1.0185838894421474e9
0.01743998573248396	0.017888324422127407	0.017664155077305684	1187.9620770397908	6.757366012238845e8	23820.006559299643	9.934460322054037e8
0.017888324422127403	0.018345629885563715	0.01811697715384556	1243.4963637813519	6.592250984698455e8	25063.502923080996	9.690702847318939e8
0.01834562988556372	0.018812081458268758	0.018578855671916236	1301.440676397178	6.432017488877295e8	26364.943599478174	9.454263131891308e8
0.018812081458268758	0.0192878620624279	0.01904997176034833	1361.9077902845302	6.276533624764463e8	27726.851389762705	9.224857599533868e8
0.019287862062427896	0.019773158278670218	0.019530510170549055	1425.0297579936505	6.125727076194882e8	29151.881147756358	9.002224660368061e8
0.019773158278670218	0.020268160419237388	0.020020659348953803	1490.9310327519918	5.979456871220899e8	30642.812180508343	8.78611758098492e8
0.020268160419237388	0.0207730626026159	0.020520611510926642	1559.6998536683868	5.837426325993452e8	32202.51203417673	8.576291861120856e8
0.0207730626026159	0.02128806282966198	0.021030562716138942	1631.436856401611	5.699404697562988e8	33833.94889057834	8.372509512820116e8
0.02128806282966198	0.021813363061248984	0.021550712945455484	1706.2623799482233	5.565235830640376e8	35540.21127052656	8.174543560076995e8
0.021813363061248984	0.022349169297467726	0.022081266179358357	1784.3273395615158	5.434851060183103e8	37324.53861008808	7.98218304188099e8
0.02234916929746773	0.022895691658410846	0.022622430477939288	1865.7739574734371	5.308130370812685e8	39190.312567561516	7.795227866951915e8
0.022895691658410842	0.02345314446657282	0.023174418062491833	1950.7393435600748	5.184927120083493e8	41141.05191112159	7.613485872802194e8
0.02345314446657282	0.024021746330898038	0.02373744539873543	2039.383136814782	5.0651458763018113e8	43180.43504793637	7.436775559016176e8
0.024021746330898045	0.02460172023250977	0.024311733281703905	2131.864087491763	4.9486730048454124e8	45312.29913542813	7.264923793831496e8
0.02460172023250977	0.025193293612153726	0.024897506922331746	2228.364121641891	4.8354346194866866e8	47540.663257070024	7.097767722110388e8
0.025193293612153722	0.02579669845939056	0.02549499603577214	2329.0019368033177	4.7252089874880004e8	49869.66519387334	6.935143658066416e8
0.02579669845939056	0.026412171403572132	0.026104434931481346	2433.9497041578225	4.6178950429435706e8	52303.61489803116	6.776895289040002e8
0.026412171403572136	0.02703995380663734	0.02672606260510474	2543.397493127349	4.513415392049294e8	54847.01239115851	6.62287457601557e8
0.02703995380663734	0.027680291857763845	0.027360122832200594	2657.573788707375	4.4117434435374403e8	57504.58617986589	6.472944425128202e8
0.027680291857763845	0.028333436669912882	0.028006864263838364	2776.6811189522286	4.312786959802178e8	60281.267298818115	6.326973272390473e8
0.028333436669912882	0.0289996443783049	0.028666540524108892	2900.8894973025867	4.2163975381113595e8	63182.156796120704	6.184830772446024e8
0.028999644378304903	0.02967917624086476	0.029339410309584833	3030.411989880166	4.122491901376544e8	66212.56878600086	6.04639199530221e8
0.02967917624086476	0.030372298740675815	0.03002573749077029	3165.4809814528476	4.031003689752838e8	69378.0497674537	5.911538052401359e8
0.030372298740675818	0.031079283690483094	0.030725791215579456	3306.388649358133	3.941926822230484e8	72684.43841681184	5.78015956906227e8
0.031079283690483087	0.03180040833928651	0.031439846014884795	3453.296713296099	3.855083869510569e8	76137.73513010795	5.652144475756742e8
0.03180040833928651	0.032535955481066	0.03216818191017626	3606.473268873719	3.7704257042951155e8	79744.20839898166	5.527386665734086e8
0.032535955481066005	0.03328621356568108	0.032911084523373546	3766.1935788629326	3.687897953260681e8	83510.4019778446	5.405785125653131e8
0.03328621356568108	0.03405147681198846	0.03366884518883477	3932.7909706078904	3.60748892451855e8	87443.19294845249	5.2872463003333706e8
0.03405147681198846	0.03483204532322199	0.03444176106760523	4106.4808289252305	3.529064698964501e8	91549.67377737771	5.1716754335319555e8
0.03483204532322199	0.03562822520468019	0.03523013526395109	4287.584577659021	3.4525862125724286e8	95837.25835503673	5.0589828307307017e8
0.03562822520468018	0.036440328683767544	0.03603427694422386	4476.404700277238	3.3779879989082104e8	100313.66305531397	4.949081701955192e8
0.036440328683767544	0.037268674232436655	0.036854501458102096	4673.319950915913	3.3052532768133765e8	104986.98300622989	4.841891073735647e8
0.037268674232436655	0.03811358669207914	0.0376911304622579	4878.598897207569	3.234275581771175e8	109865.58190343746	4.737329477551457e8
0.03811358669207915	0.03897539740091449	0.03854449204649682	5092.573651477844	3.16499350116331e8	114958.1555549153	4.635317872157814e8
0.038975397400914484	0.03985444432392653	0.0394149208624205	5315.66926920523	3.0973958432579684e8	120273.82482412053	4.535782676500331e8
0.03985444432392653	0.040751072185398814	0.040302758254662674	5548.381691396922	3.0314945010358536e8	125822.20651551745	4.4386568207505524e8
0.040751072185398814	0.04166563260410055	0.04120835239474968	5790.954676214328	2.9671504845470154e8	131613.16119173178	4.343869514784385e8
0.04166563260410054	0.042598484231176306	0.042132058417638424	6043.755896650952	2.9042993708166444e8	137656.91708838273	4.251351284245033e8
0.04259848423117632	0.0435499928907936	0.04307423856098496	6307.251659011577	2.8429202224157375e8	143964.16874739432	4.161036633505148e8
0.043549992890793594	0.04452053172360322	0.04403526230719841	6582.052241615163	2.7830421807510716e8	150546.22098900948	4.0728669324316376e8
0.044520531723603214	0.04551048133306903	0.04501550652833612	6868.606089483201	2.7246070302979267e8	157414.82707849267	3.9867843156021106e8
0.045510481333069036	0.04652022993472417	0.0460153556338966	7167.195694855733	2.6674921242839965e8	164582.0227733484	3.9027274983865494e8
0.04652022993472417	0.047550173508412404	0.04703520172156829	7478.405848865124	2.6116944086100945e8	172060.42862221354	3.820639603708487e8
0.04755017350841241	0.04860071595357441	0.048075444730993414	7802.8914497759815	2.5572206050547993e8	179863.32007198952	3.7404684445394087e8
0.04860071595357442	0.04967226924763966	0.04913649260060704	8141.162350826208	2.5040169164447752e8	188004.48242281572	3.6621623362686586e8
0.04967226924763965	0.05076525360758619	0.05021876142761292	8493.7362795543	2.4520302484485734e8	196498.21870237	3.5856700861741316e8
0.0507652536075862	0.05188009765473167	0.051322675631158936	8861.192103457655	2.4012231001234725e8	205359.41080582768	3.510941923871618e8
0.051880097654731665	0.05301723858282005	0.052448668118775854	9244.33821249587	2.3516123417988345e8	214603.74901832355	3.43793280739673e8
0.05301723858282006	0.05417712232947021	0.05359718045614513	9643.611236143886	2.3031092059409708e8	224247.36025446744	3.366595434272583e8
0.0541771223294702	0.055360203751053355	0.054768663040261775	10059.737756378885	2.2556982085658866e8	234307.09801084633	3.2968849823704e8
0.055360203751053355	0.05656694680106817	0.05596357527606076	10493.467794370632	2.2093607406509665e8	244800.56580521696	3.228758726148441e8
0.05656694680106818	0.057797824712083286	0.057182385756575735	10945.784884404318	2.164117096829343e8	255746.3506896213	3.162178309799845e8
0.05779782471208328	0.059053320181318696	0.05842557244670099	11416.98265556302	2.1198428338761893e8	267163.33334518434	3.0971003952413803e8
0.0590533201813187	0.06033392555993882	0.059693622870628765	11908.040471191249	2.0765509217783093e8	279071.37381637556	3.033485557934489e8
0.06033392555993882	0.06164014304613134	0.06098703430303508	12419.866370315844	2.0342294361751354e8	291491.2401866914	2.9712964562876713e8
0.06164014304613134	0.06297248488204772	0.06230631396408953	12953.680562280302	1.992906790890148e8	304444.9207489717	2.910500184053599e8
0.06297248488204771	0.06433147355468241	0.06365197921836506	13509.621918591458	1.9524376444549328e8	317954.54266756313	2.851057176502923e8
0.06433147355468241	0.06571764200076981	0.06502455777772612	14089.023429810237	1.9128625193382895e8	332043.5660973734	2.7929331672680527e8
0.06571764200076981	0.06713153381577895	0.06642458790827438	14692.991932408337	1.8741746572555998e8	346736.55802978174	2.7360958940311754e8
0.06713153381577895	0.06857370346708827	0.0678526186414336	15322.737343002918	1.8363715916831315e8	362059.29537278466	2.680515218849753e8
0.06857370346708827	0.07004471651142379	0.06930920998925602	15978.621490456058	1.799346161362068e8	378037.9168632407	2.6261565177587992e8
0.07004471651142379	0.071545149816646	0.0707949331640349	16662.142362595732	1.7631273102734607e8	394700.0592258364	2.5729893580118838e8
0.071545149816646	0.07307559178797267	0.07231037080230934	17374.752709127475	1.727724579763091e8	412074.8119349639	2.5209860153322107e8
0.07307559178797267	0.07463664259872586	0.07385611719334927	18117.450178061437	1.6930939609806582e8	430192.26211302535	2.470117995177285e8
0.07463664259872586	0.07622891442569413	0.07543277851221	18891.112260927264	1.65918234812236e8	449083.3743739526	2.420355518471187e8
0.07622891442569411	0.07785303168920174	0.07704097305744792	19697.324572931262	1.6259994409239626e8	468780.6989468839	2.3716714488114884e8
0.07785303168920174	0.07950963129797951	0.07868133149359063	20537.984174225025	1.5935692905544037e8	489318.6831211089	2.3240419891184685e8
0.07950963129797951	0.08119936289893284	0.08035449709845618	21413.75249164587	1.5618121975227368e8	510732.4356127548	2.277440111723253e8
0.08119936289893284	0.08292288913190524	0.08206112601541904	22326.274370745938	1.5307264520485094e8	533058.7099835008	2.2318405275859058e8
0.08292288913190525	0.0846808858895371	0.08380188751072118	23277.107998704367	1.5002981027442345e8	556335.8179822051	2.1872188194202173e8
0.08468088588953708	0.08647404258232155	0.08557746423592932	24268.736135093222	1.4705653790144682e8	580604.5541172983	2.1435545582185334e8
0.08647404258232155	0.08830306240896171	0.08738855249564163	25301.200147073312	1.4414112254674375e8	605905.7542643717	2.1008215867495048e8
0.08830306240896173	0.0901686626321347	0.08923586252054821	26377.379471054923	1.4128905768971726e8	632283.1337354266	2.0589988439749056e8
0.09016866263213469	0.09207157485977112	0.09112011874595291	27498.720232808286	1.38496731481819e8	659781.8539682348	2.0180644989321616e8
0.09207157485977113	0.09401254533196028	0.09304206009586571	28668.11871449429	1.35767561036373e8	688449.9726827291	1.9780002604154614e8
0.09401254533196027	0.09599233521359321	0.09500244027277674	29885.444644899355	1.3309002874090818e8	718335.4173276285	1.9387820922359392e8
0.09599233521359321	0.09801172089285881	0.09700202805322601	31154.49109086578	1.304710664307473e8	749489.9084184943	1.9003917503408933e8
0.0980117208928588	0.1000714942857097	0.09904160758928425	32476.961765079344	1.2790722333427672e8	781966.8701835736	1.8628101253081372e8
0.10007149428570972	0.10217246314641765	0.10112197871606368	33855.39814556226	1.2539831632215455e8	815822.2683291358	1.8260192688625094e8
0.10217246314641763	0.10431545138433972	0.10324395726537867	35290.865503036046	1.2293846357365577e8	851113.1338321719	1.7899988753115392e8
0.10431545138433973	0.10650129938702026	0.10540837538567999	36787.21504513132	1.2053170101792969e8	887900.3488773032	1.7547324110575718e8
0.10650129938702026	0.10873086434975439	0.10761608186838732	38346.90797140613	1.181763222748511e8	926247.2568487093	1.7202034096591955e8
0.10873086434975437	0.1110050206117432	0.10986794248074878	39971.81796946582	1.1586872966488884e8	966219.0748181752	1.686394325710465e8
0.1110050206117432	0.11332465999897179	0.11216484030535749	41664.422438637564	1.1360725448495299e8	1.0078834972568128e6	1.653287760921734e8
0.11332465999897177	0.11569069217394494	0.11450767608645836	43428.74252875006	1.113940749654539e8	1.0513122397855627e6	1.6208687640844095e8
0.11569069217394495	0.11810404499241757	0.11689736858318125	45268.27536486145	1.0922910415525523e8	1.096580515150424e6	1.5891233126931772e8
0.11810404499241758	0.12056566486725966	0.11933485492983861	47183.85017691995	1.0710568031779076e8	1.143764365327344e6	1.5580343061247945e8
0.12056566486725963	0.12307651713959854	0.12182109100342908	49179.91632443054	1.0502590113761924e8	1.1929442816517747e6	1.5275870098847193e8
0.12307651713959855	0.12563758645738424	0.1243570517984914	51260.39513140258	1.0298988372371492e8	1.2442046767831773e6	1.4977677171906102e8
0.12563758645738424	0.12824987716152564	0.12694373180945495	53429.94626406093	1.009986387181511e8	1.2976346230472382e6	1.4685642169412813e8
0.12824987716152564	0.13091441367974987	0.12958214542063776	55688.25480642231	9.904360353614318e7	1.3533228778536606e6	1.439959970377776e8
0.13091441367974987	0.13363224092833859	0.13227332730404423	58042.64502565529	9.713050509601004e7	1.411365522879316e6	1.4119429229750237e8
0.13363224092833859	0.13640442472189906	0.13501833282511883	60496.803734544155	9.52576376332048e7	1.4718623266138602e6	1.384500781225591e8
0.13640442472189906	0.13923205219133075	0.1378182384566149	63055.340510263624	9.342458891971205e7	1.5349176671241238e6	1.3576217979335997e8
0.1392320521913308	0.14211623221015113	0.14067414220074098	65719.15731953959	9.162542332533215e7	1.6006368244436635e6	1.3312914412533769e8
0.1421162322101511	0.14505809582934784	0.14358716401974947	68496.71584697677	8.986507107436366e7	1.6691335402906402e6	1.3054990442802155e8
0.14505809582934784	0.1480587967209285	0.14655844627513817	71392.51669915461	8.814206984325331e7	1.7405260569897948e6	1.280233754236848e8
0.1480587967209285	0.1511195116303408	0.14958915417563465	74410.84664325256	8.645460656537911e7	1.8149369036330474e6	1.2554843336615965e8
0.1511195116303408	0.1542414408379413	0.15268047623414105	77554.73711935066	8.479949621464236e7	1.892491640752398e6	1.2312383664419629e8
0.1542414408379413	0.15742580862969385	0.15583362473381757	80833.77930622015	8.318065589957573e7	1.973325420058618e6	1.2074865525502948e8
0.15742580862969385	0.16067386377728143	0.15904983620348764	84253.05660488334	8.159637435106869e7	2.0575784766635015e6	1.1842191689415656e8
0.16067386377728143	0.16398688002782077	0.16233037190255112	87817.1553523863	8.004446256840733e7	2.1453956320158876e6	1.1614258106862332e8
0.16398688002782077	0.1673661566033709	0.16567651831559582	91531.12416313625	7.852324151272453e7	2.236926756179024e6	1.1390957344842705e8
0.1673661566033709	0.17081301871043203	0.16908958765690146	95405.40379282722	7.703541588499019e7	2.3323321599718514e6	1.1172204788610724e8
0.170813018710432	0.17432881805963435	0.1725709183850332	99445.75672791994	7.557916150362732e7	2.4317779166997713e6	1.0957910373056528e8
0.17432881805963435	0.17791493339582073	0.17612187572772753	103657.05794069143	7.415204837286933e7	2.5354349746404625e6	1.0747975317050721e8
0.17791493339582073	0.18157277103873085	0.1797438522172758	108046.62537658759	7.275349147223198e7	2.6434816000170503e6	1.0542303574873187e8
0.18157277103873087	0.1853037654344992	0.18343826823661502	112626.21381486465	7.138552680888478e7	2.756107813831915e6	1.0340817172896674e8
0.18530376543449914	0.1891093797181828	0.187206572576341	117402.87582517945	7.004658435018419e7	2.8735106896570944e6	1.0143433757561247e8
0.18910937971818284	0.19299110628754018	0.1910502430028615	122382.37236650685	6.87343665521174e7	2.9958930620236015e6	9.950062552074178e7
0.19299110628754018	0.19695046738828467	0.1949707868379124	127573.5140643315	6.744838092506388e7	3.123466576087933e6	9.760615530830525e7
0.19695046738828464	0.20098901571104402	0.19896974154966435	132989.3997768883	6.619007858276442e7	3.256455975864821e6	9.575018724517035e7
0.20098901571104408	0.20510833500025866	0.20304867535565135	138639.1206958575	6.495839104643333e7	3.3950950965606784e6	9.393196476620145e7
0.20510833500025863	0.2093100406752575	0.20720918783775805	144532.31548039024	6.375240476527189e7	3.5396274120410685e6	9.215072452776425e7
0.2093100406752575	0.21359578046375632	0.2114529105695069	150677.23525624463	6.257052198760925e7	3.690304647297313e6	9.040565637943654e7
0.21359578046375632	0.21796723504802512	0.21578150775589072	157090.59324831647	6.1414517626378596e7	3.8473952405456295e6	8.869610501274528e7
0.21796723504802512	0.2224261187239793	0.2201966768860022	163788.31971037184	6.0285179757905975e7	4.0111835602560015e6	8.702150232157744e7
0.22242611872397927	0.22697418007345255	0.2247001493987159	170777.31021574323	5.917965673358628e7	4.181960870471745e6	8.538114760858247e7
0.22697418007345255	0.23161320264991528	0.22929369136168393	178062.88361271247	5.8094902395361096e7	4.360023754084458e6	8.377420410350195e7
0.23161320264991528	0.23634500567790726	0.23397910416391127	185669.0680143255	5.703403354507e7	4.545692822098783e6	8.220006993437137e7
0.23634500567790728	0.2411714447664591	0.2387582252221832	193609.68844629257	5.599624689906083e7	4.739302510545076e6	8.065813318364255e7
0.24117144476645908	0.24609441263678192	0.2436329287016205	201893.44609240905	5.497922418066369e7	4.941195956637485e6	7.914768332712722e7
0.24609441263678195	0.25111583986451125	0.2486051262506466	210527.19882968155	5.398041894545416e7	5.151723155467167e6	7.766790371538524e7
0.25111583986451125	0.25623769563679516	0.2536767677506532	219531.92630752735	5.3001033112553135e7	5.371255081774694e6	7.621809822762148e7
0.2562376956367951	0.2614619885245247	0.25884984208065986	228924.93376160646	5.204094399703135e7	5.600180015536301e6	7.479760612529996e7
0.2614619885245247	0.26679076727000883	0.2641263778972668	238722.34907180982	5.1099569893206336e7	5.838902364608111e6	7.34057729102236e7
0.26679076727000883	0.27222612159040266	0.2695084444302057	248931.35806586355	5.017442562479548e7	6.087833722673974e6	7.204183814478992e7
0.2722261215904027	0.2777701829972044	0.27499815229380353	259566.45752228593	4.92647647328393e7	6.34740018019626e6	7.070504381621543e7
0.2777701829972044	0.28342512563214217	0.2805976543146733	270652.58487565984	4.8371698832036115e7	6.61805276507192e6	6.939474315329592e7
0.28342512563214217	0.28919316711977866	0.2863091463759604	282211.1097041749	4.74953108127315e7	6.900263874776095e6	6.811033356742376e7
0.28919316711977866	0.29507656943716787	0.29213486827847324	294255.26609237737	4.663418184469958e7	7.194519140868473e6	6.685116591274579e7
0.2950765694371678	0.3010776398009048	0.2980771046190363	306791.33949179284	4.578598964140694e7	7.501310480360266e6	6.561649428132451e7
0.30107763980090485	0.3071987315719166	0.3041381856864107	319841.5245485992	4.495101795263567e7	7.821152004908865e6	6.440563445087663e7
0.30719873157191663	0.3134422451783486	0.3103204883751326	333434.44061838684	4.413020854540463e7	8.15458644552725e6	6.321799869456799e7
0.31344224517834857	0.31981062905690916	0.31662643711762883	347590.51786947536	4.332313077191041e7	8.502176963396726e6	6.205300960784813e7
0.3198106290569092	0.326306380613041	0.3230585048349751	362331.64847971423	4.25294739278999e7	8.864508611876441e6	6.09101064778857e7
0.326306380613041	0.33293204720029546	0.32961921390666826	377660.66032548674	4.174674747852677e7	9.242169272201927e6	5.978861668376242e7
0.3329320472002955	0.33969022711929503	0.33631113715979527	393610.1938411835	4.097600467855734e7	9.635779466043111e6	5.868796967209738e7
0.33969022711929503	0.34658357063667455	0.3431368988779848	410208.27266847534	4.021751010257679e7	1.0045987738711586e7	5.760764470760908e7
0.3465835706366745	0.35361478102440164	0.35009917583053807	427480.928778117	3.9471171197685175e7	1.0473468667489704e7	5.6547146991873056e7
0.35361478102440164	0.3607866156198833	0.35720069832214246	445435.9379824635	3.873521194503353e7	1.0918904605472168e7	5.550590767970021e7
0.3607866156198833	0.3681018869072746	0.36444425126357893	464051.92270137323	3.800576567891859e7	1.1382956528173542e7	5.448316607699589e7
0.36810188690727463	0.37556346362041376	0.3718326752638442	483430.84196985036	3.728929784690645e7	1.1866387370143391e7	5.347858469249532e7
0.3755634636204137	0.3831742718678156	0.37936886774411466	503601.9781164209	3.658548701603891e7	1.2369989348259812e7	5.24918276192626e7
0.38317427186781555	0.3909372962801655	0.38705578407399055	524488.062710743	3.588666579911132e7	1.2894477410970556e7	5.152213143731794e7
0.39093729628016555	0.3988555811807625	0.394896438730464	546214.6816134728	3.519989729328776e7	1.3440692092584029e7	5.056919058213899e7
0.3988555811807624	0.40693223177937127	0.40289390648006684	568698.5373123301	3.4517951169508316e7	1.400939062989636e7	4.963229585740913e7
0.40693223177937127	0.4151704153899523	0.4110513235846618	591989.7419866549	3.3842794081055865e7	1.4601380371883014e7	4.8710895044027306e7
0.4151704153899523	0.4235733626727449	0.4193718890313486	616157.4998575734	3.3176997081027716e7	1.5217537871740587e7	4.7804618831395626e7
0.423573362672745	0.43214436890119345	0.4278588657869692	641089.7537184138	3.251333859929896e7	1.5858627625458997e7	4.691269877027321e7
0.4321443689011934	0.4408867952542109	0.43651558207770214	666835.4662163189	3.1853915594444517e7	1.6525463091675315e7	4.6034534302296124e7
0.4408867952542108	0.44980407013428864	0.44534543269424975	693330.4585736886	3.1195341617992617e7	1.7218793550249003e7	4.516936309919393e7
0.4498040701342887	0.45889969051196805	0.45435188032312834	720512.5561875047	3.0535160038693897e7	1.7939306106436506e7	4.43163248080063e7
0.4588996905119681	0.468177223297201	0.46353845690458456	748830.2732703862	2.989200133421729e7	1.8688136379706893e7	4.347569574711189e7
0.4681772232972011	0.4776403067381387	0.4729087650176699	778212.4976721586	2.9260817093873624e7	1.9466348877379052e7	4.2647442030685596e7
0.47764030673813856	0.4872926518478949	0.4824664792930167	808661.5981755835	2.8640153373706136e7	2.0275010475554638e7	4.183144728511782e7
0.48729265184789494	0.4971380438598464	0.49221534785387067	840063.4680594963	2.8024923749372907e7	2.1115073943614133e7	4.102730594345453e7
0.49713804385984633	0.5071803437120368	0.5021591937859415	872309.0499378404	2.7411324372171223e7	2.1987382993551973e7	4.0234414987954386e7
0.5071803437120368	0.517423489561271	0.5123019166366539	905393.5566615422	2.6799565288859934e7	2.2892776550213516e7	3.9452219275335714e7
0.5174234895612712	0.5278714983274901	0.5226474939443806	939708.6326133073	2.6200984907109406e7	2.3832485182826824e7	3.8680856485472955e7
0.5278714983274901	0.5385284672690335	0.5331999827982619	975238.5927523664	2.561371685869981e7	2.480772377557919e7	3.7920347761335455e7
0.5385284672690335	0.5493985755894076	0.5439635214292206	1.0116525702648974e6	2.502843234005771e7	2.581937634584409e7	3.7170170334483474e7
0.5493985755894077	0.5604860860761894	0.5549423308327985	1.0489384546901693e6	2.444533228625516e7	2.686831480053426e7	3.642984398131181e7
0.5604860860761894	0.5717953467727067	0.5661407164244481	1.0874228893313343e6	2.387212989968086e7	2.7955737689865593e7	3.569936549082929e7
0.5717953467727067	0.5833307926831544	0.5775630697279306	1.1270942452066145e6	2.330787673196698e7	2.9082831935072206e7	3.497867682770887e7
0.5833307926831544	0.595096947511811	0.5892138700974827	1.167786614182406e6	2.274881165151663e7	3.025061854925461e7	3.426750479390125e7
0.5950969475118111	0.6070984254370408	0.601097686474426	1.209587080397213e6	2.2196679176993027e7	3.1460205629651826e7	3.3565693776665404e7
0.6070984254370407	0.619339932920775	0.6132191791789079	1.25284164751515e6	2.1657360927725352e7	3.2713047277166978e7	3.2873439328139834e7
0.619339932920775	0.631826270554184	0.6255831017374796	1.297160906739783e6	2.1123431837800406e7	3.4010208183906764e7	3.2190494107645214e7
0.631826270554184	0.6445623349402613	0.6381943027472227	1.3426103143126497e6	2.0596081910337664e7	3.5352818498219416e7	3.1516694546120778e7
0.6445623349402613	0.65755312061406	0.6510577277771606	1.3892423296817753e6	2.0076098637906093e7	3.674206082790119e7	3.0851932533214703e7
0.65755312061406	0.6708037220013348	0.6641784213076973	1.437287571371651e6	1.9566551441774387e7	3.8179348399272844e7	3.0196284730622496e7
0.6708037220013346	0.6843193354163548	0.6775615287088448	1.48658688618878e6	1.9064823698347647e7	3.966593528546163e7	2.954967143325072e7
0.6843193354163548	0.6981052610996754	0.6912122982580151	1.5371362099159455e6	1.8570741589575093e7	4.120307149537757e7	2.8912007616859127e7
0.6981052610996754	0.7121669052966624	0.7051360831981689	1.589192525753329e6	1.8087155615931306e7	4.27922640211309e7	2.8283378876278795e7
0.7121669052966624	0.7265097823775891	0.7193383438371257	1.642118012172087e6	1.7606677723324485e7	4.4434382033302985e7	2.766343692176187e7
0.7265097823775891	0.7411395170001344	0.7338246496888617	1.6968954386618847e6	1.7139959601828992e7	4.613127747196487e7	2.7052472335071098e7
0.7411395170001344	0.7560618463151305	0.7486006816576325	1.753274615149085e6	1.6683556791974047e7	4.788455208711396e7	2.6450558866787873e7
0.7560618463151304	0.7712826222164265	0.7636722342657785	1.8105430542101895e6	1.623057189764374e7	4.969509514132415e7	2.5857365716528155e7
0.7712826222164265	0.7868078136357485	0.7790452179260875	1.8692264220680236e6	1.5786119232119737e7	5.156432156339217e7	2.5272878313188918e7
0.7868078136357485	0.8026435088834569	0.7947256612596028	1.9291246774513104e6	1.5348447576557405e7	5.349344624084348e7	2.4696981409291584e7
0.8026435088834569	0.8187959180361195	0.8107197134597882	1.9906250398158191e6	1.4920605882243318e7	5.548407128065929e7	2.4129743479962494e7
0.8187959180361196	0.8352713753718355	0.8270336467039776	2.0539319248687634e6	1.4503672445906598e7	5.753800320552805e7	2.3571291648154687e7
0.8352713753718353	0.8520763418542654	0.8436738586130503	2.1188349771892363e6	1.4095681392899286e7	5.9656838182717286e7	2.3021631668682046e7
0.8520763418542654	0.8692174076663441	0.8606468747603048	2.1844777040252723e6	1.3691012983887577e7	6.184131588674256e7	2.248044309274505e7
0.8692174076663441	0.8867012947946644	0.8779593512305043	2.2521628658234915e6	1.3298074605819404e7	6.4093478752566054e7	2.194791183058645e7
0.8867012947946645	0.9045348596655512	0.8956180772301079	2.321492249827174e6	1.2913951689580848e7	6.641497100239323e7	2.142404401799118e7
0.9045348596655511	0.9227250958338555	0.9136299777497033	2.392291450230105e6	1.2537497467388632e7	6.880726245262334e7	2.090877901827223e7
0.9227250958338556	0.9412791367255261	0.9320021162796909	2.464295049906312e6	1.2167355332066124e7	7.127155750252965e7	2.0401981153615322e7
0.9412791367255261	0.96020425843503	0.950741697580278	2.5388323902774984e6	1.1809895697414076e7	7.381038989280716e7	1.9903892023927677e7
0.9602042584350299	0.9795078825787238	0.9698560705068768	2.615094733542805e6	1.1460664394719375e7	7.642548462634996e7	1.9414481038217165e7
0.9795078825787238	0.9991975792052916	0.9893527308920077	2.690145973202401e6	1.1107346234977352e7	7.911563059955236e7	1.893300567909666e7
0.9991975792052917	1.0192810697643908	1.0092393244848412	2.769603522537757e6	1.0773724917409202e7	8.188523412209012e7	1.846014509652815e7
1.0192810697643908	1.039766230134672	1.0295236499495313	2.848885018725908e6	1.0440918494080685e7	8.473411914081602e7	1.799544478053807e7
1.039766230134672	1.0606610937123586	1.0502136619235154	2.932019654748292e6	1.012389938278496e7	8.766613879556431e7	1.7539344293397345e7
1.0606610937123588	1.0819738545615993	1.071317474136979	3.01483344439368e6	9.80760684444928e6	9.068097223995799e7	1.7091385087620527e7
1.0819738545615993	1.1037128706278245	1.0928433625947118	3.101197761666641e6	9.504943856260268e6	9.378217000162463e7	1.6651882867154336e7
1.1037128706278245	1.1258866670153744	1.1147997688215994	3.186889298800608e6	9.202567266848778e6	9.696905930042523e7	1.6220362087661209e7
1.1258866670153742	1.148503939330675	1.1371953031730246	3.2767627813297277e6	8.914776939050859e6	1.0024582208175495e8	1.5797203215104382e7
1.1485039393306753	1.171573557092282	1.1600387482114787	3.3655447518351497e6	8.62672198003948e6	1.036113668335901e8	1.538190450767783e7
1.171573557092282	1.195104567209121	1.1833390621507016	3.4593504589008726e6	8.354325933273579e6	1.0707071729249097e8	1.4974915640712507e7
1.195104567209121	1.2191061975282966	1.2071053823687088	3.5518765526992297e6	8.081697223939331e6	1.106225938451902e8	1.4575739936135918e7
1.2191061975282966	1.2435878604538557	1.2313470289910762	3.6472404472644897e6	7.818768915651574e6	1.1426983429245469e8	1.4184484807884729e7
1.243587860453856	1.2685591566379264	1.2560735085458912	3.7456066029692134e6	7.565311176340348e6	1.180154408954239e8	1.3801238167322682e7
1.268559156637926	1.2940298787456777	1.2812945176918018	3.8423511378250015e6	7.311958063651515e6	1.218577920332489e8	1.3425540621956265e7
1.2940298787456779	1.3200100152955847	1.3070199470206312	3.943824512439537e6	7.071109427341331e6	1.2580161654568844e8	1.3057677360379376e7
1.3200100152955847	1.3465097545764897	1.3332598849360373	4.0470770116176847e6	6.836693052511032e6	1.2984869355730613e8	1.2697565544457419e7
1.3465097545764895	1.3735394886430126	1.360024621609751	4.148433878029953e6	6.602747639753656e6	1.3399712743533608e8	1.2344782137632955e7
1.3735394886430126	1.401109817390866	1.3873246530169392	4.255136870615006e6	6.381036440725009e6	1.382522643059511e8	1.1999609558284322e7
1.401109817390866	1.4292315527136765	1.4151706850522712	4.365466515013657e6	6.168033766285056e6	1.4261773082096475e8	1.1662109814345129e7
1.4292315527136763	1.457915722742943	1.4435736377283095	4.468443731517518e6	5.948561656138471e6	1.4708617455248228e8	1.133146299423779e7
1.4579157227429431	1.487173576172795	1.4725446494578691	4.580785265640618e6	5.745613108728886e6	1.516669598181229e8	1.1008227365501294e7
1.487173576172795	1.5170165866712442	1.5020950814220195	4.6934665432668775e6	5.546667052125065e6	1.5636042636138976e8	1.0692204311375141e7
1.5170165866712444	1.5474564573796623	1.5322365220254532	4.809307111964555e6	5.355055059414299e6	1.6116973347335434e8	1.0383399544049673e7
1.5474564573796623	1.5785051255022486	1.5629807914409555	4.921190463389513e6	5.162924468614846e6	1.6609092393674386e8	1.0081364155929325e7
1.5785051255022486	1.6101747669872868	1.5943399462447676	5.039862807027783e6	4.981837629408456e6	1.7113078674377164e8	9.786344235157125e6
1.6101747669872866	1.6424778013020254	1.626326284144656	5.1589470612613e6	4.80483245795158e6	1.7628973380503294e8	9.498168872106154e6
1.6424778013020256	1.6754268963030592	1.6589523488025424	5.280638216511248e6	4.63394591112747e6	1.815703720215442e8	9.216794933938881e6
1.6754268963030592	1.7090349732041135	1.6922309347535864	5.398830060744718e6	4.463880878963307e6	1.8696920208228892e8	8.941875423232587e6
1.709034973204113	1.7433152116431883	1.7261750924236505	5.522188770155002e6	4.302031499533863e6	1.9249139085244393e8	8.67351117018747e6
1.7433152116431885	1.7782810548510453	1.7607981332471168	5.648844856929679e6	4.1464111892783483e6	1.9814023570937362e8	8.411682288385937e6
1.7782810548510457	1.8139462149230596	1.7961136348870528	5.776620275625938e6	3.9951941531079784e6	2.0391685598499957e8	8.156264480962702e6
1.8139462149230594	1.8503246781965137	1.8321354465597866	5.905478552270964e6	3.848322506682596e6	2.0982233453727055e8	7.907137337671371e6
1.8503246781965135	1.8874307107354367	1.868877694465975	6.032612670062644e6	3.7040345486273607e6	2.1585494720733318e8	7.664085581713324e6
1.887430710735437	1.9252788639251386	1.9063547873302877	6.160479477312268e6	3.5640044227857366e6	2.2201542668464544e8	7.427003246834735e6
1.9252788639251386	1.9638839801786343	1.9445814220518864	6.293541601478761e6	3.4306297568449443e6	2.283089682861242e8	7.195929165797446e6
1.9638839801786343	2.0032611987571998	1.983572589467917	6.42813172630606e6	3.301561630003534e6	2.3473710001243025e8	6.970764132432216e6
2.0032611987571998	2.0434259617073365	2.023343580232268	6.564689628507954e6	3.176914986218911e6	2.413017896409382e8	6.751421357689342e6
2.0434259617073365	2.084394019916476	2.063909990811906	6.701269251409794e6	3.0556672373169553e6	2.48003058892348e8	6.537759984593639e6
2.084394019916476	2.1261814392897986	2.1052877296031376	6.839891604480939e6	2.938709297111554e6	2.548429504968289e8	6.329698842401153e6
2.126181439289799	2.1688046070505878	2.1474930231701936	6.974092083776096e6	2.823282329463913e6	2.61817042580605e8	6.127002001716897e6
2.1688046070505878	2.2122802381665925	2.19054242260859	7.115606139209418e6	2.7141793993662084e6	2.689326487198144e8	5.929724283246302e6
2.212280238166592	2.2566253819049167	2.234452810035754	7.258899693378334e6	2.60890482327561e6	2.7619154841319275e8	5.737773092942703e6
2.256625381904917	2.3018574285180082	2.2792414052114625	7.401232643479504e6	2.506415388377437e6	2.835927810566723e8	5.551000920077042e6
2.3018574285180082	2.347994116063361	2.3249257722906846	7.543930867883241e6	2.4071823481158065e6	2.9113671192455554e8	5.369296051894351e6
2.347994116063361	2.395053537359621	2.371523826711491	7.690076764633388e6	2.3120913741652947e6	2.9882678868918896e8	5.192604449062224e6
2.395053537359621	2.4430541470818063	2.4190538422207135	7.83480428869387e6	2.219556554215715e6	3.066615929778828e8	5.020783562556661e6
2.4430541470818063	2.4920147689984353	2.467534458040121	7.98243510741542e6	2.13077653913493e6	3.1464402808529824e8	4.853768383438573e6
2.4920147689984353	2.5419546033533966	2.516984686175916	8.1277104215753e6	2.0442587568039903e6	3.2277173850687355e8	4.691411427649104e6
2.5419546033533966	2.5928932343954574	2.567423918874427	8.274499016468481e6	1.9609890269291517e6	3.31046237523342e8	4.5336307305178e6
2.5928932343954574	2.6448506380583594	2.6188719362269084	8.42422469590211e6	1.881177901869413e6	3.394704622192441e8	4.380361252040641e6
2.644850638058359	2.6978471897945187	2.6713489139264386	8.575395018930959e6	1.8043516499240943e6	3.480458572381751e8	4.231514356540291e6
2.697847189794519	2.751903672565402	2.7248754311799606	8.72730479966881e6	1.7302742561840168e6	3.567731620378439e8	4.086992914042337e6
2.7519036725654016	2.807041284991702	2.779472478778552	8.879906460994493e6	1.6588670178799506e6	3.6565306849883837e8	3.9467008807408432e6
2.8070412849917026	2.863281649666529	2.835161467329116	9.034318940183282e6	1.5902580035252282e6	3.7468738743902165e8	3.810555181820683e6
2.8632816496665288	2.920646821634852	2.8919642356506903	9.187475305598957e6	1.5238350034917349e6	3.8387486274462056e8	3.678442190962352e6
2.920646821634852	2.9791592970425413	2.9499030593386966	9.340432475542275e6	1.4597514725441542e6	3.932152952201628e8	3.5502637328357324e6
2.979159297042542	3.038842021958385	3.0090006595004635	9.49659256898015e6	1.398461435788511e6	4.0271188778914297e8	3.4259535518483245e6
3.038842021958385	3.099718401372545	3.069280211665465	9.654302258819483e6	1.3395992528824138e6	4.123661900479624e8	3.305428112767867e6
3.099718401372545	3.1618123083749885	3.130765354873767	9.807849776823465e6	1.2823296369230202e6	4.221740398247859e8	3.188560470656872e6
3.161812308374988	3.2251480935174803	3.193480200946234	9.962966088499878e6	1.2274023154928295e6	4.321370059132858e8	3.075274341385163e6
3.2251480935174803	3.2897505943628222	3.2574493439401513	1.012135005719521e7	1.1749237295774668e6	4.42258355970481e8	2.9655040103365364e6
3.2897505943628227	3.3556451452250715	3.322697869793947	1.028093306952101e7	1.1245460023287674e6	4.52539289040002e8	2.8591674781153863e6
3.355645145225072	3.422857587104566	3.389251366164819	1.0437585594937718e7	1.0757682433238528e6	4.6297687463493973e8	2.7561585645508864e6
3.422857587104566	3.4914142778216495	3.4571359324631077	1.059159988439336e7	1.028619403507975e6	4.7356847451933306e8	2.6563789102969435e6
3.491414277821649	3.5613421023530742	3.5263781900873616	1.0748578553987026e7	983601.4233879265	4.843170530733201e8	2.559764842051716e6
3.5613421023530742	3.632668483375128	3.597005292864101	1.0906177587022655e7	940407.594687109	4.9522323066034275e8	2.4662386614395482e6
3.6326684833751277	3.7054213920176227	3.669044937696375	1.1064524523145232e7	898984.5733610691	5.06287755183488e8	2.3757240888254666e6
3.705421392017622	3.779629358832967	3.7425253754252945	1.122324233730334e7	859239.4483632197	5.1751099752079135e8	2.2881438957633507e6
3.7796293588329672	3.8553214849846187	3.817475421908793	1.1382010834574549e7	821091.7695659465	5.288930083553659e8	2.2034206791363778e6
3.855321484984619	3.932527453659304	3.8939244693219615	1.1540728348927114e7	784482.3998185071	5.40433736704293e8	2.121478101701172e6
3.9325274536593033	4.011277541707481	3.9719024976833923	1.169937159328213e7	749359.53676182	5.521331082975751e8	2.0422412536426687e6
4.011277541707481	4.091602631516623	4.051440086612052	1.1857740952039702e7	715661.751394611	5.639908492496148e8	1.9656360137605956e6
4.091602631516623	4.173534223121948	4.132568427319285	1.2015749011718174e7	683337.509572584	5.76006598261333e8	1.8915895749064675e6
4.173534223121948	4.257104446559379	4.215319334840663	1.217355350621705e7	652350.134106268	5.8818015176755e8	1.820031225563197e6
4.257104446559379	4.342346074465558	4.299725260512469	1.233129998504243e7	622660.9462677775	6.005114517525924e8	1.7508921127708757e6
4.342346074465559	4.429292534929862	4.38581930469771	1.2489180517275047e7	594232.6073159075	6.130006322698675e8	1.684105211729517e6
4.4292925349298615	4.517977924603451	4.473635229766656	1.2647268135618348e7	567021.3626454533	6.256479004054859e8	1.619604849354422e6
4.51797792460345	4.608437022070511	4.5632074733369805	1.2805286053044278e7	540969.1733338668	6.384531864585302e8	1.5573258010927504e6
4.608437022070511	4.700705301486913	4.654571161778712	1.2962798866196454e7	516015.71265401156	6.514159853247266e8	1.4972031326438037e6
4.700705301486913	4.794818946491643	4.747762123989277	1.3119729834243678e7	492119.20116420684	6.645357151589702e8	1.4391732537852938e6
4.794818946491643	4.890814864396467	4.842816905444055	1.327565665664027e7	469227.07384280424	6.778113718156105e8	1.3831732177211847e6
4.890814864396468	4.988730700659389	4.939772782527928	1.3429912416669264e7	447282.8160857399	6.912412842322798e8	1.3291404556317958e6
4.988730700659389	5.088604853647568	5.038667777153478	1.3583532830068098e7	426288.97034291894	7.048248170623479e8	1.2770161641435702e6
5.088604853647569	5.190476489695512	5.13954067167154	1.373837139353764e7	406264.8742609418	7.185631884558855e8	1.2267460570669796e6
5.190476489695511	5.294385558464413	5.242431024079962	1.3894500344624406e7	387168.440419701	7.324576888005099e8	1.178276557967419e6
5.294385558464413	5.400372808608692	5.347379183536552	1.4050036436147707e7	368907.7529301194	7.465077252366576e8	1.1315518823731437e6
5.400372808608693	5.508479803755858	5.454426306182276	1.4201471506818999e7	351364.04058637196	7.607091967434766e8	1.0865126149013054e6
5.508479803755859	5.618748938805967	5.563614371280913	1.4345553019973647e7	334445.38380435953	7.750547497634503e8	1.0430974690248045e6
5.618748938805966	5.731223456557077	5.6749861976815215	1.4500715901805429e7	318552.9307548481	7.895554656652557e8	1.001271858244686e6
5.7312234565570765	5.845947464663209	5.788585460610143	1.4653085758892322e7	303323.3204629682	8.04208551424148e8	960982.2209515137
5.845947464663211	5.962965952931467	5.904456708797339	1.4801711910891933e7	288717.75992285024	8.190102633350399e8	922175.8525254042
5.962965952931466	6.082324810965086	6.022645381948276	1.4947591247505927e7	274737.4702959879	8.339578545825458e8	884803.1654377063
6.082324810965086	6.204070846159379	6.143197828562233	1.5096304450790832e7	261458.48405472434	8.490541590333366e8	848821.8273184609
6.20407084615938	6.328251802057558	6.266161324108468	1.5243760162045335e7	248776.80593972965	8.64297919195382e8	814185.9500081139
6.328251802057558	6.4549163770737	6.3915840895656295	1.5387470167696357e7	236630.63137042322	8.796853893630784e8	780848.7302000799
6.454916377073701	6.584114243590166	6.519515310331934	1.5532860326965628e7	225082.3284078059	8.952182496900439e8	748769.6694935366
6.584114243590165	6.71589606743696	6.650005155513563	1.5677281257532895e7	214065.75440986402	9.108955309475768e8	717906.7924117442
6.715896067436961	6.850313527760691	6.783104797598826	1.5820070530382205e7	203550.2312686142	9.267156014779589e8	688218.7786066994
6.85031352776069	6.987419337290895	6.9188664325257925	1.5963324120527016e7	193541.23386850045	9.42678925598486e8	659667.0115838088
6.987419337290895	7.127267263011704	7.057343300151299	1.6104433556568895e7	183985.1884122104	9.587833591550548e8	632212.0142756889
7.127267263011705	7.269912147246929	7.198589705129317	1.6244724263327938e7	174878.8249768145	9.750280834183828e8	605816.4020238733
7.269912147246929	7.4154099291668585	7.342661038206893	1.6385578618313462e7	166216.5924667784	9.914136620366962e8	580444.6299553661
7.415409929166858	7.5638176667251855	7.489613797946022	1.6526300207905242e7	157970.5650500705	1.0079399622446017e9	556061.5952663289
7.5638176667251855	7.71519355903468	7.639505612879933	1.6664010747170499e7	150095.69589161957	1.0246039729917722e9	532631.6234839903
7.715193559034678	7.869596969190362	7.79239526411252	1.6795497053530093e7	142550.89636498387	1.0413994700453023e9	510118.7298545804
7.869596969190363	8.027088447549161	7.948342708369762	1.6928414011881705e7	135388.5605213631	1.058327884057184e9	488492.0323314861
8.027088447549161	8.187729755475134	8.107409101512147	1.706056501195105e7	128572.45300854865	1.075388449069135e9	467720.3417894289
8.187729755475134	8.351583889559627	8.26965682251738	1.7193147113831133e7	122095.29516353726	1.092581596182966e9	447773.8508279818
8.351583889559627	8.51871510632581	8.435149497942719	1.732229150986165e7	115914.59654907929	1.1099038876928277e9	428622.02181073785
8.51871510632581	8.689188947427317	8.603952026876563	1.7451329285186004e7	110040.03872512477	1.1273552169780138e9	410236.6398311298
8.689188947427317	8.863072265350853	8.776130606389085	1.758055979127201e7	104458.68500070629	1.1449357767692857e9	392590.3732240531
8.863072265350853	9.04043324963286	8.951752757491857	1.770793947023698e7	99144.74732431682	1.1626437162395227e9	375655.9808684679
9.04043324963286	9.221341453600507	9.130887351616684	1.7835947561130773e7	94099.6232220151	1.1804796638006535e9	359407.8757393508
9.221341453600507	9.405867821647508	9.313604637624007	1.796376035379407e7	89305.69452933095	1.1984434241544476e9	343820.9319879537
9.405867821647508	9.594084717055448	9.499976269351478	1.808848591554391e7	84737.27616526333	1.2165319100699914e9	328869.99274818785
9.594084717055447	9.786065950371546	9.690075333713496	1.8207704639414858e7	80374.45591109079	1.2347396147094061e9	314530.20501661155
9.786065950371546	9.981886808353966	9.883976379362757	1.832653930938015e7	76231.42648685172	1.2530661540187862e9	300778.9701194449
9.981886808353966	10.181624083496034	10.081755445925001	1.8443581427647937e7	72291.91854055223	1.271509735446434e9	287594.05567676877
10.181624083496034	10.385356104140945	10.28349009381849	1.8560619434636552e7	68553.24807677993	1.290070354881071e9	274954.358355816
10.385356104140945	10.593162765198754	10.48925943466985	1.8678379381976075e7	65007.8802767379	1.3087487342630472e9	262839.55873125
10.593162765198754	10.805125559477718	10.699144162338236	1.87957548416811e7	61642.17991939945	1.3275444891047282e9	251229.72397461295
10.805125559477718	11.021327609642261	10.91322658455999	1.8910839511993166e7	58441.39695389375	1.3464553286167214e9	240105.22117326857
11.021327609642261	11.241853700810095	11.131590655226178	1.9024566164215315e7	55400.82849595904	1.3654798947809367e9	229447.27973371252
11.241853700810095	11.466790313801287	11.35432200730569	1.913750111770005e7	52514.42286867633	1.3846173958986368e9	219237.8637384484
11.466790313801285	11.696225659052299	11.581507986426793	1.924347821055122e7	49758.6925103157	1.403860874109188e9	209458.62342274838
11.6962256590523	11.930249711208337	11.813237685130318	1.935140711083921e7	47150.91265543984	1.4232122812200272e9	200093.26533413693
11.930249711208337	12.168954244407493	12.049601977807914	1.945998460714336e7	44679.91681403387	1.4426722658271706e9	191125.79248155354
12.168954244407491	12.41243286827063	12.290693556339061	1.9566810665656243e7	42333.322644065425	1.462239076492827e9	182540.417043615
12.41243286827063	12.660781064611031	12.53660696644083	1.9671028946680587e7	40103.4725600953	1.4819101054395075e9	174321.82089053883
12.66078106461103	12.914096224878238	12.787438644744633	1.977478666823359e7	37989.137459863014	1.501684892107741e9	166455.49936928463
12.91409622487824	13.172477688350792	13.043286956614516	1.987993829621846e7	35987.817917086475	1.5215648304039595e9	158927.64102749614
13.172477688350792	13.436026781092796	13.304252234721794	1.9982397349596255e7	34086.39397964508	1.5415472277535558e9	151724.47478968833
13.436026781092798	13.704846855689642	13.570436818391219	2.0073047780885275e7	32265.611545151947	1.561620275534441e9	144831.91368072794
13.70484685568964	13.97904333177842	13.84194509373403	2.0171877451322444e7	30553.86408335473	1.5817921529857635e9	138238.32220546136
13.979043331778422	14.258723737388978	14.1188835345837	2.0269016788542114e7	28929.828893279097	1.6020611697743058e9	131931.5063282591
14.258723737388976	14.543997751111744	14.401360744250361	2.0366186563567694e7	27391.535714280963	1.6224273563378735e9	125899.86227903696
14.543997751111744	14.834977245108966	14.689487498110356	2.0462997092766125e7	25933.99995137508	1.6428903534306395e9	120132.16855131384
14.834977245108968	15.131776328986135	14.98337678704755	2.0559722551821306e7	24553.37673098811	1.6634500759824607e9	114617.62958255816
15.131776328986136	15.434511394540847	15.283143861763492	2.0651764965282734e7	23240.473883674444	1.6841018409477434e9	109345.54263955326
15.434511394540843	15.743301161406647	15.588906277973745	2.0729221798794072e7	21981.875442683126	1.7048310627465374e9	104305.04875504997
15.743301161406647	16.058266723609766	15.900783942508205	2.081685738595309e7	20801.323044660447	1.7256479201324906e9	99487.28554990675
16.05826672360977	16.37953159705695	16.218899160333358	2.0905414655964904e7	19684.696900291776	1.7465533347884555e9	94883.08757323812
16.37953159705695	16.707221767973074	16.54337668251501	2.09950913598639e7	18628.675318265727	1.7675484261483195e9	90483.62677739961
16.707221767973074	17.041465742307523	16.8743437551403	2.108355438897427e7	17627.973720886093	1.7886319805372937e9	86280.27978837311
17.041465742307526	17.382394596128663	17.211930169218093	2.116782316853416e7	16677.433835167496	1.8097998037058277e9	82264.62337168558
17.382394596128663	17.730142027026222	17.55626831157744	2.1238874517721113e7	15768.089877851931	1.831038678223549e9	78428.20320481306
17.730142027026222	18.084844406541734	17.907493216783976	2.1318884990759313e7	14914.432440329514	1.8523575632143083e9	74763.88893798484
18.08484440654173	18.44664083364755	18.265742620094642	2.139929968012109e7	14107.061404288019	1.8737568628944294e9	71264.4194503852
18.446640833647553	18.81567318929549	18.631157011471522	2.1481637421541724e7	13344.405249545922	1.8952385003159711e9	67922.86204364097
18.81567318929549	19.192086192056387	19.003879690675937	2.1562708226128563e7	12622.05539824085	1.9168012085420997e9	64732.42980524192
19.192086192056387	19.5760274548725	19.38405682346444	2.1635236433355078e7	11933.92889260252	1.9384364449754546e9	61686.37659095012
19.5760274548725	19.967647542944935	19.771837498908717	2.1695240178631075e7	11276.683065249494	1.9601316851540856e9	58778.152758828495
19.967647542944935	20.36710003277882	20.167373787861877	2.1772335223912746e7	10663.925993882463	1.9819040203779984e9	56002.37173739709
20.367100032778815	20.774541572409376	20.570820802594096	2.1847090184802637e7	10083.26064116442	2.003751110562801e9	53353.24263337777
20.77454157240938	21.19013194283255	20.982336757620963	2.1922479449957035e7	9534.379358719862	2.025673590012758e9	50825.29100901545
21.19013194283255	21.614034120664186	21.40208303174837	2.1991881815398484e7	9012.817855324369	2.0476654718281565e9	48413.10081605866
21.61403412066419	22.046414342052458	21.830224231358322	2.2045261495460104e7	8513.516466556464	2.0697107333236165e9	46111.27667497233
22.046414342052458	22.48744216786849	22.266928254960476	2.2107076823253248e7	8044.899963800964	2.0918178101468697e9	43915.22059795605
22.48744216786849	22.937290550200846	22.712366359034668	2.21759465034507e7	7604.438835633274	2.1139937566503203e9	41820.454018426404
22.937290550200842	23.396135900179843	23.166713225190342	2.22478256056751e7	7188.997460996719	2.1362415822559953e9	39822.57593025509
23.396135900179846	23.86415815715843	23.630147028669136	2.2312156557390463e7	6793.884091920486	2.158553738813386e9	37917.16863699861
23.86415815715842	24.341540859276574	24.102849508217496	2.2357694167912293e7	6415.041844310915	2.1809114329812984e9	36099.835336985925
24.341540859276574	24.828471215437087	24.58500603735683	2.241720304435245e7	6061.078042275287	2.203328636025651e9	34366.92950032574
24.82847121543709	25.325140178720815	25.076805697078953	2.2479027558231574e7	5727.195489253578	2.2258076635838823e9	32714.738282019727
25.32514017872082	25.83174252127022	25.57844134999552	2.2543028666812327e7	5412.187770549974	2.2483506922506948e9	31139.693493375096
25.831742521270215	26.348476910670602	26.090109715970407	2.2596255839392245e7	5112.028266425759	2.270946948090087e9	29638.20055971314
26.348476910670605	26.875545987859	26.612011449264802	2.2639635138171047e7	4826.390113603085	2.293586583228258e9	28206.853472889543
26.875545987858995	27.413156446591156	27.144351217225076	2.2697730689482424e7	4559.652417993869	2.3162843139177403e9	26842.69538619767
27.41315644659116	27.961519114497964	27.68733778054456	2.2754011792714905e7	4307.285309719738	2.3390383257104554e9	25542.678756533485
27.961519114497964	28.520849035762904	28.241184075130434	2.2808972604591694e7	4068.626355548543	2.3618472983150473e9	24303.893678923134
28.52084903576291	29.09136555545315	28.80610729560803	2.285026659130039e7	3840.872043667199	2.3846975649063478e9	23123.43642994916
29.091365555453145	29.67329240553719	29.382328980495167	2.2897020898777e7	3626.720529256018	2.4075945858051248e9	21998.72648503209
29.67329240553719	30.266857792622915	29.970075099080052	2.2950067399813652e7	3425.434562399969	2.4305446532049384e9	20927.289690345693
30.266857792622922	30.87229448745036	30.56957614003664	2.300186589939254e7	3235.127741851133	2.453546519104331e9	19906.685833140797
30.872294487450354	31.48983991617434	31.181067201812347	2.303853100747376e7	3053.373011846647	2.476585050111805e9	18934.475493632075
31.489839916174343	32.11973625347281	31.804788084823578	2.307884099760525e7	2882.2778227335525	2.4996638911094103e9	18008.48157752121
32.11973625347281	32.762230517517246	32.44098338549503	2.3126969857177433e7	2721.682112957847	2.5227908609665875e9	17126.643374889285
32.762230517517246	33.41757466684257	33.08990259217991	2.3176719187263865e7	2570.203410482903	2.5459675801538515e9	16286.939327989176
33.41757466684257	34.0860256991544	33.75180018299848	2.3214019730521876e7	2425.843665479467	2.569181599884373e9	15487.349261154557
34.086025699154405	34.76784575211247	34.42693572563344	2.3251639892745327e7	2289.6179521519593	2.5924332397771187e9	14726.028114504761
34.767845752112464	35.46330220612969	35.11557397912108	2.3294557569363493e7	2161.528282277274	2.6157277973464823e9	14001.237400372267
35.4633022061297	36.17266778922727	35.81798499767848	2.3338343373955388e7	2040.6736289690698	2.6390661407204375e9	13311.286961511945
36.17266778922727	36.89622068398679	36.53444423660703	2.336917615168763e7	1925.5023255628737	2.662435316872125e9	12654.494649559232
36.8962206839868	37.63424463664151	37.265232660314155	2.3403455679664105e7	1817.0956916543412	2.6858387725517893e9	12029.337746447967
37.634244636641505	38.387029068349314	38.01063685249541	2.3446192707374662e7	1715.4076810318888	2.709284965259164e9	11434.378733291906
38.387029068349314	39.15486918869128	38.7709491285203	2.3486460811802167e7	1619.2348881991973	2.7327714260709662e9	10868.19361213281
39.15486918869128	39.93806611144008	39.54646765006568	2.350509545744714e7	1527.0441471583747	2.7562765215284133e9	10329.352103160292
39.93806611144008	40.73692697264386	40.33749654204197	2.3546547994755976e7	1441.4983910755686	2.779823069523169e9	9816.660056789513
40.736926972643865	41.55176505107172	41.14434601185779	2.358342070602808e7	1360.4766640745784	2.803406490229197e9	9328.86987393292
41.55176505107172	42.38289989106813	41.96733247106992	2.3612136073427033e7	1283.5624405587942	2.827018626302624e9	8864.781908124494
42.38289989106812	43.23065742786446	42.80677865946629	2.323552782948817e7	1190.2322968062413	2.8502541541321125e9	8422.081848716114
43.23065742786446	44.09537011539672	43.66301377163059	1.5943965326492786e8	7696.141321902564	3.0096938073970404e9	8380.20666131267
