-0.0	9.953897499377266e-5	4.976948749688633e-5	0.09755751835511071	2.361525514690438e10	0.09755751835511071	2.361525514690438e10
9.953897499377266e-5	0.0002010687294874207	0.00015030385224059668	0.4298894550631709	1.436831045080276e10	0.5274469734182816	1.5490184628361265e10
0.00020106872948742058	0.0003046290790709416	0.00025284890427918107	0.8913562672471046	1.0565662514879293e10	1.4188032406653863	1.198172892253416e10
0.0003046290790709413	0.00041026063564613265	0.000357444857358537	1.4237527068632652	8.334196541571049e9	2.8425559475286515	9.827450528568563e9
0.0004102606356461331	0.0005180048233528283	0.0004641327294994807	2.0047032854501143	6.842519455799321e9	4.847259232978766	8.325421424402717e9
0.0005180048233528287	0.0006279038948136577	0.0005729543590832433	2.6254024952982467	5.7732778264204445e9	7.4726617282770125	7.2062144633072e9
0.0006279038948136573	0.0007400009477037028	0.0006839524212586801	3.2831749997223083	4.971267270139299e9	10.75583672799932	6.336636053349926e9
0.000740000947703703	0.0008543399416515495	0.0007971704446776262	3.978196928535668	4.349464242075574e9	14.734033656534988	5.640802784209817e9
0.0008543399416515493	0.0009709657154783526	0.0009126528285649509	4.711953987636072	3.8547377849360867e9	19.445987644171062	5.071421530324542e9
0.0009709657154783523	0.0010899240047816917	0.001030444860130022	5.486483445389789	3.4526926751200233e9	24.93247108956085	4.597143512946708e9
0.0010899240047816917	0.0012112614598710977	0.0011505927323263946	6.304091657696148	3.1201266396389127e9	31.236562747256997	4.1962459207951555e9
0.0012112614598710973	0.0013350256640622914	0.0012731435619666943	7.167091359807005	2.8408047878839345e9	38.403654107064	3.853142729734354e9
0.0013350256640622922	0.00146126515233731	0.0013981454081998012	8.07786763681503	2.6031069788174458e9	46.48152174387903	3.5563512301449356e9
0.0014612651523373099	0.0015900294303778282	0.001525647291357569	9.038857254750484	2.398513995601079e9	55.52037899862951	3.2972230262877545e9
0.0015900294303778277	0.0017213689939791564	0.001655699212178492	10.0525120056656	2.2206422942137136e9	65.57289100429512	3.069119468638637e9
0.0017213689939791568	0.0018553353488525118	0.0017883521714158342	11.121417962835006	2.0646451612048087e9	76.69430896713013	2.866865195383103e9
0.0018553353488525112	0.0019919810308233333	0.0019236581898379223	12.248223699677215	1.9267658656447172e9	88.94253266680734	2.686366650830557e9
0.0019919810308233333	0.002131359626433572	0.0020616703286284524	13.435566885543558	1.8040402760841532e9	102.3780995523509	2.524342328455163e9
0.0021313596264335728	0.002273525793956016	0.0022024427101947942	14.686391270378875	1.694138706267273e9	117.06449082272978	2.378137240430105e9
0.0022735257939560153	0.0024185352848289073	0.002346030539392461	16.003651196277783	1.5951708868622448e9	133.06814201900755	2.2455782862353997e9
0.002418535284828908	0.002566444965519258	0.002492490125174083	17.390292586512146	1.505587860543184e9	150.4584346055197	2.1248685200577223e9
0.002566444965519257	0.002717312839823414	0.0026418789026713355	18.849767860315538	1.4241493936264122e9	169.30820246583522	2.0145148206446908e9
0.002717312839823413	0.0028711980716136527	0.002794255455718533	20.38525230122829	1.3497934533310854e9	189.6934547670635	1.9132612510967712e9
0.002871198071613654	0.0030281610080396984	0.002949679539826676	22.000316224324976	1.2816510657763417e9	211.69377099138848	1.8200469072569563e9
0.003028161008039698	0.0031882632031942633	0.0031082121056169804	23.69867306568497	1.2189883958488202e9	235.39244405707345	1.733969317101274e9
0.003188263203194263	0.0033515674422519193	0.0032699153227230913	25.484125796182752	1.1611789340879145e9	260.8765698532562	1.6542554622724946e9
0.0033515674422519197	0.0035181377660907292	0.0034348526041713245	27.360590356260523	1.1076859751339865e9	288.23716020951673	1.580239216202291e9
0.0035181377660907292	0.003688039496406315	0.003603088631248522	29.332397937465913	1.0580581733663831e9	317.5695581469827	1.5113448318631072e9
0.0036880394964063155	0.003861339261328213	0.0037746893788672643	31.403880961377077	1.0118980727489938e9	348.97343910835974	1.4470711378136759e9
0.003861339261328213	0.004038105021548549	0.003949722141438381	33.57949248138088	9.688589320769968e8	382.55293158974064	1.3869796718856328e9
0.004038105021548548	0.00421840609697329	0.004128255559260919	35.86398086779168	9.286416009623846e8	418.4169124575323	1.3306856180374556e9
0.00421840609697329	0.004402313193906526	0.004310359645439908	38.262432019712655	8.909869106738516e8	456.67934447724497	1.2778502158567972e9
0.004402313193906526	0.004589898432778427	0.004496105813342477	40.78009381443409	8.55664777752384e8	497.4594382916791	1.228173831402779e9
0.004589898432778428	0.004781235376427767	0.004685566904603098	43.42225495309199	8.22468064630854e8	540.881693244771	1.181390027765336e9
0.0047812353764277666	0.0049763990589500925	0.00487881721768893	46.194526420307575	7.912152453004533e8	587.0762196650786	1.1372613553503437e9
0.004976399058950093	0.005175466015122866	0.0050759325370364795	49.10281069096778	7.617456270451751e8	636.1790303560464	1.0955756147407198e9
0.005175466015122865	0.005378514310419092	0.005276990162770979	52.153324834507366	7.339164795727124e8	688.3323551905537	1.0561426704192389e9
0.005378514310419092	0.005585623571621245	0.005482068941020169	55.35253260503861	7.075994314819347e8	743.6848877955923	1.0187915974753646e9
0.005585623571621245	0.00579687501804744	0.0056912492948343425	58.70714783423246	6.826786895907372e8	802.3920356298248	9.833682657345154e8
0.005796875018047441	0.00601235149340216	0.0059046132557248	62.22427553229392	6.590509846531798e8	864.6163111621188	9.49733436289053e8
0.00601235149340216	0.006232137498263974	0.006122244495833067	65.91121416778665	6.366216946470488e8	930.5275253299054	9.177608665963562e8
0.006232137498263972	0.006456319223223022	0.006344228360743497	69.77556235794644	6.153050404661088e8	1000.3030876878519	8.873358213995963e8
0.006456319223223021	0.006684984582681251	0.006570651902952136	73.82531043773392	5.950237358560987e8	1074.1283981255858	8.583538499895673e8
0.006684984582681254	0.006918223249328648	0.0068016039160049505	78.06878518216652	5.757073526574345e8	1152.1971833077523	8.307196480782973e8
0.006918223249328647	0.00715612668930899	0.007037174969318818	82.5147209407703	5.57291976279766e8	1234.7119042485226	8.043461073802433e8
0.00715612668930899	0.007398788198088939	0.007277457443698964	87.17218898872711	5.397188771576264e8	1321.8840932372498	7.79153421012554e8
0.007398788198088939	0.007646302937044488	0.0075225455675667135	92.05071119946427	5.2293460905843776e8	1413.934804436714	7.550683647053599e8
0.007646302937044487	0.007898767970779146	0.007772535453911817	97.16018969475444	5.0688991106971216e8	1511.0949941314686	7.320236093330429e8
0.007898767970779147	0.0081562823051885	0.008027525137983823	102.51106158629906	4.915400037876368e8	1613.6060557177677	7.099571842360463e8
0.0081562823051885	0.00841894692628604	0.008287614615737269	108.11416711718864	4.768433331089204e8	1721.7202228349563	6.888119234015033e8
0.00841894692628604	0.00868686483980553	0.008552905883045785	113.98078601310291	4.6276140844222826e8	1835.7010088480592	6.685349929379324e8
0.008686864839805528	0.008960141111595408	0.008823502975700469	120.12274032797373	4.49258865152134e8	1955.823749176033	6.490775049326974e8
0.008960141111595408	0.009238882908821085	0.009099512010208246	126.55214186176819	4.3630217294666106e8	2082.3758910378015	6.303940838299762e8
0.009238882908821085	0.009523199541991274	0.00938104122540618	133.2818233463878	4.2386100411678356e8	2215.657714384189	6.124426219318953e8
0.009523199541991274	0.009813202507824869	0.009668201024908072	140.31853780241545	4.118877181232079e8	2355.9762521866046	5.951823115531657e8
0.00981320250782487	0.010109005532975137	0.009961104020400003	147.60962423641482	4.0017995876794577e8	2503.5858764230193	5.785602349731741e8
0.010109005532975134	0.010410724618628405	0.01025986507580177	155.23276672945929	3.889163081392392e8	2658.8186431524787	5.625449490260835e8
0.010410724618628405	0.010718478085994741	0.010564601352311572	163.22223151963345	3.781199171155049e8	2822.0408746721123	5.471108372223212e8
0.010718478085994743	0.011032386622708406	0.010875432354351573	171.5778068933887	3.6772648301089275e8	2993.618681565501	5.3223012433258784e8
0.011032386622708406	0.011352573330156341	0.011192479976432374	180.32722210292928	3.5773864775191e8	3173.94590366843	5.1787859799183285e8
0.011352573330156343	0.011679163771753237	0.01151586855095479	189.47302334494836	3.4810602961292803e8	3363.4189270133784	5.040308387726443e8
0.011679163771753237	0.01201228602218207	0.011845724896967653	199.0389225450087	3.388227797875595e8	3562.457849558387	4.90663928381424e8
0.012012286022182067	0.012352070717619476	0.012182178369900772	209.0458289285506	3.2987527584322774e8	3771.5036784869376	4.7775651502847415e8
0.01235207071761948	0.012698651106965636	0.012525360912292557	219.5108968009139	3.212432630300448e8	3991.0145752878516	4.652880845595721e8
0.012698651106965634	0.013052163104098714	0.012875407105532175	230.45461638552317	3.1291196476439416e8	4221.469191673375	4.532392770309547e8
0.013052163104098714	0.013412745341174455	0.013232454222636584	241.89776655927707	3.0486670166121995e8	4463.366958232651	4.4159174656627643e8
0.013412745341174457	0.013780539222991713	0.013596642282083085	253.86127469455064	2.970928960812426e8	4717.228232927202	4.3032803975802433e8
0.013780539222991713	0.014155688982445314	0.013968114102718514	266.3675467500618	2.8957770471941173e8	4983.595779677264	4.194316160831271e8
0.014155688982445312	0.014538341737087986	0.014347015359766648	279.4393647957389	2.823085339869799e8	5263.035144473002	4.088867537019439e8
0.014538341737087988	0.014928647546823513	0.01473349464195575	293.1040377723504	2.752770370136777e8	5556.1391822453525	3.986787726422896e8
0.014928647546823513	0.01532675947275375	0.01512770350978863	307.38972015830456	2.684746070825479e8	5863.528902403657	3.887938934127819e8
0.01532675947275375	0.01573283363720259	0.01552979655497817	322.3237897602861	2.6189117281598788e8	6185.852692163943	3.7921902150795674e8
0.01573283363720259	0.01614702928494041	0.015939931461071498	337.93375131136384	2.555164346454962e8	6523.786443475307	3.699416488049662e8
0.016147029284940405	0.016569508845632977	0.01635826906528669	354.2496606329009	2.4934177218254122e8	6878.036104108208	3.609499086202579e8
0.016569508845632984	0.01700043799753941	0.016784973421586198	371.30396837438013	2.4335971178485364e8	7249.340072482588	3.5223258669325405e8
0.017000437997539405	0.01743998573248396	0.017220211865011683	389.1277048101512	2.3756129398077017e8	7638.467777292739	3.4377893804830766e8
0.01743998573248396	0.017888324422127407	0.017664155077305684	407.7519729531356	2.3193748156697777e8	8046.219750245875	3.355786265312239e8
0.017888324422127403	0.018345629885563715	0.01811697715384556	427.2191655041055	2.2648525934666085e8	8473.43891574998	3.276221160284143e8
0.01834562988556372	0.018812081458268758	0.018578855671916236	447.5768196165868	2.2120270125254607e8	8921.015735366567	3.1990066600244004e8
0.018812081458268758	0.0192878620624279	0.01904997176034833	468.8805279408358	2.1608984254382804e8	9389.896263307402	3.12406391500291e8
0.019287862062427896	0.019773158278670218	0.019530510170549055	491.17599777870595	2.1114015983822444e8	9881.072261086108	3.0513170635121846e8
0.019773158278670218	0.020268160419237388	0.020020659348953803	514.500621369499	2.0634316464771178e8	10395.572882455608	2.9806900596757853e8
0.020268160419237388	0.0207730626026159	0.020520611510926642	538.891692440377	2.0168884063891503e8	10934.464574895985	2.9121069635768926e8
0.0207730626026159	0.02128806282966198	0.021030562716138942	564.3894215614962	1.9716875390429434e8	11498.853996457481	2.845492992355946e8
0.02128806282966198	0.021813363061248984	0.021550712945455484	591.0355702307121	1.9277529477797768e8	12089.889566688193	2.780774941013702e8
0.021813363061248984	0.022349169297467726	0.022081266179358357	618.8757061767695	1.8850225590686375e8	12708.765272864963	2.7178819731448877e8
0.02234916929746773	0.022895691658410846	0.022622430477939288	647.9699961334289	1.8434758412583324e8	13356.73526899839	2.6567482665748528e8
0.022895691658410842	0.02345314446657282	0.023174418062491833	678.380511265899	1.8030873895122963e8	14035.11578026429	2.597312191896073e8
0.02345314446657282	0.024021746330898038	0.02373744539873543	710.1623993504747	1.7638059684031534e8	14745.278179614765	2.5395141168753517e8
0.024021746330898045	0.02460172023250977	0.024311733281703905	743.3701608130743	1.7255770989375833e8	15488.648340427839	2.4832959706227836e8
0.02460172023250977	0.025193293612153726	0.024897506922331746	778.0697213813714	1.6883709581402355e8	16266.71806180921	2.4286027685280386e8
0.025193293612153722	0.02579669845939056	0.02549499603577214	814.3260358175171	1.6521500658225325e8	17081.044097626727	2.3753817914414617e8
0.02579669845939056	0.026412171403572132	0.026104434931481346	852.1902935955752	1.6168474335016325e8	17933.234391222304	2.3235803471721292e8
0.026412171403572136	0.02703995380663734	0.02672606260510474	891.7512848864892	1.5824675403518963e8	18824.985676108794	2.2731505982312402e8
0.02703995380663734	0.027680291857763845	0.027360122832200594	933.1007335583513	1.549007241465276e8	19758.086409667147	2.2240486154726127e8
0.027680291857763845	0.028333436669912882	0.028006864263838364	976.3217571289417	1.5164390732435745e8	20734.40816679609	2.1762323880793008e8
0.028333436669912882	0.0289996443783049	0.028666540524108892	1021.4594683595094	1.484675369977504e8	21755.8676351556	2.1296575877484834e8
0.028999644378304903	0.02967917624086476	0.029339410309584833	1068.6226638762337	1.453725860433719e8	22824.49029903183	2.084284267643414e8
0.02967917624086476	0.030372298740675815	0.03002573749077029	1117.8973245533239	1.4235587787265936e8	23942.387623585153	2.0400737117370492e8
0.030372298740675818	0.031079283690483094	0.030725791215579456	1169.375590965976	1.3941473601977375e8	25111.76321455113	1.996988648495089e8
0.031079283690483087	0.03180040833928651	0.031439846014884795	1223.1524507684883	1.3654648512404287e8	26334.91566531962	1.9549931166575393e8
0.03180040833928651	0.032535955481066	0.03216818191017626	1279.3347888367891	1.3374941147797798e8	27614.25045415641	1.9140529802600023e8
0.032535955481066005	0.03328621356568108	0.032911084523373546	1338.046614238328	1.3102298824232857e8	28952.297068394735	1.874136552322443e8
0.03328621356568108	0.03405147681198846	0.03366884518883477	1399.3538984907423	1.28360589922401e8	30351.650966885478	1.8352103676986676e8
0.03405147681198846	0.03483204532322199	0.03444176106760523	1463.4159381939942	1.2576436473305339e8	31815.06690507947	1.7972450707938278e8
0.03483204532322199	0.03562822520468019	0.03523013526395109	1530.3584858220015	1.2323242871927452e8	33345.42539090147	1.7602124417107394e8
0.03562822520468018	0.036440328683767544	0.03603427694422386	1600.2876047625791	1.2076102778095023e8	34945.71299566405	1.724084072707551e8
0.036440328683767544	0.037268674232436655	0.036854501458102096	1673.3455487344838	1.1834907338436684e8	36619.05854439853	1.688833106902454e8
0.037268674232436655	0.03811358669207914	0.0376911304622579	1749.6461132105844	1.1599309186776687e8	38368.704657609116	1.6544325569559518e8
0.03811358669207915	0.03897539740091449	0.03854449204649682	1829.3470536085722	1.1369244575114164e8	40198.05171121769	1.6208571425271478e8
0.038975397400914484	0.03985444432392653	0.0394149208624205	1912.6014875017643	1.1144568251295117e8	42110.653198719454	1.588082623581449e8
0.03985444432392653	0.040751072185398814	0.040302758254662674	1999.646885287263	1.0925561495095329e8	44110.30008400672	1.556088466061701e8
0.040751072185398814	0.04166563260410055	0.04120835239474968	2090.5622362365875	1.0711554655579047e8	46200.86232024331	1.5248514325804618e8
0.04166563260410054	0.042598484231176306	0.042132058417638424	2185.461483243175	1.0502135624379501e8	48386.323803486484	1.4943474268697575e8
0.04259848423117632	0.0435499928907936	0.04307423856098496	2284.6266234580935	1.0297688406357715e8	50670.950426944575	1.4645566519471595e8
0.043549992890793594	0.04452053172360322	0.04403526230719841	2388.2525035921453	1.0098077638700551e8	53059.20293053672	1.435459964768822e8
0.044520531723603214	0.04551048133306903	0.04501550652833612	2496.5186925839544	9.903075372890136e7	55555.72162312067	1.407038229623518e8
0.045510481333069036	0.04652022993472417	0.0460153556338966	2609.601735910193	9.712434785413522e7	58165.32335903086	1.3792721896391413e8
0.04652022993472417	0.047550173508412404	0.04703520172156829	2727.715504681471	9.526040008829884e7	60893.03886371233	1.3521433006753743e8
0.04755017350841241	0.04860071595357441	0.048075444730993414	2851.0692980413683	9.343732643621264e7	63744.1081617537	1.3256334032359403e8
0.04860071595357442	0.04967226924763966	0.04913649260060704	2979.978491473009	9.165664842112775e7	66724.08665322671	1.2997266549944715e8
0.04967226924763965	0.05076525360758619	0.05021876142761292	3114.7080200704163	8.991753486251153e7	69838.79467329713	1.2744078728459151e8
0.0507652536075862	0.05188009765473167	0.051322675631158936	3255.370610841467	8.821466704423924e7	73094.1652841386	1.249659649292298e8
0.051880097654731665	0.05301723858282005	0.052448668118775854	3402.2947122368028	8.65489562564677e7	76496.4599963754	1.2254664267248921e8
0.05301723858282006	0.05417712232947021	0.05359718045614513	3555.8341660046553	8.492124165925434e7	80052.29416238006	1.2018143166737475e8
0.0541771223294702	0.055360203751053355	0.054768663040261775	3716.199299386656	8.332845552544208e7	83768.49346176672	1.178688526444501e8
0.055360203751053355	0.05656694680106817	0.05596357527606076	3883.7412824515554	8.17707328448378e7	87652.23474421827	1.156075423542894e8
0.05656694680106818	0.057797824712083286	0.057182385756575735	4058.8174773814176	8.024784324261725e7	91711.05222159969	1.1339622220299877e8
0.05779782471208328	0.059053320181318696	0.05842557244670099	4241.648532565722	7.875660773820703e7	95952.70075416542	1.1123350787296958e8
0.0590533201813187	0.06033392555993882	0.059693622870628765	4432.628047292257	7.729716639587742e7	100385.32880145765	1.0911812307488567e8
0.06033392555993882	0.06164014304613134	0.06098703430303508	4632.219884043498	7.587036576720771e7	105017.54868550115	1.070489356926803e8
0.06164014304613134	0.06297248488204772	0.06230631396408953	4840.685186455029	7.447330767703718e7	109858.23387195618	1.0502471485401249e8
0.06297248488204771	0.06433147355468241	0.06365197921836506	5058.448929322384	7.310571807024707e7	114916.68280127857	1.0304430012281741e8
0.06433147355468241	0.06571764200076981	0.06502455777772612	5286.049155070369	7.176853210932684e7	120202.73195634894	1.011066712789934e8
0.06571764200076981	0.06713153381577895	0.06642458790827438	5523.724493510963	7.045824640089759e7	125726.4564498599	9.921066391678388e7
0.06713153381577895	0.06857370346708827	0.0678526186414336	5771.98437423474	6.917502986060025e7	131498.44082409464	9.735520573255108e7
0.06857370346708827	0.07004471651142379	0.06930920998925602	6031.527408070709	6.792078838180412e7	137529.96823216535	9.553941717193426e7
0.07004471651142379	0.071545149816646	0.0707949331640349	6302.56014224515	6.669139939878826e7	143832.5283744105	9.376222683350328e7
0.071545149816646	0.07307559178797267	0.07231037080230934	6585.675438983829	6.5487167044956684e7	150418.20381339433	9.202265639201584e7
0.07307559178797267	0.07463664259872586	0.07385611719334927	6881.623600901473	6.430946543756377e7	157299.8274142958	9.031987986623734e7
0.07463664259872586	0.07622891442569413	0.07543277851221	7190.688734053446	6.315490402891812e7	164490.51614834927	8.865292086371274e7
0.07622891442569411	0.07785303168920174	0.07704097305744792	7513.51662846355	6.202351894045352e7	172004.03277681282	8.702087234684218e7
0.07785303168920174	0.07950963129797951	0.07868133149359063	7851.041919497921	6.091727014508365e7	179855.07469631074	8.542300957815868e7
0.07950963129797951	0.08119936289893284	0.08035449709845618	8203.55568633155	5.983263951037127e7	188058.6303826423	8.385844295855622e7
0.08119936289893284	0.08292288913190524	0.08206112601541904	8571.739859538307	5.876927213734442e7	196630.3702421806	8.232632185567394e7
0.08292288913190525	0.0846808858895371	0.08380188751072118	8956.69941298427	5.7729332771488e7	205587.06965516484	8.082598553696115e7
0.08468088588953708	0.08647404258232155	0.08557746423592932	9358.738954923518	5.6709329326974876e7	214945.80861008837	7.935660589445522e7
0.08647404258232155	0.08830306240896171	0.08738855249564163	9778.663299711272	5.5709116438497126e7	224724.47190979964	7.791740189564171e7
0.08830306240896173	0.0901686626321347	0.08923586252054821	10217.788396357138	5.473105073907823e7	234942.2603061568	7.650778845124903e7
0.09016866263213469	0.09207157485977112	0.09112011874595291	10676.458674370739	5.3771761655907966e7	245618.71898052754	7.512701570474868e7
0.09207157485977113	0.09401254533196028	0.09304206009586571	11155.568446949412	5.2830963032495536e7	256774.28742747696	7.377436670094961e7
0.09401254533196027	0.09599233521359321	0.09500244027277674	11656.55636887562	5.191060198659115e7	268430.84379635256	7.244929045713286e7
0.09599233521359321	0.09801172089285881	0.09700202805322601	12179.808503875343	5.100749679357832e7	280610.6523002279	7.11510805815102e7
0.0980117208928588	0.1000714942857097	0.09904160758928425	12726.392520029753	5.012160749745358e7	293337.04482025764	6.987907519545722e7
0.10007149428570972	0.10217246314641765	0.10112197871606368	13298.053994414435	4.925517561751828e7	306635.0988146721	6.863279180794017e7
0.10217246314641763	0.10431545138433972	0.10324395726537867	13895.133606186557	4.840477421978463e7	320530.23242085864	6.741157347124417e7
0.10431545138433973	0.10650129938702026	0.10540837538567999	14518.815423993068	4.757026368188866e7	335049.0478448517	6.6214798123543e7
0.10650129938702026	0.10873086434975439	0.10761608186838732	15171.25456534415	4.675430598380456e7	350220.3024101958	6.5042045078498505e7
0.10873086434975437	0.1110050206117432	0.10986794248074878	15852.633894049548	4.59529899928299e7	366072.9363042454	6.389268631400395e7
0.1110050206117432	0.11332465999897179	0.11216484030535749	16564.348563575175	4.516635662983371e7	382637.28486782056	6.276613732302229e7
0.11332465999897177	0.11569069217394494	0.11450767608645836	17309.22057186688	4.4397891850073114e7	399946.50543968746	6.16620613210145e7
0.11569069217394495	0.11810404499241757	0.11689736858318125	18087.253922282587	4.364324743180108e7	418033.75936197	6.057988294673917e7
0.11810404499241758	0.12056566486725966	0.11933485492983861	18899.807268313583	4.290189774165633e7	436933.5666302836	5.951903267353618e7
0.12056566486725963	0.12307651713959854	0.12182109100342908	19750.17451362156	4.217737708691321e7	456683.74114390515	5.84791897934278e7
0.12307651713959855	0.12563758645738424	0.1243570517984914	20638.50081577821	4.146586841166696e7	477322.24195968336	5.745982618813489e7
0.12563758645738424	0.12824987716152564	0.12694373180945495	21566.35803714469	4.0766891156785525e7	498888.59999682807	5.6460419071956515e7
0.12824987716152564	0.13091441367974987	0.12958214542063776	22537.56114802915	4.008387906527738e7	521426.16114485724	5.548068475330514e7
0.13091441367974987	0.13363224092833859	0.13227332730404423	23552.258410274328	3.941313760822824e7	544978.4195551316	5.452013742656646e7
0.13363224092833859	0.13640442472189906	0.13501833282511883	24611.9892317144	3.8753782132927336e7	569590.408786846	5.357826963057253e7
0.13640442472189906	0.13923205219133075	0.1378182384566149	25721.77460880259	3.811011406276874e7	595312.1833956486	5.265486312810941e7
0.1392320521913308	0.14211623221015113	0.14067414220074098	26881.576339275827	3.747820136771704e7	622193.7597349244	5.1749479612545215e7
0.1421162322101511	0.14505809582934784	0.14358716401974947	28092.678051750154	3.6856519010774866e7	650286.4377866746	5.086161787217248e7
0.14505809582934784	0.1480587967209285	0.14655844627513817	29361.02870708643	3.624948331595127e7	679647.466493761	4.999107161266542e7
0.1480587967209285	0.1511195116303408	0.14958915417563465	30687.19070745496	3.565406279986669e7	710334.657201216	4.913746764352082e7
0.1511195116303408	0.1542414408379413	0.15268047623414105	32072.28504637915	3.5068310659088865e7	742406.9422475952	4.8300340732004024e7
0.1542414408379413	0.15742580862969385	0.15583362473381757	33523.2976886678	3.449659181586162e7	775930.239936263	4.747951457557009e7
0.15742580862969385	0.16067386377728143	0.15904983620348764	35039.83643543798	3.393495412747432e7	810970.076371701	4.667458960956234e7
0.16067386377728143	0.16398688002782077	0.16233037190255112	36624.496901364015	3.3382864197141416e7	847594.5732730649	4.5885159814179726e7
0.16398688002782077	0.1673661566033709	0.16567651831559582	38284.96761477787	3.2844125818491776e7	885879.5408878428	4.5111070512469925e7
0.1673661566033709	0.17081301871043203	0.16908958765690146	40023.61176201352	3.2317200648312766e7	925903.1526498563	4.4352085922227025e7
0.170813018710432	0.17432881805963435	0.1725709183850332	41840.02659743261	3.1798582780914247e7	967743.1792472888	4.360777745987649e7
0.17432881805963435	0.17791493339582073	0.17612187572772753	43741.12545309782	3.1290624246133413e7	1.0114843047003867e6	4.287788268774507e7
0.17791493339582073	0.18157277103873085	0.1797438522172758	45731.702362668155	3.0793567186911702e7	1.057216007063055e6	4.2162170111576006e7
0.18157277103873087	0.1853037654344992	0.18343826823661502	47811.42033941571	3.030416554729072e7	1.1050274274024707e6	4.146023076621989e7
0.18530376543449914	0.1891093797181828	0.187206572576341	49987.61692398381	2.982432756199628e7	1.1550150443264546e6	4.077179400543712e7
0.18910937971818284	0.19299110628754018	0.1910502430028615	52269.12952666583	2.9356233571667425e7	1.2072841738531205e6	4.009673509458901e7
0.19299110628754018	0.19695046738828467	0.1949707868379124	54654.5352864514	2.8895965924588382e7	1.261938709139572e6	3.943470584151745e7
0.19695046738828464	0.20098901571104402	0.19896974154966435	57147.059302339	2.8442630407698657e7	1.319085768441911e6	3.878532682672304e7
0.20098901571104408	0.20510833500025866	0.20304867535565135	59754.96168226003	2.799776966586652e7	1.3788407301241711e6	3.814833316787842e7
0.20510833500025863	0.2093100406752575	0.20720918783775805	62486.73574726643	2.7562553444048353e7	1.4413274658714375e6	3.752354550368656e7
0.2093100406752575	0.21359578046375632	0.2114529105695069	65341.71755234162	2.7133928810573287e7	1.506669183423779e6	3.691061565170622e7
0.21359578046375632	0.21796723504802512	0.21578150775589072	68329.04370409346	2.671321797305399e7	1.5749982271278724e6	3.630929483824229e7
0.21796723504802512	0.2224261187239793	0.2201966768860022	71459.6237475462	2.6301974833559204e7	1.6464578508754186e6	3.571944129208349e7
0.22242611872397927	0.22697418007345255	0.2247001493987159	74727.68594459689	2.589547052304379e7	1.7211855368200152e6	3.514064357192551e7
0.22697418007345255	0.23161320264991528	0.22929369136168393	78140.53226587485	2.549417656843714e7	1.79932606908589e6	3.457254314707416e7
0.23161320264991528	0.23634500567790726	0.23397910416391127	81721.23451714044	2.5103220911495633e7	1.8810473036030305e6	3.4015105278195955e7
0.23634500567790728	0.2411714447664591	0.2387582252221832	85466.55640442482	2.4718837329064067e7	1.9665138600074553e6	3.346807604600824e7
0.24117144476645908	0.24609441263678192	0.2436329287016205	89377.21275965561	2.433902591720008e7	2.055891072767111e6	3.2931099476809755e7
0.24609441263678195	0.25111583986451125	0.2486051262506466	93468.60464077845	2.3965903051026087e7	2.1493596774078896e6	3.240396570951014e7
0.25111583986451125	0.25623769563679516	0.2536767677506532	97750.24740633024	2.359959294615604e7	2.24710992481422e6	3.188648507103941e7
0.2562376956367951	0.2614619885245247	0.25884984208065986	102228.4299292928	2.3239338369296547e7	2.349338354743513e6	3.137843505488408e7
0.2614619885245247	0.26679076727000883	0.2641263778972668	106908.03888952764	2.288413643138931e7	2.4562463936330406e6	3.087954785397136e7
0.26679076727000883	0.27222612159040266	0.2695084444302057	111809.73930938872	2.2536290697543923e7	2.5680561329424293e6	3.038970719372938e7
0.2722261215904027	0.2777701829972044	0.27499815229380353	116938.72282044623	2.219454209492135e7	2.6849948557628756e6	2.9908730115257557e7
0.2777701829972044	0.28342512563214217	0.2805976543146733	122292.15086183212	2.1856355422314152e7	2.807287006624708e6	2.9436296097616483e7
0.28342512563214217	0.28919316711977866	0.2863091463759604	127899.64750537969	2.1525139522233844e7	2.9351866541300877e6	2.8972303918150928e7
0.28919316711977866	0.29507656943716787	0.29213486827847324	133776.88091880776	2.120123617235753e7	3.0689635350488955e6	2.85166786611613e7
0.2950765694371678	0.3010776398009048	0.2980771046190363	139920.13245420658	2.0881885863482695e7	3.208883667503102e6	2.8069188359743852e7
0.30107763980090485	0.3071987315719166	0.3041381856864107	146334.1251240278	2.05660221724397e7	3.35521779262713e6	2.7629552592685882e7
0.30719873157191663	0.3134422451783486	0.3103204883751326	153040.07967324756	2.0254928132979825e7	3.508257872300376e6	2.7197582988765918e7
0.31344224517834857	0.31981062905690916	0.31662643711762883	160067.58000995635	1.995056926069143e7	3.6683254523103326e6	2.6773217673181154e7
0.3198106290569092	0.326306380613041	0.3230585048349751	167410.67246319464	1.9650195779611137e7	3.835736124773527e6	2.6356237667591628e7
0.326306380613041	0.33293204720029546	0.32961921390666826	175074.42847000237	1.9352791336501688e7	4.0108105532435295e6	2.594637770597059e7
0.3329320472002955	0.33969022711929503	0.33631113715979527	183084.10699664443	1.9059606032182626e7	4.193894660240174e6	2.554346158455815e7
0.33969022711929503	0.34658357063667455	0.3431368988779848	191471.99720535838	1.8772237165949393e7	4.385366657445532e6	2.5147417146570966e7
0.3465835706366745	0.35361478102440164	0.35009917583053807	200233.81665621544	1.848845813869198e7	4.585600474101747e6	2.475804647794724e7
0.35361478102440164	0.3607866156198833	0.35720069832214246	209361.57149357547	1.820613056431968e7	4.794962045595323e6	2.4375038545267273e7
0.3607866156198833	0.3681018869072746	0.36444425126357893	218898.56287052447	1.7927751359114375e7	5.013860608465848e6	2.39982468124021e7
0.36810188690727463	0.37556346362041376	0.3718326752638442	228877.1166986233	1.7654370044202525e7	5.242737725164471e6	2.3627594878723435e7
0.3755634636204137	0.3831742718678156	0.37936886774411466	239303.21695962822	1.738481006313455e7	5.4820409421240995e6	2.326294227377003e7
0.38317427186781555	0.3909372962801655	0.38705578407399055	250166.47729775394	1.711695918973978e7	5.7322074194218535e6	2.2904033616604876e7
0.39093729628016555	0.3988555811807625	0.394896438730464	261502.80565178813	1.685211366647837e7	5.993710225073641e6	2.25507044263814e7
0.3988555811807624	0.40693223177937127	0.40289390648006684	273337.21500617755	1.6590583624467619e7	6.2670474400798185e6	2.220281816074688e7
0.40693223177937127	0.4151704153899523	0.4110513235846618	285710.58439230185	1.6333466255543286e7	6.55275802447212e6	2.1860310480892286e7
0.4151704153899523	0.4235733626727449	0.4193718890313486	298599.75510794646	1.6078102118211465e7	6.851357779580067e6	2.152296579715228e7
0.423573362672745	0.43214436890119345	0.4278588657869692	312026.6317754912	1.582466023216357e7	7.163384411355559e6	2.1190591203875866e7
0.4321443689011934	0.4408867952542109	0.43651558207770214	326052.1914629209	1.557511487080136e7	7.48943660281848e6	2.086312040302207e7
0.4408867952542108	0.44980407013428864	0.44534543269424975	340674.76688184985	1.5328139132055443e7	7.830111369700329e6	2.0540413736478437e7
0.4498040701342887	0.45889969051196805	0.45435188032312834	355924.5565739552	1.508400263583826e7	8.186035926274285e6	2.0222355583119158e7
0.4588996905119681	0.468177223297201	0.46353845690458456	371810.4436128701	1.4842025854554037e7	8.557846369887155e6	1.9908797617281474e7
0.4681772232972011	0.4776403067381387	0.4729087650176699	388348.7442771179	1.4601926349061748e7	8.946195114164272e6	1.9599583873167127e7
0.47764030673813856	0.4872926518478949	0.4824664792930167	405608.4052315389	1.436532532483793e7	9.351803519395811e6	1.929466208730448e7
0.48729265184789494	0.4971380438598464	0.49221534785387067	423581.0480632605	1.4130868708138611e7	9.775384567459073e6	1.899390428066011e7
0.49713804385984633	0.5071803437120368	0.5021591937859415	442263.85257657885	1.3897640889919218e7	1.0217648420035651e7	1.8697136755806297e7
0.5071803437120368	0.517423489561271	0.5123019166366539	461695.24921951693	1.3666136547998775e7	1.0679343669255167e7	1.8404224897403e7
0.5174234895612712	0.5278714983274901	0.5226474939443806	481855.40091518965	1.3435107062577441e7	1.1161199070170358e7	1.811496938431521e7
0.5278714983274901	0.5385284672690335	0.5331999827982619	502803.0895118456	1.3205646357871393e7	1.1664002159682203e7	1.782924633414056e7
0.5385284672690335	0.5493985755894076	0.5439635214292206	524555.2745836814	1.2977574104418414e7	1.2188557434265884e7	1.7546928705589015e7
0.5493985755894077	0.5604860860761894	0.5549423308327985	547190.0988967957	1.275217219034267e7	1.273574753316268e7	1.7267971551727824e7
0.5604860860761894	0.5717953467727067	0.5661407164244481	570706.4172717677	1.2528683975073038e7	1.3306453950434446e7	1.6992288603983264e7
0.5717953467727067	0.5833307926831544	0.5775630697279306	595244.8664261396	1.2309435551641295e7	1.3901698816860586e7	1.6719933992559515e7
0.5833307926831544	0.595096947511811	0.5892138700974827	620843.4706621103	1.2094205403317101e7	1.4522542287522698e7	1.6450945842546418e7
0.5950969475118111	0.6070984254370408	0.601097686474426	647386.8274520099	1.1879953039548615e7	1.5169929114974707e7	1.6185183316381173e7
0.6070984254370407	0.619339932920775	0.6132191791789079	674968.1466385345	1.1667898170101203e7	1.5844897261613242e7	1.592258478328348e7
0.619339932920775	0.631826270554184	0.6255831017374796	703664.1936698416	1.1458719234025944e7	1.6548561455283083e7	1.5663131702568209e7
0.631826270554184	0.6445623349402613	0.6381943027472227	733356.223654845	1.1249924636236493e7	1.7281917678937927e7	1.5406661867305547e7
0.6445623349402613	0.65755312061406	0.6510577277771606	764201.4456571154	1.1043561857028224e7	1.8046119124595042e7	1.5153141581420798e7
0.65755312061406	0.6708037220013348	0.6641784213076973	796119.1655749441	1.083798880424375e7	1.8842238290169988e7	1.4902443761534885e7
0.6708037220013346	0.6843193354163548	0.6775615287088448	829119.350290882	1.063309140221818e7	1.967135764046087e7	1.4654442174079698e7
0.6843193354163548	0.6981052610996754	0.6912122982580151	863345.7279197909	1.0430416193590784e7	2.0534703368380662e7	1.4409107832244242e7
0.6981052610996754	0.7121669052966624	0.7051360831981689	898658.9009523022	1.0227951065564618e7	2.1433362269332964e7	1.4166296631483119e7
0.7121669052966624	0.7265097823775891	0.7193383438371257	935033.7309213018	1.0025368115287337e7	2.2368396000254266e7	1.3925853887880152e7
0.7265097823775891	0.7411395170001344	0.7338246496888617	972628.7264387191	9.824304255236892e6	2.3341024726692986e7	1.3687729026684979e7
0.7411395170001344	0.7560618463151305	0.7486006816576325	1.0109383833056316e6	9.619741132014152e6	2.4351963109998617e7	1.3451583145041108e7
0.7560618463151304	0.7712826222164265	0.7636722342657785	1.0500536452444156e6	9.413181943335233e6	2.5402016755243033e7	1.3217184418498198e7
0.7712826222164265	0.7868078136357485	0.7790452179260875	1.090299143576109e6	9.207869135579841e6	2.649231589881914e7	1.2984502765585706e7
0.7868078136357485	0.8026435088834569	0.7947256612596028	1.1313478306871632e6	9.001197835017655e6	2.7623663729506303e7	1.2753358729452128e7
0.8026435088834569	0.8187959180361195	0.8107197134597882	1.1733447484462196e6	8.794732410874221e6	2.8797008477952525e7	1.2523674119882338e7
0.8187959180361196	0.8352713753718355	0.8270336467039776	1.2164415844007386e6	8.589802844052514e6	3.0013450062353265e7	1.2295452490069821e7
0.8352713753718353	0.8520763418542654	0.8436738586130503	1.2604677471850673e6	8.385340039041381e6	3.127391780953833e7	1.2068635190532204e7
0.8520763418542654	0.8692174076663441	0.8606468747603048	1.3057136279322496e6	8.183440005049632e6	3.257963143747058e7	1.184328858483551e7
0.8692174076663441	0.8867012947946644	0.8779593512305043	1.3518394336535204e6	7.98204335779243e6	3.39314708711241e7	1.161935575125462e7
0.8867012947946645	0.9045348596655512	0.8956180772301079	1.3990807093624528e6	7.782778810429493e6	3.533055158048656e7	1.1396877553601228e7
0.9045348596655511	0.9227250958338555	0.9136299777497033	1.447224842619027e6	7.584601699484697e6	3.677777642310558e7	1.1175831919539172e7
0.9227250958338556	0.9412791367255261	0.9320021162796909	1.4967261703752975e6	7.390023832759451e6	3.827450259348088e7	1.0956343707635153e7
0.9412791367255261	0.96020425843503	0.950741697580278	1.547177919659038e6	7.197013054697232e6	3.982168051313992e7	1.073841271257289e7
0.9602042584350299	0.9795078825787238	0.9698560705068768	1.5989761926962056e6	7.00752033361754e6	4.1420656705836125e7	1.0522151846829113e7
0.9795078825787238	0.9991975792052916	0.9893527308920077	1.651952384886531e6	6.820747753248683e6	4.307260909072266e7	1.030762121654348e7
0.9991975792052917	1.0192810697643908	1.0092393244848412	1.706147481207755e6	6.636893505327474e6	4.4778756571930416e7	1.0094888931104023e7
1.0192810697643908	1.039766230134672	1.0295236499495313	1.7608567519669181e6	6.45338850328907e6	4.653961332389733e7	9.883870277638469e6
1.039766230134672	1.0606610937123586	1.0502136619235154	1.817725932682015e6	6.276381680508033e6	4.835733925657935e7	9.674841780264184e6
1.0606610937123588	1.0819738545615993	1.071317474136979	1.8748900968070861e6	6.099237415662091e6	5.023222935338643e7	9.46767943132058e6
1.0819738545615993	1.1037128706278245	1.0928433625947118	1.933802959463924e6	5.926964344542936e6	5.2166032312850356e7	9.262556621399613e6
1.1037128706278245	1.1258866670153744	1.1147997688215994	1.99390711625002e6	5.757672338366125e6	5.4159939429100364e7	9.059527178294022e6
1.1258866670153742	1.148503939330675	1.1371953031730246	2.054961602855187e6	5.590738643684865e6	5.6214901031955555e7	8.858605744133139e6
1.1485039393306753	1.171573557092282	1.1600387482114787	2.1173149639891195e6	5.427200909615512e6	5.833221599594467e7	8.659866225024767e6
1.171573557092282	1.195104567209121	1.1833390621507016	2.180251936027926e6	5.265305006424608e6	6.05124679319726e7	8.46327665870752e6
1.195104567209121	1.2191061975282966	1.2071053823687088	2.244203292893726e6	5.106306836129098e6	6.275667122486632e7	8.268879685747917e6
1.2191061975282966	1.2435878604538557	1.2313470289910762	2.3104375564418808e6	4.952998742216389e6	6.5067108781308204e7	8.076877171619315e6
1.243587860453856	1.2685591566379264	1.2560735085458912	2.3783844139106674e6	4.803819539918713e6	6.744549319521888e7	7.887368871710502e6
1.268559156637926	1.2940298787456777	1.2812945176918018	2.4469680805378403e6	4.656557234411048e6	6.989246127575672e7	7.70032069652263e6
1.2940298787456779	1.3200100152955847	1.3070199470206312	2.5159987312008804e6	4.511078596742234e6	7.240846000695759e7	7.515692841589244e6
1.3200100152955847	1.3465097545764897	1.3332598849360373	2.58567768633539e6	4.367963501424939e6	7.499413769329298e7	7.333481398412367e6
1.3465097545764895	1.3735394886430126	1.360024621609751	2.6590261036349973e6	4.232170222791863e6	7.765316379692797e7	7.153969698593772e6
1.3735394886430126	1.401109817390866	1.3873246530169392	2.7312156995210424e6	4.0957523661524677e6	8.038437949644902e7	6.976964705675517e6
1.401109817390866	1.4292315527136765	1.4151706850522712	2.8055302009183825e6	3.963976118493477e6	8.31899096973674e7	6.802589388791051e6
1.4292315527136763	1.457915722742943	1.4435736377283095	2.8815862405441413e6	3.836076819867613e6	8.607149593791154e7	6.6309153395727705e6
1.4579157227429431	1.487173576172795	1.4725446494578691	2.9569397706755823e6	3.708847047590094e6	8.902843570858712e7	6.461824404275652e6
1.487173576172795	1.5170165866712442	1.5020950814220195	3.0364457492494043e6	3.5884251943988353e6	9.206488145783652e7	6.295560490315945e6
1.5170165866712444	1.5474564573796623	1.5322365220254532	3.114152110700273e6	3.467538177111556e6	9.517903356853682e7	6.13193254378635e6
1.5474564573796623	1.5785051255022486	1.5629807914409555	3.1952493326078365e6	3.352203310433126e6	9.837428290114465e7	5.971108751749495e6
1.5785051255022486	1.6101747669872868	1.5943399462447676	3.273943456320899e6	3.236249741661891e6	1.0164822635746555e8	5.812890555553611e6
1.6101747669872866	1.6424778013020254	1.626326284144656	3.357937073978725e6	3.1274453591441363e6	1.0500616343144427e8	5.657540296628216e6
1.6424778013020256	1.6754268963030592	1.6589523488025424	3.4423348181051565e6	3.020769971556361e6	1.0844849824954943e8	5.505014712098105e6
1.6754268963030592	1.7090349732041135	1.6922309347535864	3.5254308294601035e6	2.9149099143090863e6	1.1197392907900953e8	5.35519707696945e6
1.709034973204113	1.7433152116431883	1.7261750924236505	3.6118734989304347e6	2.813810648543652e6	1.1558580257793997e8	5.208205651874314e6
1.7433152116431885	1.7782810548510453	1.7607981332471168	3.6984018211952224e6	2.71473107905222e6	1.192842043991352e8	5.063993316835171e6
1.7782810548510457	1.8139462149230596	1.7961136348870528	3.785996467355364e6	2.6184499289122177e6	1.2307020086649057e8	4.922560732625961e6
1.8139462149230594	1.8503246781965137	1.8321354465597866	3.875780938516137e6	2.525664073562227e6	1.2694598180500671e8	4.783948833718742e6
1.8503246781965135	1.8874307107354367	1.868877694465975	3.965512705044665e6	2.43483161705352e6	1.3091149451005138e8	4.648107029908937e6
1.887430710735437	1.9252788639251386	1.9063547873302877	4.056131086713953e6	2.3465818181337775e6	1.3496762559676534e8	4.515024061587326e6
1.9252788639251386	1.9638839801786343	1.9445814220518864	4.150301274291084e6	2.262342565290904e6	1.3911792687105644e8	4.384771894733991e6
1.9638839801786343	2.0032611987571998	1.983572589467917	4.243490102024207e6	2.1795048226545695e6	1.4336141697308064e8	4.257267485019158e6
2.0032611987571998	2.0434259617073365	2.023343580232268	4.334360437702738e6	2.09756978767355e6	1.4769577741078338e8	4.1324037734468626e6
2.0434259617073365	2.084394019916476	2.063909990811906	4.431381966514678e6	2.020636417238033e6	1.5212715937729806e8	4.0103168871740284e6
2.084394019916476	2.1261814392897986	2.1052877296031376	4.528106306082167e6	1.9454676871305383e6	1.566552656833802e8	3.8909479423268386e6
2.126181439289799	2.1688046070505878	2.1474930231701936	4.624759251215946e6	1.8722151808630943e6	1.6128002493459612e8	3.7742502392944796e6
2.1688046070505878	2.2122802381665925	2.19054242260859	4.722038138414466e6	1.801175948691573e6	1.660020630730106e8	3.6601969644025993e6
2.212280238166592	2.2566253819049167	2.234452810035754	4.819910037282165e6	1.7323130329918684e6	1.7082197311029276e8	3.548760730104954e6
2.256625381904917	2.3018574285180082	2.2792414052114625	4.921487316594845e6	1.6666536694918117e6	1.757434604268876e8	3.439975118168558e6
2.3018574285180082	2.347994116063361	2.3249257722906846	5.02249662479994e6	1.6026214224948213e6	1.8076595705168754e8	3.333780659603125e6
2.347994116063361	2.395053537359621	2.371523826711491	5.124303120742308e6	1.5406682412540803e6	1.8589026017242986e8	3.2301474584752135e6
2.395053537359621	2.4430541470818063	2.4190538422207135	5.226543339771282e6	1.4806507090958569e6	1.9111680351220113e8	3.1290390696941176e6
2.4430541470818063	2.4920147689984353	2.467534458040121	5.32664379046386e6	1.4218578000722458e6	1.96443447302665e8	3.0303800757116885e6
2.4920147689984353	2.5419546033533966	2.516984686175916	5.431405545324177e6	1.366091773927976e6	2.0187485284798917e8	2.9342035829629153e6
2.5419546033533966	2.5928932343954574	2.567423918874427	5.536455841615232e6	1.3120950442893351e6	2.074113086896044e8	2.8404681169826067e6
2.5928932343954574	2.6448506380583594	2.6188719362269084	5.642251607757862e6	1.2599472858866625e6	2.1305356029736227e8	2.7491392153380853e6
2.644850638058359	2.6978471897945187	2.6713489139264386	5.748102807254696e6	1.2094601777885554e6	2.1880166310461697e8	2.660173535777763e6
2.697847189794519	2.751903672565402	2.7248754311799606	5.854278253186813e6	1.1606684059449236e6	2.246559413578038e8	2.573532255572134e6
2.7519036725654016	2.807041284991702	2.779472478778552	5.961083783207763e6	1.1135979103179574e6	2.3061702514101157e8	2.4891803040913222e6
2.8070412849917026	2.863281649666529	2.835161467329116	6.065273272302135e6	1.0676343649929236e6	2.366822984133137e8	2.40704915323807e6
2.8632816496665288	2.920646821634852	2.8919642356506903	6.174210714662954e6	1.0240548238756614e6	2.4285650912797666e8	2.32714802719575e6
2.920646821634852	2.9791592970425413	2.9499030593386966	6.283616542537118e6	982022.8907911289	2.4914012567051378e8	2.249437301432843e6
2.979159297042542	3.038842021958385	3.0090006595004635	6.393444221266894e6	941494.0275011549	2.5553356989178067e8	2.1738770767194373e6
3.038842021958385	3.099718401372545	3.069280211665465	6.503579450209576e6	902415.3107080659	2.6203714934199026e8	2.1004267103562127e6
3.099718401372545	3.1618123083749885	3.130765354873767	6.613812950143565e6	864724.537184051	2.686509622921338e8	2.0290443228677558e6
3.161812308374988	3.2251480935174803	3.193480200946234	6.724408313885311e6	828423.4094010452	2.7537537060601914e8	1.9596905608311957e6
3.2251480935174803	3.2897505943628222	3.2574493439401513	6.834964018471347e6	793427.889632299	2.822103346244905e8	1.8923234977683544e6
3.2897505943628227	3.3556451452250715	3.322697869793947	6.946358291674853e6	759804.5230743032	2.8915669291616535e8	1.8269074807164816e6
3.355645145225072	3.422857587104566	3.389251366164819	7.056667367436195e6	727307.9189184739	2.962133602836015e8	1.7633947495191656e6
3.422857587104566	3.4914142778216495	3.4571359324631077	7.168698141290139e6	696199.0715763273	3.0338205842489165e8	1.701755385174942e6
3.491414277821649	3.5613421023530742	3.5263781900873616	7.278703775312068e6	666073.5052413394	3.106607622002037e8	1.6419378418308208e6
3.5613421023530742	3.632668483375128	3.597005292864101	7.390513075797673e6	637262.1910525727	3.180512752760014e8	1.5839126738055113e6
3.6326684833751277	3.7054213920176227	3.669044937696375	7.50242194053909e6	609566.3282486023	3.2555369721654046e8	1.5276406604051164e6
3.705421392017622	3.779629358832967	3.7425253754252945	7.614143302417601e6	582930.680306398	3.3316784051895803e8	1.4730816624191331e6
3.7796293588329672	3.8553214849846187	3.817475421908793	7.726457503770463e6	557382.2373262672	3.408942980227285e8	1.4201994236956686e6
3.855321484984619	3.932527453659304	3.8939244693219615	7.839044801375952e6	532860.0147355428	3.487333428241044e8	1.3689562658431798e6
3.9325274536593033	4.011277541707481	3.9719024976833923	7.951259667621452e6	509288.2308843909	3.566846024917259e8	1.3193123158177736e6
4.011277541707481	4.091602631516623	4.051440086612052	8.063105735867134e6	486640.4482902796	3.6474770822759306e8	1.2712284821335485e6
4.091602631516623	4.173534223121948	4.132568427319285	8.174957919998076e6	464911.1245969141	3.729226661475911e8	1.2246676160662007e6
4.173534223121948	4.257104446559379	4.215319334840663	8.286927941451848e6	444075.6391446632	3.8120959408904296e8	1.179593297463948e6
4.257104446559379	4.342346074465558	4.299725260512469	8.398907135755934e6	424097.3353262384	3.896085012247989e8	1.1359690974619912e6
4.342346074465559	4.429292534929862	4.38581930469771	8.51081595842326e6	404942.8503627025	3.981193171832222e8	1.0937587690175353e6
4.4292925349298615	4.517977924603451	4.473635229766656	8.622483389655184e6	386576.1545152084	4.0674180057287735e8	1.05292608225175e6
4.51797792460345	4.608437022070511	4.5632074733369805	8.733829665207352e6	368967.36195149535	4.154756302380847e8	1.0134351780497653e6
4.608437022070511	4.700705301486913	4.654571161778712	8.844854341736622e6	352090.92292360356	4.243204845798213e8	975250.796833233
4.700705301486913	4.794818946491643	4.747762123989277	8.955773541044435e6	335929.7924964015	4.332762581208657e8	938338.7347940437
4.794818946491643	4.890814864396467	4.842816905444055	9.066482541081216e6	320454.1351760938	4.423427406619469e8	902665.0442557558
4.890814864396468	4.988730700659389	4.939772782527928	9.176822858821876e6	305633.80040506803	4.5151956352076876e8	868196.0005487748
4.988730700659389	5.088604853647568	5.038667777153478	9.286757172053043e6	291444.22163400933	4.608063206928218e8	834898.411376745
5.088604853647569	5.190476489695512	5.13954067167154	9.395999529857595e6	277854.2272739153	4.702023202226794e8	802739.2046013915
5.190476489695511	5.294385558464413	5.242431024079962	9.504802143192954e6	264850.0724030407	4.797071223658723e8	771686.4272383375
5.294385558464413	5.400372808608692	5.347379183536552	9.61362346681764e6	252422.1376063822	4.8932074583268994e8	741709.4188217274
5.400372808608693	5.508479803755858	5.454426306182276	9.72239201918641e6	240545.42111257653	4.990431378518765e8	712777.8485880975
5.508479803755859	5.618748938805967	5.563614371280913	9.830323132686054e6	229179.46686715467	5.088734609845626e8	684860.8041804704
5.618748938805966	5.731223456557077	5.6749861976815215	9.937439968031494e6	218306.50620654252	5.1881090095259404e8	657928.1348356105
5.7312234565570765	5.845947464663209	5.788585460610143	1.0044456320788888e7	207923.2929908988	5.288553572733829e8	631951.2456000247
5.845947464663211	5.962965952931467	5.904456708797339	1.0151023153084759e7	198002.8177367096	5.390063804264677e8	606901.6355941243
5.962965952931466	6.082324810965086	6.022645381948276	1.025648998171894e7	188514.79579786977	5.492628704081866e8	582750.7034367293
6.082324810965086	6.204070846159379	6.143197828562233	1.0361383372680724e7	179452.63346812085	5.596242537808673e8	559471.1204840292
6.20407084615938	6.328251802057558	6.266161324108468	1.0466089773741217e7	170805.65142140447	5.700903435546086e8	537036.5213762985
6.328251802057558	6.4549163770737	6.3915840895656295	1.0570008179963326e7	162547.03872415115	5.806603517345719e8	515420.51716665976
6.454916377073701	6.584114243590166	6.519515310331934	1.0673029218527738e7	154659.87700283816	5.913333809530997e8	494597.2676160829
6.584114243590165	6.71589606743696	6.650005155513563	1.0774250698627366e7	147117.22435256132	6.021076316517271e8	474540.8708681
6.715896067436961	6.850313527760691	6.783104797598826	1.0873442461327042e7	139904.036675342	6.129810741130542e8	455226.0536698675
6.85031352776069	6.987419337290895	6.9188664325257925	1.0974809156066734e7	133059.88711994825	6.239558832691209e8	436631.2873865926
6.987419337290895	7.127267263011704	7.057343300151299	1.1073671993185531e7	126511.22567736749	6.350295552623065e8	418732.0424613787
7.127267263011705	7.269912147246929	7.198589705129317	1.1173479893786801e7	120285.51565745045	6.462030351560932e8	401506.7918481558
7.269912147246929	7.4154099291668585	7.342661038206893	1.1270991272386985e7	114333.81796631312	6.574740264284803e8	384932.427894481
7.415409929166858	7.5638176667251855	7.489613797946022	1.1369117582594816e7	108674.41024604508	6.688431440110749e8	368988.23300299916
7.5638176667251855	7.71519355903468	7.639505612879933	1.1465410472741533e7	103270.98258031362	6.803085544838164e8	353652.59104619105
7.715193559034678	7.869596969190362	7.79239526411252	1.1561569567378636e7	98128.21257764097	6.91870124051195e8	338905.4047530612
7.869596969190363	8.027088447549161	7.948342708369762	1.1658077512163665e7	93237.9330816512	7.035282015633587e8	324727.2666262201
8.027088447549161	8.187729755475134	8.107409101512147	1.1753457783704914e7	88576.83772634574	7.152816593470635e8	311098.54534434434
8.187729755475134	8.351583889559627	8.26965682251738	1.1847562191403434e7	84134.1956275181	7.271292215384669e8	298000.1243983137
8.351583889559627	8.51871510632581	8.435149497942719	1.1941611256752163e7	79909.0033893227	7.390708327952191e8	285413.93369882833
8.51871510632581	8.689188947427317	8.603952026876563	1.203475159590232e7	75885.59645049604	7.511055843911214e8	273322.0430069825
8.689188947427317	8.863072265350853	8.776130606389085	1.2124965024741022e7	72043.09289359458	7.632305494158624e8	261706.3527324397
8.863072265350853	9.04043324963286	8.951752757491857	1.2210863080490414e7	68367.23926924792	7.754414124963529e8	250548.9862014921
9.04043324963286	9.221341453600507	9.130887351616684	1.2298770405535651e7	64886.35702075381	7.877401829018886e8	239834.73367069004
9.221341453600507	9.405867821647508	9.313604637624007	1.2386422955826942e7	61578.31562090177	8.001266058577156e8	229547.9868216998
9.405867821647508	9.594084717055448	9.499976269351478	1.2473634270771844e7	58433.95610456234	8.126002401284875e8	219673.5103009802
9.594084717055447	9.786065950371546	9.690075333713496	1.2560564410063539e7	55446.22731904727	8.25160804538551e8	210196.54179012016
9.786065950371546	9.981886808353966	9.883976379362757	1.2646475660104852e7	52604.52414535265	8.378072801986558e8	201102.55958038344
9.981886808353966	10.181624083496034	10.081755445925001	1.27319314779353e7	49904.3939420051	8.505392116765912e8	192377.62368552265
10.181624083496034	10.385356104140945	10.28349009381849	1.2817073126442514e7	47339.58350633294	8.633562848030336e8	184008.2383277175
10.385356104140945	10.593162765198754	10.48925943466985	1.2901459640167534e7	44901.99746625166	8.762577444432011e8	175981.2199657876
10.593162765198754	10.805125559477718	10.699144162338236	1.2982863425150998e7	42578.33802702281	8.89240607868352e8	168283.37904701216
10.805125559477718	11.021327609642261	10.91322658455999	1.305880904665146e7	40356.486699411456	9.022994169150035e8	160901.58838426514
11.021327609642261	11.241853700810095	11.131590655226178	1.31370958334923e7	38256.115115795285	9.154365127484958e8	153824.61391184066
11.241853700810095	11.466790313801287	11.35432200730569	1.3214464425848408e7	36261.263608771646	9.286509771743442e8	147040.94936073612
11.466790313801285	11.696225659052299	11.581507986426793	1.329195467786394e7	34369.58113498645	9.419429318522081e8	140539.61719942195
11.6962256590523	11.930249711208337	11.813237685130318	1.3369624150831586e7	32575.924683989608	9.553125560030397e8	134309.97699196843
11.930249711208337	12.168954244407493	12.049601977807914	1.3447212639501788e7	30874.656596234712	9.687597686425415e8	128341.67738013023
12.168954244407491	12.41243286827063	12.290693556339061	1.3524909545262462e7	29261.50660395289	9.82284678187804e8	122624.7182793261
12.41243286827063	12.660781064611031	12.53660696644083	1.359978178068815e7	27725.97594886592	9.958844599684922e8	117149.07120281132
12.66078106461103	12.914096224878238	12.787438644744633	1.366811597513128e7	26257.675761970368	1.0095525759436234e9	111904.68722927442
12.91409622487824	13.172477688350792	13.043286956614516	1.3737234454368766e7	24867.938967506205	1.0232898103979921e9	106882.75149659603
13.172477688350792	13.436026781092796	13.304252234721794	1.3808018434758265e7	23554.008471104804	1.0370978288327504e9	102074.79897614328
13.436026781092798	13.704846855689642	13.570436818391219	1.3878792083680458e7	22308.90490453533	1.050976620916431e9	97472.45064997533
13.70484685568964	13.97904333177842	13.84194509373403	1.3949261815221358e7	21128.615846189467	1.0649258827316523e9	93067.57972222565
13.979043331778422	14.258723737388978	14.1188835345837	1.401914382284182e7	20009.427998221905	1.0789450265544944e9	88852.3143088047
14.258723737388976	14.543997751111744	14.401360744250361	1.408651227477204e7	18945.67757492265	1.0930315388292663e9	84818.91017658015
14.543997751111744	14.834977245108966	14.689487498110356	1.41474882321018e7	17929.97171724717	1.1071790270613682e9	80959.64360474367
14.834977245108968	15.131776328986135	14.98337678704755	1.420983413470049e7	16970.044703412008	1.1213888611960688e9	77267.68297188918
15.131776328986136	15.434511394540847	15.283143861763492	1.4275713762747567e7	16065.181519917829	1.1356645749588163e9	73736.54976560445
15.434511394540843	15.743301161406647	15.588906277973745	1.4339984485849738e7	15206.540596535822	1.150004559444666e9	70359.62932782341
15.743301161406647	16.058266723609766	15.900783942508205	1.4403817512216708e7	14393.068828445508	1.1644083769568827e9	67130.62806352682
16.05826672360977	16.37953159705695	16.218899160333358	1.44661624365401e7	13621.448201814435	1.1788745393934228e9	64043.42422939803
16.37953159705695	16.707221767973074	16.54337668251501	1.4521947523845142e7	12885.13780548549	1.193396486917268e9	61091.872065416785
16.707221767973074	17.041465742307523	16.8743437551403	1.457640320529257e7	12187.340327317463	1.2079728901225605e9	58270.36532424961
17.041465742307526	17.382394596128663	17.211930169218093	1.463470378555867e7	11530.203277762519	1.2226075939081192e9	55573.74524976044
17.382394596128663	17.730142027026222	17.55626831157744	1.4693138410366701e7	10908.427697007726	1.237300732318486e9	52996.84513157555
17.730142027026222	18.084844406541734	17.907493216783976	1.4751937011591395e7	10320.275568761817	1.2520526693300774e9	50534.69620188625
18.08484440654173	18.44664083364755	18.265742620094642	1.4807482258379852e7	9761.537273853814	1.2668601515884573e9	48182.37361293392
18.446640833647553	18.81567318929549	18.631157011471522	1.4855329158420745e7	9228.138829238984	1.2817154807468781e9	45935.00172324224
18.81567318929549	19.192086192056387	19.003879690675937	1.4907083996741887e7	8726.085705927499	1.29662256474362e9	43788.332760911675
19.192086192056387	19.5760274548725	19.38405682346444	1.495982889946604e7	8251.794930999167	1.3115823936430857e9	41738.15740724564
19.5760274548725	19.967647542944935	19.771837498908717	1.5013884370972238e7	7803.869154512378	1.3265962780140579e9	39780.42866659442
19.967647542944935	20.36710003277882	20.167373787861877	1.5065480291073188e7	7378.958905145284	1.341661758305131e9	37911.139874535096
20.367100032778815	20.774541572409376	20.570820802594096	1.5109975020027217e7	6973.826496784536	1.356771733325158e9	36126.328816293826
20.77454157240938	21.19013194283255	20.982336757620963	1.5153240007755117e7	6590.346638365832	1.3719249733329132e9	34422.37009751502
21.19013194283255	21.614034120664186	21.40208303174837	1.5202062433224773e7	6230.181704595589	1.3871270357661378e9	32795.94345421594
21.61403412066419	22.046414342052458	21.830224231358322	1.5250978241059832e7	5889.676310398756	1.4023780140071976e9	31243.709357849253
22.046414342052458	22.48744216786849	22.266928254960476	1.529759374379209e7	5566.887578109224	1.4176756077509897e9	29762.408919520065
22.48744216786849	22.937290550200846	22.712366359034668	1.533718006668691e7	5259.331217725751	1.4330127878176765e9	28348.82800018561
22.937290550200842	23.396135900179843	23.166713225190342	1.5375272357680924e7	4968.251545144522	1.4483880601753576e9	27000.009728251876
23.396135900179846	23.86415815715843	23.630147028669136	1.5419077458199637e7	4694.993278032288	1.4638071376335573e9	25713.245443778265
23.86415815715842	24.341540859276574	24.102849508217496	1.5464525449468054e7	4437.200773733108	1.4792716630830255e9	24485.8469025342
24.341540859276574	24.828471215437087	24.58500603735683	1.5505540460956391e7	4192.329017833926	1.4947772035439818e9	23315.134171519945
24.82847121543709	25.325140178720815	25.076805697078953	1.553694446280424e7	3958.4950022258035	1.510314148006786e9	22198.473338040763
25.32514017872082	25.83174252127022	25.57844134999552	1.5575754492107136e7	3739.4668314189416	1.5258899024988933e9	21133.599857096255
25.831742521270215	26.348476910670602	26.090109715970407	1.5615841267349467e7	3532.8251959133163	1.5415057437662427e9	20118.240294480573
26.348476910670605	26.875545987859	26.612011449264802	1.5655123920318846e7	3337.40958523071	1.5571608676865616e9	19150.18545614731
26.875545987858995	27.413156446591156	27.144351217225076	1.5687174479749478e7	3151.3310306931157	1.572848042166311e9	18227.244656869458
27.41315644659116	27.961519114497964	27.68733778054456	1.571717239835263e7	2975.226803891858	1.5885652145646636e9	17347.39038408203
27.961519114497964	28.520849035762904	28.241184075130434	1.5753893553236438e7	2810.1531631591633	1.6043191081179001e9	16508.773051745866
28.52084903576291	29.09136555545315	28.80610729560803	1.5790289377526898e7	2654.169516545091	1.6201093974954271e9	15709.537852452993
29.091365555453145	29.67329240553719	29.382328980495167	1.5820771675583532e7	2505.894442694754	1.6359301691710107e9	14947.857314677607
29.67329240553719	30.266857792622915	29.970075099080052	1.5846916901973892e7	2365.2469475511157	1.6517770860729847e9	14222.004742247287
30.266857792622922	30.87229448745036	30.56957614003664	1.588044311179526e7	2233.5258491014138	1.66765752918478e9	13530.42799566402
30.872294487450354	31.48983991617434	31.181067201812347	1.5913562496162385e7	2109.077277208102	1.6835710916809423e9	12871.569088968334
31.489839916174343	32.11973625347281	31.804788084823578	1.5941033724839617e7	1990.8490197285232	1.699512125405782e9	12243.899233812765
32.11973625347281	32.762230517517246	32.44098338549503	1.59641270670131e7	1878.7277086276536	1.715476252472795e9	11645.971312475835
32.762230517517246	33.41757466684257	33.08990259217991	1.5994698392209802e7	1773.7466647088565	1.7314709508650048e9	11076.48131293562
33.41757466684257	34.0860256991544	33.75180018299848	1.6024474536954483e7	1674.5428193548855	1.7474954254019592e9	10534.121833461686
34.086025699154405	34.76784575211247	34.42693572563344	1.6048579454793753e7	1580.3236156989342	1.7635440048567529e9	10017.615188007545
34.767845752112464	35.46330220612969	35.11557397912108	1.6071168421687119e7	1491.2618524425284	1.77961517327844e9	9525.767378261937
35.4633022061297	36.17266778922727	35.81798499767848	1.6100222470350724e7	1407.781987321564	1.7957153957487907e9	9057.4777817019
36.17266778922727	36.89622068398679	36.53444423660703	1.612590626926886e7	1328.6933960247363	1.8118413020180597e9	8611.640597216125
36.8962206839868	37.63424463664151	37.265232660314155	1.6142585500831021e7	1253.345786503221	1.8279838875188909e9	8187.176312574316
37.634244636641505	38.387029068349314	38.01063685249541	1.6168045464686628e7	1182.912284461121	1.8441519329835775e9	7783.13537108839
38.387029068349314	39.15486918869128	38.7709491285203	1.619358165220157e7	1116.4394919378733	1.8603455146357791e9	7398.568005226009
39.15486918869128	39.93806611144008	39.54646765006568	1.6213958336282587e7	1053.364374737968	1.8765594729720616e9	7032.54676642556
39.93806611144008	40.73692697264386	40.33749654204197	1.623112332203534e7	993.6547029855006	1.892790596294097e9	6684.195856283147
40.736926972643865	41.55176505107172	41.14434601185779	1.6256503994225517e7	937.8026453103064	1.9090471002883224e9	6352.71839594789
41.55176505107172	42.38289989106813	41.96733247106992	1.6281465696653603e7	885.0651114529952	1.925328565984976e9	6037.320617608076
42.38289989106812	43.23065742786446	42.80677865946629	1.562136371013546e7	800.1992356017746	1.9409499296951115e9	5735.221593644004
43.23065742786446	44.09537011539672	43.66301377163059	1.6764706686150357e8	8092.312623288891	2.108596996556615e9	5871.188143171979
