-0.0	9.953897499377266e-5	4.976948749688633e-5	0.007649100156500712	1.851578995505759e9	0.007649100156500712	1.851578995505759e9
9.953897499377266e-5	0.0002010687294874207	0.00015030385224059668	0.03919477560148431	1.3100174876560326e9	0.04684387575798502	1.3757217706580057e9
0.00020106872948742058	0.0003046290790709416	0.00025284890427918107	0.08967681065321599	1.0629811575778654e9	0.13652068641120102	1.1529109956995676e9
0.0003046290790709413	0.00041026063564613265	0.000357444857358537	0.15433242132100977	9.034130195682737e8	0.2908531077322108	1.0055543602593995e9
0.0004102606356461331	0.0005180048233528283	0.0004641327294994807	0.23056434569379342	7.869698387156559e8	0.5214174534260042	8.955617657656597e8
0.0005180048233528287	0.0006279038948136577	0.0005729543590832433	0.3167849616416376	6.966122710953525e8	0.8382024150676418	8.083152411118418e8
0.0006279038948136573	0.0007400009477037028	0.0006839524212586801	0.4120109447399766	6.238523760379071e8	1.2502133598076184	7.365440040116979e8
0.000740000947703703	0.0008543399416515495	0.0007971704446776262	0.5156555736671586	5.637794003621217e8	1.765868933474777	6.760482993790486e8
0.0008543399416515493	0.0009709657154783526	0.0009126528285649509	0.6274180670686543	5.132758376731206e8	2.3932870005434315	6.241579211555233e8
0.0009709657154783523	0.0010899240047816917	0.001030444860130022	0.7471983937671213	4.702185738278302e8	3.1404853943105526	5.790545993655429e8
0.0010899240047816917	0.0012112614598710977	0.0011505927323263946	0.8751003367509294	4.331193169947343e8	4.015585731061482	5.394442845683998e8
0.0012112614598710973	0.0013350256640622914	0.0012731435619666943	1.011267429208118	4.0083392418243974e8	5.0268531602696	5.04357805482166e8
0.0013350256640622922	0.00146126515233731	0.0013981454081998012	1.1559751937680505	3.725150286597058e8	6.1828283540376505	4.730548484151628e8
0.0014612651523373099	0.0015900294303778282	0.001525647291357569	1.3095792197036202	3.47504557078458e8	7.4924075737412705	4.449562344500979e8
0.0015900294303778277	0.0017213689939791564	0.001655699212178492	1.4724819628048667	3.252774751453586e8	8.964889536546137	4.1959896215352666e8
0.0017213689939791568	0.0018553353488525118	0.0017883521714158342	1.6451798970034688	3.0542083077990603e8	10.610069433549606	3.9660881216985685e8
0.0018553353488525112	0.0019919810308233333	0.0019236581898379223	1.8281840581566842	2.8759130513471645e8	12.438253491706291	3.756775119038885e8
0.0019919810308233333	0.002131359626433572	0.0020616703286284524	2.0219494236747146	2.7149417866686124e8	14.460202915381004	3.5654600404729646e8
0.0021313596264335728	0.002273525793956016	0.0022024427101947942	2.227110085150147	2.569067736865307e8	16.68731300053115	3.3899878785080063e8
0.0022735257939560153	0.0024185352848289073	0.002346030539392461	2.444288334263862	2.436355018048374e8	19.131601334795015	3.2285344851505643e8
0.002418535284828908	0.002566444965519258	0.002492490125174083	2.674018870668255	2.315067633573945e8	21.80562020546327	3.079526651756332e8
0.002566444965519257	0.002717312839823414	0.0026418789026713355	2.917097006720574	2.2039432867588562e8	24.722717212183845	2.9416342212127596e8
0.002717312839823413	0.0028711980716136527	0.002794255455718533	3.1741090455987875	2.1017113482819498e8	27.89682625778263	2.813693112033604e8
0.002871198071613654	0.0030281610080396984	0.002949679539826676	3.445844270031796	2.0074120463334644e8	31.342670527814427	2.6947004766447735e8
0.003028161008039698	0.0031882632031942633	0.0031082121056169804	3.7331010821311077	1.9201948088130084e8	35.075771609945534	2.5837835190050095e8
0.003188263203194263	0.0033515674422519193	0.0032699153227230913	4.03653396693865	1.839238373969087e8	39.11230557688418	2.4801669685792986e8
0.0033515674422519197	0.0035181377660907292	0.0034348526041713245	4.357041013017003	1.7639360702237898e8	43.469346589901185	2.3831752343840632e8
0.0035181377660907292	0.003688039496406315	0.003603088631248522	4.695565771983526	1.693752332904499e8	48.16491236188471	2.2922156582017958e8
0.0036880394964063155	0.003861339261328213	0.0037746893788672643	5.052935849669979	1.6281605621591115e8	53.21784821155469	2.2067585533229524e8
0.003861339261328213	0.004038105021548549	0.003949722141438381	5.430080270024066	1.5667246234960192e8	58.64792848157875	2.1263327995977023e8
0.004038105021548548	0.00421840609697329	0.004128255559260919	5.828031562549858	1.509077472647799e8	64.47596004412861	2.050520191355498e8
0.00421840609697329	0.004402313193906526	0.004310359645439908	6.247917231997137	1.4549029371199015e8	70.72387727612575	1.9789491891072384e8
0.004402313193906526	0.004589898432778427	0.004496105813342477	6.690825833893653	1.403896721324394e8	77.4147031100194	1.9112857291852802e8
0.004589898432778428	0.004781235376427767	0.004685566904603098	7.157822686271027	1.3557749541353443e8	84.57252579629045	1.8472272189373106e8
0.0047812353764277666	0.0049763990589500925	0.00487881721768893	7.650129875446778	1.3103066218081269e8	92.22265567173723	1.7865016307947493e8
0.004976399058950093	0.005175466015122866	0.0050759325370364795	8.169030101760503	1.2672844730578946e8	100.39168577349773	1.7288636941491356e8
0.005175466015122865	0.005378514310419092	0.005276990162770979	8.715879017629568	1.226523383753274e8	109.10756479112729	1.6740917955184725e8
0.005378514310419092	0.005585623571621245	0.005482068941020169	9.292073892473026	1.187852821571443e8	118.39963868360032	1.6219847816529217e8
0.005585623571621245	0.00579687501804744	0.0056912492948343425	9.89907565772448	1.1511184323341204e8	128.2987143413248	1.572359627407885e8
0.005796875018047441	0.00601235149340216	0.0059046132557248	10.538429383733227	1.1161821013798378e8	138.837143725058	1.5250496190307534e8
0.00601235149340216	0.006232137498263974	0.006122244495833067	11.211761762731374	1.0829190242496663e8	150.0489054877894	1.4799026335463378e8
0.006232137498263972	0.006456319223223022	0.006344228360743497	11.920761019728987	1.051213934185629e8	161.96966650751838	1.4367794005762014e8
0.006456319223223021	0.006684984582681251	0.006570651902952136	12.667156911129911	1.0209586635322079e8	174.6368234186483	1.3955518725035965e8
0.006684984582681254	0.006918223249328648	0.0068016039160049505	13.452800294788627	9.920579685555425e7	188.08962371343694	1.3561024821275866e8
0.006918223249328647	0.00715612668930899	0.007037174969318818	14.279658172228658	9.644265693042926e7	202.3692818856656	1.318323275073138e8
0.00715612668930899	0.007398788198088939	0.007277457443698964	15.149790830156416	9.379858634824812e7	217.519072715822	1.2821149033343658e8
0.007398788198088939	0.007646302937044488	0.0075225455675667135	16.065364796487433	9.12663807781774e7	233.58443751230945	1.2473857967114991e8
0.007646302937044487	0.007898767970779146	0.007772535453911817	17.028528096412977	8.883874269447704e7	250.61296560872242	1.2140507932527356e8
0.007898767970779147	0.0081562823051885	0.008027525137983823	18.041653838691698	8.650963573077476e7	268.6546194474141	1.1820312428739016e8
0.0081562823051885	0.00841894692628604	0.008287614615737269	19.107263967723696	8.42736126069901e7	287.76188341513785	1.1512545056271955e8
0.00841894692628604	0.00868686483980553	0.008552905883045785	20.227917995797696	8.212524363986364e7	307.98980141093557	1.1216530291086063e8
0.008686864839805528	0.008960141111595408	0.008823502975700469	21.406273748248296	8.005943108704112e7	329.39607515918385	1.0931638532818687e8
0.008960141111595408	0.009238882908821085	0.009099512010208246	22.64524972014267	7.807194342558059e7	352.0413248793265	1.0657286680215673e8
0.009238882908821085	0.009523199541991274	0.00938104122540618	23.94793179118473	7.615888018842071e7	375.9892566705112	1.0392934101624674e8
0.009523199541991274	0.009813202507824869	0.009668201024908072	25.31721480112091	7.431555371787299e7	401.3064714716321	1.0138069647775568e8
0.00981320250782487	0.010109005532975137	0.009961104020400003	26.75648826696692	7.253870082550053e7	428.06295973859903	9.892219352328308e7
0.010109005532975134	0.010410724618628405	0.01025986507580177	28.269238459804907	7.082504607326993e7	456.33219819840394	9.654941070749821e7
0.010410724618628405	0.010718478085994741	0.010564601352311572	29.859063943883054	6.917137866877864e7	486.191262142287	9.425820542438096e7
0.010718478085994743	0.011032386622708406	0.010875432354351573	31.52992907430794	6.757511439275141e7	517.7211912165949	9.204472689445126e7
0.011032386622708406	0.011352573330156341	0.011192479976432374	33.28541244809595	6.603261726202239e7	551.0066036646908	8.99052901501252e7
0.011352573330156343	0.011679163771753237	0.01151586855095479	35.129683712033334	6.454140279532258e7	586.1362873767241	8.783644588213938e7
0.011679163771753237	0.01201228602218207	0.011845724896967653	37.06724614820931	6.309935372648516e7	623.2035335249334	8.583497878534456e7
0.012012286022182067	0.012352070717619476	0.012182178369900772	39.102807469021705	6.170440934507669e7	662.3063409939551	8.389788167500211e7
0.01235207071761948	0.012698651106965636	0.012525360912292557	41.24067852120212	6.035367870479628e7	703.5470195151572	8.202226249303867e7
0.012698651106965634	0.013052163104098714	0.012875407105532175	43.485655882979465	5.904495312277991e7	747.0326753981367	8.020538214131506e7
0.013052163104098714	0.013412745341174455	0.013232454222636584	45.84384284181052	5.7777553540301986e7	792.8765182399474	7.844475477311096e7
0.013412745341174457	0.013780539222991713	0.013596642282083085	48.3212812728611	5.655021394257097e7	841.1977995128085	7.673807207087001e7
0.013780539222991713	0.014155688982445314	0.013968114102718514	50.92274069838337	5.535993610849369e7	892.1205402111918	7.508304775592466e7
0.014155688982445312	0.014538341737087986	0.014347015359766648	53.65381421275752	5.4204709648854494e7	945.7743544239494	7.347748873025678e7
0.014538341737087988	0.014928647546823513	0.01473349464195575	56.52136020967009	5.308365140498418e7	1002.2957146336195	7.191936922884527e7
0.014928647546823513	0.01532675947275375	0.01512770350978863	59.532399164301765	5.199567983628784e7	1061.8281137979213	7.04067965503522e7
0.01532675947275375	0.01573283363720259	0.01552979655497817	62.68970582562328	5.093598767367377e7	1124.5178196235447	6.893771456376605e7
0.01573283363720259	0.01614702928494041	0.015939931461071498	65.99445411345262	4.989932954612861e7	1190.5122737369973	6.750988513875945e7
0.016147029284940405	0.016569508845632977	0.01635826906528669	69.44816756727272	4.888170999265486e7	1259.96044130427	6.612099722510576e7
0.016569508845632984	0.01700043799753941	0.016784973421586198	73.05978272280093	4.7884776842885114e7	1333.020224027071	6.476909027978339e7
0.017000437997539405	0.01743998573248396	0.017220211865011683	76.84937044347117	4.691630962916292e7	1409.869594470542	6.345297068798593e7
0.01743998573248396	0.017888324422127407	0.017664155077305684	80.83766273623546	4.598208017244371e7	1490.7072572067775	6.2171990010376215e7
0.017888324422127403	0.018345629885563715	0.01811697715384556	85.02976926168812	4.507754075287406e7	1575.7370264684657	6.09252399231142e7
0.01834562988556372	0.018812081458268758	0.018578855671916236	89.42771526130227	4.419722227703705e7	1665.164741729768	5.971150883316377e7
0.018812081458268758	0.0192878620624279	0.01904997176034833	94.0417048505108	4.3340373469858035e7	1759.2064465802787	5.852964957960177e7
0.019287862062427896	0.019773158278670218	0.019530510170549055	98.88689109424645	4.2508172398422234e7	1858.0933376745252	5.7378711105806574e7
0.019773158278670218	0.020268160419237388	0.020020659348953803	103.97334585321451	4.169905405606025e7	1962.0666835277393	5.625772361119456e7
0.020268160419237388	0.0207730626026159	0.020520611510926642	109.30777960602256	4.091018594425988e7	2071.3744631337618	5.516560922531094e7
0.0207730626026159	0.02128806282966198	0.021030562716138942	114.90650162371736	4.014244575663352e7	2186.280964757479	5.4101453644468896e7
0.02128806282966198	0.021813363061248984	0.021550712945455484	120.78323258424433	3.939529943447527e7	2307.0641973417232	5.3064391298945054e7
0.021813363061248984	0.022349169297467726	0.022081266179358357	126.94456239821388	3.8665819563351884e7	2434.008759739937	5.2053432324370965e7
0.02234916929746773	0.022895691658410846	0.022622430477939288	133.40848192728726	3.795473786123583e7	2567.417241667224	5.10677285204986e7
0.022895691658410842	0.02345314446657282	0.023174418062491833	140.19426512384226	3.7262643505933866e7	2707.6115067910664	5.010655050951141e7
0.02345314446657282	0.024021746330898038	0.02373744539873543	147.30708197284108	3.658615418239349e7	2854.9185887639073	4.916900156362609e7
0.024021746330898045	0.02460172023250977	0.024311733281703905	154.77090501620123	3.592680246752023e7	3009.6894937801085	4.825437073951553e7
0.02460172023250977	0.025193293612153726	0.024897506922331746	162.6072551931721	3.5284931376539595e7	3172.2967489732805	4.736203478707202e7
0.025193293612153722	0.02579669845939056	0.02549499603577214	170.81631196866212	3.465616579227597e7	3343.1130609419424	4.6491126925870895e7
0.02579669845939056	0.026412171403572132	0.026104434931481346	179.42573055359804	3.404216571462329e7	3522.5387914955404	4.564096877067934e7
0.026412171403572136	0.02703995380663734	0.02672606260510474	188.46785675839988	3.344478115978515e7	3711.0066482539405	4.4811067204287216e7
0.02703995380663734	0.027680291857763845	0.027360122832200594	197.94620086711123	3.2860342676444903e7	3908.9528491210517	4.400072452250125e7
0.027680291857763845	0.028333436669912882	0.028006864263838364	207.8895895165738	3.2289754290691826e7	4116.8424386376255	4.320936377595658e7
0.028333436669912882	0.0289996443783049	0.028666540524108892	218.32526975184243	3.1733236676031385e7	4335.167708389468	4.243647258367687e7
0.028999644378304903	0.02967917624086476	0.029339410309584833	229.25898117049036	3.1187782266877767e7	4564.426689559959	4.168138089929255e7
0.02967917624086476	0.030372298740675815	0.03002573749077029	240.7407481785576	3.0656536869674437e7	4805.167437738517	4.094368500060784e7
0.030372298740675818	0.031079283690483094	0.030725791215579456	252.80406387862314	3.0139684890506435e7	5057.97150161714	4.02230284940254e7
0.031079283690483087	0.03180040833928651	0.031439846014884795	265.4526843076565	2.9633780307744518e7	5323.424185924797	3.9518856915256925e7
0.03180040833928651	0.032535955481066	0.03216818191017626	278.73566611896615	2.9140715648974642e7	5602.159852043763	3.8830786946394674e7
0.032535955481066005	0.03328621356568108	0.032911084523373546	292.6750065863456	2.8659056821136985e7	5894.834858630108	3.815837289996323e7
0.03328621356568108	0.03405147681198846	0.03366884518883477	307.27392364790717	2.8185766409594994e7	6202.1087822780155	3.750100563310329e7
0.03405147681198846	0.03483204532322199	0.03444176106760523	322.60702054383535	2.7724494409422077e7	6524.715802821851	3.685836446592527e7
0.03483204532322199	0.03562822520468019	0.03523013526395109	338.69026826945753	2.7273102824668795e7	6863.406071091308	3.6230015413581565e7
0.03562822520468018	0.036440328683767544	0.03603427694422386	355.55635926454494	2.683102165576636e7	7218.962430355853	3.561552213627747e7
0.036440328683767544	0.037268674232436655	0.036854501458102096	373.25790013828856	2.6399046298697483e7	7592.220330494141	3.501453494084359e7
0.037268674232436655	0.03811358669207914	0.0376911304622579	391.79373390813765	2.5974033392975792e7	7984.014064402279	3.442652787268852e7
0.03811358669207915	0.03897539740091449	0.03854449204649682	411.2292983263203	2.555756962519434e7	8395.2433627286	3.3851118620097116e7
0.038975397400914484	0.03985444432392653	0.0394149208624205	431.65466149950424	2.515215463078258e7	8826.898024228103	3.3288116682142425e7
0.03985444432392653	0.040751072185398814	0.040302758254662674	453.056451618732	2.4753851089058913e7	9279.954475846835	3.2737093372617185e7
0.040751072185398814	0.04166563260410055	0.04120835239474968	475.50021995094505	2.4363525306538615e7	9755.45469579778	3.2197708703465387e7
0.04166563260410054	0.042598484231176306	0.042132058417638424	499.0159580093051	2.397998459330548e7	10254.470653807086	3.1669572372687474e7
0.04259848423117632	0.0435499928907936	0.04307423856098496	523.6637468039936	2.3603533456731778e7	10778.13440061108	3.115234330319883e7
0.043549992890793594	0.04452053172360322	0.04403526230719841	549.579711742244	2.3237486779478323e7	11327.714112353324	3.0645918525986247e7
0.044520531723603214	0.04551048133306903	0.04501550652833612	576.7308383877432	2.287749328450852e7	11904.444950741066	3.0149926342007e7
0.045510481333069036	0.04652022993472417	0.0460153556338966	605.1817038436437	2.2523696819418073e7	12509.62665458471	2.9664032022884477e7
0.04652022993472417	0.047550173508412404	0.04703520172156829	635.0139429960085	2.2176683076966226e7	13144.64059758072	2.9187963116086077e7
0.04755017350841241	0.04860071595357441	0.048075444730993414	666.280522108892	2.1835832150816925e7	13810.92111968961	2.8721428369911913e7
0.04860071595357442	0.04967226924763966	0.04913649260060704	699.1227404673161	2.1503258298536792e7	14510.043860156926	2.8264292126167037e7
0.04967226924763965	0.05076525360758619	0.05021876142761292	733.5489835546064	2.117659693207456e7	15243.592843711533	2.7816280079517715e7
0.0507652536075862	0.05188009765473167	0.051322675631158936	769.6199636204094	2.0855311716359347e7	16013.212807331942	2.7377104346242204e7
0.051880097654731665	0.05301723858282005	0.052448668118775854	807.465316193242	2.0540631027192358e7	16820.678123525184	2.694657545735146e7
0.05301723858282006	0.05417712232947021	0.05359718045614513	847.1314458193046	2.0231386186495326e7	17667.80956934449	2.6524444685661644e7
0.0541771223294702	0.055360203751053355	0.054768663040261775	888.7578315624144	1.9928645229673255e7	18556.567400906904	2.6110548467277784e7
0.055360203751053355	0.05656694680106817	0.05596357527606076	932.4118734678666	1.9631586313743252e7	19488.97927437477	2.57046840103842e7
0.05656694680106818	0.057797824712083286	0.057182385756575735	978.1474656418028	1.9339185594920613e7	20467.126740016574	2.530659931869414e7
0.05779782471208328	0.059053320181318696	0.05842557244670099	1026.1433009102138	1.9052867019156415e7	21493.27004092679	2.4916149347776487e7
0.0590533201813187	0.06033392555993882	0.059693622870628765	1076.4328252838231	1.8771078087811895e7	22569.70286621061	2.453310303928604e7
0.06033392555993882	0.06164014304613134	0.06098703430303508	1129.177490251091	1.849461194546425e7	23698.8803564617	2.415729514754562e7
0.06164014304613134	0.06297248488204772	0.06230631396408953	1184.5173378443797	1.822364412313121e7	24883.39769430608	2.378858329808459e7
0.06297248488204771	0.06433147355468241	0.06365197921836506	1242.4999624142974	1.79568585595506e7	26125.89765672038	2.3426753831491157e7
0.06433147355468241	0.06571764200076981	0.06502455777772612	1303.367216583457	1.7695777922134846e7	27429.264873303837	2.307170246327409e7
0.06571764200076981	0.06713153381577895	0.06642458790827438	1367.141695846214	1.743866961214914e7	28796.40656915005	2.272322544366275e7
0.06713153381577895	0.06857370346708827	0.0678526186414336	1434.0136267850858	1.7186106029006325e7	30230.420195935138	2.2381168621563356e7
0.06857370346708827	0.07004471651142379	0.06930920998925602	1504.1922128755398	1.693864821696247e7	31734.612408810677	2.2045423355270624e7
0.07004471651142379	0.071545149816646	0.0707949331640349	1577.7192646017133	1.6694851495258067e7	33312.33167341239	2.1715799854291406e7
0.071545149816646	0.07307559178797267	0.07231037080230934	1654.8765644580003	1.6455894162948165e7	34967.208237870385	2.139219394384949e7
0.07307559178797267	0.07463664259872586	0.07385611719334927	1735.7443652611341	1.6220705859527746e7	36702.95260313152	2.107444314684458e7
0.07463664259872586	0.07622891442569413	0.07543277851221	1820.5058659414472	1.5989271334069125e7	38523.45846907297	2.07623952737504e7
0.07622891442569411	0.07785303168920174	0.07704097305744792	1909.4777823861134	1.576259656544059e7	40432.93625145908	2.0455970289439313e7
0.07785303168920174	0.07950963129797951	0.07868133149359063	2002.7056851125853	1.5539257654212108e7	42435.64193657167	2.0155006767109197e7
0.07950963129797951	0.08119936289893284	0.08035449709845618	2100.5416537926308	1.5320302116958667e7	44536.1835903643	1.9859418329301342e7
0.08119936289893284	0.08292288913190524	0.08206112601541904	2203.137689796721	1.5105077915264416e7	46739.32128016102	1.9569084889007907e7
0.08292288913190525	0.0846808858895371	0.08380188751072118	2310.631372444974	1.4892897624625267e7	49049.95265260599	1.9283852677787136e7
0.08468088588953708	0.08647404258232155	0.08557746423592932	2423.5075768705506	1.4685257272922205e7	51473.46022947654	1.900366945449137e7
0.08647404258232155	0.08830306240896171	0.08738855249564163	2541.7510931994343	1.4480374594031226e7	54015.211322675976	1.872837832631004e7
0.08830306240896173	0.0901686626321347	0.08923586252054821	2665.771843122159	1.427906787115905e7	56680.983165798134	1.845788264574745e7
0.09016866263213469	0.09207157485977112	0.09112011874595291	2795.928082231495	1.4081633529450517e7	59476.91124802963	1.8192110373130437e7
0.09207157485977113	0.09401254533196028	0.09304206009586571	2932.272632687819	1.3886767652892789e7	62409.18388071745	1.793091537026832e7
0.09401254533196027	0.09599233521359321	0.09500244027277674	3075.4371747865653	1.369596560622228e7	65484.621055504016	1.767425182675656e7
0.09599233521359321	0.09801172089285881	0.09700202805322601	3225.5158267382585	1.3508052128868816e7	68710.13688224228	1.7422006064276006e7
0.0980117208928588	0.1000714942857097	0.09904160758928425	3382.8517819357435	1.3323018991390372e7	72092.98866417802	1.7174071481548637e7
0.10007149428570972	0.10217246314641765	0.10112197871606368	3548.0800644482097	1.3141870739344038e7	75641.06872862623	1.6930409278813757e7
0.10217246314641763	0.10431545138433972	0.10324395726537867	3721.156700676673	1.2962937603744747e7	79362.2254293029	1.6690882635196771e7
0.10431545138433973	0.10650129938702026	0.10540837538567999	3902.7702109563697	1.2787255888535455e7	83264.99564025927	1.6455426190706523e7
0.10650129938702026	0.10873086434975439	0.10761608186838732	4093.319917859433	1.2614667501946326e7	87358.3155581187	1.6223969482665373e7
0.10873086434975437	0.1110050206117432	0.10986794248074878	4292.963289986742	1.2444272694545474e7	91651.27884810544	1.599639260098834e7
0.1110050206117432	0.11332465999897179	0.11216484030535749	4502.702472151631	1.2277613265301865e7	96153.98132025708	1.5772676198524145e7
0.11332465999897177	0.11569069217394494	0.11450767608645836	4722.57952737525	1.2113345845887594e7	100876.56084763233	1.5552721667117503e7
0.11569069217394495	0.11810404499241757	0.11689736858318125	4953.1582248090635	1.1951615812054787e7	105829.7190724414	1.5336445562386878e7
0.11810404499241758	0.12056566486725966	0.11933485492983861	5195.320331710862	1.1793194419495035e7	111025.03940415225	1.5123816187525602e7
0.12056566486725963	0.12307651713959854	0.12182109100342908	5448.987644360388	1.1636555740791604e7	116474.02704851264	1.491471256829463e7
0.12307651713959855	0.12563758645738424	0.1243570517984914	5715.324266924157	1.1482950534910154e7	122189.3513154368	1.4709096437242853e7
0.12563758645738424	0.12824987716152564	0.12694373180945495	5994.84865292843	1.133206367595352e7	128184.19996836522	1.450691326413029e7
0.12824987716152564	0.13091441367974987	0.12958214542063776	6287.850962477485	1.118317354326849e7	134472.0509308427	1.4308068949674064e7
0.13091441367974987	0.13363224092833859	0.13227332730404423	6595.702656619858	1.1037469609067827e7	141067.75358746256	1.4112546545097508e7
0.13363224092833859	0.13640442472189906	0.13501833282511883	6918.6116241171985	1.0893973868551861e7	147986.36521157977	1.3920271926351134e7
0.13640442472189906	0.13923205219133075	0.1378182384566149	7257.193317794765	1.0752464373981105e7	155243.55852937454	1.3731162495715534e7
0.1392320521913308	0.14211623221015113	0.14067414220074098	7613.116827830385	1.0614181322860207e7	162856.67535720492	1.3545214925901983e7
0.1421162322101511	0.14505809582934784	0.14358716401974947	7986.172261725377	1.0477552522596432e7	170842.8476189303	1.336233254589011e7
0.14505809582934784	0.1480587967209285	0.14655844627513817	8377.791557433431	1.0343323400395822e7	179220.63917636374	1.3182469220041616e7
0.1480587967209285	0.1511195116303408	0.14958915417563465	8789.498945591306	1.0212122392465971e7	188010.13812195504	1.3005619231675059e7
0.1511195116303408	0.1542414408379413	0.15268047623414105	9221.254502555665	1.0082656009527197e7	197231.3926245107	1.283170041213659e7
0.1542414408379413	0.15742580862969385	0.15583362473381757	9675.09967242133	9.956000369561449e6	206906.49229693203	1.2660699778370824e7
0.15742580862969385	0.16067386377728143	0.15904983620348764	10152.018804376981	9.831903555330718e6	217058.511101309	1.2492590321264481e7
0.16067386377728143	0.16398688002782077	0.16233037190255112	10652.211183051288	9.709384412317442e6	227710.7222843603	1.2327288556216393e7
0.16398688002782077	0.1673661566033709	0.16567651831559582	11178.328943306802	9.589728426797496e6	238889.0512276671	1.2164792544805706e7
0.1673661566033709	0.17081301871043203	0.16908958765690146	11730.988462562342	9.472226299863465e6	250620.03969022946	1.2005058522979781e7
0.170813018710432	0.17432881805963435	0.1725709183850332	12310.995529656233	9.356404436159236e6	262931.0352198857	1.1848017446200818e7
0.17432881805963435	0.17791493339582073	0.17612187572772753	12921.16190229568	9.24327432639378e6	275852.19712218136	1.1693664540711978e7
0.17791493339582073	0.18157277103873085	0.1797438522172758	13561.714467108943	9.131817624037089e6	289413.9115892903	1.1541935131101834e7
0.18157277103873087	0.1853037654344992	0.18343826823661502	14233.991918746398	9.021887332405498e6	303647.9035080367	1.1392759888969542e7
0.18530376543449914	0.1891093797181828	0.187206572576341	14941.4170590706	8.914562126211612e6	318589.3205671073	1.1246137627643676e7
0.18910937971818284	0.19299110628754018	0.1910502430028615	15683.421191981213	8.808376567276802e6	334272.74175908853	1.1101980681879448e7
0.19299110628754018	0.19695046738828467	0.1949707868379124	16462.504393458777	8.703760145312134e6	350735.2461525473	1.0960232188858371e7
0.19695046738828464	0.20098901571104402	0.19896974154966435	17282.14422704182	8.601486181497611e6	368017.3903795891	1.0820884513559708e7
0.20098901571104408	0.20510833500025866	0.20304867535565135	18141.48719403642	8.500067033022461e6	386158.87757362553	1.0683842735111266e7
0.20510833500025863	0.2093100406752575	0.20720918783775805	19043.713201359602	8.400076537980549e6	405202.59077498515	1.0549051629959749e7
0.2093100406752575	0.21359578046375632	0.2114529105695069	19992.538993578026	8.30214065554382e6	425195.1297685632	1.0416496324827593e7
0.21359578046375632	0.21796723504802512	0.21578150775589072	20987.020331240587	8.204868944767029e6	446182.1500998038	1.0286080936787842e7
0.21796723504802512	0.2224261187239793	0.2201966768860022	22030.57370004676	8.1087411973310085e6	468212.72379985056	1.0157743723037297e7
0.22242611872397927	0.22697418007345255	0.2247001493987159	23128.10661370388	8.014609250887512e6	491340.83041355433	1.0031476923630534e7
0.22697418007345255	0.23161320264991528	0.22929369136168393	24278.146232858955	7.921002440946369e6	515618.97664641327	9.907186709418714e6
0.23161320264991528	0.23634500567790726	0.23397910416391127	25484.191996041787	7.8282628157486515e6	541103.168642455	9.784805098991172e6
0.23634500567790728	0.2411714447664591	0.2387582252221832	26752.265564810587	7.737352813787157e6	567855.4342072656	9.66432489579084e6
0.24117144476645908	0.24609441263678192	0.2436329287016205	28080.98477626415	7.646958269865694e6	595936.4189835298	9.545662100174641e6
0.24609441263678195	0.25111583986451125	0.2486051262506466	29474.2827314655	7.55738041832986e6	625410.7017149953	9.428755524609895e6
0.25111583986451125	0.25623769563679516	0.2536767677506532	30937.019412552756	7.46904570040292e6	656347.721127548	9.313572771868102e6
0.2562376956367951	0.2614619885245247	0.25884984208065986	32471.837860189138	7.381743298100265e6	688819.5589877372	9.200071055150462e6
0.2614619885245247	0.26679076727000883	0.2641263778972668	34078.39192287865	7.29462983537997e6	722897.9509106159	9.088160669282263e6
0.26679076727000883	0.27222612159040266	0.2695084444302057	35765.37550005822	7.208843381217378e6	758663.326410674	8.977824141960833e6
0.2722261215904027	0.2777701829972044	0.27499815229380353	37534.85174780572	7.12397764444925e6	796198.1781584797	8.869021248845471e6
0.2777701829972044	0.28342512563214217	0.2805976543146733	39387.551329047245	7.039440511884718e6	835585.7294875269	8.761679475626875e6
0.28342512563214217	0.28919316711977866	0.2863091463759604	41330.69448343633	6.955835943718042e6	876916.4239709632	8.655766102764117e6
0.28919316711977866	0.29507656943716787	0.29213486827847324	43371.474406498935	6.873600772570166e6	920287.8983774622	8.551276016828736e6
0.2950765694371678	0.3010776398009048	0.2980771046190363	45505.08329758489	6.79124539808047e6	965792.9816750471	8.448117142323712e6
0.30107763980090485	0.3071987315719166	0.3041381856864107	47742.380259782556	6.709787277270666e6	1.0135353619348296e6	8.346262543272513e6
0.30719873157191663	0.3134422451783486	0.3103204883751326	50088.30742154749	6.6292115718454635e6	1.063623669356377e6	8.24568605533196e6
0.31344224517834857	0.31981062905690916	0.31662643711762883	52545.65430196095	6.549207000158399e6	1.116169323658338e6	8.14634487886327e6
0.3198106290569092	0.326306380613041	0.3230585048349751	55118.299119523625	6.469631552169558e6	1.1712876227778618e6	8.048190479960199e6
0.326306380613041	0.33293204720029546	0.32961921390666826	57816.73326666299	6.391082835147577e6	1.2291043560445248e6	7.951212214746718e6
0.3329320472002955	0.33969022711929503	0.33631113715979527	60647.36270064907	6.3135728104812745e6	1.289751718745174e6	7.855400802913475e6
0.33969022711929503	0.34658357063667455	0.3431368988779848	63609.52759150205	6.23638524374394e6	1.353361246336676e6	7.760705653619406e6
0.3465835706366745	0.35361478102440164	0.35009917583053807	66711.87033807882	6.1597967950491635e6	1.4200731166747548e6	7.667095383315958e6
0.35361478102440164	0.3607866156198833	0.35720069832214246	69960.83783496254	6.08381060060781e6	1.4900339545097174e6	7.574540680315664e6
0.3607866156198833	0.3681018869072746	0.36444425126357893	73369.32951889158	6.0089343655382e6	1.563403284028609e6	7.483043667805252e6
0.36810188690727463	0.37556346362041376	0.3718326752638442	76936.73469008069	5.934492726067655e6	1.6403400187186897e6	7.392566910149402e6
0.3755634636204137	0.3831742718678156	0.37936886774411466	80675.90536380683	5.860912816971512e6	1.7210159240824964e6	7.303100162301522e6
0.38317427186781555	0.3909372962801655	0.38705578407399055	84597.25068914474	5.788336244135444e6	1.8056131747716411e6	7.214642078971637e6
0.39093729628016555	0.3988555811807625	0.394896438730464	88699.04195144486	5.716062331904318e6	1.894312216723086e6	7.12715051053053e6
0.3988555811807624	0.40693223177937127	0.40289390648006684	92983.95802402613	5.643791063345428e6	1.9872961747471122e6	7.040568309292393e6
0.40693223177937127	0.4151704153899523	0.4110513235846618	97477.90339507666	5.572604351186549e6	2.084774078142189e6	6.954904859984601e6
0.4151704153899523	0.4235733626727449	0.4193718890313486	102191.44522257421	5.502497787723188e6	2.1869655233647632e6	6.87016875680021e6
0.423573362672745	0.43214436890119345	0.4278588657869692	107111.5025968921	5.432238671126986e6	2.294077025961655e6	6.786296205225923e6
0.4321443689011934	0.4408867952542109	0.43651558207770214	112263.10057309331	5.362671170321201e6	2.4063401265347484e6	6.703276421570185e6
0.4408867952542108	0.44980407013428864	0.44534543269424975	117648.21851372723	5.293401323856452e6	2.5239883450484755e6	6.621076307287483e6
0.4498040701342887	0.45889969051196805	0.45435188032312834	123298.67963197114	5.225370304500433e6	2.647287024680447e6	6.53971959392935e6
0.4588996905119681	0.468177223297201	0.46353845690458456	129198.54819469855	5.157381202215874e6	2.7764855728751454e6	6.459158878123443e6
0.4681772232972011	0.4776403067381387	0.4729087650176699	135352.63042469605	5.089263631564262e6	2.9118382032998414e6	6.379339636837208e6
0.47764030673813856	0.4872926518478949	0.4824664792930167	141809.52666758568	5.022430399533413e6	3.053647729967427e6	6.300292875185691e6
0.48729265184789494	0.4971380438598464	0.49221534785387067	148557.71847056664	4.955957366096982e6	3.2022054484379934e6	6.221993964013343e6
0.49713804385984633	0.5071803437120368	0.5021591937859415	155600.1943809238	4.889559956820726e6	3.357805642818917e6	6.144403166201749e6
0.5071803437120368	0.517423489561271	0.5123019166366539	162967.58295716293	4.82382533793627e6	3.52077322577608e6	6.067517280718553e6
0.5174234895612712	0.5278714983274901	0.5226474939443806	170653.29205728348	4.7581603215742335e6	3.6914265178333637e6	5.991298778436718e6
0.5278714983274901	0.5385284672690335	0.5331999827982619	178706.172736393	4.693548166970613e6	3.8701326905697566e6	5.915769573885126e6
0.5385284672690335	0.5493985755894076	0.5439635214292206	187113.9439263319	4.629226300700527e6	4.0572466344960886e6	5.840905933326454e6
0.5493985755894077	0.5604860860761894	0.5549423308327985	195884.2249048485	4.565048546007356e6	4.253130859400937e6	5.766677024232197e6
0.5604860860761894	0.5717953467727067	0.5661407164244481	205028.82766213518	4.500985637831687e6	4.458159687063073e6	5.693052133002431e6
0.5717953467727067	0.5833307926831544	0.5775630697279306	214599.34458306586	4.437832143651914e6	4.672759031646139e6	5.620048571150345e6
0.5833307926831544	0.595096947511811	0.5892138700974827	224605.37321790878	4.3753758342486955e6	4.897364404864047e6	5.5476703045893675e6
0.5950969475118111	0.6070984254370408	0.601097686474426	234997.4472771787	4.312350081410383e6	5.132361852141226e6	5.475847434310562e6
0.6070984254370407	0.619339932920775	0.6132191791789079	245846.62780532442	4.249850060304358e6	5.37820847994655e6	5.404577832864043e6
0.619339932920775	0.631826270554184	0.6255831017374796	257174.8556325328	4.187927268794677e6	5.635383335579082e6	5.333862500263071e6
0.631826270554184	0.6445623349402613	0.6381943027472227	268962.085811541	4.125966478207604e6	5.904345421390624e6	5.263666633825178e6
0.6445623349402613	0.65755312061406	0.6510577277771606	281281.8799573456	4.0648363834212157e6	6.185627301347969e6	5.194007953736755e6
0.65755312061406	0.6708037220013348	0.6641784213076973	294084.23058739817	4.0035232618838623e6	6.479711531935368e6	5.124844257277712e6
0.6708037220013346	0.6843193354163548	0.6775615287088448	307416.82023333816	3.9424856589989867e6	6.787128352168706e6	5.056162456237204e6
0.6843193354163548	0.6981052610996754	0.6912122982580151	321364.40848647954	3.8825286578964973e6	7.108492760655186e6	4.987996995891613e6
0.6981052610996754	0.7121669052966624	0.7051360831981689	335878.79170334945	3.822753930175746e6	7.444371552358536e6	4.920328146395274e6
0.7121669052966624	0.7265097823775891	0.7193383438371257	351017.87605165906	3.76358981081547e6	7.795389428410195e6	4.853162210555105e6
0.7265097823775891	0.7411395170001344	0.7338246496888617	366876.2490193472	3.7057345690202713e6	8.162265677429542e6	4.786545669895104e6
0.7411395170001344	0.7560618463151305	0.7486006816576325	383283.80207841395	3.647196522534046e6	8.545549479507957e6	4.720406680333155e6
0.7560618463151304	0.7712826222164265	0.7636722342657785	400379.22920306906	3.589190464591506e6	8.945928708711026e6	4.654748112209085e6
0.7712826222164265	0.7868078136357485	0.7790452179260875	418279.9439956771	3.532486482303657e6	9.364208652706703e6	4.589617367276353e6
0.7868078136357485	0.8026435088834569	0.7947256612596028	436837.1052272612	3.475551107424436e6	9.801045757933965e6	4.524970101673795e6
0.8026435088834569	0.8187959180361195	0.8107197134597882	456162.4597283749	3.419137277862993e6	1.0257208217662338e7	4.460808253611892e6
0.8187959180361196	0.8352713753718355	0.8270336467039776	476297.48101991974	3.363335740528364e6	1.0733505698682258e7	4.397138919246719e6
0.8352713753718353	0.8520763418542654	0.8436738586130503	497200.0571970277	3.307654286544599e6	1.1230705755879285e7	4.333940234970458e6
0.8520763418542654	0.8692174076663441	0.8606468747603048	518981.2823194007	3.2526674277959745e6	1.1749687038198685e7	4.271224941324627e6
0.8692174076663441	0.8867012947946644	0.8779593512305043	541550.3512695094	3.1976270825140444e6	1.2291237389468195e7	4.208961656681103e6
0.8867012947946645	0.9045348596655512	0.8956180772301079	565068.1871609922	3.143350261393005e6	1.2856305576629188e7	4.1471682126086312e6
0.9045348596655511	0.9227250958338555	0.9136299777497033	589448.3227551067	3.089174963605623e6	1.3445753899384294e7	4.0858230220955373e6
0.9227250958338556	0.9412791367255261	0.9320021162796909	614802.7900122891	3.035563458811294e6	1.4060556689396583e7	4.02493256270185e6
0.9412791367255261	0.96020425843503	0.950741697580278	641048.586248904	2.981967998189442e6	1.4701605275645487e7	3.964471186371136e6
0.9602042584350299	0.9795078825787238	0.9698560705068768	668226.5975539263	2.9285060598227847e6	1.5369831873199413e7	3.904421554167476e6
0.9795078825787238	0.9991975792052916	0.9893527308920077	696208.0063824727	2.874573891337171e6	1.6066039879581885e7	3.8447323490389814e6
0.9991975792052917	1.0192810697643908	1.0092393244848412	724908.7966662981	2.8198866379028247e6	1.6790948676248185e7	3.7853387389690597e6
1.0192810697643908	1.039766230134672	1.0295236499495313	753944.5165233278	2.7631417885722993e6	1.7544893192771513e7	3.726104193120399e6
1.039766230134672	1.0606610937123586	1.0502136619235154	783355.3874746289	2.704828772519431e6	1.8328248580246143e7	3.666928492123501e6
1.0606610937123588	1.0819738545615993	1.071317474136979	813159.5100587866	2.645303272494869e6	1.914140809030493e7	3.6077378606505343e6
1.0819738545615993	1.1037128706278245	1.0928433625947118	843495.9777828938	2.585253353046106e6	1.9984904068087824e7	3.548502680705188e6
1.1037128706278245	1.1258866670153744	1.1147997688215994	874493.2404615774	2.5252156931779697e6	2.08593973085494e7	3.489226148175836e6
1.1258866670153742	1.148503939330675	1.1371953031730246	906102.2806198603	2.465146321154608e6	2.176549958916926e7	3.42990872784669e6
1.1485039393306753	1.171573557092282	1.1600387482114787	938357.623929646	2.4052422226973856e6	2.2703857213098906e7	3.3705622682184554e6
1.171573557092282	1.195104567209121	1.1833390621507016	971243.5987158073	2.34555176778923e6	2.3675100811814714e7	3.3112007316976613e6
1.195104567209121	1.2191061975282966	1.2071053823687088	1.0048193615052537e6	2.286297320290104e6	2.467992017331997e7	3.251850147306477e6
1.2191061975282966	1.2435878604538557	1.2313470289910762	1.0391639132908586e6	2.2277068432928044e6	2.5719084086610828e7	3.192548232506975e6
1.243587860453856	1.2685591566379264	1.2560735085458912	1.0740670235395494e6	2.16938192357975e6	2.679315111015038e7	3.133307446200371e6
1.268559156637926	1.2940298787456777	1.2812945176918018	1.1097462005955162e6	2.111836578435218e6	2.7902897310745895e7	3.074169284254555e6
1.2940298787456779	1.3200100152955847	1.3070199470206312	1.1461845662356832e6	2.0550601240542722e6	2.904908187698158e7	3.0151722146361344e6
1.3200100152955847	1.3465097545764897	1.3332598849360373	1.1831176881238515e6	1.9986307291607717e6	3.023219956510543e7	2.9563280539409323e6
1.3465097545764895	1.3735394886430126	1.360024621609751	1.2207880035856362e6	1.9430356964355204e6	3.1452987568691067e7	2.897676140860139e6
1.3735394886430126	1.401109817390866	1.3873246530169392	1.2591185152325295e6	1.888183946414183e6	3.2712106083923597e7	2.8392482597434297e6
1.401109817390866	1.4292315527136765	1.4151706850522712	1.2982462999923537e6	1.8343118628370524e6	3.401035238391595e7	2.7810880319202053e6
1.4292315527136763	1.457915722742943	1.4435736377283095	1.3378972517388756e6	1.7810595298341434e6	3.534824963565483e7	2.7232157194664245e6
1.4579157227429431	1.487173576172795	1.4725446494578691	1.3783428264270101e6	1.7288355931554302e6	3.672659246208184e7	2.6656740576031054e6
1.487173576172795	1.5170165866712442	1.5020950814220195	1.419528738814922e6	1.677577375388924e6	3.814612120089676e7	2.608499676406497e6
1.5170165866712444	1.5474564573796623	1.5322365220254532	1.4613192868365448e6	1.6271460853322623e6	3.96074404877333e7	2.5517190519477823e6
1.5474564573796623	1.5785051255022486	1.5629807914409555	1.5037418464084156e6	1.5776072133478767e6	4.111118233414172e7	2.4953609153811326e6
1.5785051255022486	1.6101747669872868	1.5943399462447676	1.5467180926670583e6	1.528910347597315e6	4.2657900426808774e7	2.4394494168420015e6
1.6101747669872866	1.6424778013020254	1.626326284144656	1.5903617441332343e6	1.4811979338721137e6	4.424826217094201e7	2.3840155482998127e6
1.6424778013020256	1.6754268963030592	1.6589523488025424	1.6346886210988453e6	1.434496805333542e6	4.5882950792040855e7	2.3290900586141376e6
1.6754268963030592	1.7090349732041135	1.6922309347535864	1.6795826518518447e6	1.3887188149807644e6	4.75625334438927e7	2.27469681708028e6
1.709034973204113	1.7433152116431883	1.7261750924236505	1.725164377698908e6	1.343980041907571e6	4.928769782159161e7	2.2208650252628783e6
1.7433152116431885	1.7782810548510453	1.7607981332471168	1.7710539039492668e6	1.300003436125836e6	5.105875172554088e7	2.1676061705447375e6
1.7782810548510457	1.8139462149230596	1.7961136348870528	1.8177819281236634e6	1.2572042793791005e6	5.287653365366454e7	2.114955093989573e6
1.8139462149230594	1.8503246781965137	1.8321354465597866	1.865130636873577e6	1.2154178775272432e6	5.474166429053812e7	2.0629350950296419e6
1.8503246781965135	1.8874307107354367	1.868877694465975	1.9128377196168303e6	1.1744856477425296e6	5.665450201015495e7	2.0115589548110482e6
1.887430710735437	1.9252788639251386	1.9063547873302877	1.9613710896536105e6	1.1347063591386776e6	5.861587309980856e7	1.9608559924382907e6
1.9252788639251386	1.9638839801786343	1.9445814220518864	2.0098783336540181e6	1.0955911402017728e6	6.0625751433462575e7	1.910825563329191e6
1.9638839801786343	2.0032611987571998	1.983572589467917	2.0596368029548386e6	1.057852908108728e6	6.268538823641741e7	1.8615082827676912e6
2.0032611987571998	2.0434259617073365	2.023343580232268	2.1093319067701353e6	1.0207897897300621e6	6.4794720143187545e7	1.812901835875996e6
2.0434259617073365	2.084394019916476	2.063909990811906	2.1600023899880997e6	984925.1370140688	6.695472253317565e7	1.765034301238096e6
2.084394019916476	2.1261814392897986	2.1052877296031376	2.2104181861483324e6	949689.9731397876	6.916514071932398e7	1.7178992406582795e6
2.126181439289799	2.1688046070505878	2.1474930231701936	2.261741448107852e6	915608.0228871307	7.142688216743183e7	1.6715208670249905e6
2.1688046070505878	2.2122802381665925	2.19054242260859	2.3139165976698333e6	882621.1904337911	7.374079876510167e7	1.6259186349626195e6
2.212280238166592	2.2566253819049167	2.234452810035754	2.3655924884659094e6	850212.2792374559	7.610639125356758e7	1.581080979648221e6
2.256625381904917	2.3018574285180082	2.2792414052114625	2.4184592032844387e6	819007.2728784558	7.852485045685202e7	1.5370331907277654e6
2.3018574285180082	2.347994116063361	2.3249257722906846	2.4719145036949883e6	788759.7412482168	8.0996764960547e7	1.4937848526350656e6
2.347994116063361	2.395053537359621	2.371523826711491	2.5247660984071754e6	759093.8421783737	8.352153105895418e7	1.4513232755056021e6
2.395053537359621	2.4430541470818063	2.4190538422207135	2.5787855838064626e6	730555.6378369769	8.610031664276063e7	1.4096680654824427e6
2.4430541470818063	2.4920147689984353	2.467534458040121	2.6339224287868016e6	703081.2078818616	8.873423907154743e7	1.3688340018873566e6
2.4920147689984353	2.5419546033533966	2.516984686175916	2.6884905714846216e6	676201.5510239083	9.142272964303206e7	1.3288079079608186e6
2.5419546033533966	2.5928932343954574	2.567423918874427	2.742913624731127e6	650048.239682777	9.416564326776318e7	1.28958497541482e6
2.5928932343954574	2.6448506380583594	2.6188719362269084	2.798694987900015e6	624964.7125237803	9.69643382556632e7	1.2511805220053433e6
2.644850638058359	2.6978471897945187	2.6713489139264386	2.8552119924052097e6	600766.0822628372	9.98195502480684e7	1.2135982979077597e6
2.697847189794519	2.751903672565402	2.7248754311799606	2.9114428170662574e6	577222.2547919705	1.0273099306513466e8	1.176828543692987e6
2.7519036725654016	2.807041284991702	2.779472478778552	2.967305017281434e6	554326.1572382142	1.0569829808241609e8	1.1408616584220051e6
2.8070412849917026	2.863281649666529	2.835161467329116	3.023142645995056e6	532146.0112736003	1.0872144072841114e8	1.1056925405851314e6
2.8632816496665288	2.920646821634852	2.8919642356506903	3.0809406089060972e6	511004.92652961524	1.1180238133731726e8	1.0713350533578612e6
2.920646821634852	2.9791592970425413	2.9499030593386966	3.1389530595320207e6	490565.2241367789	1.1494133439684927e8	1.0377827512645384e6
2.979159297042542	3.038842021958385	3.0090006595004635	3.1968322529757502e6	470763.2332332013	1.1813816664982502e8	1.0050258855401211e6
3.038842021958385	3.099718401372545	3.069280211665465	3.2547673689382784e6	451620.8234264382	1.213929340187633e8	973056.536837622
3.099718401372545	3.1618123083749885	3.130765354873767	3.3122879252617704e6	433065.8675688933	1.2470522194402507e8	941863.0793599671
3.161812308374988	3.2251480935174803	3.193480200946234	3.369509249205821e6	415111.6663263127	1.280747311932309e8	911435.330066084
3.2251480935174803	3.2897505943628222	3.2574493439401513	3.428531178343782e6	397996.5732109655	1.3150326237157468e8	881777.464847429
3.2897505943628227	3.3556451452250715	3.322697869793947	3.4877066137569947e6	381491.3007675831	1.3499096898533168e8	852880.1757321588
3.355645145225072	3.422857587104566	3.389251366164819	3.5468358029179364e6	365560.9131400799	1.385378047882496e8	824732.6769448044
3.422857587104566	3.4914142778216495	3.4571359324631077	3.605930551146427e6	350195.4542369747	1.4214373533939603e8	797324.2331421013
3.491414277821649	3.5613421023530742	3.5263781900873616	3.6650860936669167e6	335391.68741832004	1.4580882143306294e8	770644.5445125541
3.5613421023530742	3.632668483375128	3.597005292864101	3.7243686178807416e6	321141.34450157336	1.4953319005094367e8	744683.4309050458
3.6326684833751277	3.7054213920176227	3.669044937696375	3.7836495100506553e6	307418.7718980086	1.5331683956099433e8	719429.8207659333
3.705421392017622	3.779629358832967	3.7425253754252945	3.84272197310226e6	294194.6907273992	1.571595615340966e8	694871.5932759293
3.7796293588329672	3.8553214849846187	3.817475421908793	3.901624852148105e6	281460.99143583444	1.610611863862447e8	670996.8615263687
3.855321484984619	3.932527453659304	3.8939244693219615	3.9607908003997016e6	269235.23180973943	1.650219771866444e8	647795.4411873702
3.9325274536593033	4.011277541707481	3.9719024976833923	4.02043549593601e6	257513.97472880778	1.6904241268258044e8	625257.5395453253
4.011277541707481	4.091602631516623	4.051440086612052	4.0800160815934995e6	246245.17152814972	1.7312242876417395e8	603370.925647684
4.091602631516623	4.173534223121948	4.132568427319285	4.1396005632248255e6	235419.72595637848	1.7726202932739878e8	582123.5515610257
4.173534223121948	4.257104446559379	4.215319334840663	4.199067338319007e6	225017.46428228283	1.8146109666571778e8	561502.9020684626
4.257104446559379	4.342346074465558	4.299725260512469	4.258472137961172e6	215028.77184840012	1.8571956880367896e8	541496.6313407456
4.342346074465559	4.429292534929862	4.38581930469771	4.317771582785592e6	205438.67244806435	1.9003734038646457e8	522092.24349896837
4.4292925349298615	4.517977924603451	4.473635229766656	4.376912743786446e6	196232.34057737485	1.9441425313025102e8	503277.1099356378
4.51797792460345	4.608437022070511	4.5632074733369805	4.436009120079865e6	187402.6223741087	1.988502622503309e8	485038.9198842452
4.608437022070511	4.700705301486913	4.654571161778712	4.494988897994932e6	178933.95735849353	2.0334525114832583e8	467365.1766094572
4.700705301486913	4.794818946491643	4.747762123989277	4.553826143576045e6	170813.371336965	2.078990772919019e8	450243.3574297379
4.794818946491643	4.890814864396467	4.842816905444055	4.612523651828069e6	163029.29731882238	2.1251160094372997e8	433660.9964112285
4.890814864396468	4.988730700659389	4.939772782527928	4.671043223167585e6	155568.94952817328	2.1718264416689757e8	417605.61067169573
4.988730700659389	5.088604853647568	5.038667777153478	4.729395494197115e6	148421.56019257187	2.2191203966109467e8	402064.8178173032
5.088604853647569	5.190476489695512	5.13954067167154	4.787484000678847e6	141573.30078272303	2.266995236617735e8	387026.15338347043
5.190476489695511	5.294385558464413	5.242431024079962	4.845327337145296e6	135014.41447452045	2.315448509989188e8	372477.31059642206
5.294385558464413	5.400372808608692	5.347379183536552	4.902949606469529e6	128735.33319805491	2.3644780060538834e8	358406.14211085014
5.400372808608693	5.508479803755858	5.454426306182276	4.960306263561193e6	122724.83527315389	2.4140810686894944e8	344800.55529157154
5.508479803755859	5.618748938805967	5.563614371280913	5.017464269823832e6	116974.76988928064	2.4642557113877326e8	331648.68628480466
5.618748938805966	5.731223456557077	5.6749861976815215	5.074521271343999e6	111477.50456673549	2.5150009241011727e8	318938.91667764273
5.7312234565570765	5.845947464663209	5.788585460610143	5.131313563300373e6	106219.74742844825	2.5663140597341764e8	306659.5325820845
5.845947464663211	5.962965952931467	5.904456708797339	5.187485526774891e6	101185.53920918748	2.6181889150019252e8	294798.576141502
5.962965952931466	6.082324810965086	6.022645381948276	5.243500519639134e6	96375.80024819868	2.6706239201983166e8	283344.83395062713
6.082324810965086	6.204070846159379	6.143197828562233	5.299403191871354e6	91782.32523449587	2.72361795211703e8	272287.2672416378
6.20407084615938	6.328251802057558	6.266161324108468	5.354704681384623e6	87388.3027038288	2.777164998930876e8	261614.50499485355
6.328251802057558	6.4549163770737	6.3915840895656295	5.409679042761237e6	83190.7879234953	2.831261789358489e8	251315.66351070875
6.454916377073701	6.584114243590166	6.519515310331934	5.46436883020207e6	79182.63820641657	2.8859054776605093e8	241380.0759139594
6.584114243590165	6.71589606743696	6.650005155513563	5.5187091568698315e6	75355.32594124516	2.9410925692292076e8	231797.19965964704
6.715896067436961	6.850313527760691	6.783104797598826	5.572681378999192e6	71701.36070525984	2.9968193830191994e8	222556.66918707962
6.85031352776069	6.987419337290895	6.9188664325257925	5.626230696360473e6	68213.0878744877	3.053081689982804e8	213648.27619049043
6.987419337290895	7.127267263011704	7.057343300151299	5.679471359949003e6	64885.151320069024	3.109876403582294e8	205062.0931708556
7.127267263011705	7.269912147246929	7.198589705129317	5.732369745309208e6	61710.50176920313	3.1672001010353863e8	196788.35946672698
7.269912147246929	7.4154099291668585	7.342661038206893	5.784753825638736e6	58680.99574354847	3.2250476392917734e8	188817.40843993452
7.415409929166858	7.5638176667251855	7.489613797946022	5.836931510156993e6	55793.69594030482	3.283416954393344e8	181139.96249524655
7.5638176667251855	7.71519355903468	7.639505612879933	5.887966048640586e6	53033.952921987766	3.34229661487975e8	173746.4346297964
7.715193559034678	7.869596969190362	7.79239526411252	5.937724360390106e6	50396.12267764991	3.401673858483651e8	166627.466018753
7.869596969190363	8.027088447549161	7.948342708369762	5.987488069308859e6	47886.19833338152	3.46154873917674e8	159774.58442581995
8.027088447549161	8.187729755475134	8.107409101512147	6.037153312176559e6	45497.41523750722	3.521920272298506e8	153179.41669733103
8.187729755475134	8.351583889559627	8.26965682251738	6.08670640349247e6	43224.094459726184	3.5827873363334304e8	146833.74568018
8.351583889559627	8.51871510632581	8.435149497942719	6.136020306118589e6	41060.05939201371	3.6441475393946165e8	140729.47247340647
8.51871510632581	8.689188947427317	8.603952026876563	6.184902974581856e6	38999.14738368155	3.705996569140435e8	134858.61038770693
8.689188947427317	8.863072265350853	8.776130606389085	6.233323405013141e6	37036.63443043793	3.7683298031905663e8	129213.36147259032
8.863072265350853	9.04043324963286	8.951752757491857	6.281198118520147e6	35167.716797392015	3.831141784375768e8	123786.10100012406
9.04043324963286	9.221341453600507	9.130887351616684	6.328665587005582e6	33389.03331007566	3.894428440245823e8	118569.45069441099
9.221341453600507	9.405867821647508	9.313604637624007	6.375714834123763e6	31696.461663279875	3.958185588587061e8	113556.22056247403
9.405867821647508	9.594084717055448	9.499976269351478	6.422471086251367e6	30086.692089106036	4.022410299449575e8	108739.44489743057
9.594084717055447	9.786065950371546	9.690075333713496	6.467936084365847e6	28551.47608904329	4.0870896602932334e8	104112.08431794321
9.786065950371546	9.981886808353966	9.883976379362757	6.511413112200519e6	27084.999606782	4.1522037914152384e8	99667.17049235743
9.981886808353966	10.181624083496034	10.081755445925001	6.555047530528614e6	25693.32664403537	4.2177542667205244e8	95398.48745147516
10.181624083496034	10.385356104140945	10.28349009381849	6.598563678590257e6	24371.652810502514	4.283739903506427e8	91299.9009763616
10.385356104140945	10.593162765198754	10.48925943466985	6.642186518211292e6	23117.341024152633	4.35016176868854e8	87365.47893094944
10.593162765198754	10.805125559477718	10.699144162338236	6.685720004199763e6	21926.352990926192	4.417018968730537e8	83589.39872916459
10.805125559477718	11.021327609642261	10.91322658455999	6.728854473531927e6	20794.616499350537	4.4843075134658563e8	79965.93904350478
11.021327609642261	11.241853700810095	11.131590655226178	6.771692221112491e6	19719.627566327043	4.552024435676981e8	76489.56444100788
11.241853700810095	11.466790313801287	11.35432200730569	6.814096555896158e6	18698.27966585258	4.620165401235943e8	73154.87987407978
11.466790313801285	11.696225659052299	11.581507986426793	6.854653721881226e6	17724.374101183286	4.688711938454755e8	69956.44414391984
11.6962256590523	11.930249711208337	11.813237685130318	6.892771809386656e6	16794.66922879356	4.7576396565486217e8	66888.94318322858
11.930249711208337	12.168954244407493	12.049601977807914	6.931510289761256e6	15914.673592725685	4.826954759446234e8	63947.68760199405
12.168954244407491	12.41243286827063	12.290693556339061	6.970513395144078e6	15080.893743677336	4.896659893397675e8	61128.057198787326
12.41243286827063	12.660781064611031	12.53660696644083	7.009518505463874e6	14290.357347615327	4.966755078452314e8	58425.52702860164
12.66078106461103	12.914096224878238	12.787438644744633	7.048499398951179e6	13540.799051079566	5.037240072441826e8	55835.70269022308
12.91409622487824	13.172477688350792	13.043286956614516	7.087350182863053e6	12829.932572980973	5.1081135742704564e8	53354.311576970766
13.172477688350792	13.436026781092796	13.304252234721794	7.125383567361815e6	12154.62926114274	5.179367409944075e8	50977.14723679055
13.436026781092798	13.704846855689642	13.570436818391219	7.160674878165052e6	11510.138198346489	5.2509741587257254e8	48699.97194651079
13.70484685568964	13.97904333177842	13.84194509373403	7.194436123072893e6	10897.241666830358	5.3229185199564546e8	46518.83776551902
13.979043331778422	14.258723737388978	14.1188835345837	7.229972326362738e6	10319.290002416608	5.395218243220081e8	44430.21797338771
14.258723737388976	14.543997751111744	14.401360744250361	7.265479925186265e6	9771.719031983004	5.467873042471944e8	42430.526107519305
14.543997751111744	14.834977245108966	14.689487498110356	7.3008172889154805e6	9252.769492044048	5.540881215361099e8	40516.2812415692
14.834977245108968	15.131776328986135	14.98337678704755	7.3359610529789515e6	8760.945823254413	5.614240825890889e8	38684.11710457743
15.131776328986136	15.434511394540847	15.283143861763492	7.368759316627386e6	8292.436929291624	5.687928419057163e8	36930.64186229581
15.434511394540843	15.743301161406647	15.588906277973745	7.398740591770483e6	7845.841763846819	5.761915824974868e8	35252.57863839437
15.743301161406647	16.058266723609766	15.900783942508205	7.430509727755459e6	7424.964795014211	5.836220922252423e8	33647.0592089195
16.05826672360977	16.37953159705695	16.218899160333358	7.462506912938008e6	7026.753074022517	5.910845991381803e8	32111.204774638765
16.37953159705695	16.707221767973074	16.54337668251501	7.494834602528166e6	6650.070627532886	5.985794337407085e8	30642.237167581072
16.707221767973074	17.041465742307523	16.8743437551403	7.5271751389428945e6	6293.476094864851	6.061066088796513e8	29237.45542110303
17.041465742307526	17.382394596128663	17.211930169218093	7.556523025965345e6	5953.5367329026885	6.136631319056166e8	27894.116421017272
17.382394596128663	17.730142027026222	17.55626831157744	7.5825128814660115e6	5629.382315676246	6.212456447870827e8	26609.58517639674
17.730142027026222	18.084844406541734	17.907493216783976	7.611114542076474e6	5324.643089102101	6.288567593291591e8	25381.588223605202
18.08484440654173	18.44664083364755	18.265742620094642	7.639970430715727e6	5036.498091251632	6.364967297598748e8	24207.820569814146
18.446640833647553	18.81567318929549	18.631157011471522	7.669223901379577e6	4764.126201426581	6.441659536612544e8	23086.062886781412
18.81567318929549	19.192086192056387	19.003879690675937	7.697004852880712e6	4505.5574946687475	6.518629585141351e8	22014.110287810152
19.192086192056387	19.5760274548725	19.38405682346444	7.721613889343041e6	4259.218122039346	6.595845724034781e8	20989.7943429231
19.5760274548725	19.967647542944935	19.771837498908717	7.746270520015991e6	4026.3318991943725	6.673308429234941e8	20011.14237534071
19.967647542944935	20.36710003277882	20.167373787861877	7.772490217762088e6	3806.907234248198	6.751033331412562e8	19076.296044104925
20.367100032778815	20.774541572409376	20.570820802594096	7.799155415805445e6	3599.605996647548	6.829024885570617e8	18183.42706080335
20.77454157240938	21.19013194283255	20.982336757620963	7.82412617779394e6	3402.8170627261993	6.907266147348557e8	17330.71970462429
21.19013194283255	21.614034120664186	21.40208303174837	7.845707255160805e6	3215.3651529470067	6.985723219900165e8	16516.395239900346
21.61403412066419	22.046414342052458	21.830224231358322	7.86770046072494e6	3038.3761807547426	7.064400224507414e8	15738.842537280521
22.046414342052458	22.48744216786849	22.266928254960476	7.891528262168817e6	2871.7752210404456	7.143315507129102e8	14996.539123756169
22.48744216786849	22.937290550200846	22.712366359034668	7.915672728205632e6	2714.393683045887	7.222472234411159e8	14287.982971962743
22.937290550200842	23.396135900179843	23.166713225190342	7.93699229083075e6	2564.700858324683	7.301842157319466e8	13611.670428843228
23.396135900179846	23.86415815715843	23.630147028669136	7.954966839316605e6	2422.227655241451	7.381391825712632e8	12966.157552564207
23.86415815715842	24.341540859276574	24.102849508217496	7.976440396771444e6	2288.6617255628566	7.461156229680346e8	12350.181086757451
24.341540859276574	24.828471215437087	24.58500603735683	7.998130779808069e6	2162.504160435557	7.541137537478427e8	11762.464203717815
24.82847121543709	25.325140178720815	25.076805697078953	8.0186949615228465e6	2042.9991241554817	7.621324487093655e8	11201.760153712441
25.32514017872082	25.83174252127022	25.57844134999552	8.035842737726504e6	1929.26560286081	7.701682914470919e8	10666.843307247153
25.831742521270215	26.348476910670602	26.090109715970407	8.053090252352526e6	1821.8781595814648	7.782213816994444e8	10156.591905444297
26.348476910670605	26.875545987859	26.612011449264802	8.072957700601824e6	1721.0190445175256	7.862943394000463e8	9669.959433928352
26.875545987858995	27.413156446591156	27.144351217225076	8.091919697116321e6	1625.5519865809983	7.943862590971627e8	9205.894217648925
27.41315644659116	27.961519114497964	27.68733778054456	8.107525722176533e6	1534.7371162252182	8.024937848193393e8	8763.362585574185
27.961519114497964	28.520849035762904	28.241184075130434	8.122659646427571e6	1448.9064320219704	8.106164444657668e8	8341.409664688133
28.52084903576291	29.09136555545315	28.80610729560803	8.140427452518571e6	1368.3140238627839	8.187568719182854e8	7939.150338391031
29.091365555453145	29.67329240553719	29.382328980495167	8.157256338192208e6	1292.0497017891803	8.269141282564776e8	7555.698057046309
29.67329240553719	30.266857792622915	29.970075099080052	8.170697206956859e6	1219.5253340232966	8.350848254634345e8	7190.183498764759
30.266857792622922	30.87229448745036	30.56957614003664	8.18410739303684e6	1151.0645695139742	8.432689328564713e8	6841.8061726213655
30.872294487450354	31.48983991617434	31.181067201812347	8.20079905719438e6	1086.8791290856032	8.514697319136657e8	6509.823989998221
31.489839916174343	32.11973625347281	31.804788084823578	8.21572066653626e6	1026.0476025372466	8.596854525802019e8	6193.484528186881
32.11973625347281	32.762230517517246	32.44098338549503	8.227144220976353e6	968.2060125142865	8.679125968011782e8	5892.057782503883
32.762230517517246	33.41757466684257	33.08990259217991	8.240554604609496e6	913.8438179238397	8.761531514057877e8	5604.884103869955
33.41757466684257	34.0860256991544	33.75180018299848	8.255347154686852e6	862.6761687119852	8.844084985604745e8	5331.3254724211865
34.086025699154405	34.76784575211247	34.42693572563344	8.267533521660601e6	814.1143273562546	8.926760320821351e8	5070.746719293049
34.767845752112464	35.46330220612969	35.11557397912108	8.277102576943867e6	768.041687939349	9.00953134659079e8	4822.54259704241
35.4633022061297	36.17266778922727	35.81798499767848	8.290958439571021e6	724.9503521056332	9.0924409309865e8	4586.171166589922
36.17266778922727	36.89622068398679	36.53444423660703	8.303300819803143e6	684.1501358285784	9.175473939184532e8	4361.081943841927
36.8962206839868	37.63424463664151	37.265232660314155	8.312594781592675e6	645.4081128380267	9.25859988700046e8	4146.742769452887
37.634244636641505	38.387029068349314	38.01063685249541	8.323744600153159e6	608.9950551997001	9.341837333001992e8	3942.667807191422
38.387029068349314	39.15486918869128	38.7709491285203	8.3357757332564555e6	574.6961619994461	9.425195090334556e8	3748.3868609221718
39.15486918869128	39.93806611144008	39.54646765006568	8.34513807948267e6	542.1545419618786	9.508646471129383e8	3563.4362756282503
39.93806611144008	40.73692697264386	40.33749654204197	8.353637829438688e6	511.4021593927773	9.59218284942377e8	3387.380990816506
40.736926972643865	41.55176505107172	41.14434601185779	8.365285980688408e6	482.57530181479564	9.675835709230654e8	3219.8189084447217
41.55176505107172	42.38289989106813	41.96733247106992	8.379221501037778e6	455.49686679803085	9.759627924241033e8	3060.3609133623418
42.38289989106812	43.23065742786446	42.80677865946629	7.681144612009103e6	393.4641149855844	9.836439370361123e8	2906.5231729252696
43.23065742786446	44.09537011539672	43.66301377163059	1.205166839093671e8	5817.332213288099	1.1041606209454794e9	3074.430418159068
