-0.0	9.953897499377266e-5	4.976948749688633e-5	0.00016334417257315938	3.9539897868599914e7	0.00016334417257315938	3.9539897868599914e7
9.953897499377266e-5	0.0002010687294874207	0.00015030385224059668	0.0009836056447204025	3.287531503285649e7	0.0011469498172935618	3.368388733790902e7
0.00020106872948742058	0.0003046290790709416	0.00025284890427918107	0.0025030865055503406	2.9670254459389783e7	0.0036500363228439024	3.0824390954456016e7
0.0003046290790709413	0.00041026063564613265	0.000357444857358537	0.004693868601054535	2.7476417268897682e7	0.008343904923898436	2.884703568490274e7
0.0004102606356461331	0.0005180048233528283	0.0004641327294994807	0.007552395748828038	2.577808657486629e7	0.015896300672726474	2.7302728372572694e7
0.0005180048233528287	0.0006279038948136577	0.0005729543590832433	0.01108694864260337	2.4380274977126103e7	0.026983249315329846	2.6021127217274446e7
0.0006279038948136573	0.0007400009477037028	0.0006839524212586801	0.015312692890071821	2.3185937084848456e7	0.04229594220540167	2.491800489974581e7
0.000740000947703703	0.0008543399416515495	0.0007971704446776262	0.02024937420075754	2.213915766181581e7	0.06254531640615921	2.394495649646265e7
0.0008543399416515493	0.0009709657154783526	0.0009126528285649509	0.02591918614210508	2.1203871353355188e7	0.0884645025482643	2.307112351926224e7
0.0009709657154783523	0.0010899240047816917	0.001030444860130022	0.032351392966900004	2.0359018420187607e7	0.1208158955151643	2.2276492704364646e7
0.0010899240047816917	0.0012112614598710977	0.0011505927323263946	0.039584456921585985	1.9591802477347862e7	0.1604003524367503	2.1547803772549346e7
0.0012112614598710973	0.0013350256640622914	0.0012731435619666943	0.047642270315514344	1.8883865549276087e7	0.20804262275226465	2.0873480348978173e7
0.0013350256640622922	0.00146126515233731	0.0013981454081998012	0.05656228502586241	1.822729530967375e7	0.26460490777812706	2.024520613727647e7
0.0014612651523373099	0.0015900294303778282	0.001525647291357569	0.06638472586591922	1.761557789839702e7	0.33098963364404627	1.9656685728687778e7
0.0015900294303778277	0.0017213689939791564	0.001655699212178492	0.07715430565715199	1.7043711484890666e7	0.40814393930119824	1.9103054492963012e7
0.0017213689939791568	0.0018553353488525118	0.0017883521714158342	0.08892881605351133	1.6509266207791261e7	0.4970727553547096	1.8580786515859276e7
0.0018553353488525112	0.0019919810308233333	0.0019236581898379223	0.10175409676279881	1.6006918647088163e7	0.5988268521175084	1.808660532724698e7
0.0019919810308233333	0.002131359626433572	0.0020616703286284524	0.11567220605779845	1.5531709255700033e7	0.7144990581753068	1.761744185601908e7
0.0021313596264335728	0.002273525793956016	0.0022024427101947942	0.1307561505510048	1.5083287082086122e7	0.8452552087263117	1.7171158183086436e7
0.0022735257939560153	0.0024185352848289073	0.002346030539392461	0.14706423252333323	1.4658691278807905e7	0.9923194412496449	1.6745788709976505e7
0.002418535284828908	0.002566444965519258	0.002492490125174083	0.16465756358473377	1.4255448989516601e7	1.1569770048343786	1.6339555987332152e7
0.002566444965519257	0.002717312839823414	0.0026418789026713355	0.183621419884215	1.3873079802508939e7	1.3405984247185936	1.5951119649229627e7
0.002717312839823413	0.0028711980716136527	0.002794255455718533	0.20401428293095453	1.3508645339142831e7	1.5446127076495482	1.557907016415764e7
0.002871198071613654	0.0030281610080396984	0.002949679539826676	0.22593114552772528	1.3161851425458927e7	1.7705438531772735	1.5222331998938216e7
0.003028161008039698	0.0031882632031942633	0.0031082121056169804	0.2494649416888251	1.2831725567373706e7	2.0200087948660985	1.487997324894288e7
0.003188263203194263	0.0033515674422519193	0.0032699153227230913	0.27468039814253337	1.2515755670055851e7	2.2946891930086317	1.455095079595478e7
0.0033515674422519197	0.0035181377660907292	0.0034348526041713245	0.3016969209993602	1.2214116865926132e7	2.596386114007992	1.4234497574067602e7
0.0035181377660907292	0.003688039496406315	0.003603088631248522	0.3306296804504202	1.192624743820398e7	2.927015794458412	1.3929956698459571e7
0.0036880394964063155	0.003861339261328213	0.0037746893788672643	0.36156197568243076	1.1650275544679904e7	3.2885777701408427	1.3636585030039532e7
0.003861339261328213	0.004038105021548549	0.003949722141438381	0.39461008925627944	1.1385565457120487e7	3.683187859397122	1.3353725110642355e7
0.004038105021548548	0.00421840609697329	0.004128255559260919	0.4299093726187783	1.1131829718768733e7	4.1130972320159005	1.3080827206736628e7
0.00421840609697329	0.004402313193906526	0.004310359645439908	0.4676025003363846	1.088868859625648e7	4.580699732352285	1.2817413821205132e7
0.004402313193906526	0.004589898432778427	0.004496105813342477	0.5078208787964814	1.0655307498081623e7	5.088520611148766	1.2563009914191686e7
0.004589898432778428	0.004781235376427767	0.004685566904603098	0.5506904970384514	1.0430719173822327e7	5.639211108187218	1.2317125631872725e7
0.0047812353764277666	0.0049763990589500925	0.00487881721768893	0.5963681538011967	1.0214534310968928e7	6.2355792619884145	1.2079323068015026e7
0.004976399058950093	0.005175466015122866	0.0050759325370364795	0.6450183413614421	1.0006349819530597e7	6.880597603349857	1.1849203745138656e7
0.005175466015122865	0.005378514310419092	0.005276990162770979	0.6968168527199704	9.80580572912593e6	7.577414456069827	1.1626405003570518e7
0.005378514310419092	0.005585623571621245	0.005482068941020169	0.751944958017113	9.612492866318872e6	8.329359414086941	1.1410587363927333e7
0.005585623571621245	0.00579687501804744	0.0056912492948343425	0.810591214721085	9.425996129501613e6	9.139950628808027	1.1201428976915386e7
0.005796875018047441	0.00601235149340216	0.0059046132557248	0.8729572061334808	9.245962308774024e6	10.012907834941508	1.0998628226829154e7
0.00601235149340216	0.006232137498263974	0.006122244495833067	0.9392559210751893	9.072063134203393e6	10.952163756016697	1.0801902175073737e7
0.006232137498263972	0.006456319223223022	0.006344228360743497	1.0097047448537768	8.90392564238962e6	11.961868500870473	1.0610978354798457e7
0.006456319223223021	0.006684984582681251	0.006570651902952136	1.0845306378880444	8.741195505717808e6	13.046399138758517	1.042559432261155e7
0.006684984582681254	0.006918223249328648	0.0068016039160049505	1.1639849755311562	8.583644631236644e6	14.210384114289672	1.0245507853604138e7
0.006918223249328647	0.00715612668930899	0.007037174969318818	1.2483268700178038	8.431011345657008e6	15.458710984307476	1.0070490097778456e7
0.00715612668930899	0.007398788198088939	0.007277457443698964	1.337819734274622	8.282992238675873e6	16.796530718582098	9.900319125919648e6
0.007398788198088939	0.007646302937044488	0.0075225455675667135	1.4327479541274861	8.139355812769582e6	18.229278672709583	9.73478522062733e6
0.007646302937044487	0.007898767970779146	0.007772535453911817	1.5334209050274836	7.999938952607694e6	19.762699577737067	9.573695056395013e6
0.007898767970779147	0.0081562823051885	0.008027525137983823	1.6401654581753498	7.864584787712458e6	21.402865035912416	9.416869589474479e6
0.0081562823051885	0.00841894692628604	0.008287614615737269	1.7533265787134749	7.733140920522996e6	23.156191614625893	9.264142148752129e6
0.00841894692628604	0.00868686483980553	0.008552905883045785	1.8732497470800025	7.605384395429044e6	25.029441361705896	9.11535011602395e6
0.008686864839805528	0.008960141111595408	0.008823502975700469	2.0002782743595704	7.481037687565783e6	27.029719636065465	8.97032924761189e6
0.008960141111595408	0.009238882908821085	0.009099512010208246	2.1348068056799105	7.359976958405401e6	29.164526441745377	8.828927095106022e6
0.009238882908821085	0.009523199541991274	0.00938104122540618	2.277275148636216	7.242158809926757e6	31.441801590381594	8.691008218129827e6
0.009523199541991274	0.009813202507824869	0.009668201024908072	2.4281349763362634	7.127489997840307e6	33.869936566717854	8.556447510550523e6
0.00981320250782487	0.010109005532975137	0.009961104020400003	2.5878493005852965	7.015839460083123e6	36.45778586730315	8.425125479668021e6
0.010109005532975134	0.010410724618628405	0.01025986507580177	2.7568377697726967	6.906912697287759e6	39.214623637075846	8.2969135603923835e6
0.010410724618628405	0.010718478085994741	0.010564601352311572	2.9356091592051294	6.800619508921742e6	42.150232796280974	8.171692111641871e6
0.010718478085994743	0.011032386622708406	0.010875432354351573	3.124771894966441	6.69702801284359e6	45.27500469124742	8.049362306684908e6
0.011032386622708406	0.011352573330156341	0.011192479976432374	3.324910459182215	6.596058862843791e6	48.59991515042963	7.929831410023876e6
0.011352573330156343	0.011679163771753237	0.01151586855095479	3.536497698227829	6.497369127973916e6	52.13641284865746	7.812990432934305e6
0.011679163771753237	0.01201228602218207	0.011845724896967653	3.760125714123071	6.400839747923011e6	55.89653856278053	7.698733950645202e6
0.012012286022182067	0.012352070717619476	0.012182178369900772	3.9965264951132986	6.306537120340563e6	59.89306505789383	7.58697444726147e6
0.01235207071761948	0.012698651106965636	0.012525360912292557	4.24642925646617	6.214437690583751e6	64.13949431436	7.477633040715137e6
0.012698651106965634	0.013052163104098714	0.012875407105532175	4.510440203644404	6.124289147298439e6	68.6499345180044	7.370620340078542e6
0.013052163104098714	0.013412745341174455	0.013232454222636584	4.789453919941061	6.036207113855362e6	73.43938843794547	7.265866353931353e6
0.013412745341174457	0.013780539222991713	0.013596642282083085	5.084349128115333	5.950194683995849e6	78.5237375660608	7.163309552293599e6
0.013780539222991713	0.014155688982445314	0.013968114102718514	5.3958585230232226	5.866031148133391e6	83.91959608908402	7.062878564956011e6
0.014155688982445312	0.014538341737087986	0.014347015359766648	5.724719832488626	5.783498916043546e6	89.64431592157266	6.964493361496182e6
0.014538341737087988	0.014928647546823513	0.01473349464195575	6.07203589323978	5.702726110617315e6	95.71635181481244	6.868092467025947e6
0.014928647546823513	0.01532675947275375	0.01512770350978863	6.438877885134229	5.623724857726725e6	102.15522969994667	6.773622190424926e6
0.01532675947275375	0.01573283363720259	0.01552979655497817	6.826006741858048	5.546195993179855e6	108.98123644180473	6.681012287690145e6
0.01573283363720259	0.01614702928494041	0.015939931461071498	7.234552906243683	5.470146612122186e6	116.2157893480484	6.590200507189607e6
0.016147029284940405	0.016569508845632977	0.01635826906528669	7.665947217984837	5.395745083778455e6	123.88173656603324	6.501143759120501e6
0.016569508845632984	0.01700043799753941	0.016784973421586198	8.121212453171458	5.322797735236216e6	132.0029490192047	6.413789354518364e6
0.017000437997539405	0.01743998573248396	0.017220211865011683	8.601683186295784	5.251301726629857e6	140.60463220550048	6.328089945993283e6
0.01743998573248396	0.017888324422127407	0.017664155077305684	9.108900121857143	5.181324663636888e6	149.71353232735763	6.244008131895405e6
0.017888324422127403	0.018345629885563715	0.01811697715384556	9.64378788913602	5.112541705796129e6	159.35732021649363	6.161486850032276e6
0.01834562988556372	0.018812081458268758	0.018578855671916236	10.207724924396492	5.044891129200398e6	169.56504514089013	6.080470260382929e6
0.018812081458268758	0.0192878620624279	0.01904997176034833	10.80264599492931	4.978543430567755e6	180.36769113581946	6.00092034575182e6
0.019287862062427896	0.019773158278670218	0.019530510170549055	11.430230833027345	4.913474550848304e6	191.7979219688468	5.922801256646137e6
0.019773158278670218	0.020268160419237388	0.020020659348953803	12.092290821100256	4.849676467298868e6	203.89021278994704	5.846080224725614e6
0.020268160419237388	0.0207730626026159	0.020520611510926642	12.790569951931765	4.7870755123980325e6	216.6807827418788	5.770722580642862e6
0.0207730626026159	0.02128806282966198	0.021030562716138942	13.526456598900152	4.72545106349954e6	230.20723934077895	5.69668148265558e6
0.02128806282966198	0.021813363061248984	0.021550712945455484	14.301980052313038	4.664809631368168e6	244.509219393092	5.6239149777559545e6
0.021813363061248984	0.022349169297467726	0.022081266179358357	15.119522942160788	4.605228730724852e6	259.6287423352528	5.552390522231975e6
0.02234916929746773	0.022895691658410846	0.022622430477939288	15.980523636198933	4.54646193956243e6	275.60926597145175	5.482061483401181e6
0.022895691658410842	0.02345314446657282	0.023174418062491833	16.887803425375907	4.488658634375561e6	292.49706939682767	5.412895884382554e6
0.02345314446657282	0.024021746330898038	0.02373744539873543	17.84387391421708	4.431821698546027e6	310.3409433110447	5.344864959362887e6
0.024021746330898045	0.02460172023250977	0.024311733281703905	18.850425110542947	4.375728754085708e6	329.1913684215877	5.277927297447751e6
0.02460172023250977	0.025193293612153726	0.024897506922331746	19.9102890566155	4.320429504914518e6	349.1016574782032	5.212048605181238e6
0.025193293612153722	0.02579669845939056	0.02549499603577214	21.0259006795923	4.2658519639363345e6	370.12755815779553	5.147192742631436e6
0.02579669845939056	0.026412171403572132	0.026104434931481346	22.200467218817998	4.212060230566017e6	392.32802537661354	5.083331146645509e6
0.026412171403572136	0.02703995380663734	0.02672606260510474	23.439353460339728	4.1594575355777536e6	415.76737883695324	5.020465259252253e6
0.02703995380663734	0.027680291857763845	0.027360122832200594	24.744744312646414	4.107786731913339e6	440.51212314959963	4.9585792737014e6
0.027680291857763845	0.028333436669912882	0.028006864263838364	26.1190482597237	4.056853700920713e6	466.6311714093233	4.897645789256542e6
0.028333436669912882	0.0289996443783049	0.028666540524108892	27.566545768367043	4.006754335870278e6	494.1977171776904	4.837646265758409e6
0.028999644378304903	0.02967917624086476	0.029339410309584833	29.090334451962264	3.9573717562835994e6	523.2880516296526	4.778556012283544e6
0.02967917624086476	0.030372298740675815	0.03002573749077029	30.696350532027967	3.908951056144401e6	553.9844021616806	4.720368884384378e6
0.030372298740675818	0.031079283690483094	0.030725791215579456	32.38878139133993	3.8614397654270846e6	586.3731835530205	4.66307595102991e6
0.031079283690483087	0.03180040833928651	0.031439846014884795	34.17020356991505	3.814586800290886e6	620.5433871229355	4.606652498266012e6
0.03180040833928651	0.032535955481066	0.03216818191017626	36.04657864267334	3.768527770307725e6	656.5899657656089	4.551084893174477e6
0.032535955481066005	0.03328621356568108	0.032911084523373546	38.02113592223438	3.7230712232956477e6	694.6111016878433	4.496348086809427e6
0.03328621356568108	0.03405147681198846	0.03366884518883477	40.09875573666895	3.6781974503122014e6	734.7098574245123	4.442417808069024e6
0.03405147681198846	0.03483204532322199	0.03444176106760523	42.288406559658696	3.6342193956914158e6	776.998263984171	4.389292356754277e6
0.03483204532322199	0.03562822520468019	0.03523013526395109	44.59445027040204	3.5909771894202707e6	821.592714254573	4.336959869896863e6
0.03562822520468018	0.036440328683767544	0.03603427694422386	47.02317574472176	3.5484665478611453e6	868.6158899992948	4.285409261600391e6
0.036440328683767544	0.037268674232436655	0.036854501458102096	49.57643532701427	3.506344034613451e6	918.1923253263091	4.234608040604635e6
0.037268674232436655	0.03811358669207914	0.0376911304622579	52.26144054791569	3.464681245450584e6	970.4537658742247	4.1845309077027184e6
0.03811358669207915	0.03897539740091449	0.03854449204649682	55.09141498113837	3.423887062185036e6	1025.545180855363	4.1351810861764695e6
0.038975397400914484	0.03985444432392653	0.0394149208624205	58.07451896548302	3.3839534503204296e6	1083.619699820846	4.086561202779827e6
0.03985444432392653	0.040751072185398814	0.040302758254662674	61.2133150114477	3.3445396904670876e6	1144.8330148322939	4.0386518490113136e6
0.040751072185398814	0.04166563260410055	0.04120835239474968	64.51262158421083	3.30547668036877e6	1209.3456364165047	3.991424258258144e6
0.04166563260410054	0.042598484231176306	0.042132058417638424	67.98294356334434	3.266889391192885e6	1277.328579979849	3.9448598833676055e6
0.04259848423117632	0.0435499928907936	0.04307423856098496	71.64196517396148	3.2291781361801093e6	1348.9705451538107	3.898967294947835e6
0.043549992890793594	0.04452053172360322	0.04403526230719841	75.49807093626555	3.1922310590686505e6	1424.4686160900762	3.8537474302881877e6
0.044520531723603214	0.04551048133306903	0.04501550652833612	79.5536783236026	3.1556986733949683e6	1504.0222944136788	3.8091789731436344e6
0.045510481333069036	0.04652022993472417	0.0460153556338966	83.81712593165327	3.119511909843358e6	1587.839420345332	3.7652378214708534e6
0.04652022993472417	0.047550173508412404	0.04703520172156829	88.30315329129049	3.083823696844442e6	1676.1425736366225	3.721911394489681e6
0.04755017350841241	0.04860071595357441	0.048075444730993414	93.03102310306856	3.0488806709636603e6	1769.173596739691	3.679203746972124e6
0.04860071595357442	0.04967226924763966	0.04913649260060704	98.00719748434967	3.014455060084261e6	1867.1807942240407	3.637104334689869e6
0.04967226924763965	0.05076525360758619	0.05021876142761292	103.2420869554263	2.980463623965343e6	1970.422881179467	3.5955981834419766e6
0.0507652536075862	0.05188009765473167	0.051322675631158936	108.74516415879111	2.9467976447877507e6	2079.168045338258	3.5546645895154364e6
0.051880097654731665	0.05301723858282005	0.052448668118775854	114.53574803406283	2.9136069285087734e6	2193.7037933723204	3.514293797496247e6
0.05301723858282006	0.05417712232947021	0.05359718045614513	120.63272788745807	2.880978290519212e6	2314.3365212597787	3.474482266815555e6
0.0541771223294702	0.055360203751053355	0.054768663040261775	127.04624465342664	2.848761999665832e6	2441.3827659132053	3.4352173901213016e6
0.055360203751053355	0.05656694680106817	0.05596357527606076	133.79601726285003	2.8170255399705004e6	2575.1787831760553	3.3964917279594047e6
0.05656694680106818	0.057797824712083286	0.057182385756575735	140.89204815002145	2.785610108629116e6	2716.0708313260766	3.358288494651001e6
0.05779782471208328	0.059053320181318696	0.05842557244670099	148.35761715026075	2.754623012532013e6	2864.4284484763375	3.320598814529137e6
0.0590533201813187	0.06033392555993882	0.059693622870628765	156.21304047728879	2.7240781888647364e6	3020.641488953627	3.2834153525426486e6
0.06033392555993882	0.06164014304613134	0.06098703430303508	164.47552507750353	2.6939175081841946e6	3185.11701403113	3.2467277200477463e6
0.06164014304613134	0.06297248488204772	0.06230631396408953	173.1721411576121	2.664230713785951e6	3358.2891551887424	3.210531869027759e6
0.06297248488204771	0.06433147355468241	0.06365197921836506	182.31512153521044	2.6348546878936943e6	3540.604276723953	3.1748139679403855e6
0.06433147355468241	0.06571764200076981	0.06502455777772612	191.93380688767212	2.60587958575271e6	3732.538083611625	3.1395667545483904e6
0.06571764200076981	0.06713153381577895	0.06642458790827438	202.05073919067235	2.5772720533227e6	3934.5888228022973	3.1047814467390724e6
0.06713153381577895	0.06857370346708827	0.0678526186414336	212.6908679724803	2.5490188796680467e6	4147.279690774778	3.070449086661931e6
0.06857370346708827	0.07004471651142379	0.06930920998925602	223.8897636991224	2.5212136548881866e6	4371.1694544739	3.0365671381179458e6
0.07004471651142379	0.071545149816646	0.0707949331640349	235.6644202912544	2.4937151923994464e6	4606.833874765155	3.003124589631046e6
0.071545149816646	0.07307559178797267	0.07231037080230934	248.0512932644798	2.466592322720812e6	4854.885168029635	2.970115440246352e6
0.07307559178797267	0.07463664259872586	0.07385611719334927	261.0770132042973	2.4397909753455175e6	5115.962181233932	2.9375308110939977e6
0.07463664259872586	0.07622891442569413	0.07543277851221	274.77648884923354	2.413326932160801e6	5390.738670083166	2.905363420981854e6
0.07622891442569411	0.07785303168920174	0.07704097305744792	289.19143355845796	2.387253698059336e6	5679.930103641624	2.8736097898898497e6
0.07785303168920174	0.07950963129797951	0.07868133149359063	304.3467331864232	2.3614664592794175e6	5984.276836828047	2.8422602943724506e6
0.07950963129797951	0.08119936289893284	0.08035449709845618	320.2936275043035	2.336061810839472e6	6304.570464332351	2.811311884946125e6
0.08119936289893284	0.08292288913190524	0.08206112601541904	337.05945516279195	2.3109356060175747e6	6641.6299194951425	2.780755392593656e6
0.08292288913190525	0.0846808858895371	0.08380188751072118	354.69325872100933	2.286132895654048e6	6996.323178216151	2.7505850293158176e6
0.08468088588953708	0.08647404258232155	0.08557746423592932	373.24703388864737	2.261692421068372e6	7369.570212104798	2.7207977802181197e6
0.08647404258232155	0.08830306240896171	0.08738855249564163	392.7517647997257	2.2375096806226256e6	7762.321976904524	2.6913845028885226e6
0.08830306240896173	0.0901686626321347	0.08923586252054821	413.277664849877	2.213700261427472e6	8175.5996417544	2.662343705378328e6
0.09016866263213469	0.09207157485977112	0.09112011874595291	434.8591809375628	2.1901592039493537e6	8610.458822691962	2.633667653191998e6
0.09207157485977113	0.09401254533196028	0.09304206009586571	457.55674077482774	2.166914520949798e6	9068.01556346679	2.605350839959258e6
0.09401254533196027	0.09599233521359321	0.09500244027277674	481.43646627009457	2.143999993781051e6	9549.452029736884	2.5773901911724545e6
0.09599233521359321	0.09801172089285881	0.09700202805322601	506.5388295968009	2.1213205214401274e6	10055.990859333684	2.549777102523773e6
0.0980117208928588	0.1000714942857097	0.09904160758928425	532.9563161885219	2.0989944519821717e6	10588.947175522206	2.5225107056370685e6
0.10007149428570972	0.10217246314641765	0.10112197871606368	560.7372565128126	2.07693637403073e6	11149.684432035017	2.495585056329747e6
0.10217246314641763	0.10431545138433972	0.10324395726537867	589.9573296673159	2.0551620553788051e6	11739.641761702333	2.4689955676504956e6
0.10431545138433973	0.10650129938702026	0.10540837538567999	620.6997778773907	2.03369567272841e6	12360.341539579724	2.4427394288859493e6
0.10650129938702026	0.10873086434975439	0.10761608186838732	653.0169488369726	2.012447560419778e6	13013.358488416696	2.4168086304571093e6
0.10873086434975437	0.1110050206117432	0.10986794248074878	687.0271392632679	1.9915271787874943e6	13700.385627679963	2.391202283696634e6
0.1110050206117432	0.11332465999897179	0.11216484030535749	722.7947524657271	1.9708596106114085e6	14423.18038014569	2.36591507460563e6
0.11332465999897177	0.11569069217394494	0.11450767608645836	760.4230568737426	1.9504737662338954e6	15183.603437019432	2.340943784914873e6
0.11569069217394495	0.11810404499241757	0.11689736858318125	800.022104203607	1.9303960012223828e6	15983.625541223046	2.3162870047377585e6
0.11810404499241758	0.12056566486725966	0.11933485492983861	841.6507857552233	1.910517680526444e6	16825.27632697827	2.291936916565765e6
0.12056566486725963	0.12307651713959854	0.12182109100342908	885.4628218213053	1.8909452828703772e6	17710.739148799574	2.267892597775187e6
0.12307651713959855	0.12563758645738424	0.1243570517984914	931.5539614072012	1.8716327473043525e6	18642.293110206774	2.2441504453321123e6
0.12563758645738424	0.12824987716152564	0.12694373180945495	980.0352285191283	1.8525607996511017e6	19622.328338725903	2.2207059475382613e6
0.12824987716152564	0.13091441367974987	0.12958214542063776	1031.0796667857703	1.8338130021544714e6	20653.408005511672	2.1975598925057566e6
0.13091441367974987	0.13363224092833859	0.13227332730404423	1084.753038103995	1.8152620448103528e6	21738.161043615666	2.174705428641041e6
0.13363224092833859	0.13640442472189906	0.13501833282511883	1141.2522072002425	1.7970038496347847e6	22879.41325081591	2.1521418781478223e6
0.13640442472189906	0.13923205219133075	0.1378182384566149	1200.7186413722795	1.7790189470181547e6	24080.13189218819	2.129867461569004e6
0.1392320521913308	0.14211623221015113	0.14067414220074098	1263.273017027355	1.7612508997614128e6	25343.404909215544	2.107877160678492e6
0.1421162322101511	0.14505809582934784	0.14358716401974947	1329.155834858263	1.7438016128435284e6	26672.560744073806	2.0861723594525035e6
0.14505809582934784	0.1480587967209285	0.14655844627513817	1398.4911682585466	1.7265942136100293e6	28071.051912332354	2.0647497939362025e6
0.1480587967209285	0.1511195116303408	0.14958915417563465	1471.500633765769	1.7096702173386905e6	29542.552546098123	2.0436088893093434e6
0.1511195116303408	0.1542414408379413	0.15268047623414105	1548.441142757807	1.6930884392247493e6	31090.99368885593	2.02275262179257e6
0.1542414408379413	0.15742580862969385	0.15583362473381757	1629.4317065729838	1.6767395915370276e6	32720.425395428916	2.0021773021872866e6
0.15742580862969385	0.16067386377728143	0.15904983620348764	1714.7738368742246	1.6607032855458187e6	34435.19923230314	1.981884213881397e6
0.16067386377728143	0.16398688002782077	0.16233037190255112	1804.7040552886517	1.6449697740827585e6	36239.90328759179	1.9618739978244854e6
0.16398688002782077	0.1673661566033709	0.16567651831559582	1899.3852194291135	1.6294553975444278e6	38139.2885070209	1.9421423045974586e6
0.1673661566033709	0.17081301871043203	0.16908958765690146	1999.2051792016828	1.6142649818207335e6	40138.49368622259	1.9226912832786622e6
0.170813018710432	0.17432881805963435	0.1725709183850332	2104.357017556587	1.5993195096935483e6	42242.85070377917	1.9035182807426124e6
0.17432881805963435	0.17791493339582073	0.17612187572772753	2215.065660172405	1.5845679903066934e6	44457.916363951575	1.8846177973663704e6
0.17791493339582073	0.18157277103873085	0.1797438522172758	2331.7666398309257	1.5701014608729663e6	46789.6830037825	1.865990073071732e6
0.18157277103873087	0.1853037654344992	0.18343826823661502	2454.6490972247307	1.5558226899501267e6	49244.33210100723	1.847629590186193e6
0.18530376543449914	0.1891093797181828	0.187206572576341	2584.0533857211403	1.541734920683049e6	51828.38548672837	1.8295313702442278e6
0.18910937971818284	0.19299110628754018	0.1910502430028615	2720.404519347511	1.5278775675543451e6	54548.790006075884	1.8116930793711285e6
0.19299110628754018	0.19695046738828467	0.1949707868379124	2863.9252320136698	1.514163197639532e6	57412.71523808956	1.794107368748969e6
0.19695046738828464	0.20098901571104402	0.19896974154966435	3015.0335112367056	1.5006106153815975e6	60427.74874932626	1.7767684563939208e6
0.20098901571104408	0.20510833500025866	0.20304867535565135	3174.1902683592493	1.4872446656683402e6	63601.93901768551	1.759672387652236e6
0.20510833500025863	0.2093100406752575	0.20720918783775805	3341.6522049806827	1.4739843006638626e6	66943.59122266619	1.742810673426775e6
0.2093100406752575	0.21359578046375632	0.2114529105695069	3517.926105159072	1.4608608416480601e6	70461.51732782526	1.7261771946601754e6
0.21359578046375632	0.21796723504802512	0.21578150775589072	3703.4712904145367	1.447870926837869e6	74164.9886182398	1.7097660124514676e6
0.21796723504802512	0.2224261187239793	0.2201966768860022	3898.604072433068	1.4349499874419232e6	78063.59269067287	1.6935677488986591e6
0.22242611872397927	0.22697418007345255	0.2247001493987159	4103.978364093714	1.4221563187891317e6	82167.57105476658	1.67757703387462e6
0.22697418007345255	0.23161320264991528	0.22929369136168393	4320.015395296101	1.4094507942601165e6	86487.58645006268	1.6617865241902233e6
0.23161320264991528	0.23634500567790726	0.23397910416391127	4547.126566230448	1.396791462819518e6	91034.71301629313	1.6461868562732607e6
0.23634500567790728	0.2411714447664591	0.2387582252221832	4786.087382820768	1.38424338636987e6	95820.8003991139	1.630773064846216e6
0.24117144476645908	0.24609441263678192	0.2436329287016205	5037.397020046289	1.3717739996640002e6	100858.19741916019	1.61553857412869e6
0.24609441263678195	0.25111583986451125	0.2486051262506466	5301.442752302997	1.3593212771342425e6	106159.6401714632	1.6004735624326183e6
0.25111583986451125	0.25623769563679516	0.2536767677506532	5579.064177919137	1.3469392366043862e6	111738.70434938233	1.5855719779211215e6
0.2562376956367951	0.2614619885245247	0.25884984208065986	5871.033240788532	1.3346475941618348e6	117609.73759017086	1.5708292955520377e6
0.2614619885245247	0.26679076727000883	0.2641263778972668	6177.525638591173	1.3223265620652374e6	123787.26322876204	1.5562342314244965e6
0.26679076727000883	0.27222612159040266	0.2695084444302057	6499.712801152725	1.3100774408569376e6	130286.97602991476	1.5417821292593642e6
0.2722261215904027	0.2777701829972044	0.27499815229380353	6838.314821126345	1.2978871540170126e6	137125.2908510411	1.5274678486766473e6
0.2777701829972044	0.28342512563214217	0.2805976543146733	7193.8161571986375	1.2856966016744736e6	144319.10700823972	1.51328309375318e6
0.28342512563214217	0.28919316711977866	0.2863091463759604	7567.396025171329	1.2735707911545204e6	151886.50303341105	1.49922388096076e6
0.28919316711977866	0.29507656943716787	0.29213486827847324	7959.906153226038	1.261502354556849e6	159846.4091866371	1.485286036754167e6
0.2950765694371678	0.3010776398009048	0.2980771046190363	8371.662309521082	1.249399166286906e6	168218.07149615817	1.4714602408795354e6
0.30107763980090485	0.3071987315719166	0.3041381856864107	8804.01181678442	1.237329311101879e6	177022.0833129426	1.4577417214791568e6
0.30719873157191663	0.3134422451783486	0.3103204883751326	9257.830101785776	1.2252782655326033e6	186279.91341472836	1.4441251437754699e6
0.31344224517834857	0.31981062905690916	0.31662643711762883	9734.131135158494	1.2132466636438994e6	196014.04454988686	1.4306055310413023e6
0.3198106290569092	0.326306380613041	0.3230585048349751	10233.916001346855	1.2012283927882346e6	206247.96055123373	1.4171778479848716e6
0.326306380613041	0.33293204720029546	0.32961921390666826	10758.790132787493	1.1892805950740273e6	217006.75068402122	1.4038407058243144e6
0.3329320472002955	0.33969022711929503	0.33631113715979527	11309.730552195522	1.177376956367582e6	228316.48123621673	1.390591261833174e6
0.33969022711929503	0.34658357063667455	0.3431368988779848	11887.413493775597	1.1654620448520482e6	240203.89472999232	1.3774236028247452e6
0.3465835706366745	0.35361478102440164	0.35009917583053807	12492.924272810109	1.1535259693134807e6	252696.81900280243	1.3643315908210077e6
0.35361478102440164	0.3607866156198833	0.35720069832214246	13127.928962161326	1.1416077316345382e6	265824.7479649637	1.3513117343408465e6
0.3607866156198833	0.3681018869072746	0.36444425126357893	13794.510177591314	1.129767803596349e6	279619.258142555	1.3383642854122077e6
0.36810188690727463	0.37556346362041376	0.3718326752638442	14493.566245043512	1.1179570305715066e6	294112.82438759855	1.325486611682316e6
0.3755634636204137	0.3831742718678156	0.37936886774411466	15227.197902214484	1.1062197436669634e6	309340.02228981303	1.3126788284631807e6
0.38317427186781555	0.3909372962801655	0.38705578407399055	15996.609575658205	1.094524399265706e6	325336.63186547125	1.2999392045222458e6
0.39093729628016555	0.3988555811807625	0.394896438730464	16802.061343144975	1.082780916556813e6	342138.6932086162	1.287260854069917e6
0.3988555811807624	0.40693223177937127	0.40289390648006684	17646.018456425714	1.071049709910937e6	359784.7116650419	1.2746408267198203e6
0.40693223177937127	0.4151704153899523	0.4110513235846618	18532.57741540505	1.0594680224626567e6	378317.289080447	1.2620843572587562e6
0.4151704153899523	0.4235733626727449	0.4193718890313486	19461.75982592279	1.0479183473146954e6	397779.0489063698	1.2495895178547085e6
0.423573362672745	0.43214436890119345	0.4278588657869692	20434.637398402578	1.0363576722830991e6	418213.6863047724	1.237151987585904e6
0.4321443689011934	0.4408867952542109	0.43651558207770214	21454.890259994736	1.0248738977663232e6	439668.5765647671	1.2247728282851165e6
0.4408867952542108	0.44980407013428864	0.44534543269424975	22524.179347406938	1.013440936740001e6	462192.75591217406	1.2124515200608931e6
0.4498040701342887	0.45889969051196805	0.45435188032312834	23645.824131133675	1.0021047071150243e6	485838.58004330774	1.2001902520485315e6
0.4588996905119681	0.468177223297201	0.46353845690458456	24818.816864835193	990723.9775407292	510657.39690814295	1.1879828554279194e6
0.4681772232972011	0.4776403067381387	0.4729087650176699	26047.79397416878	979397.9632259045	536705.1908823118	1.175829307278049e6
0.47764030673813856	0.4872926518478949	0.4824664792930167	27337.85511863744	968217.56501405	564043.0460009492	1.1637348830854574e6
0.48729265184789494	0.4971380438598464	0.49221534785387067	28685.859783598116	956974.1616994154	592728.9057845473	1.1516923987143417e6
0.49713804385984633	0.5071803437120368	0.5021591937859415	30097.23999890276	945771.6945339482	622826.1457834501	1.1397011468872095e6
0.5071803437120368	0.517423489561271	0.5123019166366539	31576.357127697338	934657.2418169136	654402.5029111474	1.1277632043692975e6
0.5174234895612712	0.5278714983274901	0.5226474939443806	33124.10547095876	923567.3243657722	687526.6083821062	1.1158768321792712e6
0.5278714983274901	0.5385284672690335	0.5331999827982619	34745.188964944165	912549.4406844899	722271.7973470504	1.1040431593553368e6
0.5385284672690335	0.5493985755894076	0.5439635214292206	36440.26762020219	901537.5430193503	758712.0649672525	1.0922594067303953e6
0.5493985755894077	0.5604860860761894	0.5549423308327985	38213.19687713109	890552.0540358853	796925.2618443837	1.080524147840477e6
0.5604860860761894	0.5717953467727067	0.5661407164244481	40068.307020592576	879617.1567108087	836993.5688649763	1.0688374479639083e6
0.5717953467727067	0.5833307926831544	0.5775630697279306	42012.340182709944	868799.0825652384	879005.9090476863	1.0572032218481114e6
0.5833307926831544	0.595096947511811	0.5892138700974827	44042.15780629024	857953.6196885826	923048.0668539763	1.0456167699321082e6
0.5950969475118111	0.6070984254370408	0.601097686474426	46160.012008310056	847065.0802736242	969208.0788622864	1.0340727573089836e6
0.6070984254370407	0.619339932920775	0.6132191791789079	48381.22172563024	836346.3835309728	1.0175893005879166e6	1.0225785403119473e6
0.619339932920775	0.631826270554184	0.6255831017374796	50704.35749849927	825687.8803038667	1.0682936580864158e6	1.0111346722698967e6
0.631826270554184	0.6445623349402613	0.6381943027472227	53128.52224604565	815008.9302084275	1.1214221803324616e6	999736.9889069264
0.6445623349402613	0.65755312061406	0.6510577277771606	55662.96387000162	804391.8107421424	1.1770851442024633e6	988386.3516770006
0.65755312061406	0.6708037220013348	0.6641784213076973	58305.88946086614	793748.7307468345	1.2353910336633294e6	977078.4722681759
0.6708037220013346	0.6843193354163548	0.6775615287088448	61071.50449376887	783215.2139802304	1.2964625381570982e6	965817.1867713892
0.6843193354163548	0.6981052610996754	0.6912122982580151	63964.32032106563	772777.8813435617	1.3604268584781638e6	954605.3307922202
0.6981052610996754	0.7121669052966624	0.7051360831981689	66972.79041127831	762240.737086103	1.4273996488894422e6	943434.1930932144
0.7121669052966624	0.7265097823775891	0.7193383438371257	70117.62957846497	751796.4589393364	1.497517278467907e6	932306.7605868098
0.7265097823775891	0.7411395170001344	0.7338246496888617	73406.03342689094	741457.8522643535	1.570923311894798e6	921226.5899503649
0.7411395170001344	0.7560618463151305	0.7486006816576325	76821.80822298891	731009.8425404921	1.6477451201177868e6	910184.5459021564
0.7560618463151304	0.7712826222164265	0.7636722342657785	80398.01628456361	720726.1825120082	1.7281431364023504e6	899187.9170647849
0.7712826222164265	0.7868078136357485	0.7790452179260875	84137.44987241724	710563.3645511036	1.8122805862747675e6	888241.0422091822
0.7868078136357485	0.8026435088834569	0.7947256612596028	88021.76072530096	700316.2604676491	1.9003023470000685e6	877336.1044004002
0.8026435088834569	0.8187959180361195	0.8107197134597882	92078.13932430904	690165.9527780383	1.9923804863243778e6	866476.2505675828
0.8187959180361196	0.8352713753718355	0.8270336467039776	96314.44612791487	680116.5907859631	2.0886949324522926e6	855664.685494779
0.8352713753718353	0.8520763418542654	0.8436738586130503	100738.97865395845	670172.3174477592	2.189433911106251e6	844904.6680957408
0.8520763418542654	0.8692174076663441	0.8606468747603048	105357.36144654002	660317.5673776655	2.294791272552791e6	834198.3651646448
0.8692174076663441	0.8867012947946644	0.8779593512305043	110163.77579225443	650470.768155794	2.4049550483450457e6	823543.0871426616
0.8867012947946645	0.9045348596655512	0.8956180772301079	115178.27936730612	640711.4801047342	2.520133327712352e6	812940.9157186933
0.9045348596655511	0.9227250958338555	0.9136299777497033	120401.50885383021	630999.041600667	2.6405348365661823e6	802391.4543297882
0.9227250958338556	0.9412791367255261	0.9320021162796909	125852.17776504114	621389.9452664257	2.7663870143312234e6	791897.6055488692
0.9412791367255261	0.96020425843503	0.950741697580278	131533.24217964654	611853.6524242717	2.89792025651087e6	781460.3332039312
0.9602042584350299	0.9795078825787238	0.9698560705068768	137459.42739144524	602416.5568523803	3.0353796839023153e6	771082.0756325717
0.9795078825787238	0.9991975792052916	0.9893527308920077	143633.21697479134	593047.3244481446	3.1790129008771065e6	760763.3137739075
0.9991975792052917	1.0192810697643908	1.0092393244848412	150069.36697267462	583768.0610731851	3.329082267849781e6	750505.7824119623
1.0192810697643908	1.039766230134672	1.0295236499495313	156775.89522639918	574570.168025743	3.48585816307618e6	740310.6177592721
1.039766230134672	1.0606610937123586	1.0502136619235154	163773.20434988238	565488.5156548609	3.6496313674260625e6	730180.9110874987
1.0606610937123588	1.0819738545615993	1.071317474136979	171056.80326268636	556467.8465367543	3.820688170688749e6	720116.3729493343
1.0819738545615993	1.1037128706278245	1.0928433625947118	178656.20424701506	547568.1725075945	3.999344374935764e6	710120.2080916793
1.1037128706278245	1.1258866670153744	1.1147997688215994	186587.4098437373	538795.9948531322	4.185931784779501e6	700195.8120787472
1.1258866670153742	1.148503939330675	1.1371953031730246	194848.27951164683	530105.1875654147	4.3807800642911475e6	690343.7118790474
1.1485039393306753	1.171573557092282	1.1600387482114787	203402.99000595883	521372.07319360704	4.584183054297106e6	680557.2413706735
1.171573557092282	1.195104567209121	1.1833390621507016	212135.45119709385	512306.7819690241	4.796318505494201e6	670813.3355411928
1.195104567209121	1.2191061975282966	1.2071053823687088	220977.90502996318	502798.02665872924	5.017296410524163e6	661083.8267329972
1.2191061975282966	1.2435878604538557	1.2313470289910762	229919.84480317924	492890.4912169525	5.247216255327343e6	651344.7728198123
1.243587860453856	1.2685591566379264	1.2560735085458912	238969.8114264162	482667.0755436704	5.486186066753759e6	641578.4236624567
1.268559156637926	1.2940298787456777	1.2812945176918018	248187.64479077762	472298.75290727685	5.734373711544537e6	631777.9595482361
1.2940298787456779	1.3200100152955847	1.3070199470206312	257582.73910296737	461834.8836380481	5.991956450647504e6	621939.814752568
1.3200100152955847	1.3465097545764897	1.3332598849360373	267134.53601272457	451268.11800251424	6.259090986660229e6	612060.2054172083
1.3465097545764895	1.3735394886430126	1.360024621609751	276891.5519601093	440707.287358417	6.535982538620339e6	602141.8670603824
1.3735394886430126	1.401109817390866	1.3873246530169392	286850.93745417136	430163.90320874547	6.82283347607451e6	592188.0426703562
1.401109817390866	1.4292315527136765	1.4151706850522712	297003.2666145891	419640.414346419	7.119836742689099e6	582201.9287186967
1.4292315527136763	1.457915722742943	1.4435736377283095	307352.85866105015	409159.7745854937	7.427189601350149e6	572187.864528744
1.4579157227429431	1.487173576172795	1.4725446494578691	317917.12560805347	398758.88050988736	7.745106726958202e6	562152.0726905321
1.487173576172795	1.5170165866712442	1.5020950814220195	328677.40931976255	388425.94066576863	8.073784136277964e6	552099.7323932867
1.5170165866712444	1.5474564573796623	1.5322365220254532	339633.5428240501	378174.29403126397	8.413417679102015e6	542036.4941382139
1.5474564573796623	1.5785051255022486	1.5629807914409555	350803.04066816677	368034.8516896678	8.764220719770182e6	531969.4690397084
1.5785051255022486	1.6101747669872868	1.5943399462447676	362166.38111331157	357996.6706675144	9.126387100883493e6	521904.7226509295
1.6101747669872866	1.6424778013020254	1.626326284144656	373727.05660614825	348074.10711380764	9.50011415748964e6	511848.7992722068
1.6424778013020256	1.6754268963030592	1.6589523488025424	385495.71383842296	338286.0581725142	9.885609871328063e6	501808.9568607682
1.6754268963030592	1.7090349732041135	1.6922309347535864	397459.0886969206	328628.61142912676	1.0283068960024985e7	491791.80627076904
1.709034973204113	1.7433152116431883	1.7261750924236505	409613.59975008265	319107.27468899067	1.0692682559775067e7	481803.8937261921
1.7433152116431885	1.7782810548510453	1.7607981332471168	421956.4007206583	309727.8798849363	1.1114638960495725e7	471851.723356879
1.7782810548510457	1.8139462149230596	1.7961136348870528	434500.1017180657	300506.5562701782	1.1549139062213792e7	461942.3552007028
1.8139462149230594	1.8503246781965137	1.8321354465597866	447213.8171792501	291428.2022561104	1.1996352879393041e7	452081.56690145325
1.8503246781965135	1.8874307107354367	1.868877694465975	460097.35343985265	282500.56585441786	1.2456450232832894e7	442275.24948541407
1.887430710735437	1.9252788639251386	1.9063547873302877	473174.9385672057	273744.53238835273	1.29296251714001e7	432530.16045927757
1.9252788639251386	1.9638839801786343	1.9445814220518864	486436.08901744225	265157.8757172922	1.3416061260417541e7	422852.5372379393
1.9638839801786343	2.0032611987571998	1.983572589467917	499832.71882749477	256719.77429272578	1.3915893979245037e7	413247.052196325
2.0032611987571998	2.0434259617073365	2.023343580232268	513380.2769824595	248445.17987447986	1.4429274256227497e7	403718.9717258682
2.0434259617073365	2.084394019916476	2.063909990811906	527141.9778005062	240367.96770113354	1.4956416234028004e7	394275.21581578354
2.084394019916476	2.1261814392897986	2.1052877296031376	541002.4041194769	232437.71782933953	1.549741863814748e7	384919.38907020615
2.126181439289799	2.1688046070505878	2.1474930231701936	555009.5335866117	224681.3764481685	1.6052428171734093e7	375656.44532231585
2.1688046070505878	2.2122802381665925	2.19054242260859	569174.9830593987	217106.31300147693	1.6621603154793492e7	366491.47778315283
2.212280238166592	2.2566253819049167	2.234452810035754	583448.0354741849	209695.74703833077	1.7205051190267675e7	357428.3150566682
2.256625381904917	2.3018574285180082	2.2792414052114625	597881.4785803985	202471.58960203486	1.7802932668848075e7	348471.8308294899
2.3018574285180082	2.347994116063361	2.3249257722906846	612367.0241014758	195399.33713614382	1.8415299692949552e7	339624.6226804543
2.347994116063361	2.395053537359621	2.371523826711491	627054.0027166529	188529.47703781625	1.9042353695666205e7	330892.0560786058
2.395053537359621	2.4430541470818063	2.4190538422207135	641731.9084118413	181799.08659879418	1.9684085604078047e7	322275.54968724464
2.4430541470818063	2.4920147689984353	2.467534458040121	656527.2449199371	175248.88482698094	2.0340612848997984e7	313778.7936005766
2.4920147689984353	2.5419546033533966	2.516984686175916	671511.5529837698	168896.68815440586	2.1012124401981752e7	305406.29422715877
2.5419546033533966	2.5928932343954574	2.567423918874427	686398.6784081976	162670.9089913727	2.169852308038995e7	297158.1606849386
2.5928932343954574	2.6448506380583594	2.6188719362269084	701492.4145955397	156647.2970869437	2.240001549498549e7	289038.87330254476
2.644850638058359	2.6978471897945187	2.6713489139264386	716805.5561219257	150823.28977360518	2.3116821051107418e7	281052.5053553335
2.697847189794519	2.751903672565402	2.7248754311799606	731918.3515891584	145110.03230131505	2.3848739402696576e7	273197.76070298784
2.7519036725654016	2.807041284991702	2.779472478778552	747118.7729830922	139570.2416894365	2.459585817567967e7	265477.0422768658
2.8070412849917026	2.863281649666529	2.835161467329116	762724.7217230162	134257.94475902928	2.5358582897402685e7	257895.73575932876
2.8632816496665288	2.920646821634852	2.8919642356506903	778308.0469460837	129090.202257519	2.6136890944348764e7	250454.12378104884
2.920646821634852	2.9791592970425413	2.9499030593386966	793647.6957364269	124033.69924959107	2.693053864008519e7	243150.54831753953
2.979159297042542	3.038842021958385	3.0090006595004635	809105.4610878578	119148.29204247566	2.7739644101173047e7	235986.90556952648
3.038842021958385	3.099718401372545	3.069280211665465	824961.586098399	114468.95847750668	2.8564605687271446e7	228967.0029879368
3.099718401372545	3.1618123083749885	3.130765354873767	840841.8010880796	109936.05999624019	2.9405447488359526e7	222090.9829563965
3.161812308374988	3.2251480935174803	3.193480200946234	856615.1880822802	105531.97270762037	3.0262062676441807e7	215357.9619259122
3.2251480935174803	3.2897505943628222	3.2574493439401513	872194.0026088404	101247.50400582977	3.1134256679050647e7	208766.57680772996
3.2897505943628227	3.3556451452250715	3.322697869793947	887901.036595014	97120.13047985062	3.202215771564566e7	202317.70840025923
3.355645145225072	3.422857587104566	3.389251366164819	903955.6282098243	93167.78764177361	3.2926113343855485e7	196013.222823704
3.422857587104566	3.4914142778216495	3.4571359324631077	920049.0663750354	89351.97063545068	3.384616241023052e7	189852.65459715706
3.491414277821649	3.5613421023530742	3.5263781900873616	936111.8054504952	85663.50421747686	3.478227421568101e7	183835.03553905088
3.5613421023530742	3.632668483375128	3.597005292864101	952118.2574094941	82098.35509863352	3.57343924730905e7	177959.2208198232
3.6326684833751277	3.7054213920176227	3.669044937696375	968021.5463002814	78651.04686466049	3.6702414019390784e7	172223.8158264586
3.705421392017622	3.779629358832967	3.7425253754252945	983808.9749226919	75319.36453850725	3.768622299431348e7	166627.3789579716
3.7796293588329672	3.8553214849846187	3.817475421908793	999737.1404689904	72120.46708609255	3.868596013478247e7	161169.54319038958
3.855321484984619	3.932527453659304	3.8939244693219615	1.0158868132242219e6	69055.0285118011	3.970184694800669e7	155850.00190943602
3.9325274536593033	4.011277541707481	3.9719024976833923	1.0320351889293245e6	66103.15818518391	4.0733882136936024e7	150667.31784581573
4.011277541707481	4.091602631516623	4.051440086612052	1.0481640262297216e6	63260.86105223577	4.178204616316575e7	145619.9063800367
4.091602631516623	4.173534223121948	4.132568427319285	1.0642666906750104e6	60525.01173398966	4.284631285384076e7	140706.09427417535
4.173534223121948	4.257104446559379	4.215319334840663	1.0803313663692137e6	57892.242505053706	4.392664422020997e7	135924.11079281513
4.257104446559379	4.342346074465558	4.299725260512469	1.0963576479805554e6	55359.86403441134	4.502300186819053e7	131272.13250341298
4.342346074465559	4.429292534929862	4.38581930469771	1.1123389595347666e6	52924.85597666946	4.613534082772529e7	126748.26720029302
4.4292925349298615	4.517977924603451	4.473635229766656	1.1282818337867127e6	50584.829544342836	4.7263622661512e7	122350.59433753545
4.51797792460345	4.608437022070511	4.5632074733369805	1.1441734472621633e6	48336.48864632925	4.840779610877416e7	118077.1142711305
4.608437022070511	4.700705301486913	4.654571161778712	1.1600120268887193e6	46177.09793393127	4.956780813566288e7	113925.78519854216
4.700705301486913	4.794818946491643	4.747762123989277	1.175812330998088e6	44104.55339861503	5.074362046666097e7	109894.56203776877
4.794818946491643	4.890814864396467	4.842816905444055	1.1915488110023842e6	42115.202011334404	5.193516927766335e7	105981.30717438283
4.890814864396468	4.988730700659389	4.939772782527928	1.2072349720334492e6	40206.92326318456	5.31424042496968e7	102183.8842803779
4.988730700659389	5.088604853647568	5.038667777153478	1.2229250702642691e6	38378.78374729732	5.436532931996107e7	98500.2267654792
5.088604853647569	5.190476489695512	5.13954067167154	1.2386088072103579e6	36627.5766541376	5.560393812717143e7	94928.20248903072
5.190476489695511	5.294385558464413	5.242431024079962	1.2542410581419424e6	34949.26354649697	5.685817918531337e7	91465.56952999951
5.294385558464413	5.400372808608692	5.347379183536552	1.269808982405573e6	33341.00808055703	5.812798816771894e7	88110.05192062049
5.400372808608693	5.508479803755858	5.454426306182276	1.2852905104637772e6	31799.864321597248	5.941327867818272e7	84859.33527928767
5.508479803755859	5.618748938805967	5.563614371280913	1.3006867088504063e6	30323.589822227885	6.071396538703313e7	81711.10963322602
5.618748938805966	5.731223456557077	5.6749861976815215	1.3160171700156338e6	28910.374444339384	6.202998255704876e7	78663.09411138154
5.7312234565570765	5.845947464663209	5.788585460610143	1.331278496452321e6	27557.868741729875	6.3361261053501084e7	75713.0041226938
5.845947464663211	5.962965952931467	5.904456708797339	1.346442306320786e6	26263.300413260666	6.470770335982187e7	72858.52715424908
5.962965952931466	6.082324810965086	6.022645381948276	1.36154100291228e6	25025.191326849854	6.6069244362734154e7	70097.39908197995
6.082324810965086	6.204070846159379	6.143197828562233	1.376574642338131e6	23841.40571271054	6.744581900507228e7	67427.36340642297
6.20407084615938	6.328251802057558	6.266161324108468	1.3914970531223523e6	22709.10777068257	6.883731605819464e7	64846.13039798402
6.328251802057558	6.4549163770737	6.3915840895656295	1.406322882879119e6	21626.62660331121	7.024363894107376e7	62351.446249986395
6.454916377073701	6.584114243590166	6.519515310331934	1.4210128421639998e6	20591.499085097956	7.166465178323776e7	59941.04526877486
6.584114243590165	6.71589606743696	6.650005155513563	1.435546399103506e6	19601.69737764947	7.310019818234126e7	57612.67567879601
6.715896067436961	6.850313527760691	6.783104797598826	1.4500094936122156e6	18656.665733545375	7.455020767595348e7	55364.18377957003
6.85031352776069	6.987419337290895	6.9188664325257925	1.4643664914537158e6	17754.15292277373	7.60145741674072e7	53193.41041383077
6.987419337290895	7.127267263011704	7.057343300151299	1.4786189472342415e6	16892.49017304251	7.749319311464144e7	51098.224894972744
7.127267263011705	7.269912147246929	7.198589705129317	1.4927532606108682e6	16069.890258787169	7.89859463752523e7	49076.51652016383
7.269912147246929	7.4154099291668585	7.342661038206893	1.506762889745802e6	15284.720730522582	8.049270926499811e7	47126.202343676545
7.415409929166858	7.5638176667251855	7.489613797946022	1.5206616915888458e6	14535.605891715468	8.201337095658694e7	45245.24038686927
7.5638176667251855	7.71519355903468	7.639505612879933	1.53441869598456e6	13820.780930666402	8.35477896525715e7	43431.604809427605
7.715193559034678	7.869596969190362	7.79239526411252	1.5480943909558242e6	13139.369581323186	8.509588404352732e7	41683.336253520916
7.869596969190363	8.027088447549161	7.948342708369762	1.5616494289813268e6	12489.620591769111	8.665753347250865e7	39998.48750137653
8.027088447549161	8.187729755475134	8.107409101512147	1.5750778403039747e6	11870.159133969371	8.823261131281263e7	38375.144493996224
8.187729755475134	8.351583889559627	8.26965682251738	1.588379117852513e6	11279.704404424623	8.982099043066514e7	36811.42983813082
8.351583889559627	8.51871510632581	8.435149497942719	1.6015800528692566e6	10717.202488117904	9.14225704835344e7	35305.513778533656
8.51871510632581	8.689188947427317	8.603952026876563	1.6146868901485924e6	10181.471280341417	9.303725737368299e7	33855.60404500978
8.689188947427317	8.863072265350853	8.776130606389085	1.6277131685675296e6	9671.408599361499	9.466497054225051e7	32459.948296222294
8.863072265350853	9.04043324963286	8.951752757491857	1.6406442987222315e6	9185.781593578022	9.630561484097275e7	31116.824269468045
9.04043324963286	9.221341453600507	9.130887351616684	1.653196349470984e6	8722.001063529016	9.795881119044374e7	29824.459767953216
9.221341453600507	9.405867821647508	9.313604637624007	1.665355424891282e6	8279.208803110818	9.962416661533502e7	28581.135432717252
9.405867821647508	9.594084717055448	9.499976269351478	1.6775492694427723e6	7858.643138475947	1.0130171588477778e8	27385.30267281614
9.594084717055447	9.786065950371546	9.690075333713496	1.6897043788522426e6	7458.879237685235	1.0299142026363003e8	26235.420119808343
9.786065950371546	9.981886808353966	9.883976379362757	1.7017171804675043e6	7078.495615253654	1.0469313744409753e8	25129.953401117124
9.981886808353966	10.181624083496034	10.081755445925001	1.71365532104078e6	6716.885837018396	1.0640679276513831e8	24067.42176625102
10.181624083496034	10.385356104140945	10.28349009381849	1.7255242144368803e6	6373.186517365744	1.081323169795752e8	23046.380160706576
10.385356104140945	10.593162765198754	10.48925943466985	1.7373013066807927e6	6046.470790624716	1.09869618286256e8	22065.413499399925
10.593162765198754	10.805125559477718	10.699144162338236	1.7489838604983084e6	5735.932326904083	1.1161860214675431e8	21123.141889332972
10.805125559477718	11.021327609642261	10.91322658455999	1.7604947602958642e6	5440.57142764344	1.1337909690705018e8	20218.207437494526
11.021327609642261	11.241853700810095	11.131590655226178	1.7714218442674372e6	5158.5006954245855	1.1515051875131762e8	19349.221755955907
11.241853700810095	11.466790313801287	11.35432200730569	1.7820214163303697e6	4889.971038677449	1.1693254016764799e8	18514.891105515315
11.466790313801285	11.696225659052299	11.581507986426793	1.7928500771579363e6	4635.849856783357	1.1872539024480592e8	17714.046501784254
11.6962256590523	11.930249711208337	11.813237685130318	1.8036154289807111e6	4394.621696953444	1.2052900567378663e8	16945.499017244783
11.930249711208337	12.168954244407493	12.049601977807914	1.8143128440027176e6	4165.64291191258	1.2234331851778935e8	16208.0912348646
12.168954244407491	12.41243286827063	12.290693556339061	1.8249487295948572e6	3948.3258001988415	1.241682672473842e8	15500.698655437513
12.41243286827063	12.660781064611031	12.53660696644083	1.8355027771715834e6	3742.0531207494737	1.2600377002455579e8	14822.226091264005
12.66078106461103	12.914096224878238	12.787438644744633	1.8457428382904856e6	3545.8374128512596	1.2784951286284627e8	14171.584611092958
12.91409622487824	13.172477688350792	13.043286956614516	1.855312573051062e6	3358.594481701358	1.2970482543589734e8	13547.685596109386
13.172477688350792	13.436026781092796	13.304252234721794	1.8647020901305582e6	3180.848072773516	1.3156952752602789e8	12949.533496488737
13.436026781092798	13.704846855689642	13.570436818391219	1.8743764728683664e6	3012.8909084017287	1.3344390399889626e8	12376.207127928803
13.70484685568964	13.97904333177842	13.84194509373403	1.8840556187059493e6	2853.7343357520976	1.353279596176022e8	11826.78144515623
13.979043331778422	14.258723737388978	14.1188835345837	1.8937234915421729e6	2702.898574363391	1.372216831091444e8	11300.35712434056
14.258723737388976	14.543997751111744	14.401360744250361	1.9033610261775642e6	2559.928505171278	1.3912504413532194e8	10796.060500199228
14.543997751111744	14.834977245108966	14.689487498110356	1.9123663242885936e6	2423.658075905419	1.4103741045961055e8	10313.001065466467
14.834977245108968	15.131776328986135	14.98337678704755	1.9207470703595916e6	2293.8454691988527	1.4295815752997014e8	9850.325767004191
15.131776328986136	15.434511394540847	15.283143861763492	1.9293320234206235e6	2171.174743593151	1.4488748955339077e8	9407.270262220269
15.434511394540843	15.743301161406647	15.588906277973745	1.938042110316775e6	2055.156758182619	1.4682553166370755e8	8983.086109421756
15.743301161406647	16.058266723609766	15.900783942508205	1.946765656714839e6	1945.312905150685	1.4877229732042238e8	8577.040456952605
16.05826672360977	16.37953159705695	16.218899160333358	1.9554979255195921e6	1841.3116690808747	1.5072779524594197e8	8188.423629086617
16.37953159705695	16.707221767973074	16.54337668251501	1.963499157094535e6	1742.18762177559	1.526912944030365e8	7816.511214365484
16.707221767973074	17.041465742307523	16.8743437551403	1.9709165995717002e6	1647.8846679418173	1.546622110026082e8	7460.617378643142
17.041465742307526	17.382394596128663	17.211930169218093	1.9787182444728739e6	1558.9672276594479	1.5664092924708107e8	7120.128437806216
17.382394596128663	17.730142027026222	17.55626831157744	1.9866469710554224e6	1474.919396930708	1.586275762181365e8	6794.436365261799
17.730142027026222	18.084844406541734	17.907493216783976	1.9945856660598256e6	1395.38785334192	1.606221618841963e8	6482.947844718965
18.08484440654173	18.44664083364755	18.265742620094642	2.0021142761673732e6	1319.8538949633032	1.6262427616036367e8	6185.073879438753
18.446640833647553	18.81567318929549	18.631157011471522	2.008858498897262e6	1247.9040294850874	1.6463313465926093e8	5900.235612250829
18.81567318929549	19.192086192056387	19.003879690675937	2.0155403300421939e6	1179.8268304884834	1.666486749893031e8	5627.904243699095
19.192086192056387	19.5760274548725	19.38405682346444	2.022677661109439e6	1115.7026850476789	1.686713526504126e8	5367.586131940506
19.5760274548725	19.967647542944935	19.771837498908717	2.029888395453446e6	1055.0889460031171	1.7070124104586604e8	5118.790588565374
19.967647542944935	20.36710003277882	20.167373787861877	2.0366544387483671e6	997.5380218319871	1.727378954846144e8	4881.029422514619
20.367100032778815	20.774541572409376	20.570820802594096	2.042636644784728e6	942.7542757563831	1.7478053212939912e8	4653.825562033766
20.77454157240938	21.19013194283255	20.982336757620963	2.0486583099188737e6	890.9888841610344	1.76829190439318e8	4436.743958788714
21.19013194283255	21.614034120664186	21.40208303174837	2.0551545563501313e6	842.253238554341	1.7888434499566814e8	4229.375329046272
21.61403412066419	22.046414342052458	21.830224231358322	2.0617258521104658e6	796.2045265411024	1.8094607084777862e8	4031.3142323577376
22.046414342052458	22.48744216786849	22.266928254960476	2.0673939644780909e6	752.3372611840675	1.8301346481225672e8	3842.149464757749
22.48744216786849	22.937290550200846	22.712366359034668	2.0724887140921822e6	710.6850506426815	1.8508595352634892e8	3661.495491438971
22.937290550200842	23.396135900179843	23.166713225190342	2.078250323360746e6	671.5504050941903	1.8716420384970966e8	3489.006478078019
23.396135900179846	23.86415815715843	23.630147028669136	2.084199309295392e6	634.6230358949086	1.8924840315900505e8	3324.3386476017977
23.86415815715842	24.341540859276574	24.102849508217496	2.0896889068588482e6	599.589639182528	1.913380920658639e8	3167.149987300732
24.341540859276574	24.828471215437087	24.58500603735683	2.094355677830759e6	566.2639173361367	1.9343244774369466e8	3017.107473660414
24.82847121543709	25.325140178720815	25.076805697078953	2.099171566529023e6	534.8258903037791	1.955316193102237e8	2873.907685848173
25.32514017872082	25.83174252127022	25.57844134999552	2.104521291409837e6	505.25883476334855	1.9763614060163355e8	2737.2637474929275
25.831742521270215	26.348476910670602	26.090109715970407	2.109545441858835e6	477.24968263512255	1.9974568604349238e8	2606.8872761970283
26.348476910670605	26.875545987859	26.612011449264802	2.113719054369175e6	450.6094150670129	2.0185940509786147e8	2482.495626437566
26.875545987858995	27.413156446591156	27.144351217225076	2.1178885893772272e6	425.4538023957717	2.039772936872387e8	2363.829141029177
27.41315644659116	27.961519114497964	27.68733778054456	2.122706507640793e6	401.823759278133	2.0610000019487947e8	2250.645506246808
27.961519114497964	28.520849035762904	28.241184075130434	2.1271314041080694e6	379.43413947223655	2.0822713159898755e8	2142.6999412956447
28.52084903576291	29.09136555545315	28.80610729560803	2.1307619595544827e6	358.1570486043335	2.1035789355854204e8	2039.754411972986
29.091365555453145	29.67329240553719	29.382328980495167	2.134561341041675e6	338.09889377030674	2.1249245489958373e8	1941.5907574429673
29.67329240553719	30.266857792622915	29.970075099080052	2.1389621228171405e6	319.252865602553	2.1463141702240086e8	1848.0030123102
30.266857792622922	30.87229448745036	30.56957614003664	2.1425732229585773e6	301.3450344793003	2.1677399024535942e8	1758.7812935317745
30.872294487450354	31.48983991617434	31.181067201812347	2.1455898020348833e6	284.362140706864	2.189195800473943e8	1673.727063520989
31.489839916174343	32.11973625347281	31.804788084823578	2.1493825136125223e6	268.4327844799269	2.210689625610068e8	1592.6606588194957
32.11973625347281	32.762230517517246	32.44098338549503	2.153170425508411e6	253.39443383402678	2.2322213298651522e8	1515.4034066769157
32.762230517517246	33.41757466684257	33.08990259217991	2.156096440073326e6	239.1022809928917	2.2537822942658854e8	1441.7785902437342
33.41757466684257	34.0860256991544	33.75180018299848	2.158923634596168e6	225.6055299355638	2.275371530611847e8	1371.622527386132
34.086025699154405	34.76784575211247	34.42693572563344	2.1626663660241975e6	212.9604517791109	2.296998194272089e8	1304.784226216972
34.767845752112464	35.46330220612969	35.11557397912108	2.1655181350135496e6	200.94087130344343	2.3186533756222245e8	1241.108359753424
35.4633022061297	36.17266778922727	35.81798499767848	2.1678162509829653e6	189.55096276320592	2.3403315381320542e8	1180.4488037820838
36.17266778922727	36.89622068398679	36.53444423660703	2.1710632697356674e6	178.88467046016396	2.3620421708294111e8	1122.6732842437607
36.8962206839868	37.63424463664151	37.265232660314155	2.1738964037260385e6	168.78609054071734	2.3837811348666716e8	1067.6481655553023
37.634244636641505	38.387029068349314	38.01063685249541	2.1760782506125933e6	159.20970164393302	2.4055419173727974e8	1015.2448965226736
38.387029068349314	39.15486918869128	38.7709491285203	2.178723726147453e6	150.2084753166609	2.427329154634272e8	965.3453984941827
39.15486918869128	39.93806611144008	39.54646765006568	2.1814772084551705e6	141.72297276399388	2.4491439267188236e8	917.8349767448959
39.93806611144008	40.73692697264386	40.33749654204197	2.1835265937241884e6	133.6735249865552	2.4709791926560655e8	872.6009582280942
40.736926972643865	41.55176505107172	41.14434601185779	2.18573805881857e6	126.09051332584032	2.4928365732442513e8	829.5389230862197
41.55176505107172	42.38289989106813	41.96733247106992	2.1911594809367177e6	119.11205332116626	2.5147481680536184e8	788.5584430268469
42.38289989106812	43.23065742786446	42.80677865946629	1.8836976356539046e6	96.49179393839577	2.5335851444101575e8	748.6371496373071
43.23065742786446	44.09537011539672	43.66301377163059	3.9772336852392815e7	1919.8080204660118	2.931308512934086e8	816.1950250912065
