-0.0	9.953897499377266e-5	4.976948749688633e-5	0.0007127424712627432	1.725299658775411e8	0.0007127424712627432	1.725299658775411e8
9.953897499377266e-5	0.0002010687294874207	0.00015030385224059668	0.004436550300456147	1.4828400952098012e8	0.00514929277171889	1.5122562031682533e8
0.00020106872948742058	0.0003046290790709416	0.00025284890427918107	0.01142240813095493	1.353951431694216e8	0.01657170090267382	1.399472614032326e8
0.0003046290790709413	0.00041026063564613265	0.000357444857358537	0.021643719667647013	1.2669546665744159e8	0.03821542057032083	1.3212058514091356e8
0.0004102606356461331	0.0005180048233528283	0.0004641327294994807	0.03518432018396447	1.2009228355396962e8	0.07339974075428529	1.2606789627915263e8
0.0005180048233528287	0.0006279038948136577	0.0005729543590832433	0.05217764352809687	1.1473899067099473e8	0.12557738428238216	1.2109976281351651e8
0.0006279038948136573	0.0007400009477037028	0.0006839524212586801	0.07283167835901765	1.1027914713230965e8	0.1984090626413998	1.168896527010332e8
0.000740000947703703	0.0008543399416515495	0.0007971704446776262	0.09730356323312317	1.063844692738202e8	0.29571262587452296	1.132111302473625e8
0.0008543399416515493	0.0009709657154783526	0.0009126528285649509	0.12590149882920712	1.0299702968035746e8	0.42161412470373005	1.0995496801893495e8
0.0009709657154783523	0.0010899240047816917	0.001030444860130022	0.15868293734552902	9.98605793479275e7	0.5802970620492591	1.0699737161226454e8
0.0010899240047816917	0.0012112614598710977	0.0011505927323263946	0.19647836976114963	9.724436586453824e7	0.7767754318104088	1.0435017333635905e8
0.0012112614598710973	0.0013350256640622914	0.0012731435619666943	0.238960185060333	9.471614128430822e7	1.0157356168707419	1.019115081228126e8
0.0013350256640622922	0.00146126515233731	0.0013981454081998012	0.28668808167640253	9.23857359031789e7	1.3024236985471445	9.964983823078056e7
0.0014612651523373099	0.0015900294303778282	0.001525647291357569	0.34010433645678373	9.024868829823472e7	1.6425280350039282	9.754582652383941e7
0.0015900294303778277	0.0017213689939791564	0.001655699212178492	0.39943323939006403	8.823648701980706e7	2.041961274393992	9.557338414495502e7
0.0017213689939791568	0.0018553353488525118	0.0017883521714158342	0.4655576346576602	8.64288457524051e7	2.5075189090516523	9.373210064655714e7
0.0018553353488525112	0.0019919810308233333	0.0019236581898379223	0.5388675315599603	8.476915439920656e7	3.0463864406116126	9.201121998919125e7
0.0019919810308233333	0.002131359626433572	0.0020616703286284524	0.6187504963291529	8.3081780302543e7	3.6651369369407654	9.037147934918492e7
0.0021313596264335728	0.002273525793956016	0.0022024427101947942	0.7071633038109248	8.157434338919286e7	4.37230024075169	8.882223768963934e7
0.0022735257939560153	0.0024185352848289073	0.002346030539392461	0.804271201638092	8.01660814935278e7	5.176571442389782	8.735672003683887e7
0.002418535284828908	0.002566444965519258	0.002492490125174083	0.9096274252058062	7.875221202829061e7	6.086198867595588	8.595312329595636e7
0.002566444965519257	0.002717312839823414	0.0026418789026713355	1.0259061589900194	7.750990065608057e7	7.112105026585607	8.462343095828123e7
0.002717312839823413	0.0028711980716136527	0.002794255455718533	1.151659485521478	7.625622734774159e7	8.263764512107086	8.334889808727509e7
0.002871198071613654	0.0030281610080396984	0.002949679539826676	1.2885629514431827	7.506656100747639e7	9.552327463550268	8.21265735676634e7
0.003028161008039698	0.0031882632031942633	0.0031082121056169804	1.4388631286036933	7.401078752895719e7	10.991190592153961	8.096431183911002e7
0.003188263203194263	0.0033515674422519193	0.0032699153227230913	1.5999172687605685	7.28999002605191e7	12.59110786091453	7.984200714804064e7
0.0033515674422519197	0.0035181377660907292	0.0034348526041713245	1.7752114851694678	7.186894871108134e7	14.366319346083998	7.876229840269576e7
0.0035181377660907292	0.003688039496406315	0.003603088631248522	1.9666178077717502	7.093849094222888e7	16.33293715385575	7.773005794591887e7
0.0036880394964063155	0.003861339261328213	0.0037746893788672643	2.171996444447747	6.99862230040107e7	18.504933598303495	7.673350552317747e7
0.003861339261328213	0.004038105021548549	0.003949722141438381	2.3936660566719414	6.906372217215727e7	20.898599654975435	7.576973145094667e7
0.004038105021548548	0.00421840609697329	0.004128255559260919	2.633573083540405	6.819224930902089e7	23.53217273851584	7.483904902504236e7
0.00421840609697329	0.004402313193906526	0.004310359645439908	2.893328929829048	6.737465625351602e7	26.425501668344886	7.394210712479731e7
0.004402313193906526	0.004589898432778427	0.004496105813342477	3.1736626742007217	6.659110150991891e7	29.599164342545606	7.307715218298799e7
0.004589898432778428	0.004781235376427767	0.004685566904603098	3.4738869159204944	6.57994627770966e7	33.07305125846611	7.223792824291782e7
0.0047812353764277666	0.0049763990589500925	0.00487881721768893	3.7972860322969417	6.5039536766395226e7	36.87033729076305	7.142379192848054e7
0.004976399058950093	0.005175466015122866	0.0050759325370364795	4.1452230746892	6.4306004194828704e7	41.015560365452245	7.063365124777311e7
0.005175466015122865	0.005378514310419092	0.005276990162770979	4.519664576871955	6.360201052632833e7	45.5352249423242	6.986696717955907e7
0.005378514310419092	0.005585623571621245	0.005482068941020169	4.922162891960658	6.292249875655726e7	50.45738783428486	6.912277444348758e7
0.005585623571621245	0.00579687501804744	0.0056912492948343425	5.354255025003347	6.226219360076826e7	55.811642859288206	6.839972981941745e7
0.005796875018047441	0.00601235149340216	0.0059046132557248	5.818051650759088	6.162213439039262e7	61.629694510047294	6.76968278169539e7
0.00601235149340216	0.006232137498263974	0.006122244495833067	6.315831769743728	6.1003208257162385e7	67.94552627979103	6.701332672322449e7
0.006232137498263972	0.006456319223223022	0.006344228360743497	6.849387373545473	6.040026669261927e7	74.7949136533365	6.634809685182703e7
0.006456319223223021	0.006684984582681251	0.006570651902952136	7.420161518702281	5.980567100002591e7	82.21507517203878	6.5699432604378685e7
0.006684984582681254	0.006918223249328648	0.0068016039160049505	8.031766227401992	5.922913826763699e7	90.24684139944077	6.5066835272324115e7
0.006918223249328647	0.00715612668930899	0.007037174969318818	8.686608444159624	5.8668042887633465e7	98.93344984360039	6.4449638006714575e7
0.00715612668930899	0.007398788198088939	0.007277457443698964	9.387247174166365	5.812030836001325e7	108.32069701776675	6.384708166142492e7
0.007398788198088939	0.007646302937044488	0.0075225455675667135	10.136470724387605	5.75846865974109e7	118.45716774215435	6.325840459831496e7
0.007646302937044487	0.007898767970779146	0.007772535453911817	10.937597088412215	5.7062029550163925e7	129.39476483056657	6.268303657144587e7
0.007898767970779147	0.0081562823051885	0.008027525137983823	11.794101461958256	5.6552654782550395e7	141.18886629252484	6.2120521674624264e7
0.0081562823051885	0.00841894692628604	0.008287614615737269	12.70956884385387	5.6056235102948286e7	153.89843513637868	6.1570443158425e7
0.00841894692628604	0.00868686483980553	0.008552905883045785	13.686442022626846	5.556688463462264e7	167.58487715900552	6.103191866648543e7
0.008686864839805528	0.008960141111595408	0.008823502975700469	14.728693224080853	5.50852901370545e7	182.31357038308636	6.050424401967658e7
0.008960141111595408	0.009238882908821085	0.009099512010208246	15.842257922196408	5.461789468080026e7	198.15582830528277	5.9987374218889855e7
0.009238882908821085	0.009523199541991274	0.00938104122540618	17.031641690174986	5.4163790435198106e7	215.18746999545775	5.94811994087897e7
0.009523199541991274	0.009813202507824869	0.009668201024908072	18.298395634644606	5.371267789208459e7	233.48586563010235	5.8984744473438494e7
0.00981320250782487	0.010109005532975137	0.009961104020400003	19.65023378778773	5.327315063401846e7	253.13609941789008	5.849788598769899e7
0.010109005532975134	0.010410724618628405	0.01025986507580177	21.091768129471635	5.284279064186946e7	274.2278675473617	5.802031747003788e7
0.010410724618628405	0.010718478085994741	0.010564601352311572	22.627511654784136	5.241879584527024e7	296.85537920214585	5.7551538855051525e7
0.010718478085994743	0.011032386622708406	0.010875432354351573	24.26507200403946	5.200503345747875e7	321.1204512061853	5.7091432093090765e7
0.011032386622708406	0.011352573330156341	0.011192479976432374	26.01100842738623	5.160143251231023e7	347.1314596335715	5.6639892137453586e7
0.011352573330156343	0.011679163771753237	0.01151586855095479	27.86529102643957	5.119502318577032e7	374.9967506600111	5.619577307309056e7
0.011679163771753237	0.01201228602218207	0.011845724896967653	29.840755699559736	5.079774180750979e7	404.83750635957085	5.575902077021085e7
0.012012286022182067	0.012352070717619476	0.012182178369900772	31.938569101327037	5.03992083761654e7	436.7760754608979	5.5328758354473695e7
0.01235207071761948	0.012698651106965636	0.012525360912292557	34.17435834940046	5.0012471126097426e7	470.95043381029836	5.490524304945409e7
0.012698651106965634	0.013052163104098714	0.012875407105532175	36.54896802818046	4.962629768577466e7	507.49940183847883	5.44878220209717e7
0.013052163104098714	0.013412745341174455	0.013232454222636584	39.095072991222864	4.927199669335541e7	546.5944748297017	5.407836977381307e7
0.013412745341174457	0.013780539222991713	0.013596642282083085	41.79701569517695	4.8914890447053395e7	588.3914905248786	5.3675875795128316e7
0.013780539222991713	0.014155688982445314	0.013968114102718514	44.661346863231884	4.8552950508146636e7	633.0528373881104	5.3279275926527776e7
0.014155688982445312	0.014538341737087986	0.014347015359766648	47.70670253921838	4.8196535463227764e7	680.7595399273288	5.288840957576132e7
0.014538341737087988	0.014928647546823513	0.01473349464195575	50.94247765983538	4.784408435624023e7	731.7020175871642	5.25030156270581e7
0.014928647546823513	0.01532675947275375	0.01512770350978863	54.38364047091165	4.749874686644462e7	786.0856580580759	5.2123100037430026e7
0.01532675947275375	0.01573283363720259	0.01552979655497817	58.043611206625044	4.716099120292485e7	844.129269264701	5.1748706515803754e7
0.01573283363720259	0.01614702928494041	0.015939931461071498	61.91077780610603	4.681160478868619e7	906.040047070807	5.137843671016117e7
0.016147029284940405	0.016569508845632977	0.01635826906528669	66.03485725320118	4.6479221190833546e7	972.0749043240081	5.101315878208665e7
0.016569508845632984	0.01700043799753941	0.016784973421586198	70.42825487588343	4.6160023236874774e7	1042.5031591998916	5.065338096011207e7
0.017000437997539405	0.01743998573248396	0.017220211865011683	75.09623922406014	4.584602829002116e7	1117.5993984239517	5.0298979527774625e7
0.01743998573248396	0.017888324422127407	0.017664155077305684	80.05914383493442	4.55392430427732e7	1197.6585422588862	4.99499915662064e7
0.017888324422127403	0.018345629885563715	0.01811697715384556	85.29251317373229	4.52168313743303e7	1282.9510554326184	4.960478782238549e7
0.01834562988556372	0.018812081458268758	0.018578855671916236	90.83343885366085	4.489196302815665e7	1373.7844942862794	4.9262840432367854e7
0.018812081458268758	0.0192878620624279	0.01904997176034833	96.70699675705407	4.456870877938265e7	1470.4914910433336	4.892396332895366e7
0.019287862062427896	0.019773158278670218	0.019530510170549055	102.98986380425598	4.427190335783607e7	1573.4813548475895	4.858977224640784e7
0.019773158278670218	0.020268160419237388	0.020020659348953803	109.71169643610097	4.4000449564541996e7	1683.1930512836902	4.826166728092365e7
0.020268160419237388	0.0207730626026159	0.020520611510926642	116.76061536352967	4.369952900612229e7	1799.95366664722	4.79370303946409e7
0.0207730626026159	0.02128806282966198	0.021030562716138942	124.23141018653105	4.3400091154229134e7	1924.185076833751	4.7615659384953655e7
0.02128806282966198	0.021813363061248984	0.021550712945455484	132.1475439305347	4.3101943467548735e7	2056.332620764286	4.729735694167102e7
0.021813363061248984	0.022349169297467726	0.022081266179358357	140.561260912317	4.2813305661600724e7	2196.8938816766026	4.69825207226847e7
0.02234916929746773	0.022895691658410846	0.022622430477939288	149.44419700767193	4.2516901776909456e7	2346.3380786842745	4.667030900740815e7
0.022895691658410842	0.02345314446657282	0.023174418062491833	158.94789215157388	4.2247224849259906e7	2505.2859708358483	4.6362352103914075e7
0.02345314446657282	0.024021746330898038	0.02373744539873543	169.00239234343493	4.197454393000773e7	2674.2883631792834	4.605808699003263e7
0.024021746330898045	0.02460172023250977	0.024311733281703905	179.68067911927076	4.1709081337168574e7	2853.969042298554	4.575770375342123e7
0.02460172023250977	0.025193293612153726	0.024897506922331746	190.93142330399996	4.143112901637343e7	3044.900465602554	4.546002255990542e7
0.025193293612153722	0.02579669845939056	0.02549499603577214	202.747584710188	4.113456044519251e7	3247.6480503127423	4.516353918198189e7
0.02579669845939056	0.026412171403572132	0.026104434931481346	215.2887297161763	4.084639695140898e7	3462.9367800289187	4.4868715090865985e7
0.026412171403572136	0.02703995380663734	0.02672606260510474	228.8761421682332	4.061548010982657e7	3691.812922197152	4.457929953859573e7
0.02703995380663734	0.027680291857763845	0.027360122832200594	243.2381355173674	4.037909517872568e7	3935.0510577145196	4.42944963154023e7
0.027680291857763845	0.028333436669912882	0.028006864263838364	258.19012886835674	4.010251711414652e7	4193.241186582876	4.401122620843927e7
0.028333436669912882	0.0289996443783049	0.028666540524108892	273.9933942588254	3.982451155364305e7	4467.234580841701	4.372926045003446e7
0.028999644378304903	0.02967917624086476	0.029339410309584833	290.74654662510386	3.95523871941447e7	4757.981127466805	4.344887916355353e7
0.02967917624086476	0.030372298740675815	0.03002573749077029	308.71206116768195	3.9312176093599014e7	5066.693188634487	4.317208351178887e7
0.030372298740675818	0.031079283690483094	0.030725791215579456	327.83947716754597	3.908552095603295e7	5394.532665802033	4.2899498555721685e7
0.031079283690483087	0.03180040833928651	0.031439846014884795	347.8700134348263	3.883442949792179e7	5742.4026792368595	4.262917661729152e7
0.03180040833928651	0.032535955481066	0.03216818191017626	369.02260331013287	3.8579859193603344e7	6111.425282546992	4.236070718310847e7
0.032535955481066005	0.03328621356568108	0.032911084523373546	391.5429129300183	3.834031036833467e7	6502.96819547701	4.209493417721939e7
0.03328621356568108	0.03405147681198846	0.03366884518883477	414.8708341528692	3.8055466219729245e7	6917.839029629879	4.1828663366940424e7
0.03405147681198846	0.03483204532322199	0.03444176106760523	440.27360875986096	3.783663227198822e7	7358.112638389741	4.156625447039491e7
0.03483204532322199	0.03562822520468019	0.03523013526395109	467.27882419761545	3.7627722477082886e7	7825.391462587357	4.130806925456615e7
0.03562822520468018	0.036440328683767544	0.03603427694422386	495.7900316600542	3.7413345956460565e7	8321.18149424741	4.105343760512438e7
0.036440328683767544	0.037268674232436655	0.036854501458102096	525.1855984144383	3.714428796501097e7	8846.367092661849	4.079853009816129e7
0.037268674232436655	0.03811358669207914	0.0376911304622579	556.1208684487492	3.686812921567884e7	9402.487961110597	4.054289123926106e7
0.03811358669207915	0.03897539740091449	0.03854449204649682	589.4583826453825	3.663436364317426e7	9991.946343755979	4.028930982867851e7
0.038975397400914484	0.03985444432392653	0.0394149208624205	626.4311890953203	3.650161932442977e7	10618.377532851298	4.0044168327129126e7
0.03985444432392653	0.040751072185398814	0.040302758254662674	663.6432529531999	3.625977778523472e7	11282.020785804498	3.979982540409886e7
0.040751072185398814	0.04166563260410055	0.04120835239474968	702.4753148541446	3.599320124906205e7	11984.496100658642	3.955462112627523e7
0.04166563260410054	0.042598484231176306	0.042132058417638424	743.5327696035641	3.573012861319908e7	12728.02887026221	3.930882881007344e7
0.04259848423117632	0.0435499928907936	0.04307423856098496	788.0557644324977	3.552069570421319e7	13516.084634694707	3.906591744033438e7
0.043549992890793594	0.04452053172360322	0.04403526230719841	837.1251234084566	3.5395564232721515e7	14353.209758103163	3.883107328366696e7
0.044520531723603214	0.04551048133306903	0.04501550652833612	885.9067559196295	3.5141741190586515e7	15239.116514022793	3.8595519767299004e7
0.045510481333069036	0.04652022993472417	0.0460153556338966	937.4712612620607	3.4890873817691505e7	16176.587775284854	3.835948354311472e7
0.04652022993472417	0.047550173508412404	0.04703520172156829	992.2132032173474	3.46512041117039e7	17168.8009785022	3.812369961641832e7
0.04755017350841241	0.04860071595357441	0.048075444730993414	1051.7972108185845	3.4470266787085325e7	18220.598189320786	3.789186841458732e7
0.04860071595357442	0.04967226924763966	0.04913649260060704	1115.1253391940236	3.42984526406684e7	19335.72352851481	3.766429264775726e7
0.04967226924763965	0.05076525360758619	0.05021876142761292	1180.2595064122422	3.407254376037282e7	20515.983034927052	3.743725879175445e7
0.0507652536075862	0.05188009765473167	0.051322675631158936	1248.7445531760472	3.383872319018637e7	21764.7275881031	3.721022292129982e7
0.051880097654731665	0.05301723858282005	0.052448668118775854	1321.8307367780005	3.362526773603353e7	23086.558324881098	3.698445932937078e7
0.05301723858282006	0.05417712232947021	0.05359718045614513	1400.1327145720306	3.3438288474177267e7	24486.69103945313	3.676153964992949e7
0.0541771223294702	0.055360203751053355	0.054768663040261775	1482.6689574625643	3.3245933365647003e7	25969.359996915693	3.654093013078017e7
0.055360203751053355	0.05656694680106817	0.05596357527606076	1569.5471285575481	3.3046232898306467e7	27538.90712547324	3.63220102851855e7
0.05656694680106818	0.057797824712083286	0.057182385756575735	1660.6897652512314	3.2833891324050847e7	29199.59689072447	3.610387076639332e7
0.05779782471208328	0.059053320181318696	0.05842557244670099	1757.4186879549059	3.2630788047716312e7	30957.015578679377	3.588702984939369e7
0.0590533201813187	0.06033392555993882	0.059693622870628765	1860.0809233830537	3.243651014940605e7	32817.09650206243	3.5671945470785275e7
0.06033392555993882	0.06164014304613134	0.06098703430303508	1968.7533051839077	3.2245885797484215e7	34785.84980724633	3.5458723286170736e7
0.06164014304613134	0.06297248488204772	0.06230631396408953	2083.71457568686	3.205767587210067e7	36869.5643829332	3.5247385194835946e7
0.06297248488204771	0.06433147355468241	0.06365197921836506	2204.714674147798	3.1862978483243562e7	39074.279057080996	3.503739961936819e7
0.06433147355468241	0.06571764200076981	0.06502455777772612	2332.468948083295	3.166786151315979e7	41406.74800516429	3.4828646497074366e7
0.06571764200076981	0.06713153381577895	0.06642458790827438	2467.636392335772	3.147610514667512e7	43874.384397500064	3.4621247809939496e7
0.06713153381577895	0.06857370346708827	0.0678526186414336	2610.691504551421	3.1288141317621548e7	46485.07590205148	3.4415344391735554e7
0.06857370346708827	0.07004471651142379	0.06930920998925602	2762.163740756955	3.1104615169419494e7	49247.23964280844	3.4211107828207016e7
0.07004471651142379	0.071545149816646	0.0707949331640349	2922.775809265155	3.092775069963578e7	52170.015452073596	3.400883567861249e7
0.071545149816646	0.07307559178797267	0.07231037080230934	3091.1364192148812	3.0737889973379727e7	55261.15187128848	3.380759683041603e7
0.07307559178797267	0.07463664259872586	0.07385611719334927	3269.3316364668867	3.0552233320601698e7	58530.483507755365	3.360757812537055e7
0.07463664259872586	0.07622891442569413	0.07543277851221	3458.2327786670294	3.0373218383388273e7	61988.716286422394	3.340910399008736e7
0.07622891442569411	0.07785303168920174	0.07704097305744792	3657.4776328931175	3.0192204856332395e7	65646.19391931551	3.321194839961272e7
0.07785303168920174	0.07950963129797951	0.07868133149359063	3868.9058098288974	3.0019350654327247e7	69515.09972914441	3.3016521997036338e7
0.07950963129797951	0.08119936289893284	0.08035449709845618	4092.1464268912914	2.984607301341174e7	73607.2461560357	3.282268429028213e7
0.08119936289893284	0.08292288913190524	0.08206112601541904	4326.935461689545	2.966618817599716e7	77934.18161772525	3.2629926452953637e7
0.08292288913190525	0.0846808858895371	0.08380188751072118	4575.776951467801	2.9492622018379837e7	82509.95856919304	3.2438561088276695e7
0.08468088588953708	0.08647404258232155	0.08557746423592932	4838.913613283047	2.9321423217610504e7	87348.87218247609	3.2248640110419724e7
0.08647404258232155	0.08830306240896171	0.08738855249564163	5117.206863777901	2.915276498194769e7	92466.07904625399	3.2060222821006294e7
0.08830306240896173	0.0901686626321347	0.08923586252054821	5411.444796296387	2.898612187187306e7	97877.52384255038	3.187333295644509e7
0.09016866263213469	0.09207157485977112	0.09112011874595291	5722.549685811062	2.8821502256005287e7	103600.07352836143	3.1687993420384906e7
0.09207157485977113	0.09401254533196028	0.09304206009586571	6050.376932814553	2.865360394589302e7	109650.45046117599	3.1503904157583788e7
0.09401254533196027	0.09599233521359321	0.09500244027277674	6397.062214647885	2.8488289336868655e7	116047.51267582388	3.1321139678929895e7
0.09599233521359321	0.09801172089285881	0.09700202805322601	6764.037007198257	2.8326931071743336e7	122811.54968302214	3.1139853017724358e7
0.0980117208928588	0.1000714942857097	0.09904160758928425	7151.5509456504815	2.8165658801721323e7	129963.10062867262	3.095995354773756e7
0.10007149428570972	0.10217246314641765	0.10112197871606368	7563.114592477896	2.8013312145099137e7	137526.21522115052	3.0781890702968545e7
0.10217246314641763	0.10431545138433972	0.10324395726537867	7996.723906480036	2.7857207146160875e7	145522.93912763055	3.0605319905902497e7
0.10431545138433973	0.10650129938702026	0.10540837538567999	8453.433786426125	2.7697306046961237e7	153976.37291405667	3.0429916198480852e7
0.10650129938702026	0.10873086434975439	0.10761608186838732	8937.777119535234	2.75441667966184e7	162914.1500335919	3.025601148045171e7
0.10873086434975437	0.1110050206117432	0.10986794248074878	9449.933628288065	2.739309494913836e7	172364.08366187997	3.008363426258975e7
0.1110050206117432	0.11332465999897179	0.11216484030535749	9991.130839578385	2.724302600272792e7	182355.21450145834	2.991274736575023e7
0.11332465999897177	0.11569069217394494	0.11450767608645836	10566.549913642535	2.7103042470716085e7	192921.76441510086	2.9743862005855657e7
0.11569069217394495	0.11810404499241757	0.11689736858318125	11171.034842034838	2.6954906464799073e7	204092.79925713572	2.957636222524282e7
0.11810404499241758	0.12056566486725966	0.11933485492983861	11811.458043825418	2.681159431851062e7	215904.25730096112	2.94104493819423e7
0.12056566486725963	0.12307651713959854	0.12182109100342908	12487.353110320812	2.6667298589599255e7	228391.61041128193	2.9245964174273793e7
0.12307651713959855	0.12563758645738424	0.1243570517984914	13205.932120394194	2.6532714194968708e7	241597.54253167612	2.9083398134468626e7
0.12563758645738424	0.12824987716152564	0.12694373180945495	13962.330700205819	2.6392996674263492e7	255559.87323188194	2.8922323622427683e7
0.12824987716152564	0.13091441367974987	0.12958214542063776	14768.507511718788	2.6266332243590757e7	270328.3807436007	2.876342767109563e7
0.13091441367974987	0.13363224092833859	0.13227332730404423	15614.174982080709	2.6129283081372816e7	285942.5557256814	2.860595369444844e7
0.13363224092833859	0.13640442472189906	0.13501833282511883	16516.747492350958	2.600709872887249e7	302459.30321803235	2.8450700450883485e7
0.13640442472189906	0.13923205219133075	0.1378182384566149	17465.43863058262	2.5877291457954228e7	319924.741848615	2.8297074985510353e7
0.1392320521913308	0.14211623221015113	0.14067414220074098	18473.98813148248	2.5756370776698552e7	338398.7299800975	2.8145505968232363e7
0.1421162322101511	0.14505809582934784	0.14358716401974947	19543.90650190679	2.56408577425554e7	357942.6364820043	2.799618835488915e7
0.14505809582934784	0.1480587967209285	0.14655844627513817	20673.983373216703	2.55243514400705e7	378616.619855221	2.784892387603923e7
0.1480587967209285	0.1511195116303408	0.14958915417563465	21880.721662632168	2.5422223614505358e7	400497.3415178532	2.7704441787605252e7
0.1511195116303408	0.1542414408379413	0.15268047623414105	23159.55471210668	2.5322999536698528e7	423656.8962299599	2.7562743930465475e7
0.1542414408379413	0.15742580862969385	0.15583362473381757	24517.602079311124	2.52294305616485e7	448174.49830927106	2.7423995779081598e7
0.15742580862969385	0.16067386377728143	0.15904983620348764	25957.805310126856	2.5139299210831307e7	474132.3036193979	2.728822102916748e7
0.16067386377728143	0.16398688002782077	0.16233037190255112	27482.4760923311	2.5050003271370705e7	501614.779711729	2.715528751363547e7
0.16398688002782077	0.1673661566033709	0.16567651831559582	29100.382155894808	2.4964801394411407e7	530715.1618676238	2.7025264704784892e7
0.1673661566033709	0.17081301871043203	0.16908958765690146	30817.133696475823	2.488339880460569e7	561532.2955640997	2.68982004755983e7
0.170813018710432	0.17432881805963435	0.1725709183850332	32641.897087077585	2.4807968614274543e7	594174.1926511773	2.6774268753500916e7
0.17432881805963435	0.17791493339582073	0.17612187572772753	34555.05125452756	2.4719279931895923e7	628729.2439057048	2.6652493407229796e7
0.17791493339582073	0.18157277103873085	0.1797438522172758	36589.13511983641	2.4637394464095708e7	665318.3790255412	2.6533146005572945e7
0.18157277103873087	0.1853037654344992	0.18343826823661502	38748.274685076365	2.4559699803781196e7	704066.6537106176	2.6416327064622838e7
0.18530376543449914	0.1891093797181828	0.187206572576341	41031.39813981859	2.4480740106286064e7	745098.0518504361	2.6301808303816468e7
0.18910937971818284	0.19299110628754018	0.1910502430028615	43420.33597719582	2.4386431077956837e7	788518.387827632	2.6188542514418412e7
0.19299110628754018	0.19695046738828467	0.1949707868379124	45987.01893473875	2.431343209025555e7	834505.4067623707	2.6077712808467496e7
0.19695046738828464	0.20098901571104402	0.19896974154966435	48675.01652872779	2.422601481365399e7	883180.4232910986	2.596832001665048e7
0.20098901571104408	0.20510833500025866	0.20304867535565135	51490.577176145554	2.4125550065715022e7	934671.0004672441	2.58595064311508e7
0.20510833500025863	0.2093100406752575	0.20720918783775805	54524.81402376322	2.405059381938534e7	989195.8144910072	2.57527418550008e7
0.2093100406752575	0.21359578046375632	0.2114529105695069	57687.441366521285	2.39553991835223e7	1.0468832558575285e6	2.5646708590239696e7
0.21359578046375632	0.21796723504802512	0.21578150775589072	60999.2844275183	2.3847650907706104e7	1.107882540285047e6	2.5540621639115456e7
0.21796723504802512	0.2224261187239793	0.2201966768860022	64546.040819769994	2.3757308704074606e7	1.1724285811048169e6	2.5435509235579595e7
0.22242611872397927	0.22697418007345255	0.2247001493987159	68285.98383913081	2.3663220121044196e7	1.2407145649439478e6	2.5331091488105573e7
0.22697418007345255	0.23161320264991528	0.22929369136168393	72159.19147735217	2.3542700762516804e7	1.3128737564213001e6	2.522576945355761e7
0.23161320264991528	0.23634500567790726	0.23397910416391127	76312.51671997203	2.3441764883420352e7	1.3891862731412721e6	2.5120749085583456e7
0.23634500567790728	0.2411714447664591	0.2387582252221832	80710.7990566387	2.334336606636159e7	1.4698970721979109e6	2.5016160827840813e7
0.24117144476645908	0.24609441263678192	0.2436329287016205	85235.76706916321	2.3211235612677727e7	1.5551328392670741e6	2.49099939719223e7
0.24609441263678195	0.25111583986451125	0.2486051262506466	90152.36591562624	2.311559982796522e7	1.6452852051827004e6	2.4804487555754535e7
0.25111583986451125	0.25623769563679516	0.2536767677506532	95177.27860844841	2.2978407650933564e7	1.7404624837911488e6	2.4697158956609067e7
0.2562376956367951	0.2614619885245247	0.25884984208065986	100600.08054401685	2.2869169695337277e7	1.8410625643351655e6	2.458975821440428e7
0.2614619885245247	0.26679076727000883	0.2641263778972668	106190.83844633865	2.2730616518751595e7	1.9472534027815042e6	2.4480567092481762e7
0.26679076727000883	0.27222612159040266	0.2695084444302057	112185.79346956685	2.2612087903799314e7	2.059439196251071e6	2.437086688040961e7
0.2722261215904027	0.2777701829972044	0.27499815229380353	118368.42030803468	2.2465893451477617e7	2.177807616559106e6	2.4259063329978697e7
0.2777701829972044	0.28342512563214217	0.2805976543146733	124989.73708906781	2.2338474699383833e7	2.3027973536481736e6	2.4146382110141415e7
0.28342512563214217	0.28919316711977866	0.2863091463759604	131948.84923628232	2.220660842313667e7	2.434746202884456e6	2.403261368549616e7
0.28919316711977866	0.29507656943716787	0.29213486827847324	139284.6933404048	2.2074125651775096e7	2.574030896224861e6	2.3917785628031556e7
0.2950765694371678	0.3010776398009048	0.2980771046190363	146751.84212986915	2.1901460239216838e7	2.7207827383547304e6	2.379960481030582e7
0.30107763980090485	0.3071987315719166	0.3041381856864107	154990.57615243402	2.1782613064235784e7	2.8757733145071645e6	2.3681422473503314e7
0.30719873157191663	0.3134422451783486	0.3103204883751326	163227.09934636255	2.1603185085071992e7	3.039000413853526e6	2.3559689443375807e7
0.31344224517834857	0.31981062905690916	0.31662643711762883	172068.44352147533	2.1446337852056228e7	3.2110688573750015e6	2.3435937350632068e7
0.3198106290569092	0.326306380613041	0.3230585048349751	181480.81768119	2.1301710011727687e7	3.3925496750561916e6	2.3311000190392673e7
0.326306380613041	0.33293204720029546	0.32961921390666826	191319.50837642525	2.114852840913572e7	3.5838691834326168e6	2.3184446696673725e7
0.3329320472002955	0.33969022711929503	0.33631113715979527	201527.56872445383	2.097962585349966e7	3.7853967521570707e6	2.3055451878111314e7
0.33969022711929503	0.34658357063667455	0.3431368988779848	212419.93749717312	2.0826008521738485e7	3.9978166896542436e6	2.2925053210674983e7
0.3465835706366745	0.35361478102440164	0.35009917583053807	223750.33620762662	2.065984054829008e7	4.2215670258618705e6	2.2792598968520302e7
0.35361478102440164	0.3607866156198833	0.35720069832214246	234982.51296975536	2.043413354676022e7	4.456549538831626e6	2.2654729225166805e7
0.3607866156198833	0.3681018869072746	0.36444425126357893	247827.01605960273	2.0296986264892776e7	4.704376554891229e6	2.251693823959379e7
0.36810188690727463	0.37556346362041376	0.3718326752638442	261042.5765694934	2.0135443466453057e7	4.965419131460723e6	2.2377795303032488e7
0.3755634636204137	0.3831742718678156	0.37936886774411466	274779.76233775914	1.996209678301609e7	5.240198893798482e6	2.2236689885478072e7
0.38317427186781555	0.3909372962801655	0.38705578407399055	289019.9560276908	1.977540254707334e7	5.529218849826172e6	2.2092957414781924e7
0.39093729628016555	0.3988555811807625	0.394896438730464	304081.2639766732	1.9596011643580124e7	5.833300113802846e6	2.1947178251369122e7
0.3988555811807624	0.40693223177937127	0.40289390648006684	319265.0536769171	1.937823787103899e7	6.152565167479763e6	2.1797231781280167e7
0.40693223177937127	0.4151704153899523	0.4110513235846618	336043.59739393735	1.9210897524499055e7	6.4886087648737e6	2.1646305518904727e7
0.4151704153899523	0.4235733626727449	0.4193718890313486	353702.4909300288	1.904510861565481e7	6.842311255803729e6	2.1494546901498996e7
0.423573362672745	0.43214436890119345	0.4278588657869692	371128.0665344787	1.8822032985164013e7	7.213439322338207e6	2.1338662715255074e7
0.4321443689011934	0.4408867952542109	0.43651558207770214	390784.29898292763	1.866728856829918e7	7.604223621321134e6	2.1182879487012923e7
0.4408867952542108	0.44980407013428864	0.44534543269424975	409457.0976284696	1.842289471128767e7	8.013680718949604e6	2.1021963768768784e7
0.4498040701342887	0.45889969051196805	0.45435188032312834	431159.3417271632	1.8272435905184522e7	8.444840060676767e6	2.086169179901216e7
0.4588996905119681	0.468177223297201	0.46353845690458456	452870.7245282688	1.807781120106902e7	8.897710785205035e6	2.0699451196397852e7
0.4681772232972011	0.4776403067381387	0.4729087650176699	474099.82119005756	1.782616983610127e7	9.371810606395092e6	2.0532034644835386e7
0.47764030673813856	0.4872926518478949	0.4824664792930167	499430.67581327993	1.768820380131404e7	9.871241282208372e6	2.036636724963677e7
0.48729265184789494	0.4971380438598464	0.49221534785387067	523193.023705718	1.745397241166325e7	1.039443430591409e7	2.0196738951361828e7
0.49713804385984633	0.5071803437120368	0.5021591937859415	548425.6621288075	1.7233655571619667e7	1.0942859968042897e7	2.0024191566519205e7
0.5071803437120368	0.517423489561271	0.5123019166366539	577037.6943166496	1.7080262223197155e7	1.1519897662359547e7	1.985279188865351e7
0.5174234895612712	0.5278714983274901	0.5226474939443806	603223.2541179116	1.6819089266858574e7	1.2123120916477459e7	1.9676198127428304e7
0.5278714983274901	0.5385284672690335	0.5331999827982619	633905.5989195557	1.664892944817336e7	1.2757026515397014e7	1.950001081278719e7
0.5385284672690335	0.5493985755894076	0.5439635214292206	664345.1963372503	1.6435997184898539e7	1.3421371711734265e7	1.932171660404493e7
0.5493985755894077	0.5604860860761894	0.5549423308327985	696679.0973580062	1.6235987874841692e7	1.4118050809092272e7	1.9142190052248366e7
0.5604860860761894	0.5717953467727067	0.5661407164244481	728386.862541119	1.5990233395302817e7	1.484643767163339e7	1.8958841671654176e7
0.5717953467727067	0.5833307926831544	0.5775630697279306	764345.9154823339	1.5806380393131066e7	1.5610783587115724e7	1.877549460589238e7
0.5833307926831544	0.595096947511811	0.5892138700974827	802216.4396238467	1.5627401844753992e7	1.6413000026739571e7	1.8592431628557835e7
0.5950969475118111	0.6070984254370408	0.601097686474426	836072.3338312742	1.5342450050572949e7	1.7249072360570844e7	1.8403474141337693e7
0.6070984254370407	0.619339932920775	0.6132191791789079	877234.0002319752	1.5164385218816295e7	1.8126306360802818e7	1.821517962990364e7
0.619339932920775	0.631826270554184	0.6255831017374796	920413.8344148665	1.4988347854774786e7	1.9046720195217684e7	1.8027626614301197e7
0.631826270554184	0.6445623349402613	0.6381943027472227	959419.144586838	1.4717803876229642e7	2.0006139339804523e7	1.7835279035856977e7
0.6445623349402613	0.65755312061406	0.6510577277771606	1.0072416002997326e6	1.4555762726040617e7	2.1013380940104254e7	1.7644720966944985e7
0.65755312061406	0.6708037220013348	0.6641784213076973	1.05108931997583e6	1.4309031580631938e7	2.2064470260080084e7	1.745092711997201e7
0.6708037220013346	0.6843193354163548	0.6775615287088448	1.0976572769049953e6	1.4076972331602182e7	2.316212753698508e7	1.7254938109673582e7
0.6843193354163548	0.6981052610996754	0.6912122982580151	1.1526516688120184e6	1.3925634010970958e7	2.43147792057971e7	1.7061569831732556e7
0.6981052610996754	0.7121669052966624	0.7051360831981689	1.2005243191480618e6	1.3663586902944814e7	2.5515303524945162e7	1.686423967619286e7
0.7121669052966624	0.7265097823775891	0.7193383438371257	1.2516901043873485e6	1.342053623068896e7	2.6766993629332513e7	1.6664281260742446e7
0.7265097823775891	0.7411395170001344	0.7338246496888617	1.3185894465323172e6	1.3318775765455544e7	2.808558307586483e7	1.6470050274153242e7
0.7411395170001344	0.7560618463151305	0.7486006816576325	1.3662306759047403e6	1.3000580100485647e7	2.945181375176957e7	1.6268648226209303e7
0.7560618463151304	0.7712826222164265	0.7636722342657785	1.4248328725486202e6	1.2772881775028981e7	3.087664662431819e7	1.6065745353631422e7
0.7712826222164265	0.7868078136357485	0.7790452179260875	1.4997665257083052e6	1.2665931165781312e7	3.2376413150026496e7	1.5868436254944507e7
0.7868078136357485	0.8026435088834569	0.7947256612596028	1.5553047567974695e6	1.2374272023109727e7	3.393171790682396e7	1.5665676175679198e7
0.8026435088834569	0.8187959180361195	0.8107197134597882	1.622214418579462e6	1.2159207038989192e7	3.555393232540343e7	1.5462226309535105e7
0.8187959180361196	0.8352713753718355	0.8270336467039776	1.6961130884899877e6	1.197696397276925e7	3.725004541389342e7	1.5260030509253588e7
0.8352713753718353	0.8520763418542654	0.8436738586130503	1.7646646074203453e6	1.1739540992720425e7	3.9014710021313764e7	1.505581440672679e7
0.8520763418542654	0.8692174076663441	0.8606468747603048	1.84756190853396e6	1.1579424240249386e7	4.0862271929847725e7	1.4854179048220152e7
0.8692174076663441	0.8867012947946644	0.8779593512305043	1.9146670907464456e6	1.130530398330833e7	4.277693902059417e7	1.464836211544822e7
0.8867012947946645	0.9045348596655512	0.8956180772301079	2.0032476302430946e6	1.1143626743165975e7	4.4780186650837265e7	1.44451269866071e7
0.9045348596655511	0.9227250958338555	0.9136299777497033	2.079031332465753e6	1.0895766927940082e7	4.685921798330302e7	1.4239325891747873e7
0.9227250958338556	0.9412791367255261	0.9320021162796909	2.1713776812768406e6	1.0721087886459693e7	4.903059566457986e7	1.4035350478538187e7
0.9412791367255261	0.96020425843503	0.950741697580278	2.254458171824421e6	1.0487071129779894e7	5.128505383640428e7	1.3829654273382766e7
0.9602042584350299	0.9795078825787238	0.9698560705068768	2.3515710241493657e6	1.030577055677485e7	5.3636624860553645e7	1.3625392647495987e7
0.9795078825787238	0.9991975792052916	0.9893527308920077	2.439395359125167e6	1.0072021789042734e7	5.607602021967881e7	1.3419441913496234e7
0.9991975792052917	1.0192810697643908	1.0092393244848412	2.543554105286684e6	9.894395360169113e6	5.861957432496549e7	1.3215152391481714e7
1.0192810697643908	1.039766230134672	1.0295236499495313	2.6384905843707863e6	9.66984099313877e6	6.125806490933628e7	1.3009707725958684e7
1.039766230134672	1.0606610937123586	1.0502136619235154	2.750565712235489e6	9.497361476180453e6	6.4008630621571764e7	1.280619205596229e7
1.0606610937123588	1.0819738545615993	1.071317474136979	2.8504382986022006e6	9.2728101511006e6	6.6859068920173965e7	1.2601475979885057e7
1.0819738545615993	1.1037128706278245	1.0928433625947118	2.957537892086054e6	9.064636884663811e6	6.981660681226002e7	1.2396577716209633e7
1.1037128706278245	1.1258866670153744	1.1147997688215994	3.077360056520753e6	8.886286993120197e6	7.289396686878078e7	1.2193235091148492e7
1.1258866670153742	1.148503939330675	1.1371953031730246	3.1885613599112406e6	8.674815718136981e6	7.608252822869202e7	1.1989438907163309e7
1.1485039393306753	1.171573557092282	1.1600387482114787	3.3113484406715166e6	8.48780345622623e6	7.939387666936354e7	1.1786631783208815e7
1.171573557092282	1.195104567209121	1.1833390621507016	3.4251155783242383e6	8.271648750368331e6	8.281899224768779e7	1.1583068216214567e7
1.195104567209121	1.2191061975282966	1.2071053823687088	3.5483033491918477e6	8.073567000819884e6	8.636729559687963e7	1.1379838384274416e7
1.2191061975282966	1.2435878604538557	1.2313470289910762	3.6792251871083723e6	7.887336177196976e6	9.0046520783988e7	1.1177608806138724e7
1.243587860453856	1.2685591566379264	1.2560735085458912	3.7965353466883795e6	7.668176168555534e6	9.384305613067637e7	1.097441451883027e7
1.268559156637926	1.2940298787456777	1.2812945176918018	3.925059208190875e6	7.469350743380192e6	9.776811533886725e7	1.0771488487629313e7
1.2940298787456779	1.3200100152955847	1.3070199470206312	4.0787447015961865e6	7.313015581754404e6	1.0184686004046343e8	1.0571274639329467e7
1.3200100152955847	1.3465097545764897	1.3332598849360373	4.1908415914875506e6	7.07955334441356e6	1.0603770163195099e8	1.0369150661197074e7
1.3465097545764895	1.3735394886430126	1.360024621609751	4.335321183180182e6	6.900201992230065e6	1.1037302281513117e8	1.0168359177567532e7
1.3735394886430126	1.401109817390866	1.3873246530169392	4.48002043085002e6	6.71827358171789e6	1.1485304324598119e8	9.968673442357456e6
1.401109817390866	1.4292315527136765	1.4151706850522712	4.622552703420135e6	6.53127473617524e6	1.1947559594940132e8	9.76973558670186e6
1.4292315527136763	1.457915722742943	1.4435736377283095	4.761761167355339e6	6.339036943898035e6	1.2423735711675666e8	9.57119878162386e6
1.4579157227429431	1.487173576172795	1.4725446494578691	4.919791703076942e6	6.170824009900701e6	1.291571488198336e8	9.374429749192635e6
1.487173576172795	1.5170165866712442	1.5020950814220195	5.073109230186568e6	5.995322979190003e6	1.342302580500202e8	9.178904005558683e6
1.5170165866712444	1.5474564573796623	1.5322365220254532	5.218444772252844e6	5.810620621503917e6	1.3944870282227302e8	8.984016825606361e6
1.5474564573796623	1.5785051255022486	1.5629807914409555	5.386668834805635e6	5.651267622832055e6	1.4483537165707865e8	8.791197554482099e6
1.5785051255022486	1.6101747669872868	1.5943399462447676	5.541525182672777e6	5.477724242980891e6	1.5037689683975142e8	8.59950512406605e6
1.6101747669872866	1.6424778013020254	1.626326284144656	5.695563835561818e6	5.304615391178663e6	1.5607246067531323e8	8.408899121821411e6
1.6424778013020256	1.6754268963030592	1.6589523488025424	5.876471210061673e6	5.156810336026848e6	1.619489318853749e8	8.220780066369123e6
1.6754268963030592	1.7090349732041135	1.6922309347535864	6.031609639595613e6	4.987078058879973e6	1.6798054152497053e8	8.033735284286809e6
1.709034973204113	1.7433152116431883	1.7261750924236505	6.207376953603376e6	4.835823673433155e6	1.7418791847857392e8	7.848771053837671e6
1.7433152116431885	1.7782810548510453	1.7607981332471168	6.372824667859067e6	4.677832756851877e6	1.80560743146433e8	7.665376997584748e6
1.7782810548510457	1.8139462149230596	1.7961136348870528	6.560024807692641e6	4.53700806101489e6	1.8712076795412564e8	7.484454710438301e6
1.8139462149230594	1.8503246781965137	1.8321354465597866	6.734362472292503e6	4.3884671565382015e6	1.9385513042641816e8	7.305414570256855e6
1.8503246781965135	1.8874307107354367	1.868877694465975	6.906103855981058e6	4.240359638189209e6	2.007612342823992e8	7.128172418271239e6
1.887430710735437	1.9252788639251386	1.9063547873302877	7.10956735685651e6	4.113077496199135e6	2.078708016392557e8	6.953828126951794e6
1.9252788639251386	1.9638839801786343	1.9445814220518864	7.285947350205536e6	3.971593320452136e6	2.1515674898946124e8	6.7813925002328595e6
1.9638839801786343	2.0032611987571998	1.983572589467917	7.462817905694993e6	3.832988230206158e6	2.2261956689515623e8	6.610921290278247e6
2.0032611987571998	2.0434259617073365	2.023343580232268	7.65660271625391e6	3.7053352541085784e6	2.3027616961141014e8	6.442933771833103e6
2.0434259617073365	2.084394019916476	2.063909990811906	7.857485454378448e6	3.582882580876396e6	2.381336550657886e8	6.277586607308468e6
2.084394019916476	2.1261814392897986	2.1052877296031376	8.043314120202927e6	3.4557509608988496e6	2.461769691859915e8	6.114456271380301e6
2.126181439289799	2.1688046070505878	2.1474930231701936	8.232476609744971e6	3.3327070335201733e6	2.5440944579573646e8	5.953650565609263e6
2.1688046070505878	2.2122802381665925	2.19054242260859	8.433293394459467e6	3.21679850630352e6	2.6284273919019592e8	5.795447226918439e6
2.212280238166592	2.2566253819049167	2.234452810035754	8.6399050218286e6	3.1052488443467147e6	2.714826442120245e8	5.639947420948253e6
2.256625381904917	2.3018574285180082	2.2792414052114625	8.832851159047764e6	2.9912306685547987e6	2.803154953710723e8	5.486851840582365e6
2.3018574285180082	2.347994116063361	2.3249257722906846	9.041891438373098e6	2.8851644911929527e6	2.893573868094454e8	5.336480804196998e6
2.347994116063361	2.395053537359621	2.371523826711491	9.242196719701458e6	2.778750325645058e6	2.9859958352914685e8	5.188656387611442e6
2.395053537359621	2.4430541470818063	2.4190538422207135	9.442165707794396e6	2.674913119778733e6	3.080417492369412e8	5.043380020730476e6
2.4430541470818063	2.4920147689984353	2.467534458040121	9.661870427516894e6	2.5790734975082558e6	3.177036196644581e8	4.900966319987793e6
2.4920147689984353	2.5419546033533966	2.516984686175916	9.84965010804885e6	2.4773561606457494e6	3.2755326977250695e8	4.760909861821264e6
2.5419546033533966	2.5928932343954574	2.567423918874427	1.0073806062203733e7	2.387410175296035e6	3.3762707583471066e8	4.623754367095564e6
2.5928932343954574	2.6448506380583594	2.6188719362269084	1.0296422616027633e7	2.299250482124689e6	3.479234984507383e8	4.489435108212017e6
2.644850638058359	2.6978471897945187	2.6713489139264386	1.049324271703616e7	2.2078866067091688e6	3.584167411677745e8	4.357602753587585e6
2.697847189794519	2.751903672565402	2.7248754311799606	1.0697075100136312e7	2.120800646602295e6	3.6911381626791084e8	4.2283605160919e6
2.7519036725654016	2.807041284991702	2.779472478778552	1.0926012257056613e7	2.0411027356873113e6	3.8003982852496743e8	4.101985338489927e6
2.8070412849917026	2.863281649666529	2.835161467329116	1.113944458899445e7	1.9608108845573745e6	3.911792731139619e8	3.978276974769652e6
2.8632816496665288	2.920646821634852	2.8919642356506903	1.1361179418984748e7	1.884365650381489e6	4.0254045253294665e8	3.8573033242641496e6
2.920646821634852	2.9791592970425413	2.9499030593386966	1.157750021285644e7	1.8093672887578227e6	4.1411795274580306e8	3.7389897255304367e6
2.979159297042542	3.038842021958385	3.0090006595004635	1.1793446751699997e7	1.7366945414874104e6	4.2591139949750304e8	3.623316609528952e6
3.038842021958385	3.099718401372545	3.069280211665465	1.2023294024848212e7	1.6683127647219244e6	4.3793469352235126e8	3.5103790816526287e6
3.099718401372545	3.1618123083749885	3.130765354873767	1.2229341560284568e7	1.5989281524136849e6	4.501640350826358e8	3.399960945423378e6
3.161812308374988	3.2251480935174803	3.193480200946234	1.2441224703587616e7	1.5327150442052032e6	4.626052597862234e8	3.292099649285445e6
3.2251480935174803	3.2897505943628222	3.2574493439401513	1.2672601610898588e7	1.4710824409774893e6	4.75277861397122e8	3.186911869430936e6
3.2897505943628227	3.3556451452250715	3.322697869793947	1.290120097904452e7	1.4111553774467306e6	4.881790623761665e8	3.084341475861156e6
3.355645145225072	3.422857587104566	3.389251366164819	1.3110821525644135e7	1.351290038571311e6	5.0128988390181065e8	2.984240644693372e6
3.422857587104566	3.4914142778216495	3.4571359324631077	1.3336584301058777e7	1.295202758631646e6	5.146264682028694e8	2.886684757050682e6
3.491414277821649	3.5613421023530742	3.5263781900873616	1.3558567984449623e7	1.2407432947177694e6	5.2818503618731904e8	2.7916206483966834e6
3.5613421023530742	3.632668483375128	3.597005292864101	1.377512182873282e7	1.1877882128835733e6	5.419601580160519e8	2.6989911052371566e6
3.6326684833751277	3.7054213920176227	3.669044937696375	1.4002849165850088e7	1.1377213143563755e6	5.559630071819019e8	2.6088221473561074e6
3.705421392017622	3.779629358832967	3.7425253754252945	1.422428543709626e7	1.088996103354944e6	5.701872926189982e8	2.521048981177595e6
3.7796293588329672	3.8553214849846187	3.817475421908793	1.4452231774236755e7	1.0425757569689418e6	5.84639524393235e8	2.4356661886953097e6
3.855321484984619	3.932527453659304	3.8939244693219615	1.4664728237570615e7	996836.6685942413	5.993042526308056e8	2.352574907639998e6
3.9325274536593033	4.011277541707481	3.9719024976833923	1.4888076425951418e7	953600.1113283458	6.141923290567571e8	2.271787170919942e6
4.011277541707481	4.091602631516623	4.051440086612052	1.5110700851824764e7	911990.7982605034	6.293030299085819e8	2.193263775117561e6
4.091602631516623	4.173534223121948	4.132568427319285	1.534115718142247e7	872453.987853044	6.446441870900043e8	2.1169934988665986e6
4.173534223121948	4.257104446559379	4.215319334840663	1.5555985956248282e7	833606.1873413721	6.602001730462526e8	2.0428858853116736e6
4.257104446559379	4.342346074465558	4.299725260512469	1.5779325430348504e7	796766.7412069853	6.759794984766011e8	1.9709318928444292e6
4.342346074465559	4.429292534929862	4.38581930469771	1.6001192051077561e7	761333.3844860616	6.919806905276787e8	1.901088230559625e6
4.4292925349298615	4.517977924603451	4.473635229766656	1.6220955218729664e7	727242.2813296575	7.082016457464083e8	1.833310427523666e6
4.51797792460345	4.608437022070511	4.5632074733369805	1.6443021585964525e7	694648.1131013433	7.246446673323729e8	1.767565517717528e6
4.608437022070511	4.700705301486913	4.654571161778712	1.6644904352506606e7	662590.8702413392	7.412895716848795e8	1.7037670151270952e6
4.700705301486913	4.794818946491643	4.747762123989277	1.6873504391105548e7	632922.7512077264	7.581630760759851e8	1.6419403746194786e6
4.794818946491643	4.890814864396467	4.842816905444055	1.7092446957570218e7	604131.2364539362	7.752555230335553e8	1.5820222571334357e6
4.890814864396468	4.988730700659389	4.939772782527928	1.7289547642671254e7	575827.8474596704	7.925450706762265e8	1.5239305585129883e6
4.988730700659389	5.088604853647568	5.038667777153478	1.751995254233392e7	549824.7490664687	8.100650232185605e8	1.4676925437571967e6
5.088604853647569	5.190476489695512	5.13954067167154	1.772927718918168e7	524282.1264381001	8.277943004077421e8	1.4132276888131464e6
5.190476489695511	5.294385558464413	5.242431024079962	1.793971269627797e7	499887.7551492986	8.457340131040201e8	1.360499831120734e6
5.294385558464413	5.400372808608692	5.347379183536552	1.8163766871128578e7	476920.78605113056	8.638977799751487e8	1.309491015379591e6
5.400372808608693	5.508479803755858	5.454426306182276	1.836513693355543e7	454378.8800898302	8.82262916908704e8	1.2601264622336111e6
5.508479803755859	5.618748938805967	5.563614371280913	1.856541168993014e7	432825.157000189	9.008283285986342e8	1.2123682228563412e6
5.618748938805966	5.731223456557077	5.6749861976815215	1.876326778658136e7	412193.0244291828	9.195915963852156e8	1.1661766988884264e6
5.7312234565570765	5.845947464663209	5.788585460610143	1.899398004714118e7	393181.14911119896	9.385855764323568e8	1.121554912834193e6
5.845947464663211	5.962965952931467	5.904456708797339	1.917719831576632e7	374064.68742646044	9.577627747481232e8	1.0784061480791701e6
5.962965952931466	6.082324810965086	6.022645381948276	1.936213844257716e7	355877.0672245893	9.771249131907003e8	1.0366989308493892e6
6.082324810965086	6.204070846159379	6.143197828562233	1.9592800984084103e7	339334.97170668043	9.967177141747844e8	996444.9764073315
6.20407084615938	6.328251802057558	6.266161324108468	1.977731027381881e7	322763.9393231888	1.0164950244486033e9	957558.6713545208
6.328251802057558	6.4549163770737	6.3915840895656295	1.9947859433925472e7	306760.9243686941	1.0364428838825288e9	919993.8064113415
6.454916377073701	6.584114243590166	6.519515310331934	2.0171632155494586e7	292301.4717039847	1.0566145160380234e9	883763.1518680407
6.584114243590165	6.71589606743696	6.650005155513563	2.034291146447322e7	277772.6965536897	1.0769574275024965e9	848785.6467338591
6.715896067436961	6.850313527760691	6.783104797598826	2.0556696886419706e7	264494.4216470849	1.0975141243889163e9	815061.0920825271
6.85031352776069	6.987419337290895	6.9188664325257925	2.075750150917832e7	251666.40881191357	1.1182716258980947e9	782543.1136341804
6.987419337290895	7.127267263011704	7.057343300151299	2.0911172143249e7	238899.79943607058	1.1391827980413437e9	751165.5730160222
7.127267263011705	7.269912147246929	7.198589705129317	2.115163151993949e7	227703.00108447575	1.160334429561283e9	720953.2127492635
7.269912147246929	7.4154099291668585	7.342661038206893	2.125424432734819e7	215604.7186273729	1.1815886738886313e9	691786.7151091896
7.415409929166858	7.5638176667251855	7.489613797946022	2.1506069760002837e7	205570.87486337652	1.203094743648634e9	663724.8323005236
7.5638176667251855	7.71519355903468	7.639505612879933	2.1609909252172973e7	194644.2796138017	1.224704652900807e9	636652.2527315945
7.715193559034678	7.869596969190362	7.79239526411252	2.183064779514203e7	185286.47300567248	1.2465353006959488e9	610602.3889970419
7.869596969190363	8.027088447549161	7.948342708369762	2.19682803963944e7	175695.95461866367	1.2685035810923433e9	585502.7555090721
8.027088447549161	8.187729755475134	8.107409101512147	2.2156894208038263e7	166979.59518824852	1.2906604753003817e9	561348.9331823691
8.187729755475134	8.351583889559627	8.26965682251738	2.2294568439722963e7	158322.4930357211	1.3129550437401047e9	538089.729822866
8.351583889559627	8.51871510632581	8.435149497942719	2.24883462879256e7	150483.99257897606	1.3354433900280304e9	515720.7323937362
8.51871510632581	8.689188947427317	8.603952026876563	2.2631194616901673e7	142701.88197948228	1.358074584644932e9	494193.796111789
8.689188947427317	8.863072265350853	8.776130606389085	2.281835878640139e7	135580.19659221228	1.3808929434313335e9	473498.4154079861
8.863072265350853	9.04043324963286	8.951752757491857	2.2966548484338034e7	128587.1035542281	1.4038594919156716e9	453594.0005273675
9.04043324963286	9.221341453600507	9.130887351616684	2.3144775071116913e7	122108.15300313164	1.4270042669867885e9	434464.5553803628
9.221341453600507	9.405867821647508	9.313604637624007	2.327894854514979e7	115729.81529438366	1.4502832155319383e9	416071.1442532111
9.405867821647508	9.594084717055448	9.499976269351478	2.3414021023293667e7	109685.2646956581	1.473697236555232e9	398390.5358233141
9.594084717055447	9.786065950371546	9.690075333713496	2.361192972824149e7	104230.38172588179	1.4973091662834735e9	381415.6065246434
9.786065950371546	9.981886808353966	9.883976379362757	2.3674656925567552e7	98477.559704854	1.520983823209041e9	365088.42445862805
9.981886808353966	10.181624083496034	10.081755445925001	2.3801320357204422e7	93292.2447394773	1.5447851435662456e9	349404.34367295663
10.181624083496034	10.385356104140945	10.28349009381849	2.3976062042315193e7	88555.06869689157	1.56876120560856e9	334352.09875926655
10.385356104140945	10.593162765198754	10.48925943466985	2.4103976062993325e7	83891.02491453149	1.5928651816715534e9	319899.43562747684
10.593162765198754	10.805125559477718	10.699144162338236	2.426666630018616e7	79584.47121277271	1.6171318479717395e9	306032.3711414583
10.805125559477718	11.021327609642261	10.91322658455999	2.4393282855589468e7	75384.14809496005	1.641525130827329e9	292723.2313037019
11.021327609642261	11.241853700810095	11.131590655226178	2.45187576202069e7	71400.28708807606	1.6660438884475358e9	279952.3007129967
11.241853700810095	11.466790313801287	11.35432200730569	2.462425428352411e7	67570.39460469583	1.6906681427310598e9	267697.396407796
11.466790313801285	11.696225659052299	11.581507986426793	2.4755980741045248e7	64012.6083240792	1.715424123472105e9	255944.43303838078
11.6962256590523	11.930249711208337	11.813237685130318	2.486157504420879e7	60576.78114422734	1.7402856985163138e9	244671.47496220504
11.930249711208337	12.168954244407493	12.049601977807914	2.492619336770178e7	57230.27374598343	1.7652118918840156e9	233855.96973457868
12.168954244407491	12.41243286827063	12.290693556339061	2.5079879126914658e7	54260.994962115445	1.7902917710109303e9	223493.27942590404
12.41243286827063	12.660781064611031	12.53660696644083	2.5196462351401765e7	51368.21460940544	1.815488233362332e9	213561.68196937107
12.66078106461103	12.914096224878238	12.787438644744633	2.5331628993005995e7	48664.32958507953	1.840819862355338e9	204047.19461962284
12.91409622487824	13.172477688350792	13.043286956614516	2.5411118001407858e7	46000.680388339926	1.866230980356746e9	194928.064446512
13.172477688350792	13.436026781092796	13.304252234721794	2.5508394049122967e7	43512.755458443906	1.891739374405869e9	186191.61181261577
13.436026781092798	13.704846855689642	13.570436818391219	2.5579846520676404e7	41117.29320978835	1.9173192209265454e9	177821.0850961186
13.70484685568964	13.97904333177842	13.84194509373403	2.5655185485546622e7	38859.30064022163	1.942974406412092e9	169803.29654788543
13.979043331778422	14.258723737388978	14.1188835345837	2.574359338634508e7	36743.65459039529	1.9687179997984376e9	162126.10114353878
14.258723737388976	14.543997751111744	14.401360744250361	2.586971144545004e7	34793.51044754719	1.9945877112438877e9	154779.39099590058
14.543997751111744	14.834977245108966	14.689487498110356	2.597561829325484e7	32920.47985445648	2.0205633295371425e9	147748.54205314914
14.834977245108968	15.131776328986135	14.98337678704755	2.6034201626091972e7	31091.254213414115	2.0465975311632345e9	141017.8526655819
15.131776328986136	15.434511394540847	15.283143861763492	2.6106815691579487e7	29379.31790750208	2.072704346854814e9	134576.7672878121
15.434511394540843	15.743301161406647	15.588906277973745	2.6131454219252206e7	27710.561320598892	2.0988358010740662e9	128411.063913388
15.743301161406647	16.058266723609766	15.900783942508205	2.6175983337003905e7	26156.44980937826	2.12501178441107e9	122511.46466562508
16.05826672360977	16.37953159705695	16.218899160333358	2.6282315750283897e7	24747.62772689065	2.151294100161354e9	116870.99525427529
16.37953159705695	16.707221767973074	16.54337668251501	2.635372188005951e7	23383.31945866258	2.177647822041414e9	111477.26979768653
16.707221767973074	17.041465742307523	16.8743437551403	2.6441614490692284e7	22107.851303453826	2.204089436532106e9	106321.17469210298
17.041465742307526	17.382394596128663	17.211930169218093	2.6479722693085033e7	20862.505306826497	2.230569159225191e9	101390.73471685714
17.382394596128663	17.730142027026222	17.55626831157744	2.649372133680156e7	19669.37461252418	2.2570628805619926e9	96675.94046374637
17.730142027026222	18.084844406541734	17.907493216783976	2.6522774693920597e7	18555.01033351515	2.2835856552559133e9	92168.89206513087
18.08484440654173	18.44664083364755	18.265742620094642	2.6543217617144708e7	17498.086684597572	2.310128872873058e9	87860.9152772169
18.446640833647553	18.81567318929549	18.631157011471522	2.6648996813032635e7	16554.371810146815	2.3367778696860905e9	83747.05391583165
18.81567318929549	19.192086192056387	19.003879690675937	2.6704531144737143e7	15631.898737306165	2.3634824008308277e9	79817.33208738525
19.192086192056387	19.5760274548725	19.38405682346444	2.6684392723038815e7	14719.02774346718	2.390166793553866e9	76061.67812440943
19.5760274548725	19.967647542944935	19.771837498908717	2.6699700743040483e7	13877.8856900063	2.4168664942969065e9	72474.18582915803
19.967647542944935	20.36710003277882	20.167373787861877	2.6691364040496808e7	13073.229301146197	2.4435578583374033e9	69047.25664684277
20.367100032778815	20.774541572409376	20.570820802594096	2.6766844835530825e7	12353.91398741101	2.470324703172934e9	65776.54908178361
20.77454157240938	21.19013194283255	20.982336757620963	2.6780334278381683e7	11647.125360353373	2.497105037451316e9	62653.77148336233
21.19013194283255	21.614034120664186	21.40208303174837	2.6769677853796918e7	10970.877006671039	2.523874715305113e9	59672.14992890305
21.61403412066419	22.046414342052458	21.830224231358322	2.6775561824167203e7	10340.280451574228	2.55065027712928e9	56826.173211623
22.046414342052458	22.48744216786849	22.266928254960476	2.6733824579719204e7	9728.601665120319	2.577384101708999e9	54109.105890186736
22.48744216786849	22.937290550200846	22.712366359034668	2.674822083397583e7	9172.334955909542	2.604132322542975e9	51516.7065703027
22.937290550200842	23.396135900179843	23.166713225190342	2.6770520654070716e7	8650.427615837772	2.630902843197046e9	49043.76410822218
23.396135900179846	23.86415815715843	23.630147028669136	2.6765562592958666e7	8149.912781576117	2.6576684057900043e9	46684.62003589472
23.86415815715842	24.341540859276574	24.102849508217496	2.674659644387985e7	7674.339495467233	2.6844150022338843e9	44434.147160348686
24.341540859276574	24.828471215437087	24.58500603735683	2.6716399500614192e7	7223.47841795643	2.7111314017344985e9	42287.50093204167
24.82847121543709	25.325140178720815	25.076805697078953	2.666958181110835e7	6794.862822832682	2.7378009835456066e9	40239.97405990389
25.32514017872082	25.83174252127022	25.57844134999552	2.6683921492530007e7	6406.343872720091	2.7644849050381365e9	38288.16069782013
25.831742521270215	26.348476910670602	26.090109715970407	2.663086133490211e7	6024.790871147528	2.791115766373039e9	36426.94028529106
26.348476910670605	26.875545987859	26.612011449264802	2.663824766275529e7	5678.827170958503	2.8177540140357943e9	34653.138964862934
26.875545987858995	27.413156446591156	27.144351217225076	2.657673144613402e7	5338.888695903455	2.8443307454819283e9	32962.06053799636
27.41315644659116	27.961519114497964	27.68733778054456	2.6453082605714533e7	5007.511428858322	2.8707838280876427e9	31349.426084338204
27.961519114497964	28.520849035762904	28.241184075130434	2.6485185722606834e7	4724.383098294537	2.8972690138102493e9	29813.493074305487
28.52084903576291	29.09136555545315	28.80610729560803	2.649061133745365e7	4452.77292932838	2.923759625147703e9	28350.500635165445
29.091365555453145	29.67329240553719	29.382328980495167	2.6383243377293028e7	4178.912654523424	2.9501428685249963e9	26956.110650475788
29.67329240553719	30.266857792622915	29.970075099080052	2.622800149775298e7	3914.685794509288	2.9763708700227494e9	25626.920838808543
30.266857792622922	30.87229448745036	30.56957614003664	2.6230482287832465e7	3689.220748554257	3.0026013523105817e9	24361.405556080597
30.872294487450354	31.48983991617434	31.181067201812347	2.623616457387529e7	3477.1660058642797	3.028837516884457e9	23156.664752964225
31.489839916174343	32.11973625347281	31.804788084823578	2.6153754085040215e7	3266.2985714213482	3.054991270969497e9	22009.260612363767
32.11973625347281	32.762230517517246	32.44098338549503	2.604760817321433e7	3065.395496607628	3.0810388791427116e9	20916.459990277686
32.762230517517246	33.41757466684257	33.08990259217991	2.598488337820923e7	2881.617339367624	3.1070237625209208e9	19876.100507038238
33.41757466684257	34.0860256991544	33.75180018299848	2.5903499193004914e7	2706.8917904159457	3.132927261713926e9	18885.67889250796
34.086025699154405	34.76784575211247	34.42693572563344	2.5864694612238336e7	2546.9287062882	3.1587919563261642e9	17943.165688127727
34.767845752112464	35.46330220612969	35.11557397912108	2.5752842992923524e7	2389.6353606415087	3.184544799319088e9	17045.950955836895
35.4633022061297	36.17266778922727	35.81798499767848	2.568790761840842e7	2246.1163939673174	3.210232706937496e9	16192.215919079168
36.17266778922727	36.89622068398679	36.53444423660703	2.555803622729189e7	2105.8533631240916	3.235790743164788e9	15379.639981104852
36.8962206839868	37.63424463664151	37.265232660314155	2.547946661487724e7	1978.2817394686792	3.261270209779665e9	14606.58072137215
37.634244636641505	38.387029068349314	38.01063685249541	2.5469628132788453e7	1863.449485266275	3.2867398379124537e9	13871.493248734156
38.387029068349314	39.15486918869128	38.7709491285203	2.5266918699128363e7	1741.9855891766424	3.312006756611582e9	13171.80439320502
39.15486918869128	39.93806611144008	39.54646765006568	2.515616005680897e7	1634.308060959544	3.3371629166683908e9	12506.267249543755
39.93806611144008	40.73692697264386	40.33749654204197	2.5183705076769784e7	1541.7236682663681	3.3623466217451606e9	11873.782234791172
40.736926972643865	41.55176505107172	41.14434601185779	2.5012797853544366e7	1442.9343481229457	3.387359419598705e9	11272.08464124435
41.55176505107172	42.38289989106813	41.96733247106992	2.480455448453651e7	1348.3826449304513	3.4121639740832415e9	10699.64279102324
42.38289989106812	43.23065742786446	42.80677865946629	2.447470404871113e7	1253.7086924524642	3.436638678131953e9	10154.761879648606
43.23065742786446	44.09537011539672	43.66301377163059	7.515151848698889e7	3627.5587345288454	3.511790196618942e9	9778.246387226669
44.09537011539672	44.97737705667963	44.536373586038174	2.152161812392787e7	978.9244082847777	3.53331181474287e9	9270.666986555658
44.977377056679636	45.8770241367882	45.42720059673392	2.1362511155940782e7	915.6386581261078	3.554674325898811e9	8788.71721110869
45.8770241367882	46.79466415849894	46.33584414764357	2.1141298030845996e7	853.8883437316027	3.575815623929657e9	8331.007091348594
46.79466415849895	47.7306569806439	47.26266056957142	2.0931984102544416e7	796.6682112813045	3.5967476080322013e9	7896.399595837319
47.73065698064389	48.685369659231746	48.20801331993782	2.065496448958815e7	740.7799787085802	3.6174025725217896e9	7483.638803236653
48.685369659231746	49.65917659139136	49.17227312531155	2.0544118993815083e7	694.3045825955855	3.6379466915156045e9	7092.007383769582
49.65917659139135	50.65245966219415	50.15581812679275	2.0285500655265324e7	646.0200567313992	3.658232192170869e9	6720.182073401517
50.652459662194154	51.665608394413006	51.15903402830358	2.008775489794628e7	602.8225173831779	3.678319947068815e9	6367.313737734683
51.66560839441301	52.69902010127625	52.18231424784463	1.987559521652279e7	562.0514038407553	3.698195542285338e9	6032.448761065112
52.69902010127624	53.753100042276735	53.22606007177649	1.962873290927478e7	523.0533879368752	3.7178242751946125e9	5714.6508566726625
53.753100042276735	54.82826158209724	54.29068081218699	1.9437998459515765e7	488.09368588030503	3.737262273654128e9	5413.1684166553
54.82826158209724	55.92492635271416	55.3765939674057	1.931458231967448e7	457.01966807249613	3.7565768559738026e9	5127.284389749464
55.92492635271416	57.04352441874341	56.484225385728784	1.9093100755126536e7	425.7199359097456	3.775669956728929e9	4856.085935488648
57.04352441874342	58.184494446093254	57.614009432418335	1.884422612984927e7	395.93492761596985	3.7945141828587785e9	4598.813267523009
58.184494446093254	59.348283873990084	58.76638916004167	1.8680180974538248e7	369.849129430924	3.813194363833317e9	4354.876437616226
59.348283873990084	60.53534909044485	59.94181648221747	1.8380530346645087e7	342.92535904872113	3.8315748941799617e9	4123.457816311862
60.535349090444846	61.74615561122871	61.14075235083678	1.82747792924629e7	321.28598034717135	3.8498496734724245e9	3904.140093697816
61.74615561122872	62.981178262428266	62.363666936828494	1.801211681432378e7	298.40252087233597	3.8678617902867484e9	3696.153458223733
62.98117826242826	64.2409013666518	63.61103981454003	1.7881374046631455e7	279.1494306345585	3.8857431643333797e9	3499.053675643877
64.2409013666518	65.5258189329598	64.8833601498058	1.768096891297912e7	260.09983173243506	3.903424133246359e9	3312.2244701084956
65.5258189329598	66.83643485059396	66.18112689177687	1.7458304518907227e7	242.01052483791045	3.920882437765266e9	3135.1287711711607
66.83643485059396	68.1732630865808	67.50484896858738	1.7289480312980577e7	225.84596327075204	3.9381719180782466e9	2967.3161222695335
68.17326308658079	69.53682788728737	68.85504548693407	1.7054714703554407e7	209.9293112459274	3.955226632781802e9	2808.265330008589
69.53682788728739	70.9276639840081	70.23224593564774	1.693608448368135e7	196.44450597711298	3.9721627172654834e9	2657.6112403583597
70.92766398400809	72.34631680266321	71.63699039333565	1.66719647477303e7	182.22666917471403	3.9888346820132136e9	2514.8272091171116
72.34631680266322	73.79334267769146	73.06982974017734	1.6663419501564829e7	171.62777924502507	4.0054981015147786e9	2379.6680010885652
73.79334267769144	75.26930907022023	74.53132587395584	1.6236311486039424e7	157.5829238925708	4.0217344130008183e9	2251.495014170964
75.26930907022025	76.77479479059961	76.02205193040993	1.624552449136707e7	148.57777988012072	4.037979937492185e9	2130.1959498973065
76.7747947905996	78.31039022538656	77.54259250799308	1.5884141948426932e7	136.89332009899346	4.053864079440612e9	2015.219745126948
78.31039022538656	79.87669756886925	79.0935438971279	1.5847655160270263e7	128.70099406345182	4.069711734600882e9	1906.4031018234232
79.87669756886925	81.4743310592216	80.67551431404542	1.5591775851920571e7	119.31935157610198	4.0853035104528027e9	1803.322110975985
81.47433105922158	83.10391721938097	82.28912413930128	1.5464084091033475e7	111.51619396739754	4.100767594543836e9	1705.7369667635146
83.10391721938097	84.76609510274355	83.93500616106226	1.5249153524604823e7	103.62342137135283	4.116016748068441e9	1613.3254792317416
84.76609510274358	86.4615165437734	85.61380582325849	1.5045989034801584e7	96.34549369457709	4.1310627371032424e9	1525.8246780443578
86.4615165437734	88.19084641362383	87.32618147869862	1.5053597583749106e7	90.8342139690044	4.1461163346869917e9	1443.0531994637286
88.19084641362382	89.95476288087124	89.07280464724752	1.4605306645672789e7	83.04593018463308	4.1607216413326645e9	1364.6069008493694
89.95476288087124	91.75395767746362	90.85436027916742	1.4708073544063948e7	78.80649281588212	4.1754297148767285e9	1290.44099175405
91.75395767746362	93.58913636998784	92.67154702372574	1.4308987130319802e7	72.24597429864802	4.189738702007048e9	1220.174684351515
93.58913636998786	95.46101863636257	94.52507750317521	1.4283364118480127e7	67.95694342229888	4.2040220661255283e9	1153.7140585369011
95.46101863636258	97.37033854806478	96.41567859221368	1.4093251254466465e7	63.18487227272462	4.218115317379995e9	1090.8117294158071
97.37033854806477	99.31784485800101	98.34409170303289	1.3784290752265897e7	58.23511642041731	4.231899608132261e9	1031.252195420577
99.31784485800102	101.304301294136	100.31107307606851	1.3970823340135947e7	55.618740100832	4.245870431472397e9	974.9772253613091
101.304301294136	103.33048685899367	102.31739407656482	1.340116999821542e7	50.273659790765045	4.259271601470612e9	921.6399642787035
103.33048685899367	105.39719613514849	104.36384149707108	1.3600424722553676e7	48.07827893761497	4.272872026193166e9	871.2526333734445
105.39719613514849	107.50523959682641	106.45121786598745	1.3211758499680683e7	44.01044307911699	4.2860837846928463e9	823.5370697807068
107.50523959682641	109.65544392773789	108.58034176228216	1.2997336419655917e7	40.79887266813661	4.299081121112502e9	778.3885492808856
109.65544392773788	111.84865234526758	110.75204813650274	1.3120094465381583e7	38.80873339989635	4.312201215577884e9	735.7294514213588
111.84865234526758	114.08572493114788	112.96718863820773	1.2744105390971527e7	35.522259340502096	4.324945320968855e9	695.3414081833583
114.0857249311479	116.36753896874579	115.22663194994684	1.2557892184213812e7	32.98425739230166	4.337503213153069e9	657.1365923564482
116.36753896874578	118.69498928709564	117.5312641279207	1.2746652634790748e7	31.548946428448847	4.350249865787859e9	621.0526743069274
118.69498928709562	121.06898861181249	119.88198894945405	1.2166803705560226e7	28.37683629383483	4.36241666949342e9	586.8671380801443
121.06898861181249	123.49046792302367	122.27972826741808	1.2254543912894353e7	26.932917666601416	4.374671213406314e9	554.570163538031
123.49046792302369	125.9603768204591	124.72542237174139	1.2229252262837969e7	25.32706974062106	4.386900465669152e9	524.043475111316
125.9603768204591	128.47968389584324	127.22003035815118	1.1672590342390226e7	22.779862150269214	4.398573056011542e9	495.1306622834416
128.4796838958432	131.04937711273502	129.7645305042891	1.1897198395906674e7	21.878995052778542	4.410470254407449e9	467.8335947655726
131.04937711273502	133.67046419396465	132.35992065334983	1.1785640362938695e7	20.42371221263757	4.422255894770388e9	442.0270953850998
133.67046419396468	136.3439730168189	135.00721860539178	1.127915822408919e7	18.418617588215362	4.433535052994477e9	417.59347305632144
136.3439730168189	139.0709520161302	137.70746251647455	1.1358777668052845e7	17.4787671945047	4.44489383066253e9	394.5149813252591
139.0709520161302	141.85247059542775	140.46171130577898	1.1492654559134638e7	16.664735355893	4.456386485221664e9	372.7207117041779
141.85247059542775	144.68961954631123	143.2710450708695	1.0908265739766825e7	14.905023284664399	4.4672947509614315e9	352.0820422516898
144.68961954631123	147.58351147621238	146.1365655112618	1.0777360284305556e7	13.876765329907432	4.478072111245737e9	332.5745065887627
147.5835114762124	150.5352812447116	149.05939636046202	1.1304636442184824e7	13.716122248396276	4.489376747687922e9	314.18290333299257
150.53528124471157	153.54608640858072	152.04068382664616	1.0489382639652025e7	11.992882854653622	4.499866130327574e9	296.7527346260239
153.54608640858075	156.61710767572728	155.08159704215402	1.026127104765086e7	11.055381912523261	4.510127401375225e9	280.27386498433304
156.61710767572728	159.74954936821675	158.18332852197202	1.1021147183755482e7	11.189181819478367	4.521148548558981e9	264.75321466701433
159.74954936821675	162.94463989455602	161.34709463138637	1.0207975717824781e7	9.765851270734036	4.531356524276806e9	250.0456984821761
162.94463989455602	166.20363223142206	164.57413606298906	9.84496740407399e6	8.87531384932967	4.54120149168088e9	236.13514540349428
166.20363223142203	169.5278044150254	167.86571832322372	1.0113201310574029e7	8.591263887489683	4.551314692991453e9	223.0105678374715
169.5278044150254	172.91846004230084	171.22313222866313	1.0549659517493136e7	8.4451200926984	4.561864352508946e9	210.63458455857736
172.91846004230084	176.37692878212178	174.6476944122113	9.464429021914285e6	7.139384873353355	4.571328781530861e9	198.8971318518938
176.37692878212178	179.90456689673914	178.14074783943045	9.439840407573491e6	6.710115993308027	4.580768621938434e9	187.8119328422721
179.90456689673914	183.50275777364885	181.703662335194	1.0348120344144454e7	6.931478095933337	4.591116742282578e9	177.37889311437334
183.50275777364885	187.17291246809674	185.3378351208728	9.497721053701628e6	5.9949120074389715	4.60061446333628e9	167.49360753171172
187.17291246809674	190.9164702564336	189.04469136226516	8.908467042806884e6	5.298652127530351	4.6095229303790865e9	158.13834209536253
190.91647025643357	194.73489920053714	192.82568472848536	9.010260813165471e6	5.050086637295268	4.618533191192252e9	149.30834769870526
194.73489920053717	198.6296967235228	196.68229796203	1.0334084832867667e7	5.457987465027174	4.62886727602512e9	141.01119095699056
198.6296967235228	202.60239019696817	200.6160434602455	8.77704237272918e6	4.368252763347863	4.637644318397849e9	133.12975549878146
202.6023901969682	206.65453753988248	204.62846386842534	8.419910052751213e6	3.9488085615651793	4.646064228450601e9	125.67872415788464
206.65453753988243	210.78772782965498	208.7211326847687	8.665350671798987e6	3.829515578599206	4.654729579122399e9	118.6505836058758
210.787727829655	215.00358192522302	212.89565487743903	1.005069195693701e7	4.185551974382559	4.664780271079336e9	112.04835799536022
215.00358192522305	219.30375310270242	217.15366751396272	8.395818413934832e6	3.2947229438503105	4.673176089493271e9	105.77556267198403
219.30375310270236	223.6899277037313	221.49684040321682	8.023807902495604e6	2.9671225236883005	4.681199897395766e9	99.84568252633139
223.6899277037313	228.16382579678083	225.92687675025607	8.246445396040246e6	2.873563822167649	4.689446342791806e9	94.25243751023227
228.16382579678083	232.72720185169135	230.4455138242361	9.490533548037834e6	3.116332564528341	4.698936876339844e9	88.99580954472067
232.72720185169135	237.38184542770006	235.0545236396957	8.568939682133935e6	2.6514251527880672	4.707505816021977e9	84.01556467508259
237.38184542770009	242.12958187522898	239.75571365146453	7.620774813538101e6	2.2220331770205806	4.715126590835516e9	79.29780967196216
242.12958187522898	246.97227305170844	244.55092746346872	7.73026409554073e6	2.123952855991534	4.722856854931058e9	74.8465138470874
246.97227305170844	251.9118180517175	249.44204555171297	8.461186109686736e6	2.1906900076080302	4.731318041040745e9	70.6558143876643
251.91181805171752	256.95015395172675	254.43098600172215	9.107171814838534e6	2.2219401388193036	4.740425212855583e9	66.70863333924315
256.95015395172675	262.08925656973616	259.5197052607315	7.687649361681111e6	1.767427234114064	4.748112862217264e9	62.96290645498664
262.08925656973616	267.33114124010575	264.71019890492096	7.255969083512975e6	1.571963861822466	4.755368831300777e9	59.42195558602784
267.3311412401058	272.6778636038828	270.0045024219943	7.671812220160272e6	1.566189337137409	4.763040643520938e9	56.08491035082614
272.67786360388277	278.1315204149353	275.404692009409	8.999071690979015e6	1.731183806593192	4.772039715211917e9	52.94985930392873
278.1315204149353	283.6942503622089	280.91288538857214	7.9365081587638315e6	1.438712819766914	4.779976223370681e9	49.9787655365607
283.6942503622089	289.36823490842795	286.53124263531845	7.401466808747126e6	1.2643334419669026	4.787377690179428e9	47.1689834476065
289.36823490842795	295.15569914557136	292.2619670269996	7.108904538827781e6	1.1443152894000619	4.794486594718256e9	44.514344156345004
295.15569914557136	301.05891266745766	298.1073059065145	7.662725183337672e6	1.1623193375393275	4.802149319901593e9	42.01386005193051
301.05891266745766	307.0801904597817	304.0695515636197	8.72741558219862e6	1.247461267470932	4.810876735483791e9	39.662511984779506
307.08019045978165	313.22189380795214	310.1510421338669	7.590474865133399e6	1.0223734571603647	4.818467210348925e9	37.43380428807379
313.2218938079522	319.48643122308613	316.3541625155192	7.312333151099501e6	0.9281021963972701	4.825779543500024e9	35.328208462663724
319.4864312230861	325.87625938652263	322.6813453048044	7.304527199299032e6	0.8736372801101508	4.833084070699323e9	33.34091948123781
325.87625938652263	332.39388411322795	329.1350717498753	7.492948945045983e6	0.844483255996934	4.840577019644369e9	31.46657339385169
332.39388411322795	339.04186133446734	335.7178727238477	8.537119575024113e6	0.9066691966196665	4.849114139219394e9	29.70392409959916
339.04186133446734	345.82279810013154	342.43232971729947	7.562163287257502e6	0.7568028862838435	4.856676302506651e9	28.034298172384403
345.8227981001316	352.7393536011091	349.28107585062037	7.362771874735804e6	0.6943481949967101	4.864039074381387e9	26.457371873991875
352.73935360110903	359.79424021210605	356.2667969066075	7.327481840792686e6	0.6511633654003269	4.871366556222179e9	24.96890983011438
359.7942402121061	366.99022455532304	363.3922323837146	7.378351250166699e6	0.61786526555253	4.878744907472346e9	23.5643797568895
366.9902245553231	374.3301285854044	370.6601765703638	7.521955273379287e6	0.5935597636387417	4.886266862745726e9	22.239459218398636
374.33012858540434	381.81683069608727	378.0734796407458	7.962884612179099e6	0.5921113487186317	4.894229747357904e9	20.990874776254152
381.81683069608727	389.45326684898384	385.6350487725356	8.597134792411353e6	0.6024013813400809	4.902826882150316e9	19.81490049731541
389.4532668489838	397.2424317249383	393.34784928696104	9.416219136291299e6	0.6217389063675143	4.912243101286608e9	18.707870148290876
397.24243172493834	405.1873798984119	401.2149058116751	1.0591824461680563e7	0.6590244567699112	4.922834925748288e9	17.666842330174557
405.18737989841185	413.2912270353549	409.23930346688337	1.2463358207760451e7	0.7307437471671926	4.935298283956049e9	16.689996170919052
413.29122703535495	421.55715111503685	417.4241890751959	1.6970480276025422e7	0.9376126143664413	4.952268764232075e9	15.781424947194598
421.5571511150369	429.98839367631246	425.7727723956747	1.8599287165867828e7	0.9683333505796645	4.970868051397943e9	14.927030711766358
429.98839367631246	438.5882610888135	434.288327382563	1.4835063541450216e7	0.727808773210788	4.985703114939393e9	14.108043629039758
438.58826108881357	447.36012584956467	442.9741934691891	1.2804397641273249e7	0.5919517622889084	4.998507512580667e9	13.328458502380819
447.3601258495646	456.3074279055307	451.8337768775476	1.1472628961056523e7	0.4997921224809388	5.009980141541723e9	12.588523063596867
456.3074279055307	465.4336760026161	460.8705519540734	1.0202586760877771e7	0.4188283319990282	5.020182728302599e9	11.886596124611339
465.43367600261604	474.74244906164313	470.0880625321296	8.82615270027406e6	0.34142592387828596	5.029008881002873e9	11.220690817025623
474.74244906164324	484.23739758185087	479.489923321747	7.576725924970437e6	0.27618872075001005	5.036585606927844e9	10.589431126649767
484.2373975818509	493.9222450724627	489.0798213271568	6.240536095023921e6	0.2143608982495361	5.042826143022868e9	9.99101538616505
493.9222450724626	503.80078951288664	498.86151729267465	4.696034288116369e6	0.15200372798433923	5.047522177310985e9	9.423518667866444
503.80078951288675	513.8769048421193	508.838847177503	2.4778226889754385e6	0.07557749972083007	5.04999999999996e9	8.884346125666426
