-0.0	9.953897499377266e-5	4.976948749688633e-5	0.000526768073441957	1.275120838180218e8	0.000526768073441957	1.275120838180218e8
9.953897499377266e-5	0.0002010687294874207	0.00015030385224059668	0.003358900326204961	1.1226542566186844e8	0.003885668399646918	1.1411520768626632e8
0.00020106872948742058	0.0003046290790709416	0.00025284890427918107	0.008745350520558174	1.0366272787862283e8	0.012631018920205092	1.0666838105495295e8
0.0003046290790709413	0.00041026063564613265	0.000357444857358537	0.016721797973488616	9.788409895039643e7	0.029352816893693706	1.0148027381754777e8
0.0004102606356461331	0.0005180048233528283	0.0004641327294994807	0.027402789474069815	9.353210596320015e7	0.05675560636776352	9.748072436364692e7
0.0005180048233528287	0.0006279038948136577	0.0005729543590832433	0.040937778092153335	9.002245063208891e7	0.09769338445991685	9.4210002494895e7
0.0006279038948136573	0.0007400009477037028	0.0006839524212586801	0.05754180496948019	8.712776252673416e7	0.15523518942939704	9.14544282293037e7
0.000740000947703703	0.0008543399416515495	0.0007971704446776262	0.07737366607804542	8.459460402042715e7	0.23260885550744248	8.905237427608864e7
0.0008543399416515493	0.0009709657154783526	0.0009126528285649509	0.10073823617641396	8.241156140233308e7	0.33334709168385646	8.69353436179581e7
0.0009709657154783523	0.0010899240047816917	0.001030444860130022	0.12768573796217741	8.035376695609142e7	0.46103282964603387	8.500698043324432e7
0.0010899240047816917	0.0012112614598710977	0.0011505927323263946	0.1590285357554665	7.870906671663691e7	0.6200613654015004	8.329757650550735e7
0.0012112614598710973	0.0013350256640622914	0.0012731435619666943	0.19443175557356265	7.706650221421611e7	0.814493120975063	8.172030293665299e7
0.0013350256640622922	0.00146126515233731	0.0013981454081998012	0.23443655670974478	7.554759056459178e7	1.0489296776848078	8.025473800373444e7
0.0014612651523373099	0.0015900294303778282	0.001525647291357569	0.2794640037203364	7.415741894116707e7	1.3283936814051442	7.889013571777526e7
0.0015900294303778277	0.0017213689939791564	0.001655699212178492	0.3297141442158064	7.28352448854022e7	1.6581078256209507	7.760723876551372e7
0.0017213689939791568	0.0018553353488525118	0.0017883521714158342	0.3860351631819566	7.166582843860337e7	2.0441429888029075	7.641091585422674e7
0.0018553353488525112	0.0019919810308233333	0.0019236581898379223	0.4487882140014771	7.059879316741177e7	2.4929312028043844	7.529499155501163e7
0.0019919810308233333	0.002131359626433572	0.0020616703286284524	0.5173379725600057	6.946476816323857e7	3.0102691753643898	7.422436959313193e7
0.0021313596264335728	0.002273525793956016	0.0022024427101947942	0.5935897217167782	6.847313984008206e7	3.603858897081168	7.321153487424564e7
0.0022735257939560153	0.0024185352848289073	0.002346030539392461	0.6776755513030573	6.754760503830434e7	4.2815344483842255	7.225261165581715e7
0.002418535284828908	0.002566444965519258	0.002492490125174083	0.7691060338970523	6.658638446394076e7	5.050640482281278	7.132831731943944e7
0.002566444965519257	0.002717312839823414	0.0026418789026713355	0.8705021243539175	6.576871830655971e7	5.921142606635195	7.045275634902768e7
0.002717312839823413	0.0028711980716136527	0.002794255455718533	0.9803662863572995	6.4914182843440086e7	6.901508892992495	6.960909407905935e7
0.002871198071613654	0.0030281610080396984	0.002949679539826676	1.1003303338330364	6.410087612758478e7	8.001839226825531	6.879617982592243e7
0.003028161008039698	0.0031882632031942633	0.0031082121056169804	1.2325622830480056	6.3399293117891766e7	9.234401509873537	6.802329167384857e7
0.003188263203194263	0.0033515674422519193	0.0032699153227230913	1.374374143587884	6.262307429546661e7	10.608775653461421	6.727175645798211e7
0.0033515674422519197	0.0035181377660907292	0.0034348526041713245	1.5291853486801217	6.190864824397932e7	12.137961002141543	6.6545486246033415e7
0.0035181377660907292	0.003688039496406315	0.003603088631248522	1.6987862977132402	6.1277456106051795e7	13.836747299854784	6.58504443670651e7
0.0036880394964063155	0.003861339261328213	0.0037746893788672643	1.8809790986064985	6.060904150993164e7	15.717726398461282	6.517592938127011e7
0.003861339261328213	0.004038105021548549	0.003949722141438381	2.0780065645542547	5.995609439598749e7	17.79573296301554	6.452001233773728e7
0.004038105021548548	0.00421840609697329	0.004128255559260919	2.291727551599313	5.9340694786006205e7	20.08746051461485	6.388387757248281e7
0.00421840609697329	0.004402313193906526	0.004310359645439908	2.523657246371759	5.876640492653501e7	22.61111776098661	6.3268948028981596e7
0.004402313193906526	0.004589898432778427	0.004496105813342477	2.77443587567634	5.821435987252596e7	25.385553636662948	6.267420069320372e7
0.004589898432778428	0.004781235376427767	0.004685566904603098	3.043298650304747	5.764361969947859e7	28.428852286967697	6.2094101190883845e7
0.0047812353764277666	0.0049763990589500925	0.00487881721768893	3.3334279533370115	5.709462181284487e7	31.762280240304708	6.152866129667735e7
0.004976399058950093	0.005175466015122866	0.0050759325370364795	3.6460809919673873	5.6562673549654424e7	35.40836123227209	6.0977390440387815e7
0.005175466015122865	0.005378514310419092	0.005276990162770979	3.983110771450912	5.605147216227363e7	39.391472003723	6.044030056125951e7
0.005378514310419092	0.005585623571621245	0.005482068941020169	4.345952317397039	5.555650743174512e7	43.737424321120045	5.9916936762898475e7
0.005585623571621245	0.00579687501804744	0.0056912492948343425	4.736020938948935	5.507303092981578e7	48.47344526006898	5.9406431872364424e7
0.005796875018047441	0.00601235149340216	0.0059046132557248	5.155298500223601	5.4602557019568585e7	53.62874376029258	5.890822372627856e7
0.00601235149340216	0.006232137498263974	0.006122244495833067	5.6059347426182535	5.414647144629053e7	59.23467850291083	5.8421990102994815e7
0.006232137498263972	0.006456319223223022	0.006344228360743497	6.089582007841275	5.370004020225198e7	65.32426051075211	5.794699333740084e7
0.006456319223223021	0.006684984582681251	0.006570651902952136	6.607541281364515	5.325604287674417e7	71.93180179211663	5.748189798602723e7
0.006684984582681254	0.006918223249328648	0.0068016039160049505	7.163269018897548	5.282452690431477e7	79.09507081101418	5.702654922330569e7
0.006918223249328647	0.00715612668930899	0.007037174969318818	7.7590119301574365	5.240319597807941e7	86.85408274117162	5.658060242438661e7
0.00715612668930899	0.007398788198088939	0.007277457443698964	8.397156376050836	5.199024899082481e7	95.25123911722245	5.6143597758346446e7
0.007398788198088939	0.007646302937044488	0.0075225455675667135	9.08027098540508	5.1584478772882275e7	104.33151010262753	5.5715031890607715e7
0.007646302937044487	0.007898767970779146	0.007772535453911817	9.811469065349833	5.118695936703088e7	114.14297916797736	5.529457506977858e7
0.007898767970779147	0.0081562823051885	0.008027525137983823	10.594102745010325	5.0798667215294726e7	124.73708191298769	5.488203711864062e7
0.0081562823051885	0.00841894692628604	0.008287614615737269	11.431568629324783	5.041954660726382e7	136.16865054231246	5.447725411077345e7
0.00841894692628604	0.00868686483980553	0.008552905883045785	12.32607343358277	5.004379511851565e7	148.49472397589523	5.40795689309131e7
0.008686864839805528	0.008960141111595408	0.008823502975700469	13.281332701994819	4.967216399754912e7	161.77605667789004	5.368847743595149e7
0.008960141111595408	0.009238882908821085	0.009099512010208246	14.30288228097817	4.931073095078378e7	176.0789389588682	5.330407535183813e7
0.009238882908821085	0.009523199541991274	0.00938104122540618	15.395078258423034	4.8959214131643265e7	191.47401721729125	5.2926428290383905e7
0.009523199541991274	0.009813202507824869	0.009668201024908072	16.559421651654088	4.860813477934086e7	208.03343886894532	5.255478399302902e7
0.00981320250782487	0.010109005532975137	0.009961104020400003	17.803247704160594	4.82658428882371e7	225.8366865731059	5.21891929810608e7
0.010109005532975134	0.010410724618628405	0.01025986507580177	19.130701941800318	4.792958424998028e7	244.96738851490622	5.182947225079609e7
0.010410724618628405	0.010718478085994741	0.010564601352311572	20.54577997530391	4.759626522077561e7	265.51316849021015	5.147520477466797e7
0.010718478085994743	0.011032386622708406	0.010875432354351573	22.056278083016156	4.72711343887115e7	287.5694465732263	5.112645883940142e7
0.011032386622708406	0.011352573330156341	0.011192479976432374	23.668403669133607	4.695410168415531e7	311.2378502423599	5.0783291970795855e7
0.011352573330156343	0.011679163771753237	0.01151586855095479	25.38148187121388	4.663168784611227e7	336.6193321135738	5.04446600301887e7
0.011679163771753237	0.01201228602218207	0.011845724896967653	27.20756229104123	4.631527225339145e7	363.8268944046151	5.011055310633681e7
0.012012286022182067	0.012352070717619476	0.012182178369900772	29.148294092741978	4.599614162829904e7	392.97518849735707	4.9780266056766964e7
0.01235207071761948	0.012698651106965636	0.012525360912292557	31.21884643882167	4.5687226667096436e7	424.19403493617875	4.945419924526719e7
0.012698651106965634	0.013052163104098714	0.012875407105532175	33.41890667084602	4.53762910488143e7	457.61294160702477	4.913174759703992e7
0.013052163104098714	0.013412745341174455	0.013232454222636584	35.78054638421628	4.5094658437531404e7	493.39348799124105	4.881482838972131e7
0.013412745341174457	0.013780539222991713	0.013596642282083085	38.28884560312872	4.480929216765351e7	531.6823335943698	4.850259624764015e7
0.013780539222991713	0.014155688982445314	0.013968114102718514	40.9492773712028	4.45174267501816e7	572.6316109655726	4.819407765513611e7
0.014155688982445312	0.014538341737087986	0.014347015359766648	43.77876263694286	4.422826507937928e7	616.4103736025154	4.788910385202689e7
0.014538341737087988	0.014928647546823513	0.01473349464195575	46.78774997340332	4.3942053064511634e7	663.1981235759188	4.758754330179792e7
0.014928647546823513	0.01532675947275375	0.01512770350978863	49.9907528842303	4.3661992767495885e7	713.1888764601491	4.7289522168801986e7
0.01532675947275375	0.01573283363720259	0.01552979655497817	53.3987464460758	4.33869940039698e7	766.587622906225	4.699507452333374e7
0.01573283363720259	0.01614702928494041	0.015939931461071498	57.00055667074966	4.309891792932829e7	823.5881795769747	4.670287289886818e7
0.016147029284940405	0.016569508845632977	0.01635826906528669	60.84661768425805	4.282743265752446e7	884.4347972612327	4.641392607133018e7
0.016569508845632984	0.01700043799753941	0.016784973421586198	64.94618914310173	4.2566972662822716e7	949.3809864043344	4.6128739616994284e7
0.017000437997539405	0.01743998573248396	0.017220211865011683	69.30394879675593	4.230985239708607e7	1018.6849352010903	4.584720855539961e7
0.01743998573248396	0.017888324422127407	0.017664155077305684	73.94224673312026	4.205982956863611e7	1092.6271819342105	4.556951467960587e7
0.017888324422127403	0.018345629885563715	0.01811697715384556	78.83296912249197	4.1792379411881335e7	1171.4601510567024	4.52940367362279e7
0.01834562988556372	0.018812081458268758	0.018578855671916236	84.0119646980046	4.1520634479354225e7	1255.4721157547071	4.502025082023021e7
0.018812081458268758	0.0192878620624279	0.01904997176034833	89.5074721010681	4.1250711855657294e7	1344.9795878557752	4.4748121587402e7
0.019287862062427896	0.019773158278670218	0.019530510170549055	95.39106327342269	4.1005432752768405e7	1440.370651129198	4.4479257204517044e7
0.019773158278670218	0.020268160419237388	0.020020659348953803	101.69090622992404	4.078366970971394e7	1542.0615573591217	4.421504814983074e7
0.020268160419237388	0.0207730626026159	0.020520611510926642	108.29955354635428	4.053284120517961e7	1650.361110905476	4.395302623704418e7
0.0207730626026159	0.02128806282966198	0.021030562716138942	115.30512914774896	4.028170579444183e7	1765.6662400532248	4.369297074698708e7
0.02128806282966198	0.021813363061248984	0.021550712945455484	122.73126189943726	4.003067900279104e7	1888.397501952662	4.343470983036704e7
0.021813363061248984	0.022349169297467726	0.022081266179358357	130.63448509751038	3.978972658700335e7	2019.0319870501723	4.3178786632586144e7
0.02234916929746773	0.022895691658410846	0.022622430477939288	138.97726208543597	3.953905684947367e7	2158.009249135608	4.292431658206744e7
0.022895691658410842	0.02345314446657282	0.023174418062491833	147.91418473764674	3.931454350490708e7	2305.923433873255	4.267298640172017e7
0.02345314446657282	0.024021746330898038	0.02373744539873543	157.37719127200552	3.908723265410411e7	2463.3006251452603	4.2424338391340554e7
0.024021746330898045	0.02460172023250977	0.024311733281703905	167.4273211288856	3.886472262492678e7	2630.727946274146	4.2178477845193826e7
0.02460172023250977	0.025193293612153726	0.024897506922331746	178.0216178058684	3.862976815123306e7	2808.7495640800144	4.1934316077203624e7
0.025193293612153722	0.02579669845939056	0.02549499603577214	189.14941071830583	3.837568708641551e7	2997.89897479832	4.169039431439898e7
0.02579669845939056	0.026412171403572132	0.026104434931481346	200.9592162745899	3.812768057955234e7	3198.85819107291	4.144709127208921e7
0.026412171403572136	0.02703995380663734	0.02672606260510474	213.78481340775227	3.793743093748589e7	3412.643004480662	4.120827298705479e7
0.02703995380663734	0.027680291857763845	0.027360122832200594	227.34136304885544	3.7740128689464964e7	3639.9843675295174	4.097310855460703e7
0.027680291857763845	0.028333436669912882	0.028006864263838364	241.44282575249986	3.750129834268109e7	3881.4271932820175	4.073850337102381e7
0.028333436669912882	0.0289996443783049	0.028666540524108892	256.3626042992974	3.726190379318074e7	4137.789797581315	4.050436225622074e7
0.028999644378304903	0.02967917624086476	0.029339410309584833	272.1762420798536	3.702613233673445e7	4409.966039661169	4.027087885374333e7
0.02967917624086476	0.030372298740675815	0.03002573749077029	289.1597089175038	3.6822330015685074e7	4699.125748578673	4.004012907375415e7
0.030372298740675818	0.031079283690483094	0.030725791215579456	307.2584503534669	3.6631819645292826e7	5006.38419893214	3.981278546573525e7
0.031079283690483087	0.03180040833928651	0.031439846014884795	326.194961255933	3.641473750609476e7	5332.579160188073	3.95868195846474e7
0.03180040833928651	0.032535955481066	0.03216818191017626	346.21408810998497	3.6195318797043025e7	5678.793248298058	3.936196334291316e7
0.032535955481066005	0.03328621356568108	0.032911084523373546	367.53240187091825	3.598917485876981e7	6046.325650168976	3.913900123868383e7
0.03328621356568108	0.03405147681198846	0.03366884518883477	389.59775622418726	3.573720548841655e7	6435.923406393163	3.891476405686694e7
0.03405147681198846	0.03483204532322199	0.03444176106760523	413.68673324688854	3.555178527677769e7	6849.610139640051	3.8693704769051e7
0.03483204532322199	0.03562822520468019	0.03523013526395109	439.28886249925614	3.537382511133229e7	7288.899002139307	3.847607448258662e7
0.03562822520468018	0.036440328683767544	0.03603427694422386	466.3454706198207	3.5191398199572794e7	7755.244472759128	3.826132686746519e7
0.036440328683767544	0.037268674232436655	0.036854501458102096	494.2045124271004	3.495311900901393e7	8249.448985186229	3.804560552258235e7
0.037268674232436655	0.03811358669207914	0.0376911304622579	523.5193737043121	3.4706807479605645e7	8772.968358890541	3.782844535309202e7
0.03811358669207915	0.03897539740091449	0.03854449204649682	555.1771651134751	3.45038135888031e7	9328.145524004016	3.76127465274524e7
0.038975397400914484	0.03985444432392653	0.0394149208624205	590.3493381925105	3.439916017312658e7	9918.494862196527	3.740476137571565e7
0.03985444432392653	0.040751072185398814	0.040302758254662674	625.6968751703766	3.4186484310108006e7	10544.191737366904	3.719697012990565e7
0.040751072185398814	0.04166563260410055	0.04120835239474968	662.5604816091253	3.394805803131207e7	11206.75221897603	3.698769095959565e7
0.04166563260410054	0.042598484231176306	0.042132058417638424	701.5386993270254	3.371212269158723e7	11908.290918303053	3.677717688257284e7
0.04259848423117632	0.0435499928907936	0.04307423856098496	743.9091285811056	3.353083751242487e7	12652.20004688416	3.6569007654881075e7
0.043549992890793594	0.04452053172360322	0.04403526230719841	790.6677778196454	3.3431241440478455e7	13442.867824703804	3.636824058458591e7
0.044520531723603214	0.04551048133306903	0.04501550652833612	837.0635721880499	3.3204252272988558e7	14279.931396891854	3.616622879661441e7
0.045510481333069036	0.04652022993472417	0.0460153556338966	886.105405300529	3.297913564186861e7	15166.036802192382	3.5963167709373534e7
0.04652022993472417	0.047550173508412404	0.04703520172156829	938.1865151269106	3.2764422328886814e7	16104.223317319293	3.575978154059547e7
0.04755017350841241	0.04860071595357441	0.048075444730993414	995.0168013111636	3.2609417714784127e7	17099.240118630456	3.55598729433773e7
0.04860071595357442	0.04967226924763966	0.04913649260060704	1055.3895376686085	3.246112952768752e7	18154.629656299065	3.536362543031368e7
0.04967226924763965	0.05076525360758619	0.05021876142761292	1117.4808697484077	3.2260206868931655e7	19272.110526047472	3.51674588538428e7
0.0507652536075862	0.05188009765473167	0.051322675631158936	1182.7353552677205	3.204999308494186e7	20454.845881315192	3.4970774248542115e7
0.051880097654731665	0.05301723858282005	0.052448668118775854	1252.425639275374	3.1859712645780485e7	21707.271520590566	3.4774854242334336e7
0.05301723858282006	0.05417712232947021	0.05359718045614513	1327.2087355281049	3.1696701392769065e7	23034.48025611867	3.45813551486594e7
0.0541771223294702	0.055360203751053355	0.054768663040261775	1405.9689282276845	3.1526086161555007e7	24440.449184346355	3.438963247905037e7
0.055360203751053355	0.05656694680106817	0.05596357527606076	1488.9699294824163	3.1349709844948296e7	25929.41911382877	3.419920127731611e7
0.05656694680106818	0.057797824712083286	0.057182385756575735	1575.9739124764035	3.1158954101196226e7	27505.393026305173	3.400907070453532e7
0.05779782471208328	0.059053320181318696	0.05842557244670099	1668.3771722013073	3.097751393158399e7	29173.77019850648	3.381979633250607e7
0.0590533201813187	0.06033392555993882	0.059693622870628765	1766.540521072105	3.0805331542713903e7	30940.310719578592	3.363189296068887e7
0.06033392555993882	0.06164014304613134	0.06098703430303508	1870.3920099500444	3.06348423596638e7	32810.70272952864	3.3445370326091796e7
0.06164014304613134	0.06297248488204772	0.06230631396408953	1980.4147822525324	3.046842207783711e7	34791.11751178117	3.326038538345742e7
0.06297248488204771	0.06433147355468241	0.06365197921836506	2096.11558392973	3.0293482658911705e7	36887.2330957109	3.3076303850396793e7
0.06433147355468241	0.06571764200076981	0.06502455777772612	2218.369941011538	3.011874268878845e7	39105.60303672244	3.2893073951401692e7
0.06571764200076981	0.06713153381577895	0.06642458790827438	2347.77933244175	2.994726020358991e7	41453.38236916419	3.2710836705090843e7
0.06713153381577895	0.06857370346708827	0.0678526186414336	2484.6881563075312	2.97780392778075e7	43938.07052547172	3.2529662471213482e7
0.06857370346708827	0.07004471651142379	0.06930920998925602	2629.8684940164108	2.9614843698637556e7	46567.93901948813	3.2349849345631763e7
0.07004471651142379	0.071545149816646	0.0707949331640349	2783.7016180418223	2.945611818465676e7	49351.64063752995	3.2171580214569014e7
0.071545149816646	0.07307559178797267	0.07231037080230934	2945.07309038396	2.928545374221178e7	52296.713727913906	3.199401665363392e7
0.07307559178797267	0.07463664259872586	0.07385611719334927	3115.899337732825	2.9118393040358603e7	55412.61306564673	3.181733023763414e7
0.07463664259872586	0.07622891442569413	0.07543277851221	3296.9725015095246	2.8956889891886745e7	58709.58556715625	3.164180139438821e7
0.07622891442569411	0.07785303168920174	0.07704097305744792	3488.200003072882	2.8794830657468412e7	62197.785570229134	3.146731777728883e7
0.07785303168920174	0.07950963129797951	0.07868133149359063	3690.970001208126	2.8638723237816315e7	65888.75557143726	3.1294172865433704e7
0.07950963129797951	0.08119936289893284	0.08035449709845618	3905.32427666358	2.8483485521532875e7	69794.07984810084	3.1122330583170593e7
0.08119936289893284	0.08292288913190524	0.08206112601541904	4130.691910673437	2.8320709796595465e7	73924.77175877428	3.0951243927498564e7
0.08292288913190525	0.0846808858895371	0.08380188751072118	4369.5650501465525	2.816350791909924e7	78294.33680892084	3.078120109965204e7
0.08468088588953708	0.08647404258232155	0.08557746423592932	4622.482566847894	2.8009958120871603e7	82916.81937576873	3.0612354805953532e7
0.08647404258232155	0.08830306240896171	0.08738855249564163	4889.724864395579	2.785679836536257e7	87806.54424016431	3.0444649567913745e7
0.08830306240896173	0.0901686626321347	0.08923586252054821	5172.657056072317	2.7707067792936288e7	92979.20129623663	3.0278218375309277e7
0.09016866263213469	0.09207157485977112	0.09112011874595291	5471.735672181483	2.7558282702388063e7	98450.93696841811	3.011303502629189e7
0.09207157485977113	0.09401254533196028	0.09304206009586571	5786.860562339807	2.7405633150571004e7	104237.79753075792	2.994878333098461e7
0.09401254533196027	0.09599233521359321	0.09500244027277674	6120.5290193311685	2.7256793157045264e7	110358.32655008908	2.97856324612841e7
0.09599233521359321	0.09801172089285881	0.09700202805322601	6473.410651484308	2.7109824669578485e7	116831.73720157339	2.9623623622146506e7
0.0980117208928588	0.1000714942857097	0.09904160758928425	6846.519405552216	2.6964322986950047e7	123678.2566071256	2.946277105500975e7
0.10007149428570972	0.10217246314641765	0.10112197871606368	7242.760209425019	2.6826739177073978e7	130921.01681655062	2.930347805971457e7
0.10217246314641763	0.10431545138433972	0.10324395726537867	7660.155550311726	2.6684745207212873e7	138581.17236686233	2.914537830701039e7
0.10431545138433973	0.10650129938702026	0.10540837538567999	8100.295429322783	2.6540263666228577e7	146681.4677961851	2.8988244679587476e7
0.10650129938702026	0.10873086434975439	0.10761608186838732	8566.673284471726	2.640051040474973e7	155248.14108065685	2.8832299329963718e7
0.10873086434975437	0.1110050206117432	0.10986794248074878	9060.435344062433	2.6264032682459548e7	164308.57642471927	2.867766308591599e7
0.1110050206117432	0.11332465999897179	0.11216484030535749	9582.160602513737	2.6127878280053895e7	173890.737027233	2.8524271708710212e7
0.11332465999897177	0.11569069217394494	0.11450767608645836	10136.853878378153	2.600087856779139e7	184027.59090561114	2.8372595936812326e7
0.11569069217394495	0.11810404499241757	0.11689736858318125	10720.24278405891	2.586717753640178e7	194747.83368967008	2.8222124899811447e7
0.11810404499241758	0.12056566486725966	0.11933485492983861	11337.802374308807	2.5736412608460803e7	206085.6360639789	2.8072958095292043e7
0.12056566486725963	0.12307651713959854	0.12182109100342908	11990.09053812769	2.560537222514447e7	218075.7266021066	2.7924996351656213e7
0.12307651713959855	0.12563758645738424	0.1243570517984914	12684.007996720478	2.5484089722372156e7	230759.73459882705	2.777874793102284e7
0.12563758645738424	0.12824987716152564	0.12694373180945495	13413.875079693498	2.5356250898864448e7	244173.60967852056	2.763371287467635e7
0.12824987716152564	0.13091441367974987	0.12958214542063776	14193.12464746222	2.5242992717383415e7	258366.73432598278	2.7490686900726043e7
0.13091441367974987	0.13363224092833859	0.13227332730404423	15009.773501638529	2.511785741236382e7	273376.5078276213	2.7348834818309627e7
0.13363224092833859	0.13640442472189906	0.13501833282511883	15881.920936923709	2.5007507440675315e7	289258.428764545	2.7208966039774463e7
0.13640442472189906	0.13923205219133075	0.1378182384566149	16799.40651739827	2.489047930409001e7	306057.83528194326	2.707055873463579e7
0.1392320521913308	0.14211623221015113	0.14067414220074098	17774.054677523465	2.4780525960144747e7	323831.8899594667	2.6933943848117247e7
0.1421162322101511	0.14505809582934784	0.14358716401974947	18809.301398356667	2.467708394660288e7	342641.1913578234	2.6799398433440086e7
0.14505809582934784	0.1480587967209285	0.14655844627513817	19902.710977264476	2.4572129154944092e7	362543.9023350879	2.6666704545914657e7
0.1480587967209285	0.1511195116303408	0.14958915417563465	21070.196780124737	2.448051131059107e7	383614.0991152126	2.6536541884556495e7
0.1511195116303408	0.1542414408379413	0.15268047623414105	22309.186962982363	2.4393194867101766e7	405923.286078195	2.640901089808616e7
0.1542414408379413	0.15742580862969385	0.15583362473381757	23624.14732468663	2.431003580930465e7	429547.4334028816	2.628419743871062e7
0.15742580862969385	0.16067386377728143	0.15904983620348764	25019.118072552443	2.4230210824935846e7	454566.55147543404	2.6162133300002784e7
0.16067386377728143	0.16398688002782077	0.16233037190255112	26497.478115006244	2.4152187424232885e7	481064.02959044033	2.6042757439292002e7
0.16398688002782077	0.1673661566033709	0.16567651831559582	28064.993179647216	2.40765560091958e7	509129.0227700875	2.5926047714238968e7
0.1673661566033709	0.17081301871043203	0.16908958765690146	29729.791166330426	2.4005420402029235e7	538858.8139364179	2.5812108261278704e7
0.170813018710432	0.17432881805963435	0.1725709183850332	31500.27009658135	2.3940327665775523e7	570359.0840329992	2.5701128710693218e7
0.17432881805963435	0.17791493339582073	0.17612187572772753	33354.77869308291	2.386065370031027e7	603713.8627260821	2.5592065109306965e7
0.17791493339582073	0.18157277103873085	0.1797438522172758	35329.16200974388	2.378898811543966e7	639043.024735826	2.548527504079022e7
0.18157277103873087	0.1853037654344992	0.18343826823661502	37424.63915438276	2.3720743965162307e7	676467.6638902087	2.5380822914686527e7
0.18530376543449914	0.1891093797181828	0.187206572576341	39639.79369521991	2.3650461142286725e7	716107.4575854286	2.5278446276391644e7
0.18910937971818284	0.19299110628754018	0.1910502430028615	41959.79649675742	2.3566139282079164e7	758067.254082186	2.5177189040592793e7
0.19299110628754018	0.19695046738828467	0.1949707868379124	44452.11239298348	2.350192382482926e7	802519.3664751695	2.507817132469707e7
0.19695046738828464	0.20098901571104402	0.19896974154966435	47061.528277721685	2.34229664932192e7	849580.8947528913	2.498038676260782e7
0.20098901571104408	0.20510833500025866	0.20304867535565135	49797.28883507182	2.3332171647980142e7	899378.1835879631	2.488306143113801e7
0.20510833500025863	0.2093100406752575	0.20720918783775805	52744.9910480819	2.326552375129001e7	952123.174636045	2.4787592073650874e7
0.2093100406752575	0.21359578046375632	0.2114529105695069	55816.839029486386	2.3178609216142904e7	1.0079400136655314e6	2.469267099486411e7
0.21359578046375632	0.21796723504802512	0.21578150775589072	59036.27691008355	2.3080213741117503e7	1.066976290575615e6	2.4597587510032628e7
0.21796723504802512	0.2224261187239793	0.2201966768860022	62482.722810106934	2.299786812045901e7	1.129459013385722e6	2.450329651560481e7
0.22242611872397927	0.22697418007345255	0.2247001493987159	66117.80755852463	2.291187951343021e7	1.1955768209442466e6	2.4409535188913763e7
0.22697418007345255	0.23161320264991528	0.22929369136168393	69884.15361114005	2.280044555412194e7	1.2654609745553867e6	2.4314772567031726e7
0.23161320264991528	0.23634500567790726	0.23397910416391127	73921.49509781014	2.2707288167057194e7	1.3393824696531969e6	2.4220143547563996e7
0.23634500567790728	0.2411714447664591	0.2387582252221832	78198.6748417484	2.261680362567502e7	1.4175811444949452e6	2.4125796675119467e7
0.24117144476645908	0.24609441263678192	0.2436329287016205	82600.29178282928	2.2493548191939805e7	1.5001814362777744e6	2.4029786775052063e7
0.24609441263678195	0.25111583986451125	0.2486051262506466	87383.10608369665	2.2405545228239544e7	1.587564542361471e6	2.3934284956138927e7
0.25111583986451125	0.25623769563679516	0.2536767677506532	92268.14395674046	2.227606269092051e7	1.6798326863182115e6	2.3836822258954722e7
0.2562376956367951	0.2614619885245247	0.25884984208065986	97548.78688957402	2.2175526588926177e7	1.7773814732077855e6	2.3739215346396323e7
0.2614619885245247	0.26679076727000883	0.2641263778972668	102985.79705180103	2.204456329672365e7	1.8803672702595866e6	2.3639685031410247e7
0.26679076727000883	0.27222612159040266	0.2695084444302057	108819.2039994513	2.193352054977058e7	1.989186474259038e6	2.3539514472059343e7
0.2722261215904027	0.2777701829972044	0.27499815229380353	114838.28407958968	2.1795886500543732e7	2.104024758338628e6	2.3437180342414614e7
0.2777701829972044	0.28342512563214217	0.2805976543146733	121283.30928849644	2.167605276317993e7	2.2253080676271245e6	2.3333854726113442e7
0.28342512563214217	0.28919316711977866	0.2863091463759604	128056.14664532049	2.1551477873339888e7	2.353364214272445e6	2.322931768242494e7
0.28919316711977866	0.29507656943716787	0.29213486827847324	135203.24545317766	2.1427289367448878e7	2.4885674597256226e6	2.3123663010380935e7
0.2950765694371678	0.3010776398009048	0.2980771046190363	142469.36693302385	2.1262337357432924e7	2.6310368266586466e6	2.301456703364049e7
0.30107763980090485	0.3071987315719166	0.3041381856864107	150494.08937253826	2.115066992223087e7	2.7815309160311846e6	2.2905355026890818e7
0.30719873157191663	0.3134422451783486	0.3103204883751326	158511.96623178746	2.0979134950120017e7	2.9400428822629717e6	2.2792526430916645e7
0.31344224517834857	0.31981062905690916	0.31662643711762883	167125.56404906753	2.083026519539841e7	3.107168446312039e6	2.2677621776431933e7
0.3198106290569092	0.326306380613041	0.3230585048349751	176293.0638508109	2.069278599915741e7	3.28346151016285e6	2.2561429962638773e7
0.326306380613041	0.33293204720029546	0.32961921390666826	185877.41507137538	2.0546957425372954e7	3.469338925234225e6	2.24435377710266e7
0.3329320472002955	0.33969022711929503	0.33631113715979527	195826.97958894222	2.038617738406925e7	3.6651659048231672e6	2.2323170245177653e7
0.33969022711929503	0.34658357063667455	0.3431368988779848	206440.49699076527	2.023977410133086e7	3.8716064018139327e6	2.2201313782611318e7
0.3465835706366745	0.35361478102440164	0.35009917583053807	217477.46958791418	2.0080639522984393e7	4.089083871401847e6	2.2077311163969725e7
0.35361478102440164	0.3607866156198833	0.35720069832214246	228412.92408578005	1.986284058156948e7	4.317496795487627e6	2.1947858983733162e7
0.3607866156198833	0.3681018869072746	0.36444425126357893	240943.08336456635	1.9733193464651834e7	4.558439878852194e6	2.1818429716111332e7
0.36810188690727463	0.37556346362041376	0.3718326752638442	253823.778692614	1.95786235849769e7	4.812263657544808e6	2.168756518265572e7
0.3755634636204137	0.3831742718678156	0.37936886774411466	267213.14442440134	1.9412399971935485e7	5.07947680196921e6	2.155466857556512e7
0.38317427186781555	0.3909372962801655	0.38705578407399055	281100.17277765437	1.9233512969593666e7	5.360576974746864e6	2.1419119416021347e7
0.39093729628016555	0.3988555811807625	0.394896438730464	295781.6188689291	1.9061154809449717e7	5.656358593615794e6	2.1281454388743818e7
0.3988555811807624	0.40693223177937127	0.40289390648006684	310565.9690364946	1.8850234791838855e7	5.966924562652288e6	2.113954654247448e7
0.40693223177937127	0.4151704153899523	0.4110513235846618	326935.3815447092	1.8690200202283993e7	6.293859944196997e6	2.0996614248468522e7
0.4151704153899523	0.4235733626727449	0.4193718890313486	344170.03906009166	1.8531833798847344e7	6.638029983257089e6	2.0852814418176603e7
0.423573362672745	0.43214436890119345	0.4278588657869692	361141.42326209234	1.8315553023033585e7	6.99917140651918e6	2.0704819331807744e7
0.4321443689011934	0.4408867952542109	0.43651558207770214	380321.33341212705	1.816748548486249e7	7.379492739931307e6	2.0556852766264822e7
0.4408867952542108	0.44980407013428864	0.44534543269424975	398512.15349460236	1.7930443720531803e7	7.778004893425909e6	2.04037249295774e7
0.4498040701342887	0.45889969051196805	0.45435188032312834	419706.1070649789	1.778705039681664e7	8.197711000490888e6	2.025119707665691e7
0.4588996905119681	0.468177223297201	0.46353845690458456	440877.5370157925	1.7599064027081553e7	8.638588537506681e6	2.0096634533818565e7
0.4681772232972011	0.4776403067381387	0.4729087650176699	461543.19991671096	1.735404043764586e7	9.100131737423392e6	1.9936832694617752e7
0.47764030673813856	0.4872926518478949	0.4824664792930167	486302.2666656596	1.7223238416054122e7	9.586434004089052e6	1.9778752231857583e7
0.48729265184789494	0.4971380438598464	0.49221534785387067	509463.10214191885	1.699593558523255e7	1.009589710623097e7	1.9616671031182665e7
0.49713804385984633	0.5071803437120368	0.5021591937859415	534058.2683438142	1.6782176486940637e7	1.0629955374574784e7	1.9451611679730255e7
0.5071803437120368	0.517423489561271	0.5123019166366539	562002.8125305453	1.6635231117030783e7	1.119195818710533e7	1.9287638070007287e7
0.5174234895612712	0.5278714983274901	0.5226474939443806	587512.7027921311	1.638104719308896e7	1.177947088989746e7	1.9118443564385574e7
0.5278714983274901	0.5385284672690335	0.5331999827982619	617488.5009706669	1.6217749938226352e7	1.2396959390868127e7	1.894962292943772e7
0.5385284672690335	0.5493985755894076	0.5439635214292206	647177.6037253897	1.6011268436356813e7	1.3044136994593518e7	1.877864079522667e7
0.5493985755894077	0.5604860860761894	0.5549423308327985	678727.5958032213	1.5817631184244853e7	1.372286459039674e7	1.8606370355422553e7
0.5604860860761894	0.5717953467727067	0.5661407164244481	709631.3464544622	1.5578494668125995e7	1.4432495936851202e7	1.8430239727901697e7
0.5717953467727067	0.5833307926831544	0.5775630697279306	744768.5412283883	1.5401527801799718e7	1.517726447807959e7	1.8254089921250083e7
0.5833307926831544	0.595096947511811	0.5892138700974827	781762.2863630317	1.5228949187076198e7	1.595902676444262e7	1.8078176658308737e7
0.5950969475118111	0.6070984254370408	0.601097686474426	814704.7968547406	1.4950342387753911e7	1.677373156129736e7	1.789632094927683e7
0.6070984254370407	0.619339932920775	0.6132191791789079	854913.6271703155	1.4778542062662758e7	1.7628645188467678e7	1.771507842514217e7
0.619339932920775	0.631826270554184	0.6255831017374796	897130.2881383619	1.4609190265181562e7	1.852577547660604e7	1.753455501049925e7
0.631826270554184	0.6445623349402613	0.6381943027472227	935129.3793610096	1.4345190923058528e7	1.9460904855967052e7	1.7349207785725027e7
0.6445623349402613	0.65755312061406	0.6510577277771606	981888.463229192	1.4189381663691962e7	2.0442793319196243e7	1.716560437990876e7
0.65755312061406	0.6708037220013348	0.6641784213076973	1.0246323033817763e6	1.3948858302510986e7	2.1467425622578017e7	1.6978720793075997e7
0.6708037220013346	0.6843193354163548	0.6775615287088448	1.07005801722311e6	1.3723023951639654e7	2.2537483639801126e7	1.6789601245895248e7
0.6843193354163548	0.6981052610996754	0.6912122982580151	1.1238978255503427e6	1.3578247624862127e7	2.366138146535147e7	1.6603083613035927e7
0.6981052610996754	0.7121669052966624	0.7051360831981689	1.17056307865985e6	1.3322587552410021e7	2.483194454401132e7	1.6412576241028141e7
0.7121669052966624	0.7265097823775891	0.7193383438371257	1.2204621273871372e6	1.3085711983638138e7	2.6052406671398457e7	1.6219402085397853e7
0.7265097823775891	0.7411395170001344	0.7338246496888617	1.2860397553654306e6	1.2989998647584105e7	2.733844642676389e7	1.6031911669762673e7
0.7411395170001344	0.7560618463151305	0.7486006816576325	1.3323211050267764e6	1.2677908314419849e7	2.8670767531790666e7	1.58372124474711e7
0.7560618463151304	0.7712826222164265	0.7636722342657785	1.3895430414147314e6	1.2456526889050229e7	3.0060310573205397e7	1.5640989152618395e7
0.7712826222164265	0.7868078136357485	0.7790452179260875	1.463043876323359e6	1.2355798527559387e7	3.1523354449528754e7	1.545033226214433e7
0.7868078136357485	0.8026435088834569	0.7947256612596028	1.5170810462407614e6	1.2070157610745136e7	3.3040435495769516e7	1.525418679365031e7
0.8026435088834569	0.8187959180361195	0.8107197134597882	1.5824326721714921e6	1.1861025438944822e7	3.4622868167941004e7	1.505731119129671e7
0.8187959180361196	0.8352713753718355	0.8270336467039776	1.6547150511487112e6	1.1684635115015287e7	3.627758321908972e7	1.4861647028189017e7
0.8352713753718353	0.8520763418542654	0.8436738586130503	1.7215997801022993e6	1.1453049552070025e7	3.7999182999192014e7	1.4663921544733755e7
0.8520763418542654	0.8692174076663441	0.8606468747603048	1.8028088681766489e6	1.129893867819885e7	3.980199186736866e7	1.4468747961168483e7
0.8692174076663441	0.8867012947946644	0.8779593512305043	1.8681780919594613e6	1.1030805995795729e7	4.167016995932812e7	1.4269364591109354e7
0.8867012947946645	0.9045348596655512	0.8956180772301079	1.9549373955368882e6	1.0874887514269257e7	4.362510735486501e7	1.4072523200025786e7
0.9045348596655511	0.9227250958338555	0.9136299777497033	2.028847771927756e6	1.0632765418199634e7	4.5653955126792766e7	1.387307712922726e7
0.9227250958338556	0.9412791367255261	0.9320021162796909	2.1192605777650587e6	1.0463761833992869e7	4.777321570455782e7	1.3675416682417726e7
0.9412791367255261	0.96020425843503	0.950741697580278	2.200356237497104e6	1.023540496864189e7	4.997357194205493e7	1.3475996826858299e7
0.9602042584350299	0.9795078825787238	0.9698560705068768	2.2954407816580273e6	1.0059779517392522e7	5.226901272371295e7	1.3277976075286577e7
0.9795078825787238	0.9991975792052916	0.9893527308920077	2.3812284292729064e6	9.831856297753206e6	5.4650241152985856e7	1.3078241534225194e7
0.9991975792052917	1.0192810697643908	1.0092393244848412	2.4832840010138215e6	9.659945367996797e6	5.713352515399968e7	1.2880138593075737e7
1.0192810697643908	1.039766230134672	1.0295236499495313	2.5760568364248592e6	9.441026678310812e6	5.9709581990424536e7	1.2680848004002126e7
1.039766230134672	1.0606610937123586	1.0502136619235154	2.6859265499454476e6	9.274170484212812e6	6.239550854036999e7	1.2483455090947116e7
1.0606610937123588	1.0819738545615993	1.071317474136979	2.7835768208755963e6	9.055301920985647e6	6.517908536124559e7	1.2284835727390457e7
1.0819738545615993	1.1037128706278245	1.0928433625947118	2.8884489926231843e6	8.852884471256781e6	6.806753435386877e7	1.2086013888322176e7
1.1037128706278245	1.1258866670153744	1.1147997688215994	3.0060768220674484e6	8.68044716043383e6	7.107361117593622e7	1.1888737670225851e7
1.1258866670153742	1.148503939330675	1.1371953031730246	3.115247776362019e6	8.475358422153367e6	7.418885895229824e7	1.1691025688934667e7
1.1485039393306753	1.171573557092282	1.1600387482114787	3.2365225775832357e6	8.2960062984475e6	7.742538152988148e7	1.1494393535758877e7
1.171573557092282	1.195104567209121	1.1833390621507016	3.3491302980047977e6	8.088144417557409e6	8.077451182788627e7	1.1297127086932871e7
1.195104567209121	1.2191061975282966	1.2071053823687088	3.470783613264369e6	7.897183890272441e6	8.424529544115064e7	1.1100241591799725e7
1.2191061975282966	1.2435878604538557	1.2313470289910762	3.6000074468715107e6	7.7175132072316455e6	8.784530288802214e7	1.0904368348606763e7
1.243587860453856	1.2685591566379264	1.2560735085458912	3.715553136235194e6	7.5046097060924005e6	9.156085602425733e7	1.0707524127410313e7
1.268559156637926	1.2940298787456777	1.2812945176918018	3.8422613484343626e6	7.311787195285933e6	9.540311737269169e7	1.0510927585154807e7
1.2940298787456779	1.3200100152955847	1.3070199470206312	3.9940775784617e6	7.161211035001941e6	9.93971949511534e7	1.0317009731965749e7
1.3200100152955847	1.3465097545764897	1.3332598849360373	4.1043230404813583e6	6.933398286113612e6	1.0350151799163476e8	1.0121143868649071e7
1.3465097545764895	1.3735394886430126	1.360024621609751	4.2469069326786995e6	6.759479733907249e6	1.0774842492431346e8	9.926562283998517e6
1.3735394886430126	1.401109817390866	1.3873246530169392	4.389704189342085e6	6.582834641496877e6	1.1213812911365554e8	9.73303238623644e6
1.401109817390866	1.4292315527136765	1.4151706850522712	4.530374703488196e6	6.401035043777315e6	1.1666850381714374e8	9.540194585615061e6
1.4292315527136763	1.457915722742943	1.4435736377283095	4.667764214818735e6	6.213904638055342e6	1.2133626803196247e8	9.347699980955802e6
1.4579157227429431	1.487173576172795	1.4725446494578691	4.823897599661305e6	6.050545414488821e6	1.2616016563162377e8	9.156903978346026e6
1.487173576172795	1.5170165866712442	1.5020950814220195	4.975376274340976e6	5.879823665175886e6	1.3113554190596475e8	8.967281806336267e6
1.5170165866712444	1.5474564573796623	1.5322365220254532	5.11880660344427e6	5.699675766545138e6	1.3625434850940904e8	8.778219766810525e6
1.5474564573796623	1.5785051255022486	1.5629807914409555	5.285268111940193e6	5.544885990763168e6	1.4153961662134925e8	8.591152266657822e6
1.5785051255022486	1.6101747669872868	1.5943399462447676	5.438131682554046e6	5.37552113760876e6	1.4697774830390328e8	8.405120242705999e6
1.6101747669872866	1.6424778013020254	1.626326284144656	5.590507778603036e6	5.20677047313902e6	1.5256825608250633e8	8.220098978633834e6
1.6424778013020256	1.6754268963030592	1.6589523488025424	5.769687375042826e6	5.063103762053861e6	1.5833794345754915e8	8.037480668578898e6
1.6754268963030592	1.7090349732041135	1.6922309347535864	5.922974867376537e6	4.897256249887457e6	1.642609183249257e8	7.855842845822382e6
1.709034973204113	1.7433152116431883	1.7261750924236505	6.096981149323979e6	4.749820415088726e6	1.7035789947424966e8	7.676193400006381e6
1.7433152116431885	1.7782810548510453	1.7607981332471168	6.260747999825612e6	4.595565326578788e6	1.7661864747407526e8	7.498022516413483e6
1.7782810548510457	1.8139462149230596	1.7961136348870528	6.446166248983232e6	4.458261834617337e6	1.830648137230585e8	7.322224691387316e6
1.8139462149230594	1.8503246781965137	1.8321354465597866	6.618899198870192e6	4.3132251740513705e6	1.8968371292192867e8	7.148215046319112e6
1.8503246781965135	1.8874307107354367	1.868877694465975	6.789123302736623e6	4.168533377424082e6	1.9647283622466528e8	6.975909752309004e6
1.887430710735437	1.9252788639251386	1.9063547873302877	6.990952150285777e6	4.0444553828742527e6	2.0346378837495106e8	6.806401876841139e6
1.9252788639251386	1.9638839801786343	1.9445814220518864	7.165680131397731e6	3.906035272894606e6	2.106294685063488e8	6.63869994673953e6
1.9638839801786343	2.0032611987571998	1.983572589467917	7.341464864234524e6	3.7706599266758333e6	2.1797093337058333e8	6.472875247125295e6
2.0032611987571998	2.0434259617073365	2.023343580232268	7.533487495084672e6	3.6457548910910045e6	2.25504420865668e8	6.3094242506502345e6
2.0434259617073365	2.084394019916476	2.063909990811906	7.732869962427963e6	3.5260599907476488e6	2.3323729082809597e8	6.1485105615284145e6
2.084394019916476	2.1261814392897986	2.1052877296031376	7.917938780031017e6	3.4018843648916343e6	2.41155229608127e8	5.989728084350287e6
2.126181439289799	2.1688046070505878	2.1474930231701936	8.104624384612988e6	3.2809493389469283e6	2.4925985399273998e8	5.833140613415183e6
2.1688046070505878	2.2122802381665925	2.19054242260859	8.30581410684651e6	3.168172760370453e6	2.575656680995865e8	5.679092530903065e6
2.212280238166592	2.2566253819049167	2.234452810035754	8.50934898304877e6	3.058325991894137e6	2.6607501708263525e8	5.5276060491070775e6
2.256625381904917	2.3018574285180082	2.2792414052114625	8.703160262882642e6	2.9473110576549713e6	2.747781773455179e8	5.378465240119255e6
2.3018574285180082	2.347994116063361	2.3249257722906846	8.909399957512207e6	2.8428879698953037e6	2.836875773030301e8	5.231915201334526e6
2.347994116063361	2.395053537359621	2.371523826711491	9.109298682344945e6	2.738793324535702e6	2.9279687598537505e8	5.087824848576513e6
2.395053537359621	2.4430541470818063	2.4190538422207135	9.309282947454574e6	2.6372681715724133e6	3.021061589328296e8	4.946200214340102e6
2.4430541470818063	2.4920147689984353	2.467534458040121	9.524605790371625e6	2.5424330156820635e6	3.116307647232012e8	4.807285116214586e6
2.4920147689984353	2.5419546033533966	2.516984686175916	9.715128582426826e6	2.4435216866712007e6	3.2134589330562806e8	4.67068710245841e6
2.5419546033533966	2.5928932343954574	2.567423918874427	9.937467521845791e6	2.3550990491411653e6	3.312833608274739e8	4.536878100149838e6
2.5928932343954574	2.6448506380583594	2.6188719362269084	1.0155082819408178e7	2.2676884913595836e6	3.4143844364688206e8	4.405755124408815e6
2.644850638058359	2.6978471897945187	2.6713489139264386	1.035483627333167e7	2.178764461955835e6	3.517932799202137e8	4.277075228906083e6
2.697847189794519	2.751903672565402	2.7248754311799606	1.055853789980892e7	2.0933342802093867e6	3.6235181782002264e8	4.1508988606707645e6
2.7519036725654016	2.807041284991702	2.779472478778552	1.0781485220063658e7	2.014103449612323e6	3.731333030400863e8	4.0274392931745e6
2.8070412849917026	2.863281649666529	2.835161467329116	1.0994151256929127e7	1.9352357542453331e6	3.841274542970154e8	3.9065602700312277e6
2.8632816496665288	2.920646821634852	2.8919642356506903	1.1219487117971316e7	1.8608645599483016e6	3.953469414149867e8	3.788372228833021e6
2.920646821634852	2.9791592970425413	2.9499030593386966	1.1434275255833551e7	1.786983652618202e6	4.067812166708203e8	3.6727477753290464e6
2.979159297042542	3.038842021958385	3.0090006595004635	1.164405243694469e7	1.7146948414482856e6	4.1842526910776496e8	3.559630545680369e6
3.038842021958385	3.099718401372545	3.069280211665465	1.187209533504969e7	1.647332931435074e6	4.3029736444281465e8	3.4491600902435035e6
3.099718401372545	3.1618123083749885	3.130765354873767	1.2079557662344702e7	1.5793446212796718e6	4.4237692210515934e8	3.3411470954982955e6
3.161812308374988	3.2251480935174803	3.193480200946234	1.229485798856938e7	1.5146831806689186e6	4.546717800937287e8	3.2356415672365194e6
3.2251480935174803	3.2897505943628222	3.2574493439401513	1.252336086326681e7	1.4537580233038012e6	4.6719514095699555e8	3.132714273034987e6
3.2897505943628227	3.3556451452250715	3.322697869793947	1.2745932389292466e7	1.3941718341523444e6	4.79941073346288e8	3.032293419726039e6
3.355645145225072	3.422857587104566	3.389251366164819	1.295281421955382e7	1.3350047357530468e6	4.9289388756584185e8	2.934258240653073e6
3.422857587104566	3.4914142778216495	3.4571359324631077	1.317848104850168e7	1.2798483197260012e6	5.060723686143435e8	2.8387024039884275e6
3.491414277821649	3.5613421023530742	3.5263781900873616	1.3401050998577284e7	1.2263289299965533e6	5.194734196129208e8	2.74557707077935e6
3.5613421023530742	3.632668483375128	3.597005292864101	1.3620016122799862e7	1.1744139043621146e6	5.330934357357207e8	2.654834345347598e6
3.6326684833751277	3.7054213920176227	3.669044937696375	1.3847648409698453e7	1.1251113657533035e6	5.469410841454191e8	2.5664873295260104e6
3.705421392017622	3.779629358832967	3.7425253754252945	1.4065641789764961e7	1.0768505151262905e6	5.610067259351841e8	2.480457655161623e6
3.7796293588329672	3.8553214849846187	3.817475421908793	1.4288480872402703e7	1.0307628603104254e6	5.752952068075868e8	2.3967368357347567e6
3.855321484984619	3.932527453659304	3.8939244693219615	1.4497651069104187e7	985479.5779401137	5.89792857876691e8	2.3152378312936146e6
3.9325274536593033	4.011277541707481	3.9719024976833923	1.4720179810353942e7	942846.1209037451	6.045130376870449e8	2.235985209682363e6
4.011277541707481	4.091602631516623	4.051440086612052	1.4941999915002914e7	901809.0268424774	6.194550376020478e8	2.1589412885617674e6
4.091602631516623	4.173534223121948	4.132568427319285	1.5171656334527101e7	862814.4484056929	6.346266939365749e8	2.0840963312422675e6
4.173534223121948	4.257104446559379	4.215319334840663	1.5385753536722606e7	824483.859859089	6.500124474732976e8	2.0113615664367063e6
4.257104446559379	4.342346074465558	4.299725260512469	1.5608500614731614e7	788141.0536098097	6.656209480880293e8	1.9407297974103487e6
4.342346074465559	4.429292534929862	4.38581930469771	1.5829954927858245e7	753185.9578347179	6.814509030158875e8	1.8721595980370976e6
4.4292925349298615	4.517977924603451	4.473635229766656	1.6050063249430867e7	719580.5953230114	6.975009662653184e8	1.8056097473683767e6
4.51797792460345	4.608437022070511	4.5632074733369805	1.6271689946700433e7	687410.0760223826	7.137726562120188e8	1.7410463244757936e6
4.608437022070511	4.700705301486913	4.654571161778712	1.6471271441848189e7	655678.9902485671	7.30243927653867e8	1.6783798996465679e6
4.700705301486913	4.794818946491643	4.747762123989277	1.6697790394693688e7	626331.7441793749	7.469417180485607e8	1.6176384778578354e6
4.794818946491643	4.890814864396467	4.842816905444055	1.691445437962476e7	597840.1023371684	7.638561724281855e8	1.558760215343658e6
4.890814864396468	4.988730700659389	4.939772782527928	1.7109454632706888e7	569829.8553540603	7.809656270608923e8	1.5016652405785401e6
4.988730700659389	5.088604853647568	5.038667777153478	1.7337875725133866e7	544110.6730673504	7.983035027860262e8	1.44638277806272e6
5.088604853647569	5.190476489695512	5.13954067167154	1.7544802380602647e7	518826.92124930123	8.158483051666288e8	1.3928332366686272e6
5.190476489695511	5.294385558464413	5.242431024079962	1.7753128893437535e7	494688.62181153474	8.336014340600663e8	1.340982617097644e6
5.294385558464413	5.400372808608692	5.347379183536552	1.7975421541939013e7	471975.4570847627	8.515768556020054e8	1.2908150329407118e6
5.400372808608693	5.508479803755858	5.454426306182276	1.8175432780084316e7	449685.337040603	8.697522883820896e8	1.242257668517562e6
5.508479803755859	5.618748938805967	5.563614371280913	1.8374368423866294e7	428371.26537586463	8.881266568059559e8	1.1952738411970192e6
5.618748938805966	5.731223456557077	5.6749861976815215	1.8570842888632562e7	407965.8182962662	9.066974996945884e8	1.1498250976200684e6
5.7312234565570765	5.845947464663209	5.788585460610143	1.8800182980587088e7	389169.49104201054	9.254976826751755e8	1.1059156446517287e6
5.845947464663211	5.962965952931467	5.904456708797339	1.8981981768117066e7	370256.8519087532	9.444796644432926e8	1.0634498476298128e6
5.962965952931466	6.082324810965086	6.022645381948276	1.9165461594327953e7	352262.13697535655	9.636451260376205e8	1.0223972988461248e6
6.082324810965086	6.204070846159379	6.143197828562233	1.9394687427132454e7	335903.76969031186	9.83039813464753e8	982770.8184622276
6.20407084615938	6.328251802057558	6.266161324108468	1.9577437518376507e7	319502.033785137	1.0026172509831295e9	944485.530806522
6.328251802057558	6.4549163770737	6.3915840895656295	1.974562676928131e7	303650.9626532891	1.0223628777524108e9	907495.7530835804
6.454916377073701	6.584114243590166	6.519515310331934	1.9966702849097617e7	289331.89852352225	1.0423295806015084e9	871815.0862547233
6.584114243590165	6.71589606743696	6.650005155513563	2.013539041696184e7	274939.09620795987	1.0624649710184702e9	837363.6640858699
6.715896067436961	6.850313527760691	6.783104797598826	2.0346298538384866e7	261787.31409539745	1.082811269556855e9	804142.1210644337
6.85031352776069	6.987419337290895	6.9188664325257925	2.054398780011611e7	249077.74329414696	1.103355257356971e9	772104.9506584263
6.987419337290895	7.127267263011704	7.057343300151299	2.0694516689554043e7	236424.61803160937	1.124049774046525e9	741187.0106113951
7.127267263011705	7.269912147246929	7.198589705129317	2.093170343314239e7	225335.41609041713	1.1449814774796674e9	711413.9283443256
7.269912147246929	7.4154099291668585	7.342661038206893	2.1034807617806967e7	213378.73546427	1.1660162850974743e9	682669.5223615778
7.415409929166858	7.5638176667251855	7.489613797946022	2.128662415756478e7	203473.25196056187	1.1873029092550395e9	655012.7730965918
7.5638176667251855	7.71519355903468	7.639505612879933	2.1389797646365184e7	192661.69539990518	1.2086927069014046e9	628328.5793732948
7.715193559034678	7.869596969190362	7.79239526411252	2.1609622968954086e7	183410.53643817542	1.2303023298703587e9	602650.8365932786
7.869596969190363	8.027088447549161	7.948342708369762	2.174631475077577e7	173920.7375649923	1.2520486446211345e9	577907.6562210408
8.027088447549161	8.187729755475134	8.107409101512147	2.1933921998471066e7	165299.2238806917	1.2739825666196055e9	554095.1848691361
8.187729755475134	8.351583889559627	8.26965682251738	2.2070612536233693e7	156732.09414253986	1.2960531791558392e9	531162.8210981449
8.351583889559627	8.51871510632581	8.435149497942719	2.226346711896382e7	148979.18138655057	1.318316646274803e9	509106.7366992059
8.51871510632581	8.689188947427317	8.603952026876563	2.2405506542112194e7	141278.79700504913	1.340722152816915e9	487879.36813131045
8.689188947427317	8.863072265350853	8.776130606389085	2.25918135117343e7	134234.12901724252	1.3633139663286493e9	467470.70859537023
8.863072265350853	9.04043324963286	8.951752757491857	2.2738965221305944e7	127312.890642755	1.3860529315499551e9	447840.61210179527
9.04043324963286	9.221341453600507	9.130887351616684	2.2910299202101137e7	120871.09560242911	1.4089632307520564e9	428971.7962011104
9.221341453600507	9.405867821647508	9.313604637624007	2.303179813001556e7	114501.12269093814	1.431995028882072e9	410824.45404523314
9.405867821647508	9.594084717055448	9.499976269351478	2.3157796947087742e7	108484.95802504873	1.4551528258291597e9	393377.3502500299
9.594084717055447	9.786065950371546	9.690075333713496	2.3361350988137126e7	103124.24944300321	1.478514176817297e9	376627.883008157
9.786065950371546	9.981886808353966	9.883976379362757	2.3427859007953618e7	97450.97432525289	1.5019420358252506e9	360517.74063626054
9.981886808353966	10.181624083496034	10.081755445925001	2.3555719390975248e7	92329.58110965187	1.5254977552162259e9	345041.8617474467
10.181624083496034	10.385356104140945	10.28349009381849	2.3730790696524497e7	87649.16426448141	1.5492285459127502e9	330189.0778098091
10.385356104140945	10.593162765198754	10.48925943466985	2.385884534947731e7	83037.87658990877	1.5730873912622275e9	315927.40832554136
10.593162765198754	10.805125559477718	10.699144162338236	2.4021605330061834e7	78780.77417911448	1.5971089965922894e9	302243.1682435304
10.805125559477718	11.021327609642261	10.91322658455999	2.4147886140566397e7	74625.78267047694	1.6212568827328558e9	289108.91741738986
11.021327609642261	11.241853700810095	11.131590655226178	2.4260377439821582e7	70647.86645799581	1.6455172601726773e9	276503.1257835284
11.241853700810095	11.466790313801287	11.35432200730569	2.4345449230920754e7	66805.33722649953	1.669862709403598e9	264403.10097977635
11.466790313801285	11.696225659052299	11.581507986426793	2.4478991254622426e7	63296.38464909167	1.6943417006582205e9	252798.8967944032
11.6962256590523	11.930249711208337	11.813237685130318	2.45946586181414e7	59926.4225930522	1.718936359276362e9	241669.9135945739
11.930249711208337	12.168954244407493	12.049601977807914	2.466212439988892e7	56623.97421629546	1.743598483676251e9	230992.61686519513
12.168954244407491	12.41243286827063	12.290693556339061	2.4817418181976993e7	53693.153628473156	1.768415901858228e9	220762.37834240712
12.41243286827063	12.660781064611031	12.53660696644083	2.4935178553896595e7	50835.53339420068	1.7933510804121246e9	210957.6179323909
12.66078106461103	12.914096224878238	12.787438644744633	2.5070630475823946e7	48162.92804217556	1.8184217108879485e9	201564.45306242423
12.91409622487824	13.172477688350792	13.043286956614516	2.512615521871314e7	45484.82422299586	1.8435478661066616e9	192558.81026365474
13.172477688350792	13.436026781092796	13.304252234721794	2.5203385371499095e7	42992.46523646471	1.8687512514781606e9	183929.040277464
13.436026781092798	13.704846855689642	13.570436818391219	2.5291300453165777e7	40653.48146436698	1.8940425519313264e9	175662.29875893638
13.70484685568964	13.97904333177842	13.84194509373403	2.5373403115248475e7	38432.491570815415	1.9194159550465748e9	167744.44147999247
13.979043331778422	14.258723737388978	14.1188835345837	2.5465048157376092e7	36346.08889210906	1.944881003203951e9	160163.09815315032
14.258723737388976	14.543997751111744	14.401360744250361	2.559327349090274e7	34421.714771359555	1.9704742766948535e9	152908.1959146918
14.543997751111744	14.834977245108966	14.689487498110356	2.569575622346774e7	32565.793643470497	1.9961700329183214e9	145964.84442852362
14.834977245108968	15.131776328986135	14.98337678704755	2.5716764166425228e7	30712.155637736352	2.0218867970847466e9	139315.19515501702
15.131776328986136	15.434511394540847	15.283143861763492	2.578853595126526e7	29021.141644848	2.047675333036012e9	132951.6808285457
15.434511394540843	15.743301161406647	15.588906277973745	2.583131163612506e7	27392.2813127247	2.073506644672137e9	126861.37435695111
15.743301161406647	16.058266723609766	15.900783942508205	2.5881352675906077e7	25862.039013035228	2.0993879973480432e9	121034.19865401962
16.05826672360977	16.37953159705695	16.218899160333358	2.599128671700053e7	24473.592583190046	2.1253792840650437e9	115463.1494610013
16.37953159705695	16.707221767973074	16.54337668251501	2.6057345035718456e7	23120.34808547597	2.1514366291007624e9	110135.47697077061
16.707221767973074	17.041465742307523	16.8743437551403	2.6100705319116503e7	21822.816920404563	2.177537334419879e9	105040.35067456293
17.041465742307526	17.382394596128663	17.211930169218093	2.6148947561870158e7	20601.898426221265	2.203686281981749e9	100168.77095763326
17.382394596128663	17.730142027026222	17.55626831157744	2.6179768223200493e7	19436.29065562418	2.2298660502049494e9	95511.02867726328
17.730142027026222	18.084844406541734	17.907493216783976	2.6215203235799428e7	18339.837085256146	2.2560812534407487e9	91058.77375781747
18.08484440654173	18.44664083364755	18.265742620094642	2.623939065699643e7	17297.79482237969	2.282320644097745e9	86803.28751405294
18.446640833647553	18.81567318929549	18.631157011471522	2.6307599493652087e7	16342.2956033138	2.308628243591397e9	82738.20823783851
18.81567318929549	19.192086192056387	19.003879690675937	2.6345205185390793e7	15421.561885490868	2.3349734487767878e9	78854.55424196499
19.192086192056387	19.5760274548725	19.38405682346444	2.6352772493661135e7	14536.10705993629	2.3613262212704496e9	75143.89182938552
19.5760274548725	19.967647542944935	19.771837498908717	2.6377167555384632e7	13710.240413656602	2.3877033888258343e9	71599.676488136
19.967647542944935	20.36710003277882	20.167373787861877	2.637397066145366e7	12917.77241192161	2.414077359487288e9	68214.23050701327
20.367100032778815	20.774541572409376	20.570820802594096	2.640524661671128e7	12187.022696310167	2.440482606103999e9	64981.953067730494
20.77454157240938	21.19013194283255	20.982336757620963	2.6406771768012177e7	11484.658031044712	2.466889377872011e9	61895.64357039594
21.19013194283255	21.614034120664186	21.40208303174837	2.6425211142493974e7	10829.70601674592	2.4933145890145054e9	58949.61468307613
21.61403412066419	22.046414342052458	21.830224231358322	2.6440771642717924e7	10210.9900041374	2.519755360657223e9	56137.86251276244
22.046414342052458	22.48744216786849	22.266928254960476	2.6395161707682475e7	9605.360182369273	2.546150522364906e9	53453.39413541239
22.48744216786849	22.937290550200846	22.712366359034668	2.6350070281503834e7	9035.803623496031	2.5725005926464095e9	50890.946299487754
22.937290550200842	23.396135900179843	23.166713225190342	2.6401217676542353e7	8531.093789024932	2.598901810322952e9	48447.21942336056
23.396135900179846	23.86415815715843	23.630147028669136	2.6414000021684065e7	8042.864619102283	2.625315810344636e9	46116.31413954905
23.86415815715842	24.341540859276574	24.102849508217496	2.640363460897597e7	7575.934243772376	2.651719444953612e9	43892.94946831065
24.341540859276574	24.828471215437087	24.58500603735683	2.632054424011866e7	7116.448579195476	2.6780399891937304e9	41771.349948815616
24.82847121543709	25.325140178720815	25.076805697078953	2.6269568581635863e7	6692.947650677573	2.7043095577753663e9	39747.71983385774
25.32514017872082	25.83174252127022	25.57844134999552	2.6315717253022503e7	6317.94446057451	2.730625275028389e9	37819.204273923846
25.831742521270215	26.348476910670602	26.090109715970407	2.6274047877071645e7	5944.067741827555	2.756899322905461e9	35980.38039767014
26.348476910670605	26.875545987859	26.612011449264802	2.6236131062051713e7	5593.102662842238	2.783135453967512e9	34227.39499756345
26.875545987858995	27.413156446591156	27.144351217225076	2.6157665399209607e7	5254.704266177913	2.8092931193667216e9	32556.020433500205
27.41315644659116	27.961519114497964	27.68733778054456	2.607143213962666e7	4935.265819556392	2.835364551506348e9	30962.64182622647
27.961519114497964	28.520849035762904	28.241184075130434	2.611659760516317e7	4658.63496684773	2.861481149111511e9	29445.228597912654
28.52084903576291	29.09136555545315	28.80610729560803	2.6064627167614445e7	4381.169795840078	2.8875457762791257e9	27999.349761981564
29.091365555453145	29.67329240553719	29.382328980495167	2.595625578056317e7	4111.280944282875	2.913502032059689e9	26621.315189339824
29.67329240553719	30.266857792622915	29.970075099080052	2.5836960349149495e7	3856.320568716625	2.9393389924088387e9	25308.07179829335
30.266857792622922	30.87229448745036	30.56957614003664	2.5845462418021947e7	3635.0691215759953	2.965184454826861e9	24057.826057073922
30.872294487450354	31.48983991617434	31.181067201812347	2.577476040032658e7	3416.0145786916873	2.9909592152271876e9	22867.070105513056
31.489839916174343	32.11973625347281	31.804788084823578	2.573332696468322e7	3213.792132072577	3.0166925421918707e9	21733.342736329538
32.11973625347281	32.762230517517246	32.44098338549503	2.565118120889662e7	3018.7422521687404	3.0423437234007673e9	20653.767532102946
32.762230517517246	33.41757466684257	33.08990259217991	2.5556410888287116e7	2834.1014918484857	3.0679001342890544e9	19625.82074532002
33.41757466684257	34.0860256991544	33.75180018299848	2.5437188099188093e7	2658.1627109109845	3.0933373223882427e9	18647.025767484658
34.086025699154405	34.76784575211247	34.42693572563344	2.544747301007546e7	2505.844375258466	3.1187847953983183e9	17715.909468925864
34.767845752112464	35.46330220612969	35.11557397912108	2.534241582390309e7	2351.551360504952	3.1441272112222214e9	16829.607249634453
35.4633022061297	36.17266778922727	35.81798499767848	2.519834933279846e7	2203.310070173041	3.16932556055502e9	15985.882793936245
36.17266778922727	36.89622068398679	36.53444423660703	2.5118046418661617e7	2069.6004206051757	3.1944436069736805e9	15183.117980968653
36.8962206839868	37.63424463664151	37.265232660314155	2.50652071944334e7	1946.1177283748045	3.2195088141681137e9	14419.53973525328
37.634244636641505	38.387029068349314	38.01063685249541	2.498055885649575e7	1827.667420195841	3.2444893730246096e9	13693.177632850227
38.387029068349314	39.15486918869128	38.7709491285203	2.48007808856323e7	1709.8484946876154	3.269290153910242e9	13001.921063709664
39.15486918869128	39.93806611144008	39.54646765006568	2.472779339991439e7	1606.4785719267131	3.2940179473101563e9	12344.578254807428
39.93806611144008	40.73692697264386	40.33749654204197	2.4700871702752814e7	1512.1650454075923	3.318718819012909e9	11719.71512413846
40.736926972643865	41.55176505107172	41.14434601185779	2.4523510775465235e7	1414.708432126385	3.343242329788374e9	11125.276609126417
41.55176505107172	42.38289989106813	41.96733247106992	2.4363237855785698e7	1324.3925473256836	3.36760556764416e9	10559.919426068745
42.38289989106812	43.23065742786446	42.80677865946629	2.410826343222878e7	1234.9378919869218	3.3917138310763884e9	10022.01556353694
43.23065742786446	44.09537011539672	43.66301377163059	5.760439741927309e7	2780.5603827118034	3.4493182284956613e9	9604.29912318096
44.09537011539672	44.97737705667963	44.536373586038174	2.2183806586621016e7	1009.0444692059491	3.471502035082282e9	9108.491126119354
44.977377056679636	45.8770241367882	45.42720059673392	2.1978589335757453e7	942.04496372147	3.4934806244180393e9	8637.419486448776
45.8770241367882	46.79466415849894	46.33584414764357	2.174019459629989e7	878.0775300150482	3.5152208190143394e9	8189.832097294054
46.79466415849895	47.7306569806439	47.26266056957142	2.158636716561685e7	821.5739336340808	3.5368071861799564e9	7764.80472889937
47.73065698064389	48.685369659231746	48.20801331993782	2.1251613096997466e7	762.1784828268504	3.5580587992769537e9	7360.869121045619
48.685369659231746	49.65917659139136	49.17227312531155	2.114029783876986e7	714.4529133282522	3.5791990971157236e9	6977.48168875752
49.65917659139135	50.65245966219415	50.15581812679275	2.0933863266677972e7	666.6680682409697	3.600132960382403e9	6613.453633151377
50.652459662194154	51.665608394413006	51.15903402830358	2.0652319907661222e7	619.7648039707952	3.6207852802900643e9	6267.71900985674
51.66560839441301	52.69902010127625	52.18231424784463	2.0480538016875356e7	579.1582600871968	3.6412658183069396e9	5939.585731256513
52.69902010127624	53.753100042276735	53.22606007177649	2.0256771755901724e7	539.7889484033875	3.6615225900628414e9	5628.109791427305
53.753100042276735	54.82826158209724	54.29068081218699	1.9985163911114316e7	501.8331664453092	3.6815077539739556e9	5332.411813848454
54.82826158209724	55.92492635271416	55.3765939674057	1.9930260355045695e7	471.5877786693409	3.7014380143290014e9	5052.026373509311
55.92492635271416	57.04352441874341	56.484225385728784	1.9679054168919735e7	438.7849719646755	3.721117068497921e9	4785.922622403838
57.04352441874342	58.184494446093254	57.614009432418335	1.9399813559975408e7	407.6083424548468	3.7405168820578966e9	4533.370501633427
58.184494446093254	59.348283873990084	58.76638916004167	1.929779732309712e7	382.07732299865	3.759814679380994e9	4293.913919609376
59.348283873990084	60.53534909044485	59.94181648221747	1.890878082717245e7	352.7809226416166	3.778723460208166e9	4066.5802491148024
60.535349090444846	61.74615561122871	61.14075235083678	1.886505397955176e7	331.66350548607574	3.797588514187718e9	3851.1419497150882
61.74615561122872	62.981178262428266	62.363666936828494	1.8582122901112307e7	307.8456782182294	3.81617063708883e9	3646.7570617103265
62.98117826242826	64.2409013666518	63.61103981454003	1.8417288881099258e7	287.51569603005714	3.834587925969929e9	3452.989147636201
64.2409013666518	65.5258189329598	64.8833601498058	1.8276718010987807e7	268.863731545248	3.852864643980917e9	3269.3225532722354
65.5258189329598	66.83643485059396	66.18112689177687	1.796454995017295e7	249.02820071730224	3.87082919393109e9	3095.1063100732426
66.83643485059396	68.1732630865808	67.50484896858738	1.787431187884685e7	233.48539753674595	3.8887035058099365e9	2930.0428847572252
68.17326308658079	69.53682788728737	68.85504548693407	1.7575019511633612e7	216.33382940390328	3.9062785253215704e9	2773.5115002252815
69.53682788728739	70.9276639840081	70.23224593564774	1.7481141341539726e7	202.76671258127794	3.9237596666631103e9	2625.226743421875
70.92766398400809	72.34631680266321	71.63699039333565	1.722155954896754e7	188.2338093972745	3.9409812262120776e9	2484.657201510218
72.34631680266322	73.79334267769146	73.06982974017734	1.7169215202444915e7	176.83730979099604	3.9581504414145226e9	2351.5387375584223
73.79334267769144	75.26930907022023	74.53132587395584	1.6798855688856326e7	163.04274525501046	3.974949297103379e9	2225.3032162143463
75.26930907022025	76.77479479059961	76.02205193040993	1.6727272726668041e7	152.98373693618382	3.9916765698300467e9	2105.7690711640375
76.7747947905996	78.31039022538656	77.54259250799308	1.6448250641465088e7	141.75494322836525	4.008124820471512e9	1992.4822640482228
78.31039022538656	79.87669756886925	79.0935438971279	1.6315771622503735e7	132.50263243945287	4.0244405920940156e9	1885.1964286911689
79.87669756886925	81.4743310592216	80.67551431404542	1.6147178285156973e7	123.56968577965543	4.040587770379173e9	1783.5838265187565
81.47433105922158	83.10391721938097	82.28912413930128	1.5927844086854052e7	114.86050775564405	4.056515614466027e9	1687.3301108442392
83.10391721938097	84.76609510274355	83.93500616106226	1.5788597919169258e7	107.28913787910327	4.072304212385196e9	1596.191791033631
84.76609510274358	86.4615165437734	85.61380582325849	1.551145370936417e7	99.32605042397455	4.08781566609456e9	1509.8511979987713
86.4615165437734	88.19084641362383	87.32618147869862	1.5576374897855712e7	93.98868027803897	4.103392040992416e9	1428.183035740877
88.19084641362382	89.95476288087124	89.07280464724752	1.5072520802103017e7	85.70251488754121	4.118464561794519e9	1350.747693885208
89.95476288087124	91.75395767746362	90.85436027916742	1.5215633843050193e7	81.52602280299112	4.133680195637569e9	1277.5380584774382
91.75395767746362	93.58913636998784	92.67154702372574	1.4770010654707056e7	74.57367879587117	4.148450206292276e9	1208.1502644987954
93.58913636998786	95.46101863636257	94.52507750317521	1.4783874490379386e7	70.33825602787928	4.1632340807826557e9	1142.5205701656953
95.46101863636258	97.37033854806478	96.41567859221368	1.454112928419394e7	65.1928628769595	4.1777752100668497e9	1080.3797096837334
97.37033854806477	99.31784485800101	98.34409170303289	1.4284948730414286e7	60.350268818772626	4.192060158797264e9	1021.5439028344032
99.31784485800102	101.304301294136	100.31107307606851	1.4401840881148338e7	57.33464846276786	4.2064619996784124e9	965.9278857485091
101.304301294136	103.33048685899367	102.31739407656482	1.3906334712233752e7	52.168753948531766	4.220368334390646e9	913.2219038597517
103.33048685899367	105.39719613514849	104.36384149707108	1.4013003194940522e7	49.536767424829314	4.2343813375855865e9	863.4042556068891
105.39719613514849	107.50523959682641	106.45121786598745	1.3714782682478793e7	45.68609565519085	4.2480961202680655e9	816.2380407790049
107.50523959682641	109.65544392773789	108.58034176228216	1.3399634173944976e7	42.06169255076231	4.2614957544420104e9	771.5833697058457
109.65544392773788	111.84865234526758	110.75204813650274	1.361414572970125e7	40.27011798469904	4.2751099001717114e9	729.4010887657162
111.84865234526758	114.08572493114788	112.96718863820773	1.3144319681601606e7	36.63779592682132	4.288254219853313e9	689.442410618283
114.0857249311479	116.36753896874579	115.22663194994684	1.303223479237355e7	34.230154271345135	4.301286454645686e9	651.6497129001821
116.36753896874578	118.69498928709564	117.5312641279207	1.315746392780387e7	32.56573600033205	4.31444391857349e9	615.9409267154936
118.69498928709562	121.06898861181249	119.88198894945405	1.2608377764181495e7	29.40672672983928	4.327052296337671e9	582.1096401068196
121.06898861181249	123.49046792302367	122.27972826741808	1.2690800021363724e7	27.89171710740267	4.339743096359035e9	550.1423812801038
123.49046792302369	125.9603768204591	124.72542237174139	1.262246378157743e7	26.141420065881153	4.352365560140612e9	519.9180585336101
125.9603768204591	128.47968389584324	127.22003035815118	1.2143124715953216e7	23.69814231365352	4.3645086848565645e9	491.2961654056004
128.4796838958432	131.04937711273502	129.7645305042891	1.2264928365274437e7	22.55525192543218	4.376773613221841e9	464.2592773191201
131.04937711273502	133.67046419396465	132.35992065334983	1.2241419126044616e7	21.213545773109985	4.389015032347885e9	438.70450116749913
133.67046419396468	136.3439730168189	135.00721860539178	1.1663567096859198e7	19.04634883237383	4.400678599444744e9	414.4987325420044
136.3439730168189	139.0709520161302	137.70746251647455	1.1766268311500035e7	18.105809495965055	4.412444867756244e9	391.63491208565495
139.0709520161302	141.85247059542775	140.46171130577898	1.1926185992967838e7	17.293370505076073	4.424371053749211e9	370.0430233027117
141.85247059542775	144.68961954631123	143.2710450708695	1.1261184957476545e7	15.387251100071595	4.435632238706688e9	349.586616586063
144.68961954631123	147.58351147621238	146.1365655112618	1.1222072431725418e7	14.449369933104313	4.446854311138413e9	330.2560435963051
147.5835114762124	150.5352812447116	149.05939636046202	1.1668969984843414e7	14.15817480230669	4.458523281123257e9	312.02366559288396
150.53528124471157	153.54608640858072	152.04068382664616	1.0877287634143595e7	12.436388379953707	4.4694005687574005e9	294.7436218111037
153.54608640858075	156.61710767572728	155.08159704215402	1.068883975227214e7	11.516039788285472	4.480089408509673e9	278.40720721448093
156.61710767572728	159.74954936821675	158.18332852197202	1.1355265919780077e7	11.52839471849344	4.491444674429453e9	263.01379025319727
159.74954936821675	162.94463989455602	161.34709463138637	1.0627542129727356e7	10.167245561835387	4.50207221655918e9	248.42975519045086
162.94463989455602	166.20363223142206	164.57413606298906	1.0218400216725029e7	9.211966402647862	4.512290616775906e9	234.63182658755215
166.20363223142203	169.5278044150254	167.86571832322372	1.0455771900936704e7	8.882280970163757	4.522746388676843e9	221.61074510555503
169.5278044150254	172.91846004230084	171.22313222866313	1.0976566345442783e7	8.786863769302325	4.533722955022285e9	209.3352141454171
172.91846004230084	176.37692878212178	174.6476944122113	9.804066634925075e6	7.395586661241097	4.54352702165721e9	197.68748569350646
176.37692878212178	179.90456689673914	178.14074783943045	9.792915121381335e6	6.961091876550068	4.553319936778591e9	186.6865342379507
179.90456689673914	183.50275777364885	181.703662335194	1.0767719254526997e7	7.212537898068306	4.564087656033118e9	176.33461790423382
183.50275777364885	187.17291246809674	185.3378351208728	9.818665419925775e6	6.197490417977483	4.573906321453044e9	166.5212498020775
187.17291246809674	190.9164702564336	189.04469136226516	9.26965720085131e6	5.513483814078536	4.583175978653895e9	157.23446042951178
190.91647025643357	194.73489920053714	192.82568472848536	9.416883281734485e6	5.277991105048734	4.59259286193563e9	148.4697464502715
194.73489920053717	198.6296967235228	196.68229796203	1.0645333350017246e7	5.622374590988022	4.603238195285647e9	140.2304411573745
198.6296967235228	202.60239019696817	200.6160434602455	9.135182406071847e6	4.546495743600007	4.612373377691719e9	132.40431949583385
202.6023901969682	206.65453753988248	204.62846386842534	8.821579420379113e6	4.137185328997423	4.621194957112098e9	125.00599598649609
206.65453753988243	210.78772782965498	208.7211326847687	8.972349637366038e6	3.9651889478350277	4.630167306749464e9	118.02448322728308
210.787727829655	215.00358192522302	212.89565487743903	1.0392142333654035e7	4.327746989864574	4.640559449083118e9	111.4665721070088
215.00358192522305	219.30375310270242	217.15366751396272	8.800657799377918e6	3.453591745679062	4.649360106882496e9	105.23649696741863
219.30375310270236	223.6899277037313	221.49684040321682	8.336456344635079e6	3.082736736533496	4.657696563227131e9	99.34437805458316
223.6899277037313	228.16382579678083	225.92687675025607	8.570215602675632e6	2.986385081243703	4.666266778829806e9	93.7865551343307
228.16382579678083	232.72720185169135	230.4455138242361	9.891585946561981e6	3.248023016205991	4.676158364776368e9	88.56439449698452
232.72720185169135	237.38184542770006	235.0545236396957	8.901422826792378e6	2.754303012281406	4.685059787603161e9	83.61496702825622
237.38184542770009	242.12958187522898	239.75571365146453	7.927216298886744e6	2.3113840847590574	4.692987003902047e9	78.92547168335366
242.12958187522898	246.97227305170844	244.55092746346872	8.1089465078142965e6	2.227998924938412	4.7010959504098625e9	74.50165312155634
246.97227305170844	251.9118180517175	249.44204555171297	8.83643673339269e6	2.2878463378251594	4.709932387143255e9	70.3364486677459
251.91181805171752	256.95015395172675	254.43098600172215	9.40159287512511e6	2.293772095530453	4.71933398001838e9	66.41183141645487
256.95015395172675	262.08925656973616	259.5197052607315	8.020636302615226e6	1.8439825191332793	4.727354616320995e9	62.68763930518135
262.08925656973616	267.33114124010575	264.71019890492096	7.658710421992796e6	1.6592154504752905	4.735013326742989e9	59.16759805232772
267.3311412401058	272.6778636038828	270.0045024219943	8.002754839978367e6	1.6337507929563304	4.743016081582967e9	55.84912068511473
272.67786360388277	278.1315204149353	275.404692009409	9.306304999060333e6	1.7902873837243318	4.752322386582027e9	52.73107869037392
278.1315204149353	283.6942503622089	280.91288538857214	8.302380880588655e6	1.5050374255963845	4.760624767462616e9	49.776429409261254
283.6942503622089	289.36823490842795	286.53124263531845	7.8002676322298e6	1.3324574004797198	4.768425035094846e9	46.982247089661165
289.36823490842795	295.15569914557136	292.2619670269996	7.424508647387007e6	1.1951178574820003	4.775849543742232e9	44.34130871557018
295.15569914557136	301.05891266745766	298.1073059065145	7.984742930417741e6	1.211164551938493	4.78383428667265e9	41.85362237674237
301.05891266745766	307.0801904597817	304.0695515636197	9.114267109411795e6	1.302756250494857	4.792948553782063e9	39.514705927649544
307.08019045978165	313.22189380795214	310.1510421338669	7.99287504756352e6	1.0765733949749026	4.800941428829626e9	37.29764964661853
313.2218938079522	319.48643122308613	316.3541625155192	7.635544036271943e6	0.9691250445401977	4.808576972865898e9	35.20227316123151
319.4864312230861	325.87625938652263	322.6813453048044	7.640143635971877e6	0.913777733132663	4.81621711650187e9	33.22456318501687
325.87625938652263	332.39388411322795	329.1350717498753	7.888154910268627e6	0.8890244403488288	4.824105271412139e9	31.359497424897768
332.39388411322795	339.04186133446734	335.7178727238477	8.962545564121693e6	0.9518507870104912	4.833067816976259e9	29.605630117584436
339.04186133446734	345.82279810013154	342.43232971729947	7.915790008876245e6	0.7921929874258165	4.840983606985135e9	27.94371488497207
345.8227981001316	352.7393536011091	349.28107585062037	7.714597532779675e6	0.7275272089295649	4.848698204517915e9	26.373927005922013
352.73935360110903	359.79424021210605	356.2667969066075	7.722898736263822e6	0.6863024489198134	4.856421103254179e9	24.892304700276313
359.7942402121061	366.99022455532304	363.3922323837146	7.841755530910913e6	0.6566708739157444	4.8642628587850895e9	23.49443133749139
366.9902245553231	374.3301285854044	370.6601765703638	7.940482645917845e6	0.6265858850781378	4.872203341431007e9	22.17545020752566
374.33012858540434	381.81683069608727	378.0734796407458	8.340636254277631e6	0.6202005456839549	4.880543977685285e9	20.932177842876698
381.81683069608727	389.45326684898384	385.6350487725356	9.010832370885696e6	0.6313891777103284	4.88955481005617e9	19.7612610778009
389.4532668489838	397.2424317249383	393.34784928696104	9.898746792948674e6	0.653599487902408	4.899453556849119e9	18.659162229798472
397.24243172493834	405.1873798984119	401.2149058116751	1.1102447314754765e7	0.6907954655870395	4.910556004163874e9	17.622776304218295
405.18737989841185	413.2912270353549	409.23930346688337	1.2921818450876165e7	0.7576238985996498	4.92347782261475e9	16.65002220315177
413.29122703535495	421.55715111503685	417.4241890751959	1.7431323875324097e7	0.9630740488647268	4.940909146490074e9	15.74522518434671
421.5571511150369	429.98839367631246	425.7727723956747	1.9106358448164836e7	0.9947329662956079	4.960015504938239e9	14.89444157589917
429.98839367631246	438.5882610888135	434.288327382563	1.5419759318289991e7	0.756493969930996	4.975435264256529e9	14.078988692941326
438.58826108881357	447.36012584956467	442.9741934691891	1.3427423867881557e7	0.620754481723692	4.988862688124411e9	13.302740697175084
447.3601258495646	456.3074279055307	451.8337768775476	1.2078964404937373e7	0.5262064412444322	5.000941652529348e9	12.565812149745355
456.3074279055307	465.4336760026161	460.8705519540734	1.0847939888523474e7	0.4453208461365852	5.011789592417872e9	11.866723179366085
465.43367600261604	474.74244906164313	470.0880625321296	9.554701835115198e6	0.3696087085978545	5.021344294252988e9	11.203589642580374
474.74244906164324	484.23739758185087	479.489923321747	8.417194337250656e6	0.3068256868904174	5.029761488590239e9	10.575083404447494
484.2373975818509	493.9222450724627	489.0798213271568	7.244613220248373e6	0.24885070348382513	5.037006101810487e9	9.979484526355124
493.9222450724626	503.80078951288664	498.86151729267465	5.979167950548551e6	0.19353687877189946	5.042985269761035e9	9.415048445945772
503.80078951288675	513.8769048421193	508.838847177503	4.545270954316709e6	0.13863793233042482	5.047530540715352e9	8.880001664076781
513.8769048421193	524.1545424779365	519.0157236600279	2.4694592846061373e6	0.0709779551299396	5.049999999999958e9	8.37191301248418
