-0.0	9.953897499377266e-5	4.976948749688633e-5	0.0004873767378175301	1.1797682239447768e8	0.0004873767378175301	1.1797682239447768e8
9.953897499377266e-5	0.0002010687294874207	0.00015030385224059668	0.003124511619473359	1.0443138910940883e8	0.003611888357290889	1.060747721213962e8
0.00020106872948742058	0.0003046290790709416	0.00025284890427918107	0.008153103232193534	9.66425439138665e7	0.011764991589484422	9.93548195837129e7
0.0003046290790709413	0.00041026063564613265	0.000357444857358537	0.01561769823049229	9.142104942271382e7	0.027382689819976713	9.466903537252076e7
0.0004102606356461331	0.0005180048233528283	0.0004641327294994807	0.02563570923756704	8.75006493451631e7	0.053018399057543755	9.10618752135432e7
0.0005180048233528287	0.0006279038948136577	0.0005729543590832433	0.038356584001110736	8.434638738533297e7	0.09137498305865449	8.811689173752426e7
0.0006279038948136573	0.0007400009477037028	0.0006839524212586801	0.05399379525381502	8.175549191212654e7	0.14536877831246953	8.564178361766273e7
0.000740000947703703	0.0008543399416515495	0.0007971704446776262	0.0727032014465223	7.948826582912855e7	0.21807197975899184	8.348705176447599e7
0.0008543399416515493	0.0009709657154783526	0.0009126528285649509	0.0947866127658319	7.754267946870652e7	0.31285859252482373	8.159204001926942e7
0.0009709657154783523	0.0010899240047816917	0.001030444860130022	0.12028923289910902	7.569908074279328e7	0.43314782542393276	7.986543767129174e7
0.0010899240047816917	0.0012112614598710977	0.0011505927323263946	0.15001644887325907	7.424865372032717e7	0.5831642742971919	7.834090860038522e7
0.0012112614598710973	0.0013350256640622914	0.0012731435619666943	0.18362975296624895	7.278493537139888e7	0.7667940272634408	7.693452355124684e7
0.0013350256640622922	0.00146126515233731	0.0013981454081998012	0.22166399766203554	7.143161106488818e7	0.9884580249254764	7.562798680000766e7
0.0014612651523373099	0.0015900294303778282	0.001525647291357569	0.2645319673876566	7.019511517672455e7	1.252989992313133	7.441209027886787e7
0.0015900294303778277	0.0017213689939791564	0.001655699212178492	0.3124261603123037	6.901625633645372e7	1.5654161526254367	7.326883285090208e7
0.0017213689939791568	0.0018553353488525118	0.0017883521714158342	0.36618472862581253	6.79806775171009e7	1.9316008812512493	7.220404502508621e7
0.0018553353488525112	0.0019919810308233333	0.0019236581898379223	0.42615821924107755	6.7038872764814466e7	2.357759100492327	7.121233484526764e7
0.0019919810308233333	0.002131359626433572	0.0020616703286284524	0.4917028998576196	6.602265782807955e7	2.8494620003499462	7.025933839619431e7
0.0021313596264335728	0.002273525793956016	0.0022024427101947942	0.564715282115662	6.514234843942742e7	3.4141772824656083	6.935819806500556e7
0.0022735257939560153	0.0024185352848289073	0.002346030539392461	0.6453087258627578	6.432142764857677e7	4.059486008328366	6.850545513949144e7
0.002418535284828908	0.002566444965519258	0.002492490125174083	0.7329890622310807	6.345950929324675e7	4.792475070559447	6.768234321520446e7
0.002566444965519257	0.002717312839823414	0.0026418789026713355	0.8303526518182834	6.2735320368199825e7	5.62282772237773	6.690325463084107e7
0.002717312839823413	0.0028711980716136527	0.002794255455718533	0.9359031375713025	6.1970090405486375e7	6.558730859949033	6.615181122681465e7
0.002871198071613654	0.0030281610080396984	0.002949679539826676	1.0512386344529707	6.124098865189175e7	7.609969494402003	6.542706182493002e7
0.003028161008039698	0.0031882632031942633	0.0031082121056169804	1.1785158487937146	6.0619307250734404e7	8.788485343195719	6.4738543286464974e7
0.003188263203194263	0.0033515674422519193	0.0032699153227230913	1.3150419427665565	5.991961480630025e7	10.103527285962276	6.406790464327192e7
0.0033515674422519197	0.0035181377660907292	0.0034348526041713245	1.4642026770942536	5.927784265809277e7	11.567729963056529	6.3419236148360655e7
0.0035181377660907292	0.003688039496406315	0.003603088631248522	1.6277651105600501	5.8715628474031456e7	13.195495073616579	6.2798661810510166e7
0.0036880394964063155	0.003861339261328213	0.0037746893788672643	1.8035188846385208	5.8113113018630795e7	14.9990139582551	6.2195679562638305e7
0.003861339261328213	0.004038105021548549	0.003949722141438381	1.9936843784335896	5.7523171884113185e7	16.99269833668869	6.1608538890371114e7
0.004038105021548548	0.00421840609697329	0.004128255559260919	2.2000941905960842	5.696799245334286e7	19.192792527284773	6.103857713597264e7
0.00421840609697329	0.004402313193906526	0.004310359645439908	2.424236301698334	5.6451268233049e7	21.617028828983106	6.0487353521361336e7
0.004402313193906526	0.004589898432778427	0.004496105813342477	2.6667244443453972	5.595431411660962e7	24.283753273328504	5.9953974139005736e7
0.004589898432778428	0.004781235376427767	0.004685566904603098	2.9267681408597888	5.54363961760301e7	27.210521414188293	5.9433031382834576e7
0.0047812353764277666	0.0049763990589500925	0.00487881721768893	3.2075193464780556	5.4938071741199315e7	30.418040760666347	5.892465254735158e7
0.004976399058950093	0.005175466015122866	0.0050759325370364795	3.510204048899825	5.445477655269044e7	33.92824480956617	5.842845471267869e7
0.005175466015122865	0.005378514310419092	0.005276990162770979	3.8366416134502215	5.399031634628391e7	37.76488642301639	5.794454916163609e7
0.005378514310419092	0.005585623571621245	0.005482068941020169	4.188233037264656	5.3540302071247205e7	41.953119460281044	5.747257513959645e7
0.005585623571621245	0.00579687501804744	0.0056912492948343425	4.566358314674757	5.310010152879856e7	46.5194777749558	5.701175504131992e7
0.005796875018047441	0.00601235149340216	0.0059046132557248	4.972957458908813	5.267128434836121e7	51.49243523386462	5.6561606375223756e7
0.00601235149340216	0.006232137498263974	0.006122244495833067	5.410138032522419	5.225531475980898e7	56.90257326638704	5.612188090191862e7
0.006232137498263972	0.006456319223223022	0.006344228360743497	5.879511195797784	5.184756312951867e7	62.78208446218482	5.569191295230284e7
0.006456319223223021	0.006684984582681251	0.006570651902952136	6.382333929711436	5.1440896839046225e7	69.16441839189625	5.527043592979486e7
0.006684984582681254	0.006918223249328648	0.0068016039160049505	6.922013372293297	5.104542083399362e7	76.08643176418954	5.48573583882807e7
0.006918223249328647	0.00715612668930899	0.007037174969318818	7.500744034004711	5.065889357221071e7	83.58717579819425	5.4452394318742216e7
0.00715612668930899	0.007398788198088939	0.007277457443698964	8.120861628851728	5.027959456705972e7	91.70803742704598	5.405514103785017e7
0.007398788198088939	0.007646302937044488	0.0075225455675667135	8.78491893791693	4.990660137818025e7	100.49295636496291	5.36651704087081e7
0.007646302937044487	0.007898767970779146	0.007772535453911817	9.49596486101346	4.954095704261572e7	109.98892122597637	5.328221416600234e7
0.007898767970779147	0.0081562823051885	0.008027525137983823	10.257217589451068	4.918330465756536e7	120.24613881542744	5.290610420440157e7
0.0081562823051885	0.00841894692628604	0.008287614615737269	11.072037482142747	4.883381519804965e7	131.3181762975702	5.253671554381103e7
0.00841894692628604	0.00868686483980553	0.008552905883045785	11.9425637121882	4.8486747610495865e7	143.2607400097584	5.21734298499991e7
0.008686864839805528	0.008960141111595408	0.008823502975700469	12.872465161423566	4.8143000020994306e7	156.13320517118197	5.1815789276692346e7
0.008960141111595408	0.009238882908821085	0.009099512010208246	13.867325411785577	4.7809101617017575e7	170.00053058296754	5.146396920397033e7
0.009238882908821085	0.009523199541991274	0.00938104122540618	14.931225439369006	4.7484075836636074e7	184.93175602233654	5.1118044453120045e7
0.009523199541991274	0.009813202507824869	0.009668201024908072	16.065588926787782	4.7158549875126965e7	200.99734494912434	5.077727938549423e7
0.00981320250782487	0.010109005532975137	0.009961104020400003	17.2776878963943	4.6841013692376845e7	218.27503284551864	5.044175056312017e7
0.010109005532975134	0.010410724618628405	0.01025986507580177	18.571713553160176	4.652910866107635e7	236.84674639867882	5.011133091870591e7
0.010410724618628405	0.010718478085994741	0.010564601352311572	19.951598980595527	4.621978809275818e7	256.79834537927434	4.978565654336445e7
0.010718478085994743	0.011032386622708406	0.010875432354351573	21.42471788766763	4.591757116482969e7	278.22306326694195	4.946478202672119e7
0.011032386622708406	0.011352573330156341	0.011192479976432374	22.997291807454573	4.5622729487059705e7	301.22035507439654	4.914878196009316e7
0.011352573330156343	0.011679163771753237	0.01151586855095479	24.668739021933675	4.5322213394193925e7	325.8890940963302	4.8836662042003535e7
0.011679163771753237	0.01201228602218207	0.011845724896967653	26.451057881849053	4.502747927518099e7	352.3401519781793	4.8528462762738995e7
0.012012286022182067	0.012352070717619476	0.012182178369900772	28.345297327944603	4.472900905432508e7	380.68544930612387	4.822345915237387e7
0.01235207071761948	0.012698651106965636	0.012525360912292557	30.366692347666834	4.4440141602817096e7	411.0521416537907	4.792206593993904e7
0.012698651106965634	0.013052163104098714	0.012875407105532175	32.51527791626187	4.41493412334914e7	443.5674195700526	4.762374600694988e7
0.013052163104098714	0.013412745341174455	0.013232454222636584	34.822456715247895	4.3887166357597284e7	478.3898762853005	4.7330417369962364e7
0.013412745341174457	0.013780539222991713	0.013596642282083085	37.272991642090204	4.362044209336129e7	515.6628679273907	4.704122424737882e7
0.013780539222991713	0.014155688982445314	0.013968114102718514	39.87258522973011	4.3346916142484926e7	555.5354531571209	4.6755223178283766e7
0.014155688982445312	0.014538341737087986	0.014347015359766648	42.63844056904044	4.30762346505317e7	598.1738937261613	4.6472306348133355e7
0.014538341737087988	0.014928647546823513	0.01473349464195575	45.57967496141524	4.28074548777455e7	643.7535686875765	4.6192306245420374e7
0.014928647546823513	0.01532675947275375	0.01512770350978863	48.71112620462793	4.254436505424098e7	692.4646948922044	4.591536074251625e7
0.01532675947275375	0.01573283363720259	0.01552979655497817	52.044566089377234	4.2286709466846704e7	744.5092609815816	4.5641577241355486e7
0.01573283363720259	0.01614702928494041	0.015939931461071498	55.56708700983788	4.201505147471308e7	800.0763479914195	4.536959722858867e7
0.016147029284940405	0.016569508845632977	0.01635826906528669	59.329249393937936	4.175941950011998e7	859.4055973853575	4.510042796354341e7
0.016569508845632984	0.01700043799753941	0.016784973421586198	63.341386724893994	4.15151545104972e7	922.7469841102516	4.4834640646848135e7
0.017000437997539405	0.01743998573248396	0.017220211865011683	67.60639588578205	4.127350144816423e7	990.3533799960336	4.457211095132182e7
0.01743998573248396	0.017888324422127407	0.017664155077305684	72.14636853775669	4.103829811455888e7	1062.4997485337904	4.431300876313311e7
0.017888324422127403	0.018345629885563715	0.01811697715384556	76.93467523347057	4.0786021040145166e7	1139.434423767261	4.4055774839701675e7
0.01834562988556372	0.018812081458268758	0.018578855671916236	82.00527572028747	4.052888288948192e7	1221.4396994875485	4.3799874917699754e7
0.018812081458268758	0.0192878620624279	0.01904997176034833	87.38581484476367	4.0272917822579764e7	1308.8255143323122	4.35452580699809e7
0.019287862062427896	0.019773158278670218	0.019530510170549055	93.14979850069682	4.004198786846376e7	1401.975312833009	4.329359285750207e7
0.019773158278670218	0.020268160419237388	0.020020659348953803	99.3227587813929	3.9833911791868046e7	1501.2980716144016	4.304624948783414e7
0.020268160419237388	0.0207730626026159	0.020520611510926642	105.7968776772667	3.9596174706860736e7	1607.0949492916684	4.280074585184744e7
0.0207730626026159	0.02128806282966198	0.021030562716138942	112.66302630152701	3.935869039766971e7	1719.7579755931954	4.255693019153275e7
0.02128806282966198	0.021813363061248984	0.021550712945455484	119.94078004003485	3.9120520646655366e7	1839.6987556332303	4.231459824723904e7
0.021813363061248984	0.022349169297467726	0.022081266179358357	127.68715787995515	3.889200540670844e7	1967.3859135131854	4.207428962413484e7
0.02234916929746773	0.022895691658410846	0.022622430477939288	135.86785485218655	3.86544299146875e7	2103.253768365372	4.183519168970363e7
0.022895691658410842	0.02345314446657282	0.023174418062491833	144.6314649403339	3.844201981480404e7	2247.8852333057057	4.1598942351853654e7
0.02345314446657282	0.024021746330898038	0.02373744539873543	153.91238334871974	3.822669020634126e7	2401.7976166544254	4.1365099247865394e7
0.024021746330898045	0.02460172023250977	0.024311733281703905	163.77376066524587	3.801662559359789e7	2565.5713773196712	4.113382216196083e7
0.02460172023250977	0.025193293612153726	0.024897506922331746	174.1660016697154	3.7793119438253924e7	2739.737378989387	4.0903971891385555e7
0.025193293612153722	0.02579669845939056	0.02549499603577214	185.08338999454935	3.755075013107844e7	2924.820768983936	4.0674129509680055e7
0.02579669845939056	0.026412171403572132	0.026104434931481346	196.67249625058525	3.731436783461262e7	3121.4932652345215	4.0444686366666816e7
0.026412171403572136	0.02703995380663734	0.02672606260510474	209.26232065576514	3.713488676370234e7	3330.7555858902865	4.021946780144149e7
0.02703995380663734	0.027680291857763845	0.027360122832200594	222.57535243347928	3.694894026890025e7	3553.3309383237656	3.99977031673894e7
0.027680291857763845	0.028333436669912882	0.028006864263838364	236.4171790073874	3.672070659237337e7	3789.748117331153	3.9776262381126866e7
0.028333436669912882	0.0289996443783049	0.028666540524108892	251.06293836832464	3.649160563446272e7	4040.8110556994775	3.9555048181680135e7
0.028999644378304903	0.02967917624086476	0.029339410309584833	266.59385601710846	3.626671937866554e7	4307.404911716587	3.9334312285789244e7
0.02967917624086476	0.030372298740675815	0.03002573749077029	283.2730556903059	3.6072708677943245e7	4590.677967406893	3.9116071411072165e7
0.030372298740675818	0.031079283690483094	0.030725791215579456	301.0556054538058	3.589230704477454e7	4891.733572860699	3.890103746599761e7
0.031079283690483087	0.03180040833928651	0.031439846014884795	319.6595698226709	3.568515982462011e7	5211.39314268337	3.868718568010891e7
0.03180040833928651	0.032535955481066	0.03216818191017626	339.3241730512605	3.5475005324542575e7	5550.717315734631	3.84742183692461e7
0.032535955481066005	0.03328621356568108	0.032911084523373546	360.2789721554582	3.527891108603401e7	5910.996287890089	3.826298886615877e7
0.03328621356568108	0.03405147681198846	0.03366884518883477	381.95350736268466	3.5036010247931354e7	6292.949795252774	3.805027515720731e7
0.03405147681198846	0.03483204532322199	0.03444176106760523	405.6342660279078	3.485976505347833e7	6698.584061280681	3.784055278385319e7
0.03483204532322199	0.03562822520468019	0.03523013526395109	430.8101567282739	3.4691075602485634e7	7129.394218008955	3.763409300462581e7
0.03562822520468018	0.036440328683767544	0.03603427694422386	457.4097233296936	3.451708814209616e7	7586.803941338649	3.743030751623181e7
0.036440328683767544	0.037268674232436655	0.036854501458102096	484.8013654114474	3.428807183029993e7	8071.605306750096	3.722540887107068e7
0.037268674232436655	0.03811358669207914	0.0376911304622579	513.6145213741895	3.405016358025369e7	8585.219828124285	3.701888640500608e7
0.03811358669207915	0.03897539740091449	0.03854449204649682	544.7470104614198	3.385558787918958e7	9129.966838585706	3.681365472055453e7
0.038975397400914484	0.03985444432392653	0.0394149208624205	579.3717322237053	3.375950429209422e7	9709.33857080941	3.6615988353370994e7
0.03985444432392653	0.040751072185398814	0.040302758254662674	614.1311743810006	3.355456386386357e7	10323.46974519041	3.6418324449468456e7
0.040751072185398814	0.04166563260410055	0.04120835239474968	650.3946136014358	3.3324707251133826e7	10973.864358791847	3.621904862393767e7
0.04166563260410054	0.042598484231176306	0.042132058417638424	688.7274313224897	3.3096483042316243e7	11662.591790114337	3.6018367716817416e7
0.04259848423117632	0.0435499928907936	0.04307423856098496	730.4226161652018	3.292294867351588e7	12393.014406279539	3.581987614888345e7
0.043549992890793594	0.04452053172360322	0.04403526230719841	776.4768917574172	3.283121833151994e7	13169.491298036955	3.562864964151886e7
0.044520531723603214	0.04551048133306903	0.04501550652833612	822.1162071376721	3.2611327080160197e7	13991.607505174627	3.5436002050732054e7
0.045510481333069036	0.04652022993472417	0.0460153556338966	870.3884072125181	3.2394179260012772e7	14861.995912387145	3.524219665720041e7
0.04652022993472417	0.047550173508412404	0.04703520172156829	921.6379630566466	3.218649486966687e7	15783.633875443791	3.504790564445336e7
0.04755017350841241	0.04860071595357441	0.048075444730993414	977.602782346459	3.2038712760088954e7	16761.23665779025	3.485695515062674e7
0.04860071595357442	0.04967226924763966	0.04913649260060704	1037.0698990031137	3.1897663487523135e7	17798.306556793363	3.466953930123002e7
0.04967226924763965	0.05076525360758619	0.05021876142761292	1098.1908160271535	3.1703328321471084e7	18896.497372820515	3.448204559341043e7
0.0507652536075862	0.05188009765473167	0.051322675631158936	1162.4601325991277	3.1500571150922675e7	20058.957505419643	3.429394084185721e7
0.051880097654731665	0.05301723858282005	0.052448668118775854	1231.080300078824	3.1316721228324145e7	21290.03780549847	3.410644957371661e7
0.05301723858282006	0.05417712232947021	0.05359718045614513	1304.7586251591756	3.1160542742249403e7	22594.796430657643	3.392126373993964e7
0.0541771223294702	0.055360203751053355	0.054768663040261775	1382.3545776104713	3.0996580823804844e7	23977.151008268116	3.3737735540357865e7
0.055360203751053355	0.05656694680106817	0.05596357527606076	1464.1145290177947	3.082638860305005e7	25441.26553728591	3.355535876217363e7
0.05656694680106818	0.057797824712083286	0.057182385756575735	1549.8554869423158	3.0642560513732992e7	26991.12102422823	3.3373198573449202e7
0.05779782471208328	0.059053320181318696	0.05842557244670099	1640.883917205623	3.0467034224810205e7	28632.00494143385	3.3191753041236088e7
0.0590533201813187	0.06033392555993882	0.059693622870628765	1737.6400567043484	3.0301358734862983e7	30369.644998138196	3.3011583467556566e7
0.06033392555993882	0.06164014304613134	0.06098703430303508	1839.9938304100317	3.0136955588722173e7	32209.638828548228	3.28326798597019e7
0.06164014304613134	0.06297248488204772	0.06230631396408953	1948.4338979294866	2.9976400360614445e7	34158.072726477716	3.2655193166879404e7
0.06297248488204771	0.06433147355468241	0.06365197921836506	2062.5113534954703	2.980782758352802e7	36220.58407997319	3.2478528317900363e7
0.06433147355468241	0.06571764200076981	0.06502455777772612	2183.002862555365	2.963856491682047e7	38403.58694252856	3.230258395743052e7
0.06571764200076981	0.06713153381577895	0.06642458790827438	2310.6222333738	2.9473300279493824e7	40714.20917590235	3.212755562548576e7
0.06713153381577895	0.06857370346708827	0.0678526186414336	2445.604304714492	2.930963423272728e7	43159.813480616845	3.195347788499465e7
0.06857370346708827	0.07004471651142379	0.06930920998925602	2588.7685127166415	2.9152018456623e7	45748.581993333486	3.1780657817844912e7
0.07004471651142379	0.071545149816646	0.0707949331640349	2740.5150884948125	2.899913403446011e7	48489.097081828295	3.160930125418704e7
0.071545149816646	0.07307559178797267	0.07231037080230934	2899.6293608672295	2.8833566743895456e7	51388.72644269552	3.1438529353309367e7
0.07307559178797267	0.07463664259872586	0.07385611719334927	3068.1779592953653	2.867243195395819e7	54456.90440199089	3.1268572536450088e7
0.07463664259872586	0.07622891442569413	0.07543277851221	3246.7742042594555	2.85160046356206e7	57703.678606250345	3.109966320739983e7
0.07622891442569411	0.07785303168920174	0.07704097305744792	3435.434466789725	2.8359255094001427e7	61139.11307304007	3.09317105432739e7
0.07785303168920174	0.07950963129797951	0.07868133149359063	3635.5261085636735	2.8208526759342648e7	64774.63918160374	3.0765018071216024e7
0.07950963129797951	0.08119936289893284	0.08035449709845618	3846.994921993864	2.805806032979064e7	68621.63410359761	3.059951770089353e7
0.08119936289893284	0.08292288913190524	0.08206112601541904	4069.4573117114073	2.7900875215799578e7	72691.09141530901	3.0434719624065436e7
0.08292288913190525	0.0846808858895371	0.08380188751072118	4305.1535078845845	2.774835104198272e7	76996.24492319359	3.0270859879470147e7
0.08468088588953708	0.08647404258232155	0.08557746423592932	4554.7996847891945	2.7599833330880925e7	81551.04460798278	3.0108119572484117e7
0.08647404258232155	0.08830306240896171	0.08738855249564163	4818.608248101285	2.7451646481467795e7	86369.65285608407	2.9946444621642012e7
0.08830306240896173	0.0901686626321347	0.08923586252054821	5097.854248382451	2.730639045413378e7	91467.50710446652	2.978594261667728e7
0.09016866263213469	0.09207157485977112	0.09112011874595291	5393.221768009695	2.716284905996364e7	96860.72887247622	2.962664054832412e7
0.09207157485977113	0.09401254533196028	0.09304206009586571	5704.279284762794	2.7014541612421684e7	102565.00815723902	2.946817065791745e7
0.09401254533196027	0.09599233521359321	0.09500244027277674	6033.772765550229	2.687043811209433e7	108598.78092278924	2.9310732369990803e7
0.09599233521359321	0.09801172089285881	0.09700202805322601	6382.262363938986	2.6728107175150808e7	114981.04328672824	2.9154365342792332e7
0.0980117208928588	0.1000714942857097	0.09904160758928425	6750.658031730832	2.6586782678863518e7	121731.70131845906	2.899906050160115e7
0.10007149428570972	0.10217246314641765	0.10112197871606368	7142.159462762893	2.6454120187394906e7	128873.86078122196	2.88452720861838e7
0.10217246314641763	0.10431545138433972	0.10324395726537867	7554.35386589416	2.6316176844255567e7	136428.2146471161	2.8692583990514863e7
0.10431545138433973	0.10650129938702026	0.10540837538567999	7989.151146105332	2.617610428373162e7	144417.36579322146	2.8540796587967265e7
0.10650129938702026	0.10873086434975439	0.10761608186838732	8449.924193175599	2.604071664383959e7	152867.28998639705	2.8390133575630426e7
0.10873086434975437	0.1110050206117432	0.10986794248074878	8937.652026510075	2.590811324342628e7	161804.94201290712	2.824069025275929e7
0.1110050206117432	0.11332465999897179	0.11216484030535749	9453.3246213751	2.577657850822597e7	171258.26663428222	2.8092452843385007e7
0.11332465999897177	0.11569069217394494	0.11450767608645836	10001.379932322909	2.5653389922621585e7	181259.64656660514	2.794584598089683e7
0.11569069217394495	0.11810404499241757	0.11689736858318125	10577.905567531616	2.5523728033987172e7	191837.55213413676	2.7800377823103216e7
0.11810404499241758	0.12056566486725966	0.11933485492983861	11188.337158440687	2.539713182553667e7	203025.88929257746	2.7656159794661857e7
0.12056566486725963	0.12307651713959854	0.12182109100342908	11832.899261415116	2.526968325449224e7	214858.78855399258	2.7513061540493146e7
0.12307651713959855	0.12563758645738424	0.1243570517984914	12519.044991722607	2.5152654105071627e7	227377.8335457152	2.7371636278526895e7
0.12563758645738424	0.12824987716152564	0.12694373180945495	13240.470004252411	2.5028463248099983e7	240618.30354996762	2.72313503553715e7
0.12824987716152564	0.13091441367974987	0.12958214542063776	14010.863041948143	2.4918833767544758e7	254629.16659191577	2.709300294727306e7
0.13091441367974987	0.13363224092833859	0.13227332730404423	14818.47608430861	2.4797733910745237e7	269447.64267622435	2.6955787570384722e7
0.13363224092833859	0.13640442472189906	0.13501833282511883	15680.742684988147	2.4690734258630052e7	285128.3853612125	2.6820475335513808e7
0.13640442472189906	0.13923205219133075	0.1378182384566149	16588.16031355642	2.4577490910163846e7	301716.5456747689	2.668657531141509e7
0.1392320521913308	0.14211623221015113	0.14067414220074098	17552.126124007045	2.4471113933373753e7	319268.67179877596	2.655440907863504e7
0.1421162322101511	0.14505809582934784	0.14358716401974947	18575.90922135817	2.437088233803195e7	337844.58102013415	2.6424235508456413e7
0.14505809582934784	0.1480587967209285	0.14655844627513817	19657.83365894077	2.4269800637997825e7	357502.4146790749	2.6295880872067522e7
0.1480587967209285	0.1511195116303408	0.14958915417563465	20812.699072569965	2.4181336338091902e7	378315.11375164485	2.616998406676436e7
0.1511195116303408	0.1542414408379413	0.15268047623414105	22038.541963560936	2.409726762324263e7	400353.65571520576	2.6046655660042092e7
0.1542414408379413	0.15742580862969385	0.15583362473381757	23340.0126473866	2.4017651746299293e7	423693.66836259235	2.5926002966775607e7
0.15742580862969385	0.16067386377728143	0.15904983620348764	24720.246629337566	2.3940763448827337e7	448413.9149919299	2.5808024324528385e7
0.16067386377728143	0.16398688002782077	0.16233037190255112	26183.545907239102	2.3866041343176164e7	474597.46089916903	2.5692684955105904e7
0.16398688002782077	0.1673661566033709	0.16567651831559582	27735.132847449782	2.379357355085254e7	502332.59374661883	2.5579957557778846e7
0.1673661566033709	0.17081301871043203	0.16908958765690146	29382.76355281461	2.372521178209804e7	531715.3572994334	2.546992646652133e7
0.170813018710432	0.17432881805963435	0.1725709183850332	31135.9654571187	2.3663454724300504e7	562851.3227565521	2.5362819136432167e7
0.17432881805963435	0.17791493339582073	0.17612187572772753	32971.68756638744	2.358660587064687e7	595823.0103229396	2.5257563583108317e7
0.17791493339582073	0.18157277103873085	0.1797438522172758	34926.17472119218	2.3517635519660983e7	630749.1850441318	2.5154513609234925e7
0.18157277103873087	0.1853037654344992	0.18343826823661502	37001.64873792489	2.3452641250073344e7	667750.8337820567	2.5053770591032043e7
0.18530376543449914	0.1891093797181828	0.187206572576341	39194.786680431804	2.338495468702583e7	706945.6204624885	2.495503530635903e7
0.18910937971818284	0.19299110628754018	0.1910502430028615	41491.85595648817	2.330332695055204e7	748437.4764189767	2.4857361569692414e7
0.19299110628754018	0.19695046738828467	0.1949707868379124	43960.747193574076	2.3242138026921604e7	792398.2236125508	2.476189265864404e7
0.19695046738828464	0.20098901571104402	0.19896974154966435	46544.56848212321	2.3165670727149136e7	838942.792094674	2.466759263027285e7
0.20098901571104408	0.20510833500025866	0.20304867535565135	49253.88826643089	2.3077565109396648e7	888196.6803611049	2.4573703213690024e7
0.20510833500025863	0.2093100406752575	0.20720918783775805	52174.214034313045	2.3013757168214384e7	940370.894395418	2.4481632995770805e7
0.2093100406752575	0.21359578046375632	0.2114529105695069	55216.36130732393	2.292925366848012e7	995587.2557027419	2.4390051211822573e7
0.21359578046375632	0.21796723504802512	0.21578150775589072	58405.29491536555	2.2833531530329227e7	1.0539925506181074e6	2.429826625741135e7
0.21796723504802512	0.2224261187239793	0.2201966768860022	61819.87852271185	2.2753896590085078e7	1.1158124291408192e6	2.4207237697874308e7
0.22242611872397927	0.22697418007345255	0.2247001493987159	65420.54714680406	2.2670257065065067e7	1.1812329762876234e6	2.411668359229814e7
0.22697418007345255	0.23161320264991528	0.22929369136168393	69151.66881106155	2.256146462725343e7	1.250384645098685e6	2.4025093525752608e7
0.23161320264991528	0.23634500567790726	0.23397910416391127	73152.06393798353	2.2470933436301578e7	1.3235367090366685e6	2.3933603589450292e7
0.23634500567790728	0.2411714447664591	0.2387582252221832	77389.45030088157	2.23827578113834e7	1.4009261593375502e6	2.3842345680377573e7
0.24117144476645908	0.24609441263678192	0.2436329287016205	81750.32016719622	2.226208560161034e7	1.4826764795047464e6	2.374939377151907e7
0.24609441263678195	0.25111583986451125	0.2486051262506466	86490.47166162176	2.217666848292305e7	1.569166951166368e6	2.3656920994913664e7
0.25111583986451125	0.25623769563679516	0.2536767677506532	91329.57027357032	2.20494652401671e7	1.6604965214399383e6	2.356244212030922e7
0.2562376956367951	0.2614619885245247	0.25884984208065986	96563.02236192423	2.1951435155394938e7	1.7570595438018625e6	2.3467789844502915e7
0.2614619885245247	0.26679076727000883	0.2641263778972668	101951.0097443454	2.182306251748146e7	1.859010553546208e6	2.33711917086459e7
0.26679076727000883	0.27222612159040266	0.2695084444302057	107731.49352328379	2.1714282407931745e7	1.9667420470694918e6	2.327391296838825e7
0.2722261215904027	0.2777701829972044	0.27499815229380353	113695.84564136445	2.157905586141508e7	2.0804378927108562e6	2.3174441217677843e7
0.2777701829972044	0.28342512563214217	0.2805976543146733	120084.74617775684	2.1461842602022525e7	2.200522638888613e6	2.3073962802868154e7
0.28342512563214217	0.28919316711977866	0.2863091463759604	126796.70031435338	2.133951671063463e7	2.327319339202966e6	2.2972236915530115e7
0.28919316711977866	0.29507656943716787	0.29213486827847324	133880.1956064809	2.121760969727744e7	2.461199534809447e6	2.286936141587048e7
0.2950765694371678	0.3010776398009048	0.2980771046190363	141082.3837232718	2.105534194817623e7	2.602281918532719e6	2.2763038148181755e7
0.30107763980090485	0.3071987315719166	0.3041381856864107	149037.24091691358	2.0945922207951188e7	2.7513191594496323e6	2.2656567207744855e7
0.30719873157191663	0.3134422451783486	0.3103204883751326	156981.77894033142	2.0776613926316217e7	2.908300938389964e6	2.254644869543228e7
0.31344224517834857	0.31981062905690916	0.31662643711762883	165521.73949506032	2.0630367047099244e7	3.0738226778850243e6	2.2434248191350028e7
0.3198106290569092	0.326306380613041	0.3230585048349751	174609.80540882246	2.0495209838413965e7	3.2484324832938467e6	2.2320737347872835e7
0.326306380613041	0.33293204720029546	0.32961921390666826	184110.0688383371	2.035159432656837e7	3.4325425521321837e6	2.220549795786632e7
0.3329320472002955	0.33969022711929503	0.33631113715979527	193973.53334084916	2.0193228056735624e7	3.6265160854730327e6	2.2087768487193648e7
0.33969022711929503	0.34658357063667455	0.3431368988779848	204497.60401609246	2.0049289601033427e7	3.8310136894891253e6	2.196853920532265e7
0.3465835706366745	0.35361478102440164	0.35009917583053807	215438.45062675292	1.9892368044485062e7	4.046452140115878e6	2.1847138825456057e7
0.35361478102440164	0.3607866156198833	0.35720069832214246	226273.55095572176	1.967680020054935e7	4.2727256910716e6	2.1720266484464616e7
0.3607866156198833	0.3681018869072746	0.36444425126357893	238703.1424679853	1.9549742724151686e7	4.511428833539585e6	2.159341694523053e7
0.36810188690727463	0.37556346362041376	0.3718326752638442	251474.3569239629	1.9397401617958296e7	4.762903190463548e6	2.1465110964962803e7
0.3755634636204137	0.3831742718678156	0.37936886774411466	264748.5099330462	1.9233350132774785e7	5.027651700396594e6	2.1334749687883683e7
0.38317427186781555	0.3909372962801655	0.38705578407399055	278517.6507552281	1.905681094084079e7	5.306169351151822e6	2.1201724275085203e7
0.39093729628016555	0.3988555811807625	0.394896438730464	293077.0751002645	1.888686498149968e7	5.599246426252087e6	2.1066575864923764e7
0.3988555811807624	0.40693223177937127	0.40289390648006684	307730.55769946874	1.8678135544776477e7	5.906976983951556e6	2.092716500207681e7
0.40693223177937127	0.4151704153899523	0.4110513235846618	323962.5164808561	1.852024783140488e7	6.230939500432411e6	2.07867086741817e7
0.4151704153899523	0.4235733626727449	0.4193718890313486	341058.79760312336	1.8364309020263836e7	6.571998298035534e6	2.0645381417554796e7
0.423573362672745	0.43214436890119345	0.4278588657869692	357882.66504993546	1.815028270237948e7	6.929880963085471e6	2.0499845624294378e7
0.4321443689011934	0.4408867952542109	0.43651558207770214	376906.2041359257	1.8004348931365285e7	7.306787167221396e6	2.0354318824413083e7
0.4408867952542108	0.44980407013428864	0.44534543269424975	394933.7906335869	1.7769440766598184e7	7.701720957854983e6	2.020361237381772e7
0.4498040701342887	0.45889969051196805	0.45435188032312834	415964.19739834755	1.762846910695611e7	8.117685155253331e6	2.0053505408454075e7
0.4588996905119681	0.468177223297201	0.46353845690458456	436958.9346532199	1.744264024023501e7	8.554644089906551e6	1.9901347899058904e7
0.4681772232972011	0.4776403067381387	0.4729087650176699	457439.20864311955	1.7199730222414646e7	9.01208329854967e6	1.974393361958253e7
0.47764030673813856	0.4872926518478949	0.4824664792930167	482004.3237119849	1.7071019310234837e7	9.494087622261656e6	1.9588222968849722e7
0.48729265184789494	0.4971380438598464	0.49221534785387067	504971.75232251815	1.6846101982170127e7	9.999059374584174e6	1.9428512029052112e7
0.49713804385984633	0.5071803437120368	0.5021591937859415	529357.7475430375	1.6634467942133715e7	1.052841712212721e7	1.926580820383113e7
0.5071803437120368	0.517423489561271	0.5123019166366539	557082.7522107394	1.6489597787971143e7	1.108549987433795e7	1.9104173356158856e7
0.5174234895612712	0.5278714983274901	0.5226474939443806	582363.7768939834	1.6237484683324607e7	1.1667863651231933e7	1.89373015832433e7
0.5278714983274901	0.5385284672690335	0.5331999827982619	612110.0487432324	1.6076489990644958e7	1.2279973699975166e7	1.8770802086304657e7
0.5385284672690335	0.5493985755894076	0.5439635214292206	641553.5604258608	1.58721287837358e7	1.2921527260401027e7	1.860212899093074e7
0.5493985755894077	0.5604860860761894	0.5549423308327985	672845.6719810391	1.568055394994882e7	1.3594372932382066e7	1.843215283976796e7
0.5604860860761894	0.5717953467727067	0.5661407164244481	703480.2890008314	1.5443460870332971e7	1.4297853221382897e7	1.825830151745257e7
0.5717953467727067	0.5833307926831544	0.5775630697279306	738343.083317997	1.526865179648005e7	1.5036196304700894e7	1.808442356763278e7
0.5833307926831544	0.595096947511811	0.5892138700974827	775052.8178955212	1.5098246854479203e7	1.5811249122596417e7	1.7910776079634584e7
0.5950969475118111	0.6070984254370408	0.601097686474426	807694.3262640644	1.482169586936527e7	1.6618943448860481e7	1.7731173574097965e7
0.6070984254370407	0.619339932920775	0.6132191791789079	847588.088847417	1.4651908479110071e7	1.74665315377079e7	1.755216993125097e7
0.619339932920775	0.631826270554184	0.6255831017374796	889477.008680104	1.4484561527041076e7	1.8356008546388004e7	1.7373871449337088e7
0.631826270554184	0.6445623349402613	0.6381943027472227	927149.5774088469	1.4222778147822881e7	1.928315812379685e7	1.71907482992583e7
0.6445623349402613	0.65755312061406	0.6510577277771606	973558.6686698172	1.4069006856766948e7	2.0256716792466667e7	1.700935782434494e7
0.65755312061406	0.6708037220013348	0.6641784213076973	1.0159379707412096e6	1.383049778075319e7	2.1272654763207875e7	1.6824675305833455e7
0.6708037220013346	0.6843193354163548	0.6775615287088448	1.0609839304979406e6	1.3606652775998259e7	2.2333638693705816e7	1.6637744214487925e7
0.6843193354163548	0.6981052610996754	0.6912122982580151	1.1144296992428852e6	1.3463859501116825e7	2.3448068392948702e7	1.6453402801624175e7
0.6981052610996754	0.7121669052966624	0.7051360831981689	1.1607037739348281e6	1.3210375359150542e7	2.460877216688353e7	1.6265071334676182e7
0.7121669052966624	0.7265097823775891	0.7193383438371257	1.2101834305830328e6	1.2975504495075088e7	2.5818955597466562e7	1.6074062851171702e7
0.7265097823775891	0.7411395170001344	0.7338246496888617	1.2753235145978201e6	1.2881756307098377e7	2.7094279112064384e7	1.5888726180697227e7
0.7411395170001344	0.7560618463151305	0.7486006816576325	1.3211538072784126e6	1.2571644159000095e7	2.8415432919342797e7	1.5696170234420968e7
0.7560618463151304	0.7712826222164265	0.7636722342657785	1.3779070453989478e6	1.2352216268269517e7	2.9793339964741744e7	1.5502078931418952e7
0.7712826222164265	0.7868078136357485	0.7790452179260875	1.4509331565642073e6	1.2253520246101517e7	3.124427312130595e7	1.5313547985074244e7
0.7868078136357485	0.8026435088834569	0.7947256612596028	1.5044787481544444e6	1.1969891560664052e7	3.2748751869460393e7	1.5119521603751758e7
0.8026435088834569	0.8187959180361195	0.8107197134597882	1.5693135700427168e6	1.1762692026837e7	3.431806543950311e7	1.4924754018049713e7
0.8187959180361196	0.8352713753718355	0.8270336467039776	1.6410600481939742e6	1.158821142749894e7	3.595912548769709e7	1.4731186121552197e7
0.8352713753718353	0.8520763418542654	0.8436738586130503	1.707389850137098e6	1.1358517109684825e7	3.766651533783419e7	1.4535544771824587e7
0.8520763418542654	0.8692174076663441	0.8606468747603048	1.7880248417550265e6	1.1206281153098183e7	3.945454017958921e7	1.4342442953220252e7
0.8692174076663441	0.8867012947946644	0.8779593512305043	1.8528182078744667e6	1.094011233966695e7	4.130735838746368e7	1.414512486274107e7
0.8867012947946645	0.9045348596655512	0.8956180772301079	1.938977918388548e6	1.0786108446882762e7	4.324633630585223e7	1.3950339790106086e7
0.9045348596655511	0.9227250958338555	0.9136299777497033	2.0122638434241011e6	1.054585252905566e7	4.525860014927633e7	1.375293879551057e7
0.9227250958338556	0.9412791367255261	0.9320021162796909	2.102031959000573e6	1.0378696238297999e7	4.73606321082769e7	1.355731174616296e7
0.9412791367255261	0.96020425843503	0.950741697580278	2.1824647705482654e6	1.0152179167935755e7	4.954309687882517e7	1.3359913858187335e7
0.9602042584350299	0.9795078825787238	0.9698560705068768	2.276867309439884e6	9.978381192120992e6	5.1819964188265055e7	1.3163903599078994e7
0.9795078825787238	0.9991975792052916	0.9893527308920077	2.361956555696682e6	9.75228464084679e6	5.418192074396174e7	1.2966168699862413e7
0.9991975792052917	1.0192810697643908	1.0092393244848412	2.4633152748209336e6	9.582267259486845e6	5.664523601878267e7	1.2770059060644718e7
1.0192810697643908	1.039766230134672	1.0295236499495313	2.5553646734661553e6	9.365191681286369e6	5.920060069224882e7	1.2572752883187497e7
1.039766230134672	1.0606610937123586	1.0502136619235154	2.6644899206913905e6	9.200152468227593e6	6.1865090612940215e7	1.237733449779226e7
1.0606610937123588	1.0819738545615993	1.071317474136979	2.7613860408412325e6	8.983112710482689e6	6.4626476653781444e7	1.2180681041035207e7
1.0819738545615993	1.1037128706278245	1.0928433625947118	2.865495434469984e6	8.782533497757327e6	6.749197208825143e7	1.1983817538742635e7
1.1037128706278245	1.1258866670153744	1.1147997688215994	2.98235842471402e6	8.61195712935904e6	7.047433051296544e7	1.1788493845900362e7
1.1258866670153742	1.148503939330675	1.1371953031730246	3.0907796543675885e6	8.408790329113284e6	7.356511016733304e7	1.1592732452302482e7
1.1485039393306753	1.171573557092282	1.1600387482114787	3.211365710105041e6	8.231523037155328e6	7.677647587743808e7	1.139805849950356e7
1.171573557092282	1.195104567209121	1.1833390621507016	3.323501830578701e6	8.026251708914085e6	8.009997770801678e7	1.1202786712671304e7
1.195104567209121	1.2191061975282966	1.2071053823687088	3.4446820873234104e6	7.837794261548628e6	8.35446597953402e7	1.1007925161599116e7
1.2191061975282966	1.2435878604538557	1.2313470289910762	3.573308788337269e6	7.660277978445538e6	8.711796858367747e7	1.0814083257584173e7
1.243587860453856	1.2685591566379264	1.2560735085458912	3.688225437967628e6	7.44941369566157e6	9.08061940216451e7	1.0619270675532697e7
1.268559156637926	1.2940298787456777	1.2812945176918018	3.814283732577487e6	7.258546055544023e6	9.462047775422259e7	1.042470117472352e7
1.2940298787456779	1.3200100152955847	1.3070199470206312	3.9654348311541523e6	7.109855808654389e6	9.858591258537674e7	1.023280204313506e7
1.3200100152955847	1.3465097545764897	1.3332598849360373	4.075018004250632e6	6.883893535641344e6	1.0266093058962737e8	1.0038945015965788e7
1.3465097545764895	1.3735394886430126	1.360024621609751	4.216929409987655e6	6.71176678414994e6	1.0687785999961503e8	9.846359562210672e6
1.3735394886430126	1.401109817390866	1.3873246530169392	4.359040009570325e6	6.5368503983342685e6	1.1123690000918536e8	9.65481017822781e6
1.401109817390866	1.4292315527136765	1.4151706850522712	4.499038972027988e6	6.356760314129733e6	1.1573593898121335e8	9.463937072169768e6
1.4292315527136763	1.457915722742943	1.4435736377283095	4.635734773601056e6	6.171265831942342e6	1.203716737548144e8	9.273388004393674e6
1.4579157227429431	1.487173576172795	1.4725446494578691	4.79120440919198e6	6.0095388156561535e6	1.2516287816400638e8	9.084519279625472e6
1.487173576172795	1.5170165866712442	1.5020950814220195	4.94204313732613e6	5.840431073129085e6	1.3010492130133252e8	8.896806134654664e6
1.5170165866712444	1.5474564573796623	1.5322365220254532	5.084794718627342e6	5.661804299485779e6	1.351897160199598e8	8.70963055798519e6
1.5474564573796623	1.5785051255022486	1.5629807914409555	5.250491394872353e6	5.508401005103015e6	1.4044020741483217e8	8.524420477198327e6
1.5785051255022486	1.6101747669872868	1.5943399462447676	5.40286033270844e6	5.340655875471894e6	1.4584306774754062e8	8.340232008783889e6
1.6101747669872866	1.6424778013020254	1.626326284144656	5.554424642867834e6	5.173164115154261e6	1.5139749239040846e8	8.157020369251086e6
1.6424778013020256	1.6754268963030592	1.6589523488025424	5.732915185879064e6	5.030834871697801e6	1.571304075762875e8	7.976184266147993e6
1.6754268963030592	1.7090349732041135	1.6922309347535864	5.885624915472569e6	4.866374422851152e6	1.6301603249176008e8	7.796305692578209e6
1.709034973204113	1.7433152116431883	1.7261750924236505	6.059023746373428e6	4.720249904204291e6	1.690750562381335e8	7.618389489458598e6
1.7433152116431885	1.7782810548510453	1.7607981332471168	6.222119643825691e6	4.567211025549435e6	1.7529717588195917e8	7.441921850406845e6
1.7782810548510457	1.8139462149230596	1.7961136348870528	6.406873513421347e6	4.431086410253919e6	1.8170404939538053e8	7.267796852652801e6
1.8139462149230594	1.8503246781965137	1.8321354465597866	6.579030377546559e6	4.287244539111016e6	1.8828307977292708e8	7.095432301844961e6
1.8503246781965135	1.8874307107354367	1.868877694465975	6.748765724675293e6	4.1437537551254504e6	1.9503184549760237e8	6.924746337258536e6
1.887430710735437	1.9252788639251386	1.9063547873302877	6.950153369434026e6	4.020852181867674e6	2.019819988670364e8	6.756832098511997e6
1.9252788639251386	1.9638839801786343	1.9445814220518864	7.1240042499353085e6	3.883317615947024e6	2.091060031169717e8	6.59068278337185e6
1.9638839801786343	2.0032611987571998	1.983572589467917	7.298914604922078e6	3.7488056291172174e6	2.164049177218938e8	6.4263707716327775e6
2.0032611987571998	2.0434259617073365	2.023343580232268	7.491083791178823e6	3.625234048517629e6	2.238960015130726e8	6.26442202838992e6
2.0434259617073365	2.084394019916476	2.063909990811906	7.689552500500849e6	3.5063079491196307e6	2.3158555401357347e8	6.104968119353324e6
2.084394019916476	2.1261814392897986	2.1052877296031376	7.873913197529601e6	3.382969096041043e6	2.3945946721110308e8	5.947609339215278e6
2.126181439289799	2.1688046070505878	2.1474930231701936	8.061033311405732e6	3.263302610852427e6	2.475205005225088e8	5.792436532088931e6
2.1688046070505878	2.2122802381665925	2.19054242260859	8.260238427337144e6	3.150788356566143e6	2.5578073894984594e8	5.639736440173754e6
2.212280238166592	2.2566253819049167	2.234452810035754	8.465029434504818e6	3.042397202567128e6	2.6424576838435075e8	5.489604111605301e6
2.256625381904917	2.3018574285180082	2.2792414052114625	8.65652933335545e6	2.931519569267659e6	2.729022977177062e8	5.341747064497375e6
2.3018574285180082	2.347994116063361	2.3249257722906846	8.864019902734118e6	2.8284077116941838e6	2.817663176204403e8	5.196482321845709e6
2.347994116063361	2.395053537359621	2.371523826711491	9.06222410838586e6	2.7246399266276523e6	2.9082854172882617e8	5.0536218199168965e6
2.395053537359621	2.4430541470818063	2.4190538422207135	9.261960239973683e6	2.6238619112904537e6	3.000905019687998e8	4.913199090024272e6
2.4430541470818063	2.4920147689984353	2.467534458040121	9.478473186196737e6	2.530118694382573e6	3.095689751549966e8	4.775479494222161e6
2.4920147689984353	2.5419546033533966	2.516984686175916	9.666173202154128e6	2.4312085677700313e6	3.192351483571507e8	4.64000792026623e6
2.5419546033533966	2.5928932343954574	2.567423918874427	9.889427742109014e6	2.343714011722897e6	3.291245760992597e8	4.507313852999275e6
2.5928932343954574	2.6448506380583594	2.6188719362269084	1.0107703046067324e7	2.2571083150440403e6	3.39232279145327e8	4.377287853839637e6
2.644850638058359	2.6978471897945187	2.6713489139264386	1.030452960591795e7	2.16817941973332e6	3.495368087512449e8	4.249641228621239e6
2.697847189794519	2.751903672565402	2.7248754311799606	1.0508862763748871e7	2.083485694526851e6	3.600456715149938e8	4.12448094416168e6
2.7519036725654016	2.807041284991702	2.779472478778552	1.0733906911812346e7	2.0052152832029904e6	3.7077957842680615e8	4.0020342089442727e6
2.8070412849917026	2.863281649666529	2.835161467329116	1.0942489466109889e7	1.9261420331944495e6	3.81722067892916e8	3.88209759011806e6
2.8632816496665288	2.920646821634852	2.8919642356506903	1.1167661114534836e7	1.8522686970479176e6	3.9288972900745094e8	3.7648262385396976e6
2.920646821634852	2.9791592970425413	2.9499030593386966	1.1383094242773395e7	1.7789849267158955e6	4.0427282325022435e8	3.650099983401626e6
2.979159297042542	3.038842021958385	3.0090006595004635	1.159510166069653e7	1.707486385116425e6	4.1586792491092086e8	3.5378746882047527e6
3.038842021958385	3.099718401372545	3.069280211665465	1.1818910720121335e7	1.639953209057128e6	4.276868356310422e8	3.4282347197066527e6
3.099718401372545	3.1618123083749885	3.130765354873767	1.2025718519203745e7	1.5723054097861054e6	4.397125541502459e8	3.321023881991734e6
3.161812308374988	3.2251480935174803	3.193480200946234	1.224113332757399e7	1.50806449174445e6	4.519536874778199e8	3.2162984414110724e6
3.2251480935174803	3.2897505943628222	3.2574493439401513	1.2470204306364631e7	1.4475874136782002e6	4.644238917841846e8	3.1141320338875116e6
3.2897505943628227	3.3556451452250715	3.322697869793947	1.269491401265644e7	1.3885913570591286e6	4.77118805796841e8	3.0144621821134165e6
3.355645145225072	3.422857587104566	3.389251366164819	1.2898294447121162e7	1.3293855588578898e6	4.9001710024396217e8	2.9171323701183037e6
3.422857587104566	3.4914142778216495	3.4571359324631077	1.3122254802371686e7	1.274387821936527e6	5.0313935504633385e8	2.8222503050737274e6
3.491414277821649	3.5613421023530742	3.5263781900873616	1.3344659885704855e7	1.2211685845044346e6	5.164840149320387e8	2.729777146014718e6
3.5613421023530742	3.632668483375128	3.597005292864101	1.3563551478169309e7	1.1695451242401896e6	5.3004756641020805e8	2.639665750210703e6
3.6326684833751277	3.7054213920176227	3.669044937696375	1.3791231662174322e7	1.1205275460331421e6	5.438387980723823e8	2.55193004332131e6
3.705421392017622	3.779629358832967	3.7425253754252945	1.4009632662885895e7	1.07256251618298e6	5.578484307352682e8	2.4664934420003053e6
3.7796293588329672	3.8553214849846187	3.817475421908793	1.4234210368187023e7	1.0268478170909683e6	5.720826411034553e8	2.383352968688415e6
3.855321484984619	3.932527453659304	3.8939244693219615	1.4441494010128787e7	981662.2950910752	5.86524135113584e8	2.302406427013134e6
3.9325274536593033	4.011277541707481	3.9719024976833923	1.4660787534494845e7	939041.9705722386	6.011849226480789e8	2.2236751095863883e6
4.011277541707481	4.091602631516623	4.051440086612052	1.4882256233227933e7	898203.2584160309	6.160671788813069e8	2.1471338326076833e6
4.091602631516623	4.173534223121948	4.132568427319285	1.5111561638412297e7	859396.8537187896	6.311787405197191e8	2.0727733485580853e6
4.173534223121948	4.257104446559379	4.215319334840663	1.5325305839748451e7	821244.6197138539	6.465040463594676e8	2.0005053694708918e6
4.257104446559379	4.342346074465558	4.299725260512469	1.554770147962502e7	785071.0409555354	6.620517478390926e8	1.9303231939283924e6
4.342346074465559	4.429292534929862	4.38581930469771	1.5768802058455262e7	750276.3170476448	6.778205498975478e8	1.862185878133457e6
4.4292925349298615	4.517977924603451	4.473635229766656	1.598856652730685e7	716823.481707401	6.938091164248546e8	1.796052713930195e6
4.51797792460345	4.608437022070511	4.5632074733369805	1.6209842428270428e7	684797.2799646267	7.100189588531251e8	1.7318902424474075e6
4.608437022070511	4.700705301486913	4.654571161778712	1.6409056593587587e7	653202.3770113923	7.264280154467127e8	1.669609473622102e6
4.700705301486913	4.794818946491643	4.747762123989277	1.6635229461624002e7	623985.0924727229	7.430632449083368e8	1.6092389371234449e6
4.794818946491643	4.890814864396467	4.842816905444055	1.6851498549826354e7	595614.9333258204	7.599147434581631e8	1.5507171531915993e6
4.890814864396468	4.988730700659389	4.939772782527928	1.7046103655868497e7	567719.9530372821	7.769608471140317e8	1.4939647238925507e6
4.988730700659389	5.088604853647568	5.038667777153478	1.727417380276535e7	542111.5298963465	7.94235020916797e8	1.439011418563511e6
5.088604853647569	5.190476489695512	5.13954067167154	1.748077009583252e7	516933.38762907806	8.117157910126295e8	1.3857781223437674e6
5.190476489695511	5.294385558464413	5.242431024079962	1.7688877178599708e7	492898.2561552644	8.294046681912292e8	1.334231440998139e6
5.294385558464413	5.400372808608692	5.347379183536552	1.791053922646276e7	470271.8608474129	8.47315207417692e8	1.2843552524696614e6
5.400372808608693	5.508479803755858	5.454426306182276	1.810944450718554e7	448052.6959311309	8.654246519248774e8	1.236076552759271e6
5.508479803755859	5.618748938805967	5.563614371280913	1.8307697111362483e7	426816.9221819821	8.837323490362399e8	1.1893598185888026e6
5.618748938805966	5.731223456557077	5.6749861976815215	1.850317684519076e7	406479.32503642055	9.022355258814306e8	1.1441666619488325e6
5.7312234565570765	5.845947464663209	5.788585460610143	1.873173034227043e7	387752.5006626252	9.20967256223701e8	1.1005020498006348e6
5.845947464663211	5.962965952931467	5.904456708797339	1.891255170897721e7	368902.56996712054	9.398798079326782e8	1.0582705760271626e6
5.962965952931466	6.082324810965086	6.022645381948276	1.9095293038221937e7	350972.435425476	9.589751009709002e8	1.0174425485083204e6
6.082324810965086	6.204070846159379	6.143197828562233	1.932324054662223e7	334666.35472365335	9.782983415175225e8	978030.6439520295
6.20407084615938	6.328251802057558	6.266161324108468	1.9504907747533288e7	318318.3543953994	9.978032492650558e8	939950.6447734521
6.328251802057558	6.4549163770737	6.3915840895656295	1.967301893864104e7	302534.38945317245	1.0174762682036968e9	903158.1763689558
6.454916377073701	6.584114243590166	6.519515310331934	1.9893612172739085e7	288272.7620043379	1.0373698803764359e9	867666.742429516
6.584114243590165	6.71589606743696	6.650005155513563	2.006180690503688e7	273934.34865424904	1.0574316872814728e9	833396.7672682216
6.715896067436961	6.850313527760691	6.783104797598826	2.0272222728492893e7	260834.21162938987	1.0777039100099657e9	800349.1766663254
6.85031352776069	6.987419337290895	6.9188664325257925	2.046944517266061e7	248173.97964287928	1.0981733551826262e9	768478.7638106622
6.987419337290895	7.127267263011704	7.057343300151299	2.0619507318063524e7	235567.67306065536	1.1187928625006897e9	737720.656501755
7.127267263011705	7.269912147246929	7.198589705129317	2.085621889979849e7	224522.8047908271	1.1396490814004881e9	708100.7386405698
7.269912147246929	7.4154099291668585	7.342661038206893	2.0958871595095687e7	212608.43450422687	1.1606079529955838e9	679503.097038057
7.415409929166858	7.5638176667251855	7.489613797946022	2.12102275662602e7	202742.99700062163	1.1818181805618443e9	651986.9510228749
7.5638176667251855	7.71519355903468	7.639505612879933	2.1312952923649356e7	191969.54137368497	1.2031311334854937e9	625437.4429384121
7.715193559034678	7.869596969190362	7.79239526411252	2.153231708770664e7	182754.40684397612	1.2246634505732002e9	599888.6900514289
7.869596969190363	8.027088447549161	7.948342708369762	2.166858872051355e7	173299.10724895349	1.2463320392937138e9	575269.0446938424
8.027088447549161	8.187729755475134	8.107409101512147	2.18558109238497e7	164710.56034790902	1.2681878502175634e9	551574.8800076862
8.187729755475134	8.351583889559627	8.26965682251738	2.1992135365564175e7	156174.79690934243	1.2901799855831275e9	528755.8040736051
8.351583889559627	8.51871510632581	8.435149497942719	2.2184671694200918e7	148451.91050751557	1.3123646572773285e9	506808.2011357384
8.51871510632581	8.689188947427317	8.603952026876563	2.232636192368531e7	140779.74752095208	1.3346910192010138e9	485684.6809983656
8.689188947427317	8.863072265350853	8.776130606389085	2.251222378934232e7	133761.2295282988	1.3572032429903562e9	465375.38481850404
8.863072265350853	9.04043324963286	8.951752757491857	2.2653561930421673e7	126834.72729068245	1.3798568049207778e9	445838.61269823136
9.04043324963286	9.221341453600507	9.130887351616684	2.2819480872350745e7	120391.95253577261	1.4026762857931285e9	427057.6780660266
9.221341453600507	9.405867821647508	9.313604637624007	2.294505732755159e7	114069.89629649115	1.42562134312068e9	408995.91000676405
9.405867821647508	9.594084717055448	9.499976269351478	2.307194031496652e7	108082.75425959019	1.4486932834356465e9	391631.11602261115
9.594084717055447	9.786065950371546	9.690075333713496	2.3275749299562532e7	102746.37703785885	1.471969032735209e9	374960.6120422968
9.786065950371546	9.981886808353966	9.883976379362757	2.334233719419613e7	97095.23613876729	1.4953113699294052e9	358926.1527915468
9.981886808353966	10.181624083496034	10.081755445925001	2.3470140874263242e7	91994.14543609602	1.5187815108036685e9	343522.76054383256
10.181624083496034	10.385356104140945	10.28349009381849	2.3645166864176773e7	87332.91448408537	1.5424266776678455e9	328739.38685937173
10.385356104140945	10.593162765198754	10.48925943466985	2.3773154409608502e7	82739.63945456244	1.566199832077454e9	314544.16112959996
10.593162765198754	10.805125559477718	10.699144162338236	2.393570784948954e7	78499.06652775065	1.5901355399269435e9	300923.48396359687
10.805125559477718	11.021327609642261	10.91322658455999	2.4055736556884903e7	74341.00682032757	1.6141912764838285e9	287848.95066239266
11.021327609642261	11.241853700810095	11.131590655226178	2.4159669374199897e7	70354.59773252226	1.6383509458580284e9	275298.94011115225
11.241853700810095	11.466790313801287	11.35432200730569	2.425114371865281e7	66546.55738269299	1.6626020895766811e9	263253.4673084204
11.466790313801285	11.696225659052299	11.581507986426793	2.4386218899029497e7	63056.49916347945	1.6869883084757106e9	251701.75716152223
11.6962256590523	11.930249711208337	11.813237685130318	2.4502514422399264e7	59701.907502224014	1.71149082289811e9	240623.12549012373
11.930249711208337	12.168954244407493	12.049601977807914	2.457032538431582e7	56413.20465700655	1.7360611482824256e9	229994.06769053685
12.168954244407491	12.41243286827063	12.290693556339061	2.4725934355469257e7	53495.225902261576	1.7607870826378949e9	219810.0252939781
12.41243286827063	12.660781064611031	12.53660696644083	2.484372445724775e7	50649.08524929648	1.7856308070951426e9	210049.45751331485
12.66078106461103	12.914096224878238	12.787438644744633	2.4969159967169777e7	47967.99410098782	1.8105999670623124e9	200697.4454223544
12.91409622487824	13.172477688350792	13.043286956614516	2.501923941002229e7	45291.27902188444	1.8356192064723346e9	191730.66075137994
13.172477688350792	13.436026781092796	13.304252234721794	2.5103204688349314e7	42821.57491858889	1.8607224111606839e9	183138.8137061285
13.436026781092798	13.704846855689642	13.570436818391219	2.5192830100500118e7	40495.1992651461	1.885915241261184e9	174908.53423892098
13.70484685568964	13.97904333177842	13.84194509373403	2.5275821349210188e7	38284.68678547789	1.9111910626103942e9	167025.63950050873
13.979043331778422	14.258723737388978	14.1188835345837	2.5368188548221197e7	36207.84183509813	1.9365592511586156e9	159477.79268333106
14.258723737388976	14.543997751111744	14.401360744250361	2.549661685584957e7	34291.716272975114	1.962055868014465e9	152254.92999845263
14.543997751111744	14.834977245108966	14.689487498110356	2.558066967902642e7	32419.93747076937	1.9876365376934915e9	145340.85434632463
14.834977245108968	15.131776328986135	14.98337678704755	2.5607386686358914e7	30581.531964815415	2.0132439243798504e9	138719.67047019358
15.131776328986136	15.434511394540847	15.283143861763492	2.5683409800720856e7	28902.837879512415	2.0389273341805713e9	132383.68983263298
15.434511394540843	15.743301161406647	15.588906277973745	2.5727968961002998e7	27282.693705698417	2.0646553031415744e9	126319.83119172655
15.743301161406647	16.058266723609766	15.900783942508205	2.5779197429219e7	25759.95999853044	2.0904345005707934e9	120518.01045586156
16.05826672360977	16.37953159705695	16.218899160333358	2.5889745110541992e7	24377.98023687695	2.1163242456813354e9	114971.22632139419
16.37953159705695	16.707221767973074	16.54337668251501	2.5934870697330344e7	23011.67817566014	2.1422591163786657e9	109665.66543768544
16.707221767973074	17.041465742307523	16.8743437551403	2.5985764992117163e7	21726.71523724273	2.168244881370783e9	104592.10002394252
17.041465742307526	17.382394596128663	17.211930169218093	2.6038745266078144e7	20515.07365062096	2.194283626636861e9	99741.37235859642
17.382394596128663	17.730142027026222	17.55626831157744	2.6071623196471535e7	19356.00200850768	2.2203552498333325e9	95103.65607882683
17.730142027026222	18.084844406541734	17.907493216783976	2.610842374149634e7	18265.135450790447	2.246463673574829e9	90670.59402015382
18.08484440654173	18.44664083364755	18.265742620094642	2.612311858968647e7	17221.144781599673	2.2725867921645155e9	86433.08083421398
18.446640833647553	18.81567318929549	18.631157011471522	2.6179384312516525e7	16262.648260672167	2.298766176477032e9	82384.76468761388
18.81567318929549	19.192086192056387	19.003879690675937	2.622846592151562e7	15353.226802516609	2.3249946423985476e9	78517.55926275645
19.192086192056387	19.5760274548725	19.38405682346444	2.623913665919477e7	14473.425888304515	2.351233779057742e9	74822.72257327232
19.5760274548725	19.967647542944935	19.771837498908717	2.626546448892457e7	13652.179748390157	2.3774992435466666e9	71293.68642913389
19.967647542944935	20.36710003277882	20.167373787861877	2.6251697365275696e7	12857.883871346605	2.4037509409119425e9	67922.43840919907
20.367100032778815	20.774541572409376	20.570820802594096	2.6271531283448994e7	12125.307999039329	2.4300224721953917e9	64703.43441366132
20.77454157240938	21.19013194283255	20.982336757620963	2.6285106809935145e7	11431.74431443628	2.4563075790053267e9	61630.14027833065
21.19013194283255	21.614034120664186	21.40208303174837	2.63071689262458e7	10781.329392898357	2.4826147479315724e9	58696.637577103174
21.61403412066419	22.046414342052458	21.830224231358322	2.6324792583134644e7	10166.200803803291	2.508939540514707e9	55896.89585639427
22.046414342052458	22.48744216786849	22.266928254960476	2.625531684578685e7	9554.469784991248	2.535194857360494e9	53223.39301240242
22.48744216786849	22.937290550200846	22.712366359034668	2.6219019513589457e7	8990.864502236309	2.5614138768740835e9	50671.621391023225
22.937290550200842	23.396135900179843	23.166713225190342	2.6276932737971175e7	8490.933275199237	2.587690809612055e9	48238.230453773904
23.396135900179846	23.86415815715843	23.630147028669136	2.629298948870018e7	8006.017820681907	2.613983799100755e9	45917.255958321286
23.86415815715842	24.341540859276574	24.102849508217496	2.6271865917989805e7	7538.126155867699	2.640255665018745e9	43703.19368009763
24.341540859276574	24.828471215437087	24.58500603735683	2.6175684950691417e7	7077.28207583509	2.666431349969436e9	41590.281505691455
24.82847121543709	25.325140178720815	25.076805697078953	2.6139014413019814e7	6659.685124366586	2.692570364382456e9	39575.17813325423
25.32514017872082	25.83174252127022	25.57844134999552	2.6189642446877696e7	6287.676099828649	2.7187600068293333e9	37654.870117242346
25.831742521270215	26.348476910670602	26.090109715970407	2.6143420039583467e7	5914.515359239574	2.744903426868917e9	35823.82157848524
26.348476910670605	26.875545987859	26.612011449264802	2.608158243013692e7	5560.155489241953	2.7709850092990537e9	34077.967103757386
26.875545987858995	27.413156446591156	27.144351217225076	2.6022004040139765e7	5227.451821765143	2.7970070133391933e9	32413.640588505412
27.41315644659116	27.961519114497964	27.68733778054456	2.5941011141529966e7	4910.577406176878	2.8229480244807234e9	30827.051332645733
27.961519114497964	28.520849035762904	28.241184075130434	2.5976443718118187e7	4633.634551066224	2.8489244681988416e9	29316.017772945514
28.52084903576291	29.09136555545315	28.80610729560803	2.5908560343553577e7	4354.936723281199	2.874833028542395e9	27876.079449441197
29.091365555453145	29.67329240553719	29.382328980495167	2.5817119850247856e7	4089.2428312435222	2.900650148392643e9	26503.884673722405
29.67329240553719	30.266857792622915	29.970075099080052	2.570320121381945e7	3836.3562192785926	2.9263533496064625e9	25196.26380974957
30.266857792622922	30.87229448745036	30.56957614003664	2.5687500456891105e7	3612.852353386546	2.9520408500633535e9	23951.18629756464
30.872294487450354	31.48983991617434	31.181067201812347	2.562344711904267e7	3395.960527100621	2.9776642971823964e9	22765.42518122605
31.489839916174343	32.11973625347281	31.804788084823578	2.5592372158910286e7	3196.188522310319	3.0032566693413067e9	21636.545855129676
32.11973625347281	32.762230517517246	32.44098338549503	2.551476001797533e7	3002.687614771284	3.028771429359282e9	20561.628368518617
32.762230517517246	33.41757466684257	33.08990259217991	2.5382591671615098e7	2814.825651299691	3.054154021030897e9	19537.884781650857
33.41757466684257	34.0860256991544	33.75180018299848	2.5288011557194546e7	2642.5738997686653	3.079442032588092e9	18563.26321592755
34.086025699154405	34.76784575211247	34.42693572563344	2.530564995396716e7	2491.8788822096963	3.104747682542059e9	17636.17321365955
34.767845752112464	35.46330220612969	35.11557397912108	2.517402396848772e7	2335.9260902287665	3.1299217065105467e9	16753.569275017206
35.4633022061297	36.17266778922727	35.81798499767848	2.503945292833135e7	2189.416380413729	3.154961159438878e9	15913.429640020588
36.17266778922727	36.89622068398679	36.53444423660703	2.4970358569874823e7	2057.43168626681	3.179931518008753e9	15114.142351402428
36.8962206839868	37.63424463664151	37.265232660314155	2.4904988202160068e7	1933.6779739827195	3.2048365062109127e9	14353.825385702292
37.634244636641505	38.387029068349314	38.01063685249541	2.480886136278248e7	1815.1054147902883	3.229645367573695e9	13630.529376051381
38.387029068349314	39.15486918869128	38.7709491285203	2.4647635838043433e7	1699.2901646779187	3.2542930034117384e9	12942.277606634156
39.15486918869128	39.93806611144008	39.54646765006568	2.4574210649898823e7	1596.5008358251798	3.2788672140616374e9	12287.799750501836
39.93806611144008	40.73692697264386	40.33749654204197	2.4516722238201477e7	1500.8915815891467	3.303383936299839e9	11665.561558663243
40.736926972643865	41.55176505107172	41.14434601185779	2.436564135836996e7	1405.6012860254689	3.327749577658209e9	11073.721521016596
41.55176505107172	42.38289989106813	41.96733247106992	2.4208414486603513e7	1315.9763048906475	3.3519579921448126e9	10510.85277227947
42.38289989106812	43.23065742786446	42.80677865946629	2.3966856551164087e7	1227.6943708554484	3.3759248486959767e9	9975.361442632324
43.23065742786446	44.09537011539672	43.66301377163059	5.10605631218666e7	2464.6899420236864	3.4269854118178434e9	9542.115515456695
44.09537011539672	44.97737705667963	44.536373586038174	2.2417144399499588e7	1019.6579871620482	3.449402556217343e9	9050.506742097989
44.977377056679636	45.8770241367882	45.42720059673392	2.2177389632062424e7	950.5659299700067	3.4715799458494053e9	8583.27138369046
45.8770241367882	46.79466415849894	46.33584414764357	2.1967842496329144e7	887.2721351914352	3.4935477883457346e9	8139.3378349548975
46.79466415849895	47.7306569806439	47.26266056957142	2.1810981964048363e7	830.1227395579298	3.515358770309783e9	7717.716280983157
47.73065698064389	48.685369659231746	48.20801331993782	2.1451253451649897e7	769.3384843724037	3.5368100237614326e9	7316.909910595243
48.685369659231746	49.65917659139136	49.17227312531155	2.1366749453438297e7	722.106022904175	3.558176773214871e9	6936.499648895157
49.65917659139135	50.65245966219415	50.15581812679275	2.114174775891605e7	673.2884397936118	3.579318520973787e9	6575.2174536980765
50.652459662194154	51.665608394413006	51.15903402830358	2.08597134389251e7	625.9885702025438	3.600178234412712e9	6232.047418424474
51.66560839441301	52.69902010127625	52.18231424784463	2.0707072953871228e7	585.5643212879029	3.6208853073665833e9	5906.341305274633
52.69902010127624	53.753100042276735	53.22606007177649	2.0449709691673517e7	544.9302298826062	3.641335017058257e9	5597.079564384433
53.753100042276735	54.82826158209724	54.29068081218699	2.019796903336518e7	507.176763766297	3.6615329860916224e9	5303.479730758405
54.82826158209724	55.92492635271416	55.3765939674057	2.0154421097433683e7	476.8918471904958	3.681687407189056e9	5025.069123981546
55.92492635271416	57.04352441874341	56.484225385728784	1.986162214460791e7	442.85570033436017	3.701549029333664e9	4760.755147264416
57.04352441874342	58.184494446093254	57.614009432418335	1.96170822854475e7	412.1733628754384	3.7211661116191115e9	4509.918071218835
58.184494446093254	59.348283873990084	58.76638916004167	1.949064349935054e7	385.8954867786812	3.740656755118462e9	4272.034522703769
59.348283873990084	60.53534909044485	59.94181648221747	1.911119915593402e7	356.55743924693166	3.759767954274396e9	4046.180744664693
60.535349090444846	61.74615561122871	61.14075235083678	1.9084989765248105e7	335.5301614598647	3.7788529440396442e9	3832.1421713348045
61.74615561122872	62.981178262428266	62.363666936828494	1.8756544586322732e7	310.7352814280088	3.797609488625967e9	3629.019909557708
62.98117826242826	64.2409013666518	63.61103981454003	1.862948277246078e7	290.8282940330534	3.816238971398428e9	3436.466188134669
64.2409013666518	65.5258189329598	64.8833601498058	1.8458663754551828e7	271.5402849354129	3.83469763515298e9	3253.9070593021947
65.5258189329598	66.83643485059396	66.18112689177687	1.8164967637098204e7	251.80643095993847	3.852862602790078e9	3080.7402642404177
66.83643485059396	68.1732630865808	67.50484896858738	1.8074339553032726e7	236.09828363508635	3.870936942343111e9	2916.65621416257
68.17326308658079	69.53682788728737	68.85504548693407	1.7754597805735797e7	218.5442884031226	3.8886915401488457e9	2761.024498769893
69.53682788728739	70.9276639840081	70.23224593564774	1.769341442164023e7	205.2289039096669	3.906384954570486e9	2613.6020358149485
70.92766398400809	72.34631680266321	71.63699039333565	1.7385867799838506e7	190.02971922117308	3.9237708223703246e9	2473.8066159855025
72.34631680266322	73.79334267769146	73.06982974017734	1.7373915705994077e7	178.94565813037391	3.9411447380763187e9	2341.4356425014994
73.79334267769144	75.26930907022023	74.53132587395584	1.696731603864139e7	164.67775173427893	3.95811205411496e9	2215.8771913335722
75.26930907022025	76.77479479059961	76.02205193040993	1.6923813667664062e7	154.78125456537802	3.9750358677826242e9	2096.9904351495948
76.7747947905996	78.31039022538656	77.54259250799308	1.6621137290619325e7	143.24492156527234	3.9916570050732436e9	1984.2959346352557
78.31039022538656	79.87669756886925	79.0935438971279	1.6503725664071042e7	134.0290331431102	4.0081607307373147e9	1877.5703410929243
79.87669756886925	81.4743310592216	80.67551431404542	1.632501473818789e7	124.93061672580093	4.0244857454755025e9	1776.4761202085695
81.47433105922158	83.10391721938097	82.28912413930128	1.6106431843073335e7	116.14835815438182	4.040592177318576e9	1680.7066690728789
83.10391721938097	84.76609510274355	83.93500616106226	1.5972888865246806e7	108.54146039848153	4.0565650661838226e9	1590.0226311049341
84.76609510274358	86.4615165437734	85.61380582325849	1.5678917366053954e7	100.39838728679939	4.0722439835498767e9	1504.0997342671867
86.4615165437734	88.19084641362383	87.32618147869862	1.576372414253922e7	95.11915565336615	4.0880077076924157e9	1422.82852814917
88.19084641362382	89.95476288087124	89.07280464724752	1.5232023134276025e7	86.60944685845264	4.1032397308266916e9	1345.7543510966461
89.95476288087124	91.75395767746362	90.85436027916742	1.5403258408031873e7	82.53132331960973	4.1186429892347236e9	1272.8907218273778
91.75395767746362	93.58913636998784	92.67154702372574	1.4924239288151506e7	75.35237806972357	4.1335672285228753e9	1203.8159052478736
93.58913636998786	95.46101863636257	94.52507750317521	1.496714523798325e7	71.21021586329117	4.148534373760858e9	1138.486514592088
95.46101863636258	97.37033854806478	96.41567859221368	1.4694832584362742e7	65.88196741456463	4.1632292063452206e9	1076.6180886084862
97.37033854806477	99.31784485800101	98.34409170303289	1.4461140612186922e7	61.09463462850246	4.1776903469574075e9	1018.0421893298682
99.31784485800102	101.304301294136	100.31107307606851	1.4557898538487274e7	57.95592396478809	4.192248245495895e9	962.6639880769937
101.304301294136	103.33048685899367	102.31739407656482	1.4071491413859097e7	52.78832909240228	4.206319736909754e9	910.1820064096842
103.33048685899367	105.39719613514849	104.36384149707108	1.4175651370584179e7	50.111738024410826	4.220495388280338e9	860.5728649579473
105.39719613514849	107.50523959682641	106.45121786598745	1.3869965994956195e7	46.20303564775736	4.234365354275294e9	813.5997827888284
107.50523959682641	109.65544392773789	108.58034176228216	1.3568158199763669e7	42.59069249728216	4.2479335124750576e9	769.127799887028
109.65544392773788	111.84865234526758	110.75204813650274	1.3760137887164958e7	40.701957155707625	4.2616936503622227e9	727.1120652208944
111.84865234526758	114.08572493114788	112.96718863820773	1.3318333242961146e7	37.122832315468656	4.2750119836051836e9	687.3133952164865
114.0857249311479	116.36753896874579	115.22663194994684	1.31694726239183e7	34.59061985690923	4.288181456229102e9	649.6642909698429
116.36753896874578	118.69498928709564	117.5312641279207	1.333718227257996e7	33.01055273724342	4.301518638501682e9	614.0956810394022
118.69498928709562	121.06898861181249	119.88198894945405	1.2737405038142981e7	29.707659161992485	4.314256043539825e9	580.3881859618872
121.06898861181249	123.49046792302367	122.27972826741808	1.2862315987568807e7	28.268673233158477	4.327118359527394e9	548.5419633223172
123.49046792302369	125.9603768204591	124.72542237174139	1.275767118692e7	26.421437789856455	4.339876030714314e9	518.4261039168409
125.9603768204591	128.47968389584324	127.22003035815118	1.2288739646697924e7	23.98231985711952	4.352164770361012e9	489.90665783541243
128.4796838958432	131.04937711273502	129.7645305042891	1.242432602024324e7	22.848384845337662	4.364589096381255e9	462.96682413721356
131.04937711273502	133.67046419396465	132.35992065334983	1.2372585692567036e7	21.440848501182174	4.376961682073822e9	437.49970715781643
133.67046419396468	136.3439730168189	135.00721860539178	1.1836302316800496e7	19.328421651719527	4.388797984390622e9	413.3797006085262
136.3439730168189	139.0709520161302	137.70746251647455	1.1886483372597754e7	18.290795163226594	4.40068446776322e9	390.5910954816183
139.0709520161302	141.85247059542775	140.46171130577898	1.2076688883633777e7	17.51160475464301	4.412761156646853e9	369.07200134912813
141.85247059542775	144.68961954631123	143.2710450708695	1.1404844229188928e7	15.583546720385002	4.424166000876042e9	348.68292505518997
144.68961954631123	147.58351147621238	146.1365655112618	1.1350171034755982e7	14.614307747787256	4.435516171910798e9	329.41399014884286
147.5835114762124	150.5352812447116	149.05939636046202	1.183613494131209e7	14.360999102787162	4.44735230685211e9	311.2418802077802
150.53528124471157	153.54608640858072	152.04068382664616	1.0992381236536158e7	12.567978973817283	4.458344688088646e9	294.0145194940281
153.54608640858075	156.61710767572728	155.08159704215402	1.0828899106067277e7	11.666938213971335	4.469173587194714e9	277.72886286693785
156.61710767572728	159.74954936821675	158.18332852197202	1.1501888525909662e7	11.677252815702033	4.480675475720623e9	262.3831584686125
159.74954936821675	162.94463989455602	161.34709463138637	1.0746721778954279e7	10.281263341757809	4.4914221974995775e9	247.84207434028158
162.94463989455602	166.20363223142206	164.57413606298906	1.0379570174404128e7	9.357262359330587	4.501801767673982e9	234.08642336940926
166.20363223142203	169.5278044150254	167.86571832322372	1.0572353861918464e7	8.981318491573333	4.5123741215359e9	221.10251279447675
169.5278044150254	172.91846004230084	171.22313222866313	1.1099623653115151e7	8.885372516419146	4.523473745189015e9	208.8619782294703
172.91846004230084	176.37692878212178	174.6476944122113	9.965170692603538e6	7.517113683078579	4.5334389158816185e9	197.2485552641988
176.37692878212178	179.90456689673914	178.14074783943045	9.900401789361993e6	7.037496559123488	4.543339317670982e9	186.27732794087092
179.90456689673914	183.50275777364885	181.703662335194	1.0893758335235953e7	7.296962614645946	4.554233076006218e9	175.95388384857802
183.50275777364885	187.17291246809674	185.3378351208728	9.971531686468855e6	6.293978808366072	4.564204607692687e9	166.1680415404611
187.17291246809674	190.9164702564336	189.04469136226516	9.377010788133048e6	5.577336473679235	4.57358161848082e9	156.90530788289212
190.91647025643357	194.73489920053714	192.82568472848536	9.5437643258482e6	5.349105613129176	4.583125382806668e9	148.1636809513133
194.73489920053717	198.6296967235228	196.68229796203	1.0793715412568089e7	5.700743159713294	4.593919098219236e9	139.9465494625781
198.6296967235228	202.60239019696817	200.6160434602455	9.24130992230411e6	4.599314426290801	4.603160408141541e9	132.13984893719976
202.6023901969682	206.65453753988248	204.62846386842534	8.946333967489e6	4.195693296497709	4.61210674210903e9	124.76015451502788
206.65453753988243	210.78772782965498	208.7211326847687	9.121211636800742e6	4.030976169551501	4.621227953745831e9	117.79661618733786
210.787727829655	215.00358192522302	212.89565487743903	1.0496048290878836e7	4.3710180189912995	4.63172400203671e9	111.25434403276427
215.00358192522305	219.30375310270242	217.15366751396272	8.920759539340114e6	3.5007225837630576	4.64064476157605e9	105.03922844254052
219.30375310270236	223.6899277037313	221.49684040321682	8.490751476522055e6	3.1397935064213836	4.649135513052572e9	99.16177873890419
223.6899277037313	228.16382579678083	225.92687675025607	8.671191173882358e6	3.0215711201255817	4.657806704226455e9	93.6165174380662
228.16382579678083	232.72720185169135	230.4455138242361	1.0005845991952615e7	3.285541697160334	4.667812550218408e9	88.40632841896682
232.72720185169135	237.38184542770006	235.0545236396957	9.054804380517349e6	2.8017627592986503	4.676867354598925e9	83.46875544364785
237.38184542770009	242.12958187522898	239.75571365146453	8.035286457538594e6	2.3428947229613164	4.684902641056463e9	78.78951090819776
242.12958187522898	246.97227305170844	244.55092746346872	8.217409250442342e6	2.257799944557703	4.693120050306904e9	74.37525328860866
246.97227305170844	251.9118180517175	249.44204555171297	8.966290858201377e6	2.3214669354550126	4.702086341165105e9	70.21927861840648
251.91181805171752	256.95015395172675	254.43098600172215	9.542101940727856e6	2.3280530709065905	4.711628443105833e9	66.30339687450974
256.95015395172675	262.08925656973616	259.5197052607315	8.123986002482258e6	1.8677431077851219	4.719752429108315e9	62.58682961168519
262.08925656973616	267.33114124010575	264.71019890492096	7.775232988265813e6	1.6844593925538471	4.727527662096581e9	59.07405897093767
267.3311412401058	272.6778636038828	270.0045024219943	8.157529558066115e6	1.6653478271603839	4.735685191654648e9	55.76279929187177
272.67786360388277	278.1315204149353	275.404692009409	9.416363307989823e6	1.8114596966853185	4.745101554962638e9	52.65095739191003
278.1315204149353	283.6942503622089	280.91288538857214	8.411213410993695e6	1.5247663483882676	4.7535127683736315e9	49.702067337494725
283.6942503622089	289.36823490842795	286.53124263531845	7.924741047100769e6	1.353720199479399	4.7614375094207325e9	46.913400530189136
289.36823490842795	295.15569914557136	292.2619670269996	7.5840186446520565e6	1.2207940678862346	4.769021528065385e9	44.27791409891217
295.15569914557136	301.05891266745766	298.1073059065145	8.088854117130601e6	1.2269566419163063	4.777110382182515e9	41.79479513847214
301.05891266745766	307.0801904597817	304.0695515636197	9.228248820602246e6	1.3190483324486681	4.786338631003118e9	39.46021146523593
307.08019045978165	313.22189380795214	310.1510421338669	8.123380862405232e6	1.0941514363319904	4.794462011865522e9	37.247312222714484
313.2218938079522	319.48643122308613	316.3541625155192	7.797593415870121e6	0.9896928143644252	4.802259605281392e9	35.15602544582119
319.4864312230861	325.87625938652263	322.6813453048044	7.749592488219529e6	0.9268680530096282	4.810009197769611e9	33.18173800019273
325.87625938652263	332.39388411322795	329.1350717498753	8.007338498732478e6	0.9024568747061851	4.818016536268344e9	31.319917095837738
332.39388411322795	339.04186133446734	335.7178727238477	9.096771121867854e6	0.9661059672897477	4.827113307390212e9	29.569154939703235
339.04186133446734	345.82279810013154	342.43232971729947	8.087527814454296e6	0.8093800887893283	4.835200835204666e9	27.91033486574517
345.8227981001316	352.7393536011091	349.28107585062037	7.83544646069126e6	0.7389238997941325	4.843036281665358e9	26.3431296385199
352.73935360110903	359.79424021210605	356.2667969066075	7.848777522615831e6	0.6974887822242731	4.850885059187973e9	24.863928887553275
359.7942402121061	366.99022455532304	363.3922323837146	7.980547036951417e6	0.6682933147332935	4.858865606224924e9	23.468362561323815
366.9902245553231	374.3301285854044	370.6601765703638	8.109073816088911e6	0.6398894652619324	4.866974680041013e9	22.151652366552998
374.33012858540434	381.81683069608727	378.0734796407458	8.500187022221597e6	0.632064565445324	4.875474867063234e9	20.910436921059148
381.81683069608727	389.45326684898384	385.6350487725356	9.147412325082887e6	0.640959337427305	4.884622279388317e9	19.741326128692393
389.4532668489838	397.2424317249383	393.34784928696104	1.0047204815606877e7	0.6634019497305584	4.894669484203924e9	18.640942486194405
397.24243172493834	405.1873798984119	401.2149058116751	1.1267749656292342e7	0.7010805950497413	4.905937233860216e9	17.606200674942727
405.18737989841185	413.2912270353549	409.23930346688337	1.3126887250133121e7	0.7696473629258855	4.91906412111035e9	16.6350961223012
413.29122703535495	421.55715111503685	417.4241890751959	1.759790566160203e7	0.9722776295293555	4.936662026771952e9	15.731690862147277
421.5571511150369	429.98839367631246	425.7727723956747	1.9274890027619984e7	1.0035072138007364	4.955936916799572e9	14.882193974519083
429.98839367631246	438.5882610888135	434.288327382563	1.5604161833912969e7	0.7655407642569894	4.971541078633485e9	14.067969316255047
438.58826108881357	447.36012584956467	442.9741934691891	1.3633193465542989e7	0.6302672818860784	4.985174272099028e9	13.292905581431015
447.3601258495646	456.3074279055307	451.8337768775476	1.2326708743278261e7	0.5369991435197636	4.997500980842306e9	12.557166811108688
456.3074279055307	465.4336760026161	460.8705519540734	1.1073892392908841e7	0.45459646542223625	5.008574873235216e9	11.85911149057977
465.43367600261604	474.74244906164313	470.0880625321296	9.796495587821282e6	0.37896212205093344	5.018371368823037e9	11.196956471341094
474.74244906164324	484.23739758185087	479.489923321747	8.69148592027278e6	0.3168242327237446	5.02706285474331e9	10.569409521486227
484.2373975818509	493.9222450724627	489.0798213271568	7.563366828961314e6	0.2597998124775974	5.034626221572271e9	9.974769428232985
493.9222450724626	503.80078951288664	498.86151729267465	6.364712677004694e6	0.20601639491903193	5.040990934249276e9	9.411325102636946
503.80078951288675	513.8769048421193	508.838847177503	5.050835353840023e6	0.15405844382781292	5.046041769603116e9	8.87738250410391
513.8769048421193	524.1545424779365	519.0157236600279	3.3732153803410083e6	0.0969539896454105	5.049414984983457e9	8.370943171923953
524.1545424779364	534.6377328664698	529.3961376722032	585015.0165006286	0.015844843297323125	5.049999999999957e9	7.889036208199568
