-0.0	9.953897499377266e-5	4.976948749688633e-5	0.02739399288089616	6.631125332852987e9	0.02739399288089616	6.631125332852987e9
9.953897499377266e-5	0.0002010687294874207	0.00015030385224059668	0.1317678852000134	4.4041133358838005e9	0.15916187808090956	4.674302823830671e9
0.00020106872948742058	0.0003046290790709416	0.00025284890427918107	0.28925346152046116	3.4286564957068734e9	0.4484153396013707	3.7868471750106835e9
0.0003046290790709413	0.00041026063564613265	0.000357444857358537	0.48229419230705445	2.8231971536692467e9	0.9307095319084251	3.21770338038529e9
0.0004102606356461331	0.0005180048233528283	0.0004641327294994807	0.7024354529500423	2.3975758847398157e9	1.6331449848584674	2.8050119856579366e9
0.0005180048233528287	0.0006279038948136577	0.0005729543590832433	0.9452308193089991	2.0785689583744936e9	2.5783758041674663	2.486440533166893e9
0.0006279038948136573	0.0007400009477037028	0.0006839524212586801	1.208485058041375	1.829845261370963e9	3.786860862208841	2.2309709300464425e9
0.000740000947703703	0.0008543399416515495	0.0007971704446776262	1.4912425410209476	1.6304135328011515e9	5.278103403229789	2.020678184013839e9
0.0008543399416515493	0.0009709657154783526	0.0009126528285649509	1.793506157989719	1.4672248440581515e9	7.071609561219508	1.8442423002139199e9
0.0009709657154783523	0.0010899240047816917	0.001030444860130022	2.115513974992071	1.331311700522271e9	9.18712353621158	1.6939566565794013e9
0.0010899240047816917	0.0012112614598710977	0.0011505927323263946	2.458638167316342	1.2168703850794268e9	11.645761703527922	1.5644640685464926e9
0.0012112614598710973	0.0013350256640622914	0.0012731435619666943	2.8232327018336223	1.1190387528275375e9	14.468994405361546	1.4517134344601593e9
0.0013350256640622922	0.00146126515233731	0.0013981454081998012	3.210689309422362	1.0346502473104702e9	17.679683714783906	1.3526916195665414e9
0.0014612651523373099	0.0015900294303778282	0.001525647291357569	3.622368180652865	9.612167261464019e8	21.30205189543677	1.2650781079600446e9
0.0015900294303778277	0.0017213689939791564	0.001655699212178492	4.059465357237098	8.967530164694594e8	25.361517252673867	1.1870381976798549e9
0.0017213689939791568	0.0018553353488525118	0.0017883521714158342	4.523903500311455	8.398439392250465e8	29.885420752985322	1.1171294684046688e9
0.0018553353488525112	0.0019919810308233333	0.0019236581898379223	5.017148172430541	7.892466759711206e8	34.90256892541586	1.0541761559769816e9
0.0019919810308233333	0.002131359626433572	0.0020616703286284524	5.539596123911051	7.438208306289033e8	40.44216504932692	9.971846472514604e8
0.0021313596264335728	0.002273525793956016	0.0022024427101947942	6.094382704575358	7.030133843329495e8	46.536547753902276	9.45378880280584e8
0.0022735257939560153	0.0024185352848289073	0.002346030539392461	6.682882384872786	6.661192055443596e8	53.21943013877506	8.980992363174683e8
0.002418535284828908	0.002566444965519258	0.002492490125174083	7.305779418020553	6.325076331440889e8	60.525209556795616	8.547750266997242e8
0.002566444965519257	0.002717312839823414	0.0026418789026713355	7.967121071509079	6.019368899935055e8	68.4923306283047	8.149564707537363e8
0.002717312839823413	0.0028711980716136527	0.002794255455718533	8.666648547199578	5.738553194471129e8	77.15897917550427	7.782307787685841e8
0.002871198071613654	0.0030281610080396984	0.002949679539826676	9.40743475378328	5.480397943133509e8	86.56641392928755	7.442587148713721e8
0.003028161008039698	0.0031882632031942633	0.0031082121056169804	10.193194809015807	5.2430725359084857e8	96.75960873830336	7.127594658317184e8
0.003188263203194263	0.0033515674422519193	0.0032699153227230913	11.022768478140634	5.0225017151902527e8	107.78237721644399	6.834633955334163e8
0.0033515674422519197	0.0035181377660907292	0.0034348526041713245	11.901052644866988	4.8181084298256046e8	119.68342986131098	6.561556783967907e8
0.0035181377660907292	0.003688039496406315	0.003603088631248522	12.831716592370316	4.628568945444822e8	132.5151464536813	6.306526447464432e8
0.0036880394964063155	0.003861339261328213	0.0037746893788672643	13.814301585922697	4.4512540244183797e8	146.329448039604	6.067771845655185e8
0.003861339261328213	0.004038105021548549	0.003949722141438381	14.852828892378081	4.2854417609113383e8	161.18227693198207	5.843806781035136e8
0.004038105021548548	0.00421840609697329	0.004128255559260919	15.95094089616445	4.130246261639448e8	177.1332178281465	5.633343644170548e8
0.00421840609697329	0.004402313193906526	0.004310359645439908	17.112435855323582	3.9848372285860014e8	194.2456536834701	5.435254593631722e8
0.004402313193906526	0.004589898432778427	0.004496105813342477	18.34007027024574	3.8481893207902366e8	212.58572395371584	5.24851280310176e8
0.004589898432778428	0.004781235376427767	0.004685566904603098	19.635150759115977	3.7191261626165754e8	232.2208747128318	5.0721521739603674e8
0.0047812353764277666	0.0049763990589500925	0.00487881721768893	21.00310082828505	3.597390180542317e8	253.22397554111686	4.905356953401787e8
0.004976399058950093	0.005175466015122866	0.0050759325370364795	22.447590713254694	3.482357490926072e8	275.67156625437156	4.7473907698064345e8
0.005175466015122865	0.005378514310419092	0.005276990162770979	23.973084800265315	3.373560948786826e8	299.6446510546369	4.5975973605668485e8
0.005378514310419092	0.005585623571621245	0.005482068941020169	25.583689073711135	3.2704924222601354e8	325.228340128348	4.4553803044965506e8
0.005585623571621245	0.00579687501804744	0.0056912492948343425	27.283541289928692	3.172678779728153e8	352.5118814182767	4.3201948933728546e8
0.005796875018047441	0.00601235149340216	0.0059046132557248	29.077451587046202	3.079750296120722e8	381.5893330053229	4.1915488270084244e8
0.00601235149340216	0.006232137498263974	0.006122244495833067	30.970572886115306	2.9913784541667414e8	412.5599058914382	4.068996633061435e8
0.006232137498263972	0.006456319223223022	0.006344228360743497	32.96769339269081	2.907205220790842e8	445.527599284129	3.952128141289291e8
0.006456319223223021	0.006684984582681251	0.006570651902952136	35.073441724627564	2.8268801310251087e8	480.60104100875657	3.840562772371912e8
0.006684984582681254	0.006918223249328648	0.0068016039160049505	37.294676220679904	2.7502438093693364e8	517.8957172294365	3.7339628510720056e8
0.006918223249328647	0.00715612668930899	0.007037174969318818	39.637162224953435	2.6770341362872663e8	557.5328794543899	3.632016503465841e8
0.00715612668930899	0.007398788198088939	0.007277457443698964	42.10716097451563	2.6070275285159892e8	599.6400404289055	3.534436878895353e8
0.007398788198088939	0.007646302937044488	0.0075225455675667135	44.7111288117068	2.5400126040359616e8	644.3511692406123	3.440959103120176e8
0.007646302937044487	0.007898767970779146	0.007772535453911817	47.456495706765956	2.4758307866685325e8	691.8076649473783	3.35134154917983e8
0.007898767970779147	0.0081562823051885	0.008027525137983823	50.35058419785182	2.4143078770564246e8	742.1582491452301	3.265360705319891e8
0.0081562823051885	0.00841894692628604	0.008287614615737269	53.40121683061834	2.355289311712767e8	795.5594659758485	3.182810067926044e8
0.00841894692628604	0.00868686483980553	0.008552905883045785	56.615542431949564	2.298588128047994e8	852.175008407798	3.1034945804452866e8
0.008686864839805528	0.008960141111595408	0.008823502975700469	60.00207025364499	2.2440765100206134e8	912.177078661443	3.0272340364196944e8
0.008960141111595408	0.009238882908821085	0.009099512010208246	63.57143826657962	2.191693972540535e8	975.7485169280227	2.9538667587567306e8
0.009238882908821085	0.009523199541991274	0.00938104122540618	67.3331020750457	2.1413179636396566e8	1043.0816190030685	2.8832415651745135e8
0.009523199541991274	0.009813202507824869	0.009668201024908072	71.29477834898857	2.0927700664622587e8	1114.376397352057	2.8152113990992516e8
0.00981320250782487	0.010109005532975137	0.009961104020400003	75.46946366480782	2.0460296551700857e8	1189.8458610168648	2.749646047353961e8
0.010109005532975134	0.010410724618628405	0.01025986507580177	79.86674316866544	2.000961494836739e8	1269.7126041855302	2.6864202040964955e8
0.010410724618628405	0.010718478085994741	0.010564601352311572	84.49824627293853	1.9574827264437824e8	1354.2108504584687	2.625417083145433e8
0.010718478085994743	0.011032386622708406	0.010875432354351573	89.3771104238487	1.9155350609102875e8	1443.5879608823175	2.5665292798868838e8
0.011032386622708406	0.011352573330156341	0.011192479976432374	94.51732027995459	1.8750634514175144e8	1538.1052811622721	2.509657791115787e8
0.011352573330156343	0.011679163771753237	0.01151586855095479	99.92585931708632	1.8358705386361456e8	1638.0311404793586	2.4546993032611853e8
0.011679163771753237	0.01201228602218207	0.011845724896967653	105.6213604602893	1.7979861676555523e8	1743.6525009396478	2.401564936267803e8
0.012012286022182067	0.012352070717619476	0.012182178369900772	111.61463161796522	1.761284000825522e8	1855.267132557613	2.3501659689569497e8
0.01235207071761948	0.012698651106965636	0.012525360912292557	117.92282314102607	1.7257417760857314e8	1973.189955698639	2.3004220045800978e8
0.012698651106965634	0.013052163104098714	0.012875407105532175	124.52358416212077	1.6907849359151018e8	2097.7135398607597	2.2522162902429128e8
0.013052163104098714	0.013412745341174455	0.013232454222636584	131.43210550495584	1.6564548349340123e8	2229.1456453657156	2.205447878472075e8
0.013412745341174457	0.013780539222991713	0.013596642282083085	138.73416297052276	1.6236006973459214e8	2367.8798083362385	2.16009280448073e8
0.013780539222991713	0.014155688982445314	0.013968114102718514	146.4291659982065	1.591883932974974e8	2514.308974334445	2.1161039599919164e8
0.014155688982445312	0.014538341737087986	0.014347015359766648	154.52944047217258	1.5611608561097237e8	2668.8384148066175	2.0734284412508687e8
0.014538341737087988	0.014928647546823513	0.01473349464195575	163.06121899172578	1.5314360578936747e8	2831.899633798343	2.032019417110089e8
0.014928647546823513	0.01532675947275375	0.01512770350978863	172.03965097850934	1.502596693060756e8	3003.939284776852	1.991826542588087e8
0.01532675947275375	0.01573283363720259	0.01552979655497817	181.49867110029325	1.4746941227747887e8	3185.4379558771457	1.952808650345439e8
0.01573283363720259	0.01614702928494041	0.015939931461071498	191.43313928864904	1.4474527339816323e8	3376.871095165795	1.9149082692565525e8
0.016147029284940405	0.016569508845632977	0.01635826906528669	201.90053623565228	1.4210948690723288e8	3578.7716314014474	1.878090306265716e8
0.016569508845632984	0.01700043799753941	0.016784973421586198	212.932691510123	1.3956015246039099e8	3791.70432291157	1.842321933143582e8
0.017000437997539405	0.01743998573248396	0.017220211865011683	224.54760794895074	1.3708563961197507e8	4016.251930860521	1.8075651609478286e8
0.01743998573248396	0.017888324422127407	0.017664155077305684	236.7774479151836	1.34683750426919e8	4253.029378775705	1.7737842139880437e8
0.017888324422127403	0.018345629885563715	0.01811697715384556	249.61190554803727	1.3232884132750398e8	4502.641284323742	1.740928187427047e8
0.01834562988556372	0.018812081458268758	0.018578855671916236	263.10138057748463	1.3003071994852024e8	4765.742664901227	1.7089581475057235e8
0.018812081458268758	0.0192878620624279	0.01904997176034833	277.28482457300765	1.2779040824091296e8	5043.027489474234	1.6778396438519207e8
0.019287862062427896	0.019773158278670218	0.019530510170549055	292.2599037438702	1.2563277332331422e8	5335.287393218105	1.647559397554534e8
0.019773158278670218	0.020268160419237388	0.020020659348953803	308.07432589393477	1.2355481939449716e8	5643.361719112039	1.618103433982051e8
0.020268160419237388	0.0207730626026159	0.020520611510926642	324.6344200862192	1.2149962735957417e8	5967.996139198259	1.5894187590547466e8
0.0207730626026159	0.02128806282966198	0.021030562716138942	342.04888183198995	1.1949435837861861e8	6310.045021030249	1.561476377935024e8
0.02128806282966198	0.021813363061248984	0.021550712945455484	360.36700516463407	1.1753921277826244e8	6670.412026194883	1.534250127460867e8
0.021813363061248984	0.022349169297467726	0.022081266179358357	379.6618439469357	1.1564052902945155e8	7050.073870141819	1.5077207163397944e8
0.02234916929746773	0.022895691658410846	0.022622430477939288	399.9139124496943	1.1377558229290321e8	7449.987782591513	1.481854789272025e8
0.022895691658410842	0.02345314446657282	0.023174418062491833	421.31412065953975	1.1198231160371855e8	7871.301903251053	1.456648361116957e8
0.02345314446657282	0.024021746330898038	0.02373744539873543	443.819945904239	1.1023003614359665e8	8315.121849155292	1.4320767002321982e8
0.024021746330898045	0.02460172023250977	0.024311733281703905	467.5200131793375	1.0852491404213396e8	8782.641862334629	1.4081215267333078e8
0.02460172023250977	0.025193293612153726	0.024897506922331746	492.4126179950944	1.068509853035677e8	9275.054480329723	1.3847552348043734e8
0.025193293612153722	0.02579669845939056	0.02549499603577214	518.5135958982789	1.0519892941077344e8	9793.568076228003	1.3619462105801046e8
0.02579669845939056	0.026412171403572132	0.026104434931481346	545.9935137712386	1.0359050297614759e8	10339.56158999924	1.3396803713588528e8
0.026412171403572136	0.02703995380663734	0.02672606260510474	575.214730195515	1.0207539419273648e8	10914.776320194756	1.3179787091843042e8
0.02703995380663734	0.027680291857763845	0.027360122832200594	605.9414209251693	1.0059017372513406e8	11520.717741119926	1.2968177084624964e8
0.027680291857763845	0.028333436669912882	0.028006864263838364	637.9989819472098	9.909505527762155e7	12158.716723067137	1.2761489461075267e8
0.028333436669912882	0.0289996443783049	0.028666540524108892	671.6883902211256	9.762885754661769e7	12830.405113288261	1.2559540286615585e8
0.028999644378304903	0.02967917624086476	0.029339410309584833	707.149933775966	9.619879688918662e7	13537.555047064225	1.2362209467674087e8
0.02967917624086476	0.030372298740675815	0.03002573749077029	744.6765558942772	9.482899951288116e7	14282.231602958502	1.2169548708431096e8
0.030372298740675818	0.031079283690483094	0.030725791215579456	784.25648334178	9.35002504255894e7	15066.488086300282	1.1981478729296775e8
0.031079283690483087	0.03180040833928651	0.031439846014884795	825.6875680706298	9.217553802048762e7	15892.175654370913	1.1797681225887679e8
0.03180040833928651	0.032535955481066	0.03216818191017626	869.215799566487	9.087308705572078e7	16761.3914539374	1.1617983735960686e8
0.032535955481066005	0.03328621356568108	0.032911084523373546	915.1129976346156	8.960886582993588e7	17676.504451572015	1.144233323930117e8
0.03328621356568108	0.03405147681198846	0.03366884518883477	962.9014985370195	8.832547972509433e7	18639.405950109034	1.1270303247986543e8
0.03405147681198846	0.03483204532322199	0.03444176106760523	1013.864030536331	8.713036560436308e7	19653.269980645364	1.1102205977777106e8
0.03483204532322199	0.03562822520468019	0.03523013526395109	1067.5861847326312	8.596759493320987e7	20720.856165377994	1.0937964772567864e8
0.03562822520468018	0.036440328683767544	0.03603427694422386	1124.083813163365	8.482570019635752e7	21844.93997854136	1.077743444265356e8
0.036440328683767544	0.037268674232436655	0.036854501458102096	1182.7203785619727	8.364910701287988e7	23027.66035710333	1.0620118793723087e8
0.037268674232436655	0.03811358669207914	0.0376911304622579	1244.1937476014248	8.248403981649251e7	24271.854104704755	1.0465859091895328e8
0.03811358669207915	0.03897539740091449	0.03854449204649682	1309.5029039942176	8.138455061309607e7	25581.35700869897	1.0314859416809931e8
0.038975397400914484	0.03985444432392653	0.0394149208624205	1379.8495663142899	8.040267545957027e7	26961.20657501326	1.0167646526525618e8
0.03985444432392653	0.040751072185398814	0.040302758254662674	1451.9796409587498	7.933247101596303e7	28413.18621597201	1.0023380314922868e8
0.040751072185398814	0.04166563260410055	0.04120835239474968	1527.3628419360539	7.825851953468026e7	29940.549057908065	9.881826189030379e7
0.04166563260410054	0.042598484231176306	0.042132058417638424	1606.5587517827337	7.72024491354476e7	31547.107809690802	9.742905778925374e7
0.04259848423117632	0.0435499928907936	0.04307423856098496	1690.967889171217	7.621840807179503e7	33238.07569886202	9.606893980185978e7
0.043549992890793594	0.04452053172360322	0.04403526230719841	1781.7914320138768	7.533821565929474e7	35019.86713087589	9.474250358360489e7
0.044520531723603214	0.04551048133306903	0.04501550652833612	1874.1945608319522	7.434468668115285e7	36894.061691707844	9.344016013054083e7
0.045510481333069036	0.04652022993472417	0.0460153556338966	1971.3863720283273	7.337120186463968e7	38865.44806373617	9.216149512534729e7
0.04652022993472417	0.047550173508412404	0.04703520172156829	2073.8059478744876	7.242382277806006e7	40939.25401161066	9.09065125988229e7
0.04755017350841241	0.04860071595357441	0.048075444730993414	2183.1877625789793	7.154902470584457e7	43122.44177418964	8.967816931394653e7
0.04860071595357442	0.04967226924763966	0.04913649260060704	2298.6568589720605	7.070090746174242e7	45421.0986331617	8.847631425734673e7
0.04967226924763965	0.05076525360758619	0.05021876142761292	2418.3187426171744	6.98136899018319e7	47839.417375778874	8.729665284353049e7
0.0507652536075862	0.05188009765473167	0.051322675631158936	2543.6449097762506	6.892818533392273e7	50383.06228555513	8.613776448679343e7
0.051880097654731665	0.05301723858282005	0.052448668118775854	2676.3181070124433	6.808126819205737e7	53059.38039256757	8.500065139876737e7
0.05301723858282006	0.05417712232947021	0.05359718045614513	2816.863576311738	6.727297768048033e7	55876.24396887931	8.38862529380354e7
0.0541771223294702	0.055360203751053355	0.054768663040261775	2964.39361717095	6.647069271260648e7	58840.63758605026	8.279340065129754e7
0.055360203751053355	0.05656694680106817	0.05596357527606076	3119.4252528777733	6.5678342204477355e7	61960.06283892803	8.172125456730919e7
0.05656694680106818	0.057797824712083286	0.057182385756575735	3281.6532610015834	6.48823451493016e7	65241.71609992962	8.066818509394632e7
0.05779782471208328	0.059053320181318696	0.05842557244670099	3452.6971914393134	6.410779117064477e7	68694.41329136892	7.963424167967258e7
0.0590533201813187	0.06033392555993882	0.059693622870628765	3633.202933558626	6.335661118167234e7	72327.61622492757	7.86195933526707e7
0.06033392555993882	0.06164014304613134	0.06098703430303508	3823.0017377192235	6.261631516426186e7	76150.6179626468	7.762362297803943e7
0.06164014304613134	0.06297248488204772	0.06230631396408953	4023.0181302002748	6.189360709493173e7	80173.63609284707	7.664617364297605e7
0.06297248488204771	0.06433147355468241	0.06365197921836506	4232.777820328467	6.117295366830551e7	84406.41391317554	7.568613743054582e7
0.06433147355468241	0.06571764200076981	0.06502455777772612	4453.211987871837	6.0461126668612026e7	88859.62590104737	7.474290176045358e7
0.06571764200076981	0.06713153381577895	0.06642458790827438	4685.603773316517	5.9767540105438724e7	93545.22967436389	7.381647907926872e7
0.06713153381577895	0.06857370346708827	0.0678526186414336	4930.062090994235	5.9084912613671936e7	98475.29176535812	7.290643318131861e7
0.06857370346708827	0.07004471651142379	0.06930920998925602	5187.503978813486	5.841627437575711e7	103662.79574417161	7.201254544822265e7
0.07004471651142379	0.071545149816646	0.0707949331640349	5459.190388472963	5.776716736922408e7	109121.98613264458	7.113495488070506e7
0.071545149816646	0.07307559178797267	0.07231037080230934	5743.399676825509	5.711167784184907e7	114865.38580947008	7.027219885429817e7
0.07307559178797267	0.07463664259872586	0.07385611719334927	6042.785031664174	5.6470434548255205e7	120908.17084113426	6.942417957303666e7
0.07463664259872586	0.07622891442569413	0.07543277851221	6358.432251879831	5.584530126302415e7	127266.60309301408	6.859092157278602e7
0.07622891442569411	0.07785303168920174	0.07704097305744792	6689.908613902859	5.52246962563996e7	133956.51170691694	6.777173951730348e7
0.07785303168920174	0.07950963129797951	0.07868133149359063	7039.797594712822	5.4622718390893005e7	140996.30930162975	6.696685706697604e7
0.07950963129797951	0.08119936289893284	0.08035449709845618	7407.869951907562	5.402930501351912e7	148404.17925353732	6.6175869596744515e7
0.08119936289893284	0.08292288913190524	0.08206112601541904	7793.723719512984	5.343506426243847e7	156197.9029730503	6.539782647768289e7
0.08292288913190525	0.0846808858895371	0.08380188751072118	8201.015775770693	5.2858664442546554e7	164398.918748821	6.463297838415607e7
0.08468088588953708	0.08647404258232155	0.08557746423592932	8629.531256916143	5.229069133597608e7	173028.45000573713	6.388098751226021e7
0.08647404258232155	0.08830306240896171	0.08738855249564163	9080.398197517223	5.173109503712462e7	182108.84820325437	6.314153591559343e7
0.08830306240896173	0.0901686626321347	0.08923586252054821	9555.778944667181	5.1185031631547086e7	191664.62714792154	6.241464063686132e7
0.09016866263213469	0.09207157485977112	0.09112011874595291	10055.62338693352	5.06449376666212e7	201720.25053485506	6.1699859411364086e7
0.09207157485977113	0.09401254533196028	0.09304206009586571	10580.59633275096	5.010798834461749e7	212300.84686760601	6.0996607895004176e7
0.09401254533196027	0.09599233521359321	0.09500244027277674	11134.20890250106	4.9584411423306495e7	223435.05577010708	6.030495983567044e7
0.09599233521359321	0.09801172089285881	0.09700202805322601	11716.591755331072	4.906760366565386e7	235151.64752543817	5.962458547032053e7
0.0980117208928588	0.1000714942857097	0.09904160758928425	12330.11625784422	4.856091358968978e7	247481.7637832824	5.895537943907886e7
0.10007149428570972	0.10217246314641765	0.10112197871606368	12977.714537883323	4.806865793641339e7	260459.47832116572	5.8297504816385776e7
0.10217246314641763	0.10431545138433972	0.10324395726537867	13657.522716881764	4.757703828179841e7	274117.0010380475	5.765028220779759e7
0.10431545138433973	0.10650129938702026	0.10540837538567999	14372.704476824376	4.709153755440177e7	288489.70551487186	5.701340664675802e7
0.10650129938702026	0.10873086434975439	0.10761608186838732	15126.355036038167	4.661593599451599e7	303616.06055091	5.6386820983835444e7
0.10873086434975437	0.1110050206117432	0.10986794248074878	15919.759258613936	4.61475703525801e7	319535.81980952393	5.577031207849286e7
0.1110050206117432	0.11332465999897179	0.11216484030535749	16756.468030391014	4.569021280929247e7	336292.28783991496	5.5163907841665186e7
0.11332465999897177	0.11569069217394494	0.11450767608645836	17639.549482140992	4.524518056376247e7	353931.83732205594	5.456771433074332e7
0.11569069217394495	0.11810404499241757	0.11689736858318125	18566.17360466462	4.479884630203139e7	372498.01092672057	5.398101324226877e7
0.11810404499241758	0.12056566486725966	0.11933485492983861	19544.134158318717	4.4364497119245976e7	392042.1450850393	5.3403929166339315e7
0.12056566486725963	0.12307651713959854	0.12182109100342908	20571.578335503676	4.3931521523067914e7	412613.723420543	5.283594327847879e7
0.12307651713959855	0.12563758645738424	0.1243570517984914	21658.564622386344	4.351533081951687e7	434272.2880429294	5.227749305547346e7
0.12563758645738424	0.12824987716152564	0.12694373180945495	22800.082728062094	4.3099001200838536e7	457072.3707709915	5.1727976145590305e7
0.12824987716152564	0.13091441367974987	0.12958214542063776	24008.377580555898	4.269978003261786e7	481080.7483515474	5.11878600060525e7
0.13091441367974987	0.13363224092833859	0.13227332730404423	25275.480920438262	4.2296835839607164e7	506356.22927198565	5.065633833582266e7
0.13363224092833859	0.13640442472189906	0.13501833282511883	26618.482915218552	4.191318620748366e7	532974.7121872042	5.013403034061461e7
0.13640442472189906	0.13923205219133075	0.1378182384566149	28027.305153657773	4.152605380160618e7	561002.017340862	4.962015772830942e7
0.1392320521913308	0.14211623221015113	0.14067414220074098	29517.99684757276	4.1153889781702116e7	590520.0141884347	4.911509149185862e7
0.1421162322101511	0.14505809582934784	0.14358716401974947	31091.682863304086	4.079109860645556e7	621611.6970517387	4.8618846654602714e7
0.14505809582934784	0.1480587967209285	0.14655844627513817	32747.604081665973	4.0430590482315764e7	654359.3011334047	4.8131015410287e7
0.1480587967209285	0.1511195116303408	0.14958915417563465	34506.02219170342	4.0090990860812515e7	688865.3233251082	4.765232442550329e7
0.1511195116303408	0.1542414408379413	0.15268047623414105	36361.8853905623	3.975862309724587e7	725227.2087156705	4.718264242389707e7
0.1542414408379413	0.15742580862969385	0.15583362473381757	38322.47307947587	3.9435103415971845e7	763549.6817951464	4.6721942746995494e7
0.15742580862969385	0.16067386377728143	0.15904983620348764	40395.16884772797	3.912142125277857e7	803944.8506428744	4.627025961347352e7
0.16067386377728143	0.16398688002782077	0.16233037190255112	42580.82559551444	3.881199848520736e7	846525.6762383888	4.582729428175705e7
0.16398688002782077	0.1673661566033709	0.16567651831559582	44888.99346011395	3.8509625080637306e7	891414.6696985028	4.539293229451653e7
0.1673661566033709	0.17081301871043203	0.16908958765690146	47330.74283187617	3.821736833813625e7	938745.4125303789	4.49672485469858e7
0.170813018710432	0.17432881805963435	0.1725709183850332	49913.01331702206	3.793408405489858e7	988658.4258474009	4.455024591515978e7
0.17432881805963435	0.17791493339582073	0.17612187572772753	52617.730875246074	3.764058716932016e7	1.041276156722647e6	4.4140790604481876e7
0.17791493339582073	0.18157277103873085	0.1797438522172758	55483.81875762647	3.7360181502758294e7	1.0967599754802736e6	4.373919837463193e7
0.18157277103873087	0.1853037654344992	0.18343826823661502	58511.08111414146	3.708589863773889e7	1.155271056594415e6	4.334535362305889e7
0.18530376543449914	0.1891093797181828	0.187206572576341	61701.068300174724	3.6812974595446266e7	1.21697212489459e6	4.295886623320656e7
0.18910937971818284	0.19299110628754018	0.1910502430028615	65043.47826005437	3.653076983311354e7	1.2820156031546444e6	4.257874089640428e7
0.19299110628754018	0.19695046738828467	0.1949707868379124	68604.73475090988	3.627146525421366e7	1.3506203379055543e6	4.220594498221836e7
0.19695046738828464	0.20098901571104402	0.19896974154966435	72331.67067788636	3.600015470574339e7	1.4229520085834407e6	4.183932541159938e7
0.20098901571104408	0.20510833500025866	0.20304867535565135	76239.98010909563	3.572170983515845e7	1.4991919886925363e6	4.147808678534373e7
0.20510833500025863	0.2093100406752575	0.20720918783775805	80413.59900711806	3.546999365155548e7	1.5796055876996543e6	4.112348064642547e7
0.2093100406752575	0.21359578046375632	0.2114529105695069	84765.31982078959	3.519981169427275e7	1.664370907520444e6	4.077401698079956e7
0.21359578046375632	0.21796723504802512	0.21578150775589072	89327.07560315152	3.4922391886768155e7	1.7536979831235954e6	4.0428957969421096e7
0.21796723504802512	0.2224261187239793	0.2201966768860022	94177.53975801749	3.466370449070487e7	1.8478755228816129e6	4.0089141194566905e7
0.22242611872397927	0.22697418007345255	0.2247001493987159	99277.79204626399	3.440284688372292e7	1.9471533149278765e6	3.97541224673496e7
0.22697418007345255	0.23161320264991528	0.22929369136168393	104580.31770316407	3.4120436702887446e7	2.0517336326310406e6	3.94223430422904e7
0.23161320264991528	0.23634500567790726	0.23397910416391127	110224.51899110051	3.385889195685835e7	2.1619581516221412e6	3.909483509193054e7
0.23634500567790728	0.2411714447664591	0.2387582252221832	116177.05000431568	3.360099811250313e7	2.278135201626457e6	3.8771555960878655e7
0.24117144476645908	0.24609441263678192	0.2436329287016205	122332.52240283709	3.3313350700315397e7	2.4004677240292937e6	3.845050083537888e7
0.24609441263678195	0.25111583986451125	0.2486051262506466	128955.62884448282	3.306498594526616e7	2.5294233528737766e6	3.813384444347777e7
0.25111583986451125	0.25623769563679516	0.2536767677506532	135754.91762619038	3.277496355686526e7	2.665178270499967e6	3.78188740103499e7
0.2562376956367951	0.2614619885245247	0.25884984208065986	143037.2767291664	3.251631347200521e7	2.8082155472291335e6	3.750733009186549e7
0.2614619885245247	0.26679076727000883	0.2641263778972668	150575.67098183307	3.223138534565145e7	2.958791218210967e6	3.719746327139268e7
0.26679076727000883	0.27222612159040266	0.2695084444302057	158595.7665462895	3.1966448722297195e7	3.117386984757256e6	3.689034537098248e7
0.2722261215904027	0.2777701829972044	0.27499815229380353	166895.92028695234	3.167623554403779e7	3.2842829050442087e6	3.658432745906026e7
0.2777701829972044	0.28342512563214217	0.2805976543146733	175737.57792611112	3.1408254226792745e7	3.4600204829703197e6	3.628064647475788e7
0.28342512563214217	0.28919316711977866	0.2863091463759604	185009.07099217345	3.1136489768807966e7	3.6450295539624933e6	3.597893983316097e7
0.28919316711977866	0.29507656943716787	0.29213486827847324	194758.2843030935	3.086569483212195e7	3.8397878382655866e6	3.567914530763899e7
0.2950765694371678	0.3010776398009048	0.2980771046190363	204749.04190947226	3.0557047429971136e7	4.0445368801750587e6	3.5378929023594685e7
0.30107763980090485	0.3071987315719166	0.3041381856864107	215630.47920910272	3.0305037958231114e7	4.260167359384161e6	3.508163266432383e7
0.30719873157191663	0.3134422451783486	0.3103204883751326	226613.72741392048	2.9992435788819116e7	4.486781086798081e6	3.478353228367473e7
0.31344224517834857	0.31981062905690916	0.31662643711762883	238326.5582299839	2.9704644165506557e7	4.725107645028065e6	3.448612647764782e7
0.3198106290569092	0.326306380613041	0.3230585048349751	250747.069337426	2.9431988601129383e7	4.975854714365491e6	3.419025844979528e7
0.326306380613041	0.33293204720029546	0.32961921390666826	263722.9420847526	2.915203044452051e7	5.239577656450244e6	3.389540819475541e7
0.3329320472002955	0.33969022711929503	0.33631113715979527	277202.6820771663	2.885763269201731e7	5.51678033852741e6	3.360066908298326e7
0.33969022711929503	0.34658357063667455	0.3431368988779848	291515.3120413814	2.858065228868573e7	5.808295650568792e6	3.3307051620752957e7
0.3465835706366745	0.35361478102440164	0.35009917583053807	306425.5782229383	2.8293604797666043e7	6.11472122879173e6	3.3013899321826793e7
0.35361478102440164	0.3607866156198833	0.35720069832214246	321377.26067953225	2.7947040741975475e7	6.436098489471261e6	3.271770397142338e7
0.3607866156198833	0.3681018869072746	0.36444425126357893	338103.0857385283	2.7690579487517774e7	6.77420157520979e6	3.2423909249561455e7
0.36810188690727463	0.37556346362041376	0.3718326752638442	355376.15258574404	2.741183650480443e7	7.129577727795534e6	3.213107026127991e7
0.3755634636204137	0.3831742718678156	0.37936886774411466	373355.33950751513	2.7123378222242136e7	7.502933067303049e6	3.183856170928247e7
0.38317427186781555	0.3909372962801655	0.38705578407399055	392006.2175408124	2.68219567235781e7	7.894939284843862e6	3.154560565419251e7
0.39093729628016555	0.3988555811807625	0.394896438730464	411660.90048238053	2.6528802510102164e7	8.306600185326243e6	3.125270967952335e7
0.3988555811807624	0.40693223177937127	0.40289390648006684	431629.6580858348	2.6198364306563847e7	8.738229843412077e6	3.09576926160334e7
0.40693223177937127	0.4151704153899523	0.4110513235846618	453413.6845545843	2.59206957006014e7	9.191643527966661e6	3.066375724551833e7
0.4151704153899523	0.4235733626727449	0.4193718890313486	476273.77963348	2.5644958959880438e7	9.66791730760014e6	3.0370951311482698e7
0.423573362672745	0.43214436890119345	0.4278588657869692	499099.07849740447	2.531217702305029e7	1.0167016386097547e7	3.007587972793587e7
0.4321443689011934	0.4408867952542109	0.43651558207770214	524395.2364439972	2.504971982758508e7	1.0691411622541543e7	2.9782775365961656e7
0.4408867952542108	0.44980407013428864	0.44534543269424975	548945.202821338	2.4698948271792747e7	1.1240356825362882e7	2.9486372394654598e7
0.4498040701342887	0.45889969051196805	0.45435188032312834	576754.9281638202	2.444274410396885e7	1.1817111753526703e7	2.9192375650131825e7
0.4588996905119681	0.468177223297201	0.46353845690458456	604809.6859092745	2.4142950122984216e7	1.2421921439435977e7	2.8898102310612254e7
0.4681772232972011	0.4776403067381387	0.4729087650176699	632620.5987928838	2.37865566107801e7	1.3054542038228862e7	2.8600269537934702e7
0.47764030673813856	0.4872926518478949	0.4824664792930167	664847.8479107586	2.354673991852913e7	1.371938988613962e7	2.8305876117695507e7
0.48729265184789494	0.4971380438598464	0.49221534785387067	695751.4277561377	2.3210604261155833e7	1.4415141313895758e7	2.8009109249754477e7
0.49713804385984633	0.5071803437120368	0.5021591937859415	728367.0646924557	2.288811043942951e7	1.5143508378588215e7	2.7710901322652318e7
0.5071803437120368	0.517423489561271	0.5123019166366539	764673.6745242128	2.2634269831395343e7	1.5908182053112427e7	2.7415332747197855e7
0.5174234895612712	0.5278714983274901	0.5226474939443806	798847.4008043075	2.2273487722837847e7	1.6707029453916734e7	2.7116022674428895e7
0.5278714983274901	0.5385284672690335	0.5331999827982619	837860.1059422411	2.200560117318298e7	1.7544889559858974e7	2.6818595674586147e7
0.5385284672690335	0.5493985755894076	0.5439635214292206	876892.3997871211	2.1694446040735103e7	1.8421781959646095e7	2.6520422652074497e7
0.5493985755894077	0.5604860860761894	0.5549423308327985	918123.6988433233	2.1396716649824854e7	1.9339905658489417e7	2.622232733919172e7
0.5604860860761894	0.5717953467727067	0.5661407164244481	959034.944081344	2.105363698709787e7	2.029894060257076e7	2.5921666159806218e7
0.5717953467727067	0.5833307926831544	0.5775630697279306	1.0045635274172311e6	2.0773988480598222e7	2.1303504129987992e7	2.562227736020375e7
0.5833307926831544	0.595096947511811	0.5892138700974827	1.0523568625945384e6	2.0500207629203703e7	2.235586099258253e7	2.5324426754704773e7
0.5950969475118111	0.6070984254370408	0.601097686474426	1.0963556186350777e6	2.0118811059675906e7	2.3452216611217607e7	2.502176655877337e7
0.6070984254370407	0.619339932920775	0.6132191791789079	1.148011083525759e6	1.9845197862202905e7	2.4600227694743365e7	2.472084259622071e7
0.619339932920775	0.631826270554184	0.6255831017374796	1.2021110146150072e6	1.9575605421620294e7	2.580233870935837e7	2.442178617948279e7
0.631826270554184	0.6445623349402613	0.6381943027472227	1.2523949140390751e6	1.921214812567902e7	2.7054733623397447e7	2.4119032423913434e7
0.6445623349402613	0.65755312061406	0.6510577277771606	1.311960258801876e6	1.895928665717563e7	2.8366693882199325e7	2.381922260548279e7
0.65755312061406	0.6708037220013348	0.6641784213076973	1.367885161145324e6	1.8621739939243544e7	2.9734579043344647e7	2.3517263986494236e7
0.6708037220013346	0.6843193354163548	0.6775615287088448	1.426883655287108e6	1.8299155992048793e7	3.1161462698631756e7	2.3214150315562144e7
0.6843193354163548	0.6981052610996754	0.6912122982580151	1.4948104191449813e6	1.805938721648087e7	3.2656273117776737e7	2.2914758120042454e7
0.6981052610996754	0.7121669052966624	0.7051360831981689	1.5559887831841344e6	1.770925221584096e7	3.421226190096087e7	2.2612460165265687e7
0.7121669052966624	0.7265097823775891	0.7193383438371257	1.6208318393870646e6	1.7378448825394575e7	3.583309374034794e7	2.2308547638960164e7
0.7265097823775891	0.7411395170001344	0.7338246496888617	1.7019584814785186e6	1.7191100259857904e7	3.753505222182646e7	2.201144250651855e7
0.7411395170001344	0.7560618463151305	0.7486006816576325	1.7640444991323291e6	1.6786039295014307e7	3.9299096720958784e7	2.170810889779717e7
0.7560618463151304	0.7712826222164265	0.7636722342657785	1.8374393039192604e6	1.6471682714459132e7	4.113653602487805e7	2.140417385823451e7
0.7712826222164265	0.7868078136357485	0.7790452179260875	1.927708706285848e6	1.6280017831417244e7	4.30642447311639e7	2.110679213343449e7
0.7868078136357485	0.8026435088834569	0.7947256612596028	1.9988336898247034e6	1.5903064462926907e7	4.50630784209886e7	2.0804829156040847e7
0.8026435088834569	0.8187959180361195	0.8107197134597882	2.0816594121748682e6	1.5602948344805947e7	4.714473783316347e7	2.050300931577204e7
0.8187959180361196	0.8352713753718355	0.8270336467039776	2.1718254574465225e6	1.5336167992275737e7	4.931656329060999e7	2.0203257527990866e7
0.8352713753718353	0.8520763418542654	0.8436738586130503	2.2568417976774303e6	1.5013780344724778e7	5.157340508828742e7	1.9902227003814798e7
0.8520763418542654	0.8692174076663441	0.8606468747603048	2.3564512065562494e6	1.47688410851759e7	5.392985629484367e7	1.9604483637710836e7
0.8692174076663441	0.8867012947946644	0.8779593512305043	2.440167254192386e6	1.4408161456415288e7	5.6370023549036056e7	1.930312304499141e7
0.8867012947946645	0.9045348596655512	0.8956180772301079	2.5452778318334613e6	1.4158821748944206e7	5.8915301380869515e7	1.900481158188689e7
0.9045348596655511	0.9227250958338555	0.9136299777497033	2.6368416878015534e6	1.3819133943540571e7	6.155214306867107e7	1.8704132553014435e7
0.9227250958338556	0.9412791367255261	0.9320021162796909	2.744092231610539e6	1.3548842395003423e7	6.429623530028161e7	1.8405246451899167e7
0.9412791367255261	0.96020425843503	0.950741697580278	2.841275665153733e6	1.321677215934635e7	6.713751096543534e7	1.810446701273296e7
0.9602042584350299	0.9795078825787238	0.9698560705068768	2.951906991708221e6	1.2936745626251642e7	7.008941795714356e7	1.780492047334015e7
0.9795078825787238	0.9991975792052916	0.9893527308920077	3.0526026594528565e6	1.260389398720725e7	7.314202061659642e7	1.7503472843739934e7
0.9991975792052917	1.0192810697643908	1.0092393244848412	3.1691461686733225e6	1.2327941081278795e7	7.631116678526974e7	1.7203531582275968e7
1.0192810697643908	1.039766230134672	1.0295236499495313	3.275842727468825e6	1.2005681763957363e7	7.958700951273856e7	1.690232517263237e7
1.039766230134672	1.0606610937123586	1.0502136619235154	3.3993283353254003e6	1.173745816476754e7	8.298633784806396e7	1.6603057590566894e7
1.0606610937123588	1.0819738545615993	1.071317474136979	3.50992362513192e6	1.14181932780904e7	8.649626147319588e7	1.6302658396360733e7
1.0819738545615993	1.1037128706278245	1.0928433625947118	3.6275123984662094e6	1.1118059645051314e7	9.01237738716621e7	1.6002301141366465e7
1.1037128706278245	1.1258866670153744	1.1147997688215994	3.757425462344409e6	1.085006642069691e7	9.38811993340065e7	1.5703844684144586e7
1.1258866670153742	1.148503939330675	1.1371953031730246	3.878507753137195e6	1.0551887268924084e7	9.77597070871437e7	1.5405429643194696e7
1.1485039393306753	1.171573557092282	1.1600387482114787	4.0117904972214075e6	1.0283209350528529e7	1.0177149758436511e8	1.51087617631791e7
1.171573557092282	1.195104567209121	1.1833390621507016	4.136518965081133e6	9.989686813759608e6	1.0590801654944625e8	1.4812300259189239e7
1.195104567209121	1.2191061975282966	1.2071053823687088	4.271694088626211e6	9.719520863227434e6	1.1017971063807246e8	1.4517385216501843e7
1.2191061975282966	1.2435878604538557	1.2313470289910762	4.413707633278298e6	9.461882358683951e6	1.1459341827135076e8	1.4224651769368012e7
1.243587860453856	1.2685591566379264	1.2560735085458912	4.542341042977937e6	9.174541563427744e6	1.191357593143287e8	1.3932253068468072e7
1.268559156637926	1.2940298787456777	1.2812945176918018	4.6829875215674825e6	8.911681192595966e6	1.2381874683589618e8	1.3641586538442079e7
1.2940298787456779	1.3200100152955847	1.3070199470206312	4.847789783860796e6	8.691880669209316e6	1.2866653661975698e8	1.3355043984256383e7
1.3200100152955847	1.3465097545764897	1.3332598849360373	4.970998487932568e6	8.397465807774926e6	1.3363753510768954e8	1.3068066491410151e7
1.3465097545764895	1.3735394886430126	1.360024621609751	5.127259979027106e6	8.16067092311991e6	1.3876479508671665e8	1.2784014079297792e7
1.3735394886430126	1.401109817390866	1.3873246530169392	5.283206142829445e6	7.922737140153231e6	1.440480012295461e8	1.2502650723901443e7
1.401109817390866	1.4292315527136765	1.4151706850522712	5.436747697414698e6	7.681663176454689e6	1.494847489269608e8	1.222363830584634e7
1.4292315527136763	1.457915722742943	1.4435736377283095	5.587428648330785e6	7.438196788612692e6	1.5507217757529157e8	1.1946701632404597e7
1.4579157227429431	1.487173576172795	1.4725446494578691	5.755525128017876e6	7.219072430921588e6	1.6082770270330945e8	1.1673128545283377e7
1.487173576172795	1.5170165866712442	1.5020950814220195	5.919347003975758e6	6.995393851086122e6	1.667470497072852e8	1.1402460106296895e7
1.5170165866712444	1.5474564573796623	1.5322365220254532	6.075583509829994e6	6.765025284467419e6	1.728226332171152e8	1.1134140463443369e7
1.5474564573796623	1.5785051255022486	1.5629807914409555	6.253790021702744e6	6.560982706284026e6	1.7907642323881793e8	1.0869556214278238e7
1.5785051255022486	1.6101747669872868	1.5943399462447676	6.418876049592883e6	6.34497395400911e6	1.854952992884108e8	1.0607798207331935e7
1.6101747669872866	1.6424778013020254	1.626326284144656	6.581582510723062e6	6.129816975574292e6	1.9207688179913387e8	1.0348751571509046e7
1.6424778013020256	1.6754268963030592	1.6589523488025424	6.77323738527471e6	5.943754220550588e6	1.9885011918440858e8	1.0093941818296952e7
1.6754268963030592	1.7090349732041135	1.6922309347535864	6.936410767974273e6	5.735189114569841e6	2.0578652995238286e8	9.841821509211214e6
1.709034973204113	1.7433152116431883	1.7261750924236505	7.121542179912535e6	5.54799918264707e6	2.129080721322954e8	9.593470823212655e6
1.7433152116431885	1.7782810548510453	1.7607981332471168	7.296397761261746e6	5.35576141405397e6	2.2020446989355713e8	9.34837910430234e6
1.7782810548510457	1.8139462149230596	1.7961136348870528	7.491296938172727e6	5.181089339188102e6	2.2769576683172986e8	9.107373132566432e6
1.8139462149230594	1.8503246781965137	1.8321354465597866	7.673896539844685e6	5.000717301205261e6	2.3536966337157455e8	8.869886313603727e6
1.8503246781965135	1.8874307107354367	1.868877694465975	7.854726013996437e6	4.822815273758121e6	2.43224389385571e8	8.63585736592121e6
1.887430710735437	1.9252788639251386	1.9063547873302877	8.064554484629514e6	4.665563444674589e6	2.512889438702005e8	8.4062798242782e6
1.9252788639251386	1.9638839801786343	1.9445814220518864	8.251882332742271e6	4.498127584321847e6	2.595408262029428e8	8.180306779050126e6
1.9638839801786343	2.0032611987571998	1.983572589467917	8.433026941473428e6	4.331298635467491e6	2.679738531444162e8	7.957764340744763e6
2.0032611987571998	2.0434259617073365	2.023343580232268	8.636276784437303e6	4.1794385864742324e6	2.766101299288535e8	7.739319056579644e6
2.0434259617073365	2.084394019916476	2.063909990811906	8.845124576226072e6	4.0332295813774397e6	2.8545525450507957e8	7.525060169138439e6
2.084394019916476	2.1261814392897986	2.1052877296031376	9.03731202542689e6	3.882814875695017e6	2.944925665305065e8	7.314501946511904e6
2.126181439289799	2.1688046070505878	2.1474930231701936	9.234973676054778e6	3.738542261769614e6	3.0372754020656127e8	7.107784995505886e6
2.1688046070505878	2.2122802381665925	2.19054242260859	9.444779857555125e6	3.6026202714717994e6	3.131723200641164e8	6.905169454005204e6
2.212280238166592	2.2566253819049167	2.234452810035754	9.65789854780601e6	3.4711236094173095e6	3.2283021861192244e8	6.706673511852543e6
2.256625381904917	2.3018574285180082	2.2792414052114625	9.856512449861987e6	3.337891898565381e6	3.3268673106178445e8	6.511958249925767e6
2.3018574285180082	2.347994116063361	2.3249257722906846	1.0074151289803509e7	3.214546843251695e6	3.4276088235158795e8	6.321376099181604e6
2.347994116063361	2.395053537359621	2.371523826711491	1.0287152088682182e7	3.092925641308923e6	3.530480344402701e8	6.134787320804693e6
2.395053537359621	2.4430541470818063	2.4190538422207135	1.049306879673678e7	2.9726281300022313e6	3.635411032370069e8	5.952037155098586e6
2.4430541470818063	2.4920147689984353	2.467534458040121	1.071676072376026e7	2.860658686031541e6	3.7425786396076715e8	5.773384603548129e6
2.4920147689984353	2.5419546033533966	2.516984686175916	1.091799775846559e7	2.7460639425910725e6	3.8517586171923274e8	5.598440705135397e6
2.5419546033533966	2.5928932343954574	2.567423918874427	1.1150519769742027e7	2.642582574425517e6	3.9632638148897475e8	5.427632936944782e6
2.5928932343954574	2.6448506380583594	2.6188719362269084	1.1382545919876313e7	2.541788072426551e6	4.077089274088511e8	5.2608771203762805e6
2.644850638058359	2.6978471897945187	2.6713489139264386	1.1587865767963659e7	2.4382065982227726e6	4.1929679317681473e8	5.097777672339403e6
2.697847189794519	2.751903672565402	2.7248754311799606	1.1797636605883453e7	2.3389978202375807e6	4.310944297826982e8	4.938375604659754e6
2.7519036725654016	2.807041284991702	2.779472478778552	1.2034574903527495e7	2.2481947832851084e6	4.431290046862257e8	4.782942586142953e6
2.8070412849917026	2.863281649666529	2.835161467329116	1.2259758373286981e7	2.15801312788383e6	4.553887630595127e8	4.631284823009276e6
2.8632816496665288	2.920646821634852	2.8919642356506903	1.2494559197544051e7	2.0723480635440985e6	4.6788332225705665e8	4.483444789097772e6
2.920646821634852	2.9791592970425413	2.9499030593386966	1.2719544563098833e7	1.9878494871295076e6	4.806028668201555e8	4.339268967177724e6
2.979159297042542	3.038842021958385	3.0090006595004635	1.2944174953241996e7	1.906149954177983e6	4.935470417733975e8	4.198707045998929e6
3.038842021958385	3.099718401372545	3.069280211665465	1.3180923747964347e7	1.8289416605889653e6	5.067279655213618e8	4.0618093897687434e6
3.099718401372545	3.1618123083749885	3.130765354873767	1.3391212352908809e7	1.750837223775894e6	5.201191778742706e8	3.928312246031862e6
3.161812308374988	3.2251480935174803	3.193480200946234	1.3619661773895305e7	1.6778943387957793e6	5.3373883964816594e8	3.798317052486041e6
3.2251480935174803	3.2897505943628222	3.2574493439401513	1.386048622953532e7	1.6089764786848603e6	5.475993258777013e8	3.6718537366794185e6
3.2897505943628227	3.3556451452250715	3.322697869793947	1.4098706623015394e7	1.542140588184643e6	5.616980325007167e8	3.548838268726514e6
3.355645145225072	3.422857587104566	3.389251366164819	1.4317711709891213e7	1.4756803126996476e6	5.760157442106079e8	3.4290929281814457e6
3.422857587104566	3.4914142778216495	3.4571359324631077	1.4555826564672414e7	1.4136113336929013e6	5.905715707752804e8	3.312682220286497e6
3.491414277821649	3.5613421023530742	3.5263781900873616	1.4787535474088721e7	1.3532059953469713e6	6.05359106249369e8	3.1995093857626277e6
3.5613421023530742	3.632668483375128	3.597005292864101	1.5018144890110947e7	1.2949704330486064e6	6.2037725113948e8	3.0895125000449605e6
3.6326684833751277	3.7054213920176227	3.669044937696375	1.5256552266233295e7	1.2395837797937123e6	6.356338034057133e8	2.9826724485474066e6
3.705421392017622	3.779629358832967	3.7425253754252945	1.5486223067310298e7	1.1856087007368896e6	6.511200264730237e8	2.878888219034735e6
3.7796293588329672	3.8553214849846187	3.817475421908793	1.5722813307710206e7	1.1342347840828907e6	6.668428397807338e8	2.7781333458649945e6
3.855321484984619	3.932527453659304	3.8939244693219615	1.5942340778359301e7	1.0836825349670777e6	6.827851805590931e8	2.680280134907223e6
3.9325274536593033	4.011277541707481	3.9719024976833923	1.6173353232783986e7	1.0359237151988139e6	6.98958533791877e8	2.5853221457714816e6
4.011277541707481	4.091602631516623	4.051440086612052	1.6409752796696097e7	990393.7414331889	7.153682865885731e8	2.4932207128743064e6
4.091602631516623	4.173534223121948	4.132568427319285	1.6648065153741756e7	946778.0469004053	7.320163517423148e8	2.4039212463823278e6
4.173534223121948	4.257104446559379	4.215319334840663	1.6877630918022998e7	904429.8188811928	7.488939826603378e8	2.3173349678362873e6
4.257104446559379	4.342346074465558	4.299725260512469	1.7111226275512055e7	864020.2052854147	7.660052089358499e8	2.233416989389489e6
4.342346074465559	4.429292534929862	4.38581930469771	1.734490411723034e7	825266.9246768977	7.833501130530802e8	2.152108723145353e6
4.4292925349298615	4.517977924603451	4.473635229766656	1.7578348543677732e7	788098.9821210545	8.009284615967579e8	2.0733508728269872e6
4.51797792460345	4.608437022070511	4.5632074733369805	1.781105498728884e7	752441.737948294	8.187395165840467e8	1.997083264041882e6
4.608437022070511	4.700705301486913	4.654571161778712	1.802546095566494e7	717547.2810281849	8.367649775397117e8	1.9232060217781763e6
4.700705301486913	4.794818946491643	4.747762123989277	1.8265687903041698e7	685143.3568470113	8.550306654427534e8	1.8517248009417874e6
4.794818946491643	4.890814864396467	4.842816905444055	1.8495944408282388e7	653737.7469999968	8.735266098510358e8	1.7825587795558854e6
4.890814864396468	4.988730700659389	4.939772782527928	1.8702723146093458e7	622893.6137270302	8.922293329971293e8	1.7156065895354669e6
4.988730700659389	5.088604853647568	5.038667777153478	1.894541580154407e7	594559.7434624229	9.111747487986734e8	1.6508852333337092e6
5.088604853647569	5.190476489695512	5.13954067167154	1.9165722751114283e7	566760.0416788938	9.303404715497876e8	1.5882966502306478e6
5.190476489695511	5.294385558464413	5.242431024079962	1.9387133213432707e7	540219.9391328044	9.497276047632203e8	1.5277903287214008e6
5.294385558464413	5.400372808608692	5.347379183536552	1.9623810324142046e7	515256.7257392138	9.693514150873624e8	1.469336995910452e6
5.400372808608693	5.508479803755858	5.454426306182276	1.983673138721467e7	490788.16155717184	9.891881464745772e8	1.412846596644863e6
5.508479803755859	5.618748938805967	5.563614371280913	2.0048817542084955e7	467408.5738172885	1.0092369640166621e9	1.358268590874846e6
5.618748938805966	5.731223456557077	5.6749861976815215	2.025829727185592e7	445035.9562764185	1.0294952612885181e9	1.3055506270935992e6
5.7312234565570765	5.845947464663209	5.788585460610143	2.0502071677624505e7	424399.10336653487	1.0499973329661425e9	1.2546854509817285e6
5.845947464663211	5.962965952931467	5.904456708797339	2.069996125455387e7	403767.2452945648	1.0706972942206964e9	1.2055663210788134e6
5.962965952931466	6.082324810965086	6.022645381948276	2.08940921629681e7	384034.4527713047	1.0915913863836646e9	1.1581442739936456e6
6.082324810965086	6.204070846159379	6.143197828562233	2.1137802954175286e7	366093.43264514155	1.1127291893378398e9	1.1124247066637953e6
6.20407084615938	6.328251802057558	6.266161324108468	2.1337619338405527e7	348228.0440611505	1.1340668086762455e9	1.0683136468202113e6
6.328251802057558	6.4549163770737	6.3915840895656295	2.1518629017642863e7	330916.4349420184	1.1555854376938884e9	1.0257501517835811e6
6.454916377073701	6.584114243590166	6.519515310331934	2.1759413711081482e7	315309.5695051372	1.17734485140497e9	984743.235039772
6.584114243590165	6.71589606743696	6.650005155513563	2.1938361704004347e7	299557.804158653	1.1992832131089742e9	945194.630410218
6.715896067436961	6.850313527760691	6.783104797598826	2.21703283914465e7	285256.3433717532	1.2214535415004208e9	907103.8224840339
6.85031352776069	6.987419337290895	6.9188664325257925	2.237791380842731e7	271312.4796054689	1.2438314553088481e9	870407.2582471293
6.987419337290895	7.127267263011704	7.057343300151299	2.254097627000035e7	257519.50551154654	1.2663724315788486e9	835033.1262499416
7.127267263011705	7.269912147246929	7.198589705129317	2.2791349999637183e7	245355.01144636518	1.2891637815784857e9	800999.0451118569
7.269912147246929	7.4154099291668585	7.342661038206893	2.2908868856800012e7	232389.35940838527	1.3120726504352858e9	768181.3890802291
7.415409929166858	7.5638176667251855	7.489613797946022	2.3175614606340762e7	221529.61574515462	1.335248265041626e9	736631.4543995262
7.5638176667251855	7.71519355903468	7.639505612879933	2.3294098769167274e7	209814.07285277647	1.3585423638107932e9	706226.6435444821
7.715193559034678	7.869596969190362	7.79239526411252	2.3528466854709122e7	199696.62282353535	1.3820708306655023e9	676993.062688501
7.869596969190363	8.027088447549161	7.948342708369762	2.3682090918971475e7	189402.51564057733	1.4057529215844738e9	648852.8857316017
8.027088447549161	8.187729755475134	8.107409101512147	2.3886755816863842e7	180016.2414104702	1.4296396774013376e9	621795.3699695121
8.187729755475134	8.351583889559627	8.26965682251738	2.403936594207464e7	170712.98586637081	1.4536790433434122e9	595762.7928018037
8.351583889559627	8.51871510632581	8.435149497942719	2.424874143033047e7	162263.92900266743	1.4779277847737427e9	570745.2710313451
8.51871510632581	8.689188947427317	8.603952026876563	2.4407349910376653e7	153901.49858643799	1.5023351346841192e9	546689.1963343623
8.689188947427317	8.863072265350853	8.776130606389085	2.4611012974338673e7	146231.63780660997	1.526946147658458e9	523579.02527406235
8.863072265350853	9.04043324963286	8.951752757491857	2.4778766767151434e7	138733.5084506323	1.5517249144256094e9	501370.055696841
9.04043324963286	9.221341453600507	9.130887351616684	2.4965372375133283e7	131713.33488426157	1.5766902868007426e9	480037.8389014048
9.221341453600507	9.405867821647508	9.313604637624007	2.5099833529433753e7	124782.229431336	1.6017901203301764e9	459536.89671215
9.405867821647508	9.594084717055448	9.499976269351478	2.5243028220958207e7	118253.42726826854	1.6270331485511346e9	439842.453236009
9.594084717055447	9.786065950371546	9.690075333713496	2.546346147157496e7	112403.61714570477	1.6524966100227096e9	420947.13034863066
9.786065950371546	9.981886808353966	9.883976379362757	2.554756330187644e7	106268.13720189787	1.6780441733245862e9	402788.30981810833
9.981886808353966	10.181624083496034	10.081755445925001	2.5692315644463032e7	100704.23670011362	1.7037364889690492e9	385356.4569799153
10.181624083496034	10.385356104140945	10.28349009381849	2.5889346095796112e7	95621.74213532537	1.7296258350648453e9	368637.38467948796
10.385356104140945	10.593162765198754	10.48925943466985	2.6036051427776642e7	90615.3836734433	1.755661886492622e9	352594.3394985135
10.593162765198754	10.805125559477718	10.699144162338236	2.621726078851417e7	85981.60170378468	1.781879147281136e9	337209.7959816419
10.805125559477718	11.021327609642261	10.91322658455999	2.6368108399068028e7	81487.07987796873	1.8082472556802042e9	322453.7777328972
11.021327609642261	11.241853700810095	11.131590655226178	2.6487993020384178e7	77134.83429045072	1.8347352487005882e9	308298.2132911179
11.241853700810095	11.466790313801287	11.35432200730569	2.6593546746497776e7	72974.24835324232	1.861328795447086e9	294719.5016019806
11.466790313801285	11.696225659052299	11.581507986426793	2.6746013598494742e7	69158.32220988601	1.8880748090455809e9	281704.2327451439
11.6962256590523	11.930249711208337	11.813237685130318	2.6881017084571786e7	65497.27786637756	1.9149558261301527e9	269228.82080004644
11.930249711208337	12.168954244407493	12.049601977807914	2.6968263630577322e7	61918.84525904615	1.94192408976073e9	257266.87161462515
12.168954244407491	12.41243286827063	12.290693556339061	2.714667759879553e7	58732.569203080784	1.9690707673595254e9	245811.37574595652
12.41243286827063	12.660781064611031	12.53660696644083	2.7288528064557865e7	55633.32448997575	1.9963592954240832e9	234838.1229419218
12.66078106461103	12.914096224878238	12.787438644744633	2.7445561234448373e7	52725.3828772496	2.0238048566585317e9	224330.31710683933
12.91409622487824	13.172477688350792	13.043286956614516	2.7514094790815175e7	49807.61100620033	2.0513189514493468e9	214260.52668573378
13.172477688350792	13.436026781092796	13.304252234721794	2.76137289508005e7	47104.08004588776	2.0789326804001472e9	204615.83231315555
13.436026781092798	13.704846855689642	13.570436818391219	2.7720979019789595e7	44558.97034009805	2.106653659419937e9	195380.8398471763
13.70484685568964	13.97904333177842	13.84194509373403	2.7829142974456146e7	42152.14245920552	2.134482802394393e9	186539.88188173025
13.979043331778422	14.258723737388978	14.1188835345837	2.7941301550489046e7	39880.428406774394	2.1624241039448824e9	178078.01271044815
14.258723737388976	14.543997751111744	14.401360744250361	2.809378282877366e7	37784.77886872516	2.190517886773656e9	169983.51216603714
14.543997751111744	14.834977245108966	14.689487498110356	2.822460371927873e7	35770.75577761367	2.2187424904929347e9	162239.88794095264
14.834977245108968	15.131776328986135	14.98337678704755	2.826055479932513e7	33750.06870183152	2.2470030452922597e9	154826.50572730738
15.131776328986136	15.434511394540847	15.283143861763492	2.8353347940249518e7	31907.454080938987	2.275356393232509e9	147734.58081155646
15.434511394540843	15.743301161406647	15.588906277973745	2.841984484796814e7	30137.237934554723	2.303776238080477e9	140949.7387070048
15.743301161406647	16.058266723609766	15.900783942508205	2.8491283371228945e7	28470.02207748281	2.3322675214517064e9	134460.20024039695
16.05826672360977	16.37953159705695	16.218899160333358	2.8634129768392235e7	26962.11363277584	2.3609016512200985e9	128258.11480394981
16.37953159705695	16.707221767973074	16.54337668251501	2.8726916706766777e7	25489.024794064564	2.389628567926865e9	122328.90272097281
16.707221767973074	17.041465742307523	16.8743437551403	2.8792794980923e7	24073.674861009276	2.4184213629077883e9	116660.14815142791
17.041465742307526	17.382394596128663	17.211930169218093	2.885922641802621e7	22737.238273805888	2.4472805893258142e9	111241.3735229076
17.382394596128663	17.730142027026222	17.55626831157744	2.8914204609482467e7	21466.38121754107	2.4761947939352965e9	106061.93674831133
17.730142027026222	18.084844406541734	17.907493216783976	2.8976062628610156e7	20271.300710542968	2.5051708565639067e9	101112.3982811471
18.08484440654173	18.44664083364755	18.265742620094642	2.9025094446684845e7	19134.21447174786	2.5341959510105915e9	96382.83749542259
18.446640833647553	18.81567318929549	18.631157011471522	2.914368481874756e7	18104.07340254304	2.563339635829339e9	91866.73045445512
18.81567318929549	19.192086192056387	19.003879690675937	2.9190884650637567e7	17087.323137709514	2.5925305204799767e9	87552.53241026503
19.192086192056387	19.5760274548725	19.38405682346444	2.9217077728031773e7	16116.048887657169	2.621747598208009e9	83431.21596206167
19.5760274548725	19.967647542944935	19.771837498908717	2.926540745218121e7	15211.480578062054	2.65101300566019e9	79495.49950777242
19.967647542944935	20.36710003277882	20.167373787861877	2.929310759859229e7	14347.543722325892	2.6803061132587824e9	75737.01742433915
20.367100032778815	20.774541572409376	20.570820802594096	2.9385146899446234e7	13562.359685416275	2.7096912601582284e9	72150.08615723686
20.77454157240938	21.19013194283255	20.982336757620963	2.9394468918086313e7	12784.047459270578	2.739085729076315e9	68725.20329302814
21.19013194283255	21.614034120664186	21.40208303174837	2.9426403018282466e7	12059.668779933443	2.7685121320945973e9	65456.12982471849
21.61403412066419	22.046414342052458	21.830224231358322	2.9466716500593226e7	11379.560010880958	2.7979788485951905e9	62336.429309187064
22.046414342052458	22.48744216786849	22.266928254960476	2.9453783695483983e7	10718.411361214552	2.8274326322906747e9	59358.57662679837
22.48744216786849	22.937290550200846	22.712366359034668	2.9488747559787277e7	10112.099482334992	2.856921379850462e9	56517.55064291735
22.937290550200842	23.396135900179843	23.166713225190342	2.9521378744355075e7	9539.319509235751	2.886442758594817e9	53807.3909230284
23.396135900179846	23.86415815715843	23.630147028669136	2.955110811334109e7	8998.090471149477	2.915993866708158e9	51222.36671726693
23.86415815715842	24.341540859276574	24.102849508217496	2.9559947788054533e7	8481.56793593544	2.9455538144962125e9	48756.68313324665
24.341540859276574	24.828471215437087	24.58500603735683	2.9560236136649124e7	7992.384144348188	2.9751140506328616e9	46405.031533542766
24.82847121543709	25.325140178720815	25.076805697078953	2.953131278907242e7	7523.973221669811	3.004645363421934e9	44162.030845181434
25.32514017872082	25.83174252127022	25.57844134999552	2.9570610658757646e7	7099.3875641313	3.034215974080692e9	42023.940371594006
25.831742521270215	26.348476910670602	26.090109715970407	2.9555752834204838e7	6686.499081876749	3.0637717269148965e9	39985.381863654264
26.348476910670605	26.875545987859	26.612011449264802	2.9587525583555076e7	6307.563708113045	3.093359252498452e9	38042.571321384225
26.875545987858995	27.413156446591156	27.144351217225076	2.9561316117889263e7	5938.449458230333	3.1229205686163416e9	36190.55097639309
27.41315644659116	27.961519114497964	27.68733778054456	2.945832182722216e7	5576.396725610158	3.152378890443564e9	34424.489942045024
27.961519114497964	28.520849035762904	28.241184075130434	2.951086508870088e7	5264.098719236246	3.1818897555322647e9	32742.298950351324
28.52084903576291	29.09136555545315	28.80610729560803	2.9548543847106513e7	4966.776888136389	3.211438299379371e9	31140.00301640735
29.091365555453145	29.67329240553719	29.382328980495167	2.9494749917229638e7	4671.752517630034	3.240933049296601e9	29613.12512003954
29.67329240553719	30.266857792622915	29.970075099080052	2.9346262053945936e7	4380.104797324009	3.270279311350547e9	28157.508822861586
30.266857792622922	30.87229448745036	30.56957614003664	2.9371888165709086e7	4131.0479180710245	3.299651199516256e9	26771.49965418006
30.872294487450354	31.48983991617434	31.181067201812347	2.9404026535755865e7	3897.0132702807427	3.3290552260520115e9	25451.948275220326
31.489839916174343	32.11973625347281	31.804788084823578	2.9388246627636038e7	3670.2489311594463	3.3584434726796474e9	24195.439883741776
32.11973625347281	32.762230517517246	32.44098338549503	2.927953075619068e7	3445.7421628104785	3.387723003435838e9	22998.46754261841
32.762230517517246	33.41757466684257	33.08990259217991	2.923315414947944e7	3241.837288836505	3.4169561575853176e9	21858.78487173355
33.41757466684257	34.0860256991544	33.75180018299848	2.9214796193085454e7	3052.919274902191	3.4461709537784033e9	20773.95119800573
34.086025699154405	34.76784575211247	34.42693572563344	2.9208793994374394e7	2876.2263392481846	3.4753797477727776e9	19741.50735649509
34.767845752112464	35.46330220612969	35.11557397912108	2.9089101673376303e7	2699.2105682117112	3.5044688494461536e9	18758.412237343975
35.4633022061297	36.17266778922727	35.81798499767848	2.904864939899438e7	2539.975174581102	3.533517498845148e9	17822.84448460677
36.17266778922727	36.89622068398679	36.53444423660703	2.9023339112279937e7	2391.3768544322074	3.562540837957428e9	16932.675767587032
36.8962206839868	37.63424463664151	37.265232660314155	2.8914422435508065e7	2244.979252354129	3.591455260392936e9	16085.413901251144
37.634244636641505	38.387029068349314	38.01063685249541	2.8906430936353214e7	2114.898323933056	3.6203616913292894e9	15279.524767967861
38.387029068349314	39.15486918869128	38.7709491285203	2.8808810700202405e7	1986.1754287752417	3.649170502029492e9	14512.699877267562
39.15486918869128	39.93806611144008	39.54646765006568	2.8701540009777304e7	1864.6390424454169	3.677872042039269e9	13783.100141028843
39.93806611144008	40.73692697264386	40.33749654204197	2.8702777812234513e7	1757.1581212222768	3.7065748198515034e9	13089.388810554572
40.736926972643865	41.55176505107172	41.14434601185779	2.862155536449673e7	1651.1157837659787	3.735196375216e9	12429.578464422817
41.55176505107172	42.38289989106813	41.96733247106992	2.8458141770655777e7	1546.9926901708516	3.7636545169866557e9	11801.8240701336
42.38289989106812	43.23065742786446	42.80677865946629	2.774164935543536e7	1421.0568949334925	3.791396166342091e9	11203.018084387126
43.23065742786446	44.09537011539672	43.66301377163059	1.6367647376064378e8	7900.652361802923	3.955072640102735e9	11012.524265127682
44.09537011539672	44.97737705667963	44.536373586038174	1.6592703014341895e7	754.7295880183198	3.971665343117077e9	10420.81443943046
44.977377056679636	45.8770241367882	45.42720059673392	1.639117850232365e7	702.5576992992881	3.9880565216194005e9	9860.22847017587
45.8770241367882	46.79466415849894	46.33584414764357	1.6219441308648571e7	655.0965723621493	4.004275962928049e9	9329.242598422783
46.79466415849895	47.7306569806439	47.26266056957142	1.610303882017786e7	612.8792698397418	4.020379001748227e9	8826.451723668826
47.73065698064389	48.685369659231746	48.20801331993782	1.5794199024617184e7	566.4510545671865	4.0361732007728443e9	8349.986427092806
48.685369659231746	49.65917659139136	49.17227312531155	1.571986119753841e7	531.2650141144177	4.0518930619703827e9	7898.976524520475
49.65917659139135	50.65245966219415	50.15581812679275	1.5557540266122792e7	495.4515649438981	4.0674506022365055e9	7471.917359454271
50.652459662194154	51.665608394413006	51.15903402830358	1.5332902710055664e7	460.1320086503091	4.0827835049465613e9	7067.455760600385
51.66560839441301	52.69902010127625	52.18231424784463	1.5165501263356686e7	428.85715784413117	4.097949006209918e9	6684.521443704579
52.69902010127624	53.753100042276735	53.22606007177649	1.5003679807079133e7	399.80805642857825	4.1129526860169973e9	6322.00094754904
53.753100042276735	54.82826158209724	54.29068081218699	1.4778127192028053e7	371.0829891559023	4.1277308132090254e9	5978.735350749394
54.82826158209724	55.92492635271416	55.3765939674057	1.4731767794969037e7	348.58158029747693	4.1424625810039945e9	5653.972896342407
55.92492635271416	57.04352441874341	56.484225385728784	1.4563135677373067e7	324.7150510925538	4.1570257166813674e9	5346.567456264109
57.04352441874342	58.184494446093254	57.614009432418335	1.42915504162025e7	300.27892578703535	4.17131726709757e9	5055.48490967126
58.184494446093254	59.348283873990084	58.76638916004167	1.4213565539247803e7	281.41455631321185	4.185530832636818e9	4780.105041286867
59.348283873990084	60.53534909044485	59.94181648221747	1.3931452856998503e7	259.91896767704253	4.1994622854938164e9	4519.370249483904
60.535349090444846	61.74615561122871	61.14075235083678	1.3857977230847374e7	243.63488767702256	4.2133202627246637e9	4272.736330106111
61.74615561122872	62.981178262428266	62.363666936828494	1.364984188442307e7	226.13373374203033	4.226970104609087e9	4039.3196595581935
62.98117826242826	64.2409013666518	63.61103981454003	1.3526330166103475e7	211.162036798517	4.2404964347751904e9	3818.5036964995543
64.2409013666518	65.5258189329598	64.8833601498058	1.3380189632557847e7	196.83226010434635	4.253876624407748e9	3609.598590165967
65.5258189329598	66.83643485059396	66.18112689177687	1.3194775031618856e7	182.90862248747817	4.2670713994393673e9	3411.94068564033
66.83643485059396	68.1732630865808	67.50484896858738	1.3044489886018336e7	170.39525366598582	4.2801158893253856e9	3224.9625328126363
68.17326308658079	69.53682788728737	68.85504548693407	1.2876608285388649e7	158.50030654408232	4.2929924976107736e9	3048.0837414234716
69.53682788728739	70.9276639840081	70.23224593564774	1.276733088757021e7	148.09042853274033	4.305759828498343e9	2880.8073920945253
70.92766398400809	72.34631680266321	71.63699039333565	1.2553004852158368e7	137.20592005535875	4.318312833350502e9	2722.552192939811
72.34631680266322	73.79334267769146	73.06982974017734	1.2566369955374807e7	129.42950685541152	4.330879203305877e9	2572.977041928804
73.79334267769144	75.26930907022023	74.53132587395584	1.218607886232943e7	118.27304123615048	4.343065282168206e9	2431.3862689218654
75.26930907022025	76.77479479059961	76.02205193040993	1.2224437983264185e7	111.8018600631079	4.35528972015147e9	2297.589553715802
76.7747947905996	78.31039022538656	77.54259250799308	1.1899036053246804e7	102.54872794484783	4.367188756204717e9	2170.9768358623805
78.31039022538656	79.87669756886925	79.0935438971279	1.1907279228674062e7	96.70065746782119	4.379096035433391e9	2051.33012103905
79.87669756886925	81.4743310592216	80.67551431404542	1.1672875765596725e7	89.32914253047277	4.390768911198987e9	1938.1597086952984
81.47433105922158	83.10391721938097	82.28912413930128	1.1600243195785351e7	83.6528670353169	4.402369154394773e9	1831.1898040703088
83.10391721938097	84.76609510274355	83.93500616106226	1.1400457219444737e7	77.47016123684924	4.413769611614217e9	1730.033527491759
84.76609510274358	86.4615165437734	85.61380582325849	1.1243675317218766e7	71.99775613775451	4.425013286931436e9	1634.396498807136
86.4615165437734	88.19084641362383	87.32618147869862	1.1261638517042361e7	67.95332989390586	4.436274925448478e9	1544.0427156640403
88.19084641362382	89.95476288087124	89.07280464724752	1.0891991667130813e7	61.93198140267349	4.447166917115608e9	1458.553392286347
89.95476288087124	91.75395767746362	90.85436027916742	1.0984831952648595e7	58.857203682494045	4.458151749068256e9	1377.8178911646555
91.75395767746362	93.58913636998784	92.67154702372574	1.0658707734819263e7	53.81573958053752	4.468810456803076e9	1301.4485571485336
93.58913636998786	95.46101863636257	94.52507750317521	1.0628444081576817e7	50.56767909349071	4.479438900884655e9	1229.2969810861598
95.46101863636258	97.37033854806478	96.41567859221368	1.0511049253937244e7	47.12463381023323	4.489949950138592e9	1161.1086235411897
97.37033854806477	99.31784485800101	98.34409170303289	1.0206293343299016e7	43.11898898173236	4.500156243481891e9	1096.6224238657023
99.31784485800102	101.304301294136	100.31107307606851	1.0446754800237037e7	41.58919814426978	4.510602998282127e9	1035.7676398632939
101.304301294136	103.33048685899367	102.31739407656482	9.875448799311526e6	37.04713493551834	4.520478447081439e9	978.1610529491218
103.33048685899367	105.39719613514849	104.36384149707108	1.0148930715759046e7	35.877050299880146	4.530627377797198e9	923.8097957397574
105.39719613514849	107.50523959682641	106.45121786598745	9.767683023398548e6	32.53768661654912	4.540395060820597e9	872.4009683126036
107.50523959682641	109.65544392773789	108.58034176228216	9.592462672263317e6	30.110912767301063	4.54998752349286e9	823.817482825548
109.65544392773788	111.84865234526758	110.75204813650274	9.75429442059388e6	28.85282668289954	4.559741817913454e9	777.9637773389297
111.84865234526758	114.08572493114788	112.96718863820773	9.387020205977984e6	26.164893961683052	4.569128838119432e9	734.5999185389556
114.0857249311479	116.36753896874579	115.22663194994684	9.270680011324331e6	24.35014500917469	4.578399518130756e9	693.6326522289255
116.36753896874578	118.69498928709564	117.5312641279207	9.454172940190293e6	23.399805749884287	4.587853691070947e9	654.9735973964549
118.69498928709562	121.06898861181249	119.88198894945405	8.952958893009856e6	20.881133204793105	4.596806649963957e9	618.3991505986501
121.06898861181249	123.49046792302367	122.27972826741808	8.999522124647282e6	19.77906237431202	4.605806172088604e9	583.8707773631295
123.49046792302369	125.9603768204591	124.72542237174139	9.058236039601043e6	18.759820385677685	4.614864408128205e9	551.2752341952541
125.9603768204591	128.47968389584324	127.22003035815118	8.513394487090454e6	16.6144743504354	4.623377802615295e9	520.4360787566893
128.4796838958432	131.04937711273502	129.7645305042891	8.74865102544406e6	16.088803946484852	4.632126453640739e9	491.34542241836255
131.04937711273502	133.67046419396465	132.35992065334983	8.737384387627594e6	15.141292176643587	4.640863838028367e9	463.87807743720305
133.67046419396468	136.3439730168189	135.00721860539178	8.157993403458558e6	13.321824004966501	4.649021831431826e9	437.8901147045232
136.3439730168189	139.0709520161302	137.70746251647455	8.351716033970974e6	12.851532488655067	4.657373547465796e9	413.37402154088164
139.0709520161302	141.85247059542775	140.46171130577898	8.465122816387452e6	12.274712579619255	4.665838670282184e9	390.23875412321837
141.85247059542775	144.68961954631123	143.2710450708695	7.895641313801758e6	10.78858183666591	4.673734311595985e9	368.3522160731312
144.68961954631123	147.58351147621238	146.1365655112618	7.882693040718138e6	10.149635774265887	4.6816170046367035e9	347.6912445077802
147.5835114762124	150.5352812447116	149.05939636046202	8.312656128514029e6	10.085897786337215	4.689929660765218e9	328.218325184136
150.53528124471157	153.54608640858072	152.04068382664616	7.607733236679785e6	8.698190983333435	4.697537394001898e9	309.78856421592934
153.54608640858075	156.61710767572728	155.08159704215402	7.388998166549876e6	7.960826324809356	4.7049263921684475e9	292.3793026329494
156.61710767572728	159.74954936821675	158.18332852197202	8.1238003600630015e6	8.247660409423442	4.71305019252851e9	275.9907523402702
159.74954936821675	162.94463989455602	161.34709463138637	7.427101996251605e6	7.1054218263188496	4.720477294524762e9	260.48160985679135
162.94463989455602	166.20363223142206	164.57413606298906	7.003936810641795e6	6.314102914103646	4.727481231335404e9	245.82139110072384
166.20363223142203	169.5278044150254	167.86571832322372	7.302868836411551e6	6.203858835850185	4.734784100171816e9	232.0004135053843
169.5278044150254	172.91846004230084	171.22313222866313	7.851535387501478e6	6.285241637379165	4.742635635559318e9	218.98132202447647
172.91846004230084	176.37692878212178	174.6476944122113	6.672791888256699e6	5.033545009397641	4.749308427447575e9	206.64097238331038
176.37692878212178	179.90456689673914	178.14074783943045	6.702563251449026e6	4.7643789436973725	4.756010990699022e9	194.99688600387861
179.90456689673914	183.50275777364885	181.703662335194	7.727549572486296e6	5.176142025371489	4.763738540271508e9	184.04817755506176
183.50275777364885	187.17291246809674	185.3378351208728	6.747045584663048e6	4.258699993560086	4.770485585856172e9	173.6780699232169
187.17291246809674	190.9164702564336	189.04469136226516	6.251497715399101e6	3.7183178105482098	4.77673708357157e9	163.8749376954119
190.91647025643357	194.73489920053714	192.82568472848536	6.4414865684051365e6	3.610335584946438	4.783178570139976e9	154.63101800749345
194.73489920053717	198.6296967235228	196.68229796203	7.645097910041504e6	4.037788467654077	4.790823668050017e9	145.94493875330653
198.6296967235228	202.60239019696817	200.6160434602455	6.163103862700358e6	3.0673197571301527	4.796986771912718e9	137.70389280225174
202.6023901969682	206.65453753988248	204.62846386842534	5.892104957554527e6	2.7633067759945376	4.802878876870273e9	129.92065108217602
206.65453753988243	210.78772782965498	208.7211326847687	6.056761132561095e6	2.676690418136483	4.808935638002833e9	122.5813466224408
210.787727829655	215.00358192522302	212.89565487743903	7.449089712456748e6	3.1021299117427077	4.81638472771529e9	115.68990795992201
215.00358192522305	219.30375310270242	217.15366751396272	5.916122822480738e6	2.321630202186391	4.822300850537771e9	109.15094489720586
219.30375310270236	223.6899277037313	221.49684040321682	5.498320286276013e6	2.0332228989165784	4.827799170824047e9	102.97251001375699
223.6899277037313	228.16382579678083	225.92687675025607	5.636907632921636e6	1.9642419327292469	4.833436078456968e9	97.14646434641865
228.16382579678083	232.72720185169135	230.4455138242361	7.031268613429323e6	2.308802897020061	4.840467347070397e9	91.67633476763496
232.72720185169135	237.38184542770006	235.0545236396957	6.108989147911683e6	1.8902604156094007	4.846576336218309e9	86.4975771760944
237.38184542770009	242.12958187522898	239.75571365146453	5.050214484050535e6	1.4725201057896418	4.85162655070236e9	81.59343156656614
242.12958187522898	246.97227305170844	244.55092746346872	5.237772058112338e6	1.439120421290365	4.856864322760473e9	76.9702266981418
246.97227305170844	251.9118180517175	249.44204555171297	6.029537325803593e6	1.5611105817676683	4.862893860086277e9	72.6207206923652
251.91181805171752	256.95015395172675	254.43098600172215	6.6434255474950895e6	1.6208428020635357	4.869537285633772e9	68.5255357342588
256.95015395172675	262.08925656973616	259.5197052607315	5.118410419836141e6	1.1767469542098568	4.874655696053608e9	64.64094251701613
262.08925656973616	267.33114124010575	264.71019890492096	4.812083917894036e6	1.0425102328749418	4.879467779971502e9	60.97266647256226
267.3311412401058	272.6778636038828	270.0045024219943	5.234784124166876e6	1.0686735861367411	4.884702564095669e9	57.517482192896146
272.67786360388277	278.1315204149353	275.404692009409	6.51593090292111e6	1.2534930769942554	4.8912184949985895e9	54.272249727797615
278.1315204149353	283.6942503622089	280.91288538857214	5.371641649199411e6	0.9737594354216365	4.896590136647789e9	51.198064369362754
283.6942503622089	289.36823490842795	286.53124263531845	4.934928012144476e6	0.8429943254058415	4.901525064659933e9	48.29365251821348
289.36823490842795	295.15569914557136	292.2619670269996	4.638716253330365e6	0.7466908442618914	4.906163780913263e9	45.551209439516974
295.15569914557136	301.05891266745766	298.1073059065145	5.144908991364352e6	0.7804047603776924	4.911308689904628e9	42.96889209886368
301.05891266745766	307.0801904597817	304.0695515636197	6.128558305768162e6	0.8759911843177162	4.917437248210396e9	40.541033270089095
307.08019045978165	313.22189380795214	310.1510421338669	5.044301614079878e6	0.6794252232934332	4.922481549824475e9	38.241872965747554
313.2218938079522	319.48643122308613	316.3541625155192	4.764645234743975e6	0.6047423737462995	4.927246195059219e9	36.07101798928621
319.4864312230861	325.87625938652263	322.6813453048044	4.720353797510698e6	0.5645645420021997	4.93196654885673e9	34.02305798620165
325.87625938652263	332.39388411322795	329.1350717498753	4.809448605317429e6	0.5420427721522998	4.936775997462048e9	32.09192284777607
332.39388411322795	339.04186133446734	335.7178727238477	5.856398133267105e6	0.6219680706017524	4.942632395595316e9	30.276783205317063
339.04186133446734	345.82279810013154	342.43232971729947	4.878569841218993e6	0.488235389335375	4.947510965436535e9	28.558625071348228
345.8227981001316	352.7393536011091	349.28107585062037	4.637723611807473e6	0.437361780799122	4.952148689048343e9	26.936633821782507
352.73935360110903	359.79424021210605	356.2667969066075	4.537899063028e6	0.40326454434565223	4.956686588111371e9	25.40623027364015
359.7942402121061	366.99022455532304	363.3922323837146	4.4812678820462e6	0.375262667237473	4.961167855993417e9	23.96248330533662
366.9902245553231	374.3301285854044	370.6601765703638	4.590107994497389e6	0.362206808904112	4.965757963987914e9	22.60125671205985
374.33012858540434	381.81683069608727	378.0734796407458	4.980307117951483e6	0.3703301640379124	4.9707382711058655e9	21.31901238405168
381.81683069608727	389.45326684898384	385.6350487725356	5.553823582157239e6	0.38915651300056486	4.976292094688023e9	20.111812036604828
389.4532668489838	397.2424317249383	393.34784928696104	6.298351735581532e6	0.4158707718372766	4.982590446423604e9	18.975782173604777
397.24243172493834	405.1873798984119	401.2149058116751	7.334455571856126e6	0.4563506142338962	4.9899249019954605e9	17.90761173442465
405.18737989841185	413.2912270353549	409.23930346688337	8.97953392121116e6	0.5264823618176213	4.998904435916672e9	16.905096935166828
413.29122703535495	421.55715111503685	417.4241890751959	1.3195080356758602e7	0.7290231972723678	5.012099516273431e9	15.972087968090086
421.5571511150369	429.98839367631246	425.7727723956747	1.4463835668565236e7	0.7530296365808026	5.026563351941996e9	15.094278253468524
429.98839367631246	438.5882610888135	434.288327382563	1.0241456270305581e7	0.5024462283667699	5.036804808212301e9	14.252646085622406
438.58826108881357	447.36012584956467	442.9741934691891	7.497261067824528e6	0.3466009902046	5.044302069280126e9	13.450569121814206
447.3601258495646	456.3074279055307	451.8337768775476	4.90933323136764e6	0.2138695571869589	5.049211402511494e9	12.687099029884026
456.3074279055307	465.4336760026161	460.8705519540734	788597.4884757549	0.032372865672009955	5.049999999999969e9	11.9571963169522
