-0.0	9.953897499377266e-5	4.976948749688633e-5	2.3730950473785953e-7	57444.311803534976	2.3730950473785953e-7	57444.311803534976
9.953897499377266e-5	0.0002010687294874207	0.00015030385224059668	1.5056108109987066e-6	50322.43358315319	1.742920315736566e-6	51186.486687583565
0.00020106872948742058	0.0003046290790709416	0.00025284890427918107	3.8939543379844625e-6	46156.861061356605	5.636874653721029e-6	47603.15041253676
0.0003046290790709413	0.00041026063564613265	0.000357444857358537	7.413960072645363e-6	43398.96956748752	1.3050834726366392e-5	45120.10845077575
0.0004102606356461331	0.0005180048233528283	0.0004641327294994807	1.2100340070111685e-5	41301.28032036274	2.5151174796478077e-5	43198.459053905004
0.0005180048233528287	0.0006279038948136577	0.0005729543590832433	1.805743936981229e-5	39708.43118431101	4.3208614166290365e-5	41667.956033167764
0.0006279038948136573	0.0007400009477037028	0.0006839524212586801	2.535484588350538e-5	38391.40937987083	6.856346004979574e-5	40393.10970228596
0.000740000947703703	0.0008543399416515495	0.0007971704446776262	3.403718450450563e-5	37213.722589084915	0.00010260064455430137	39279.807210629784
0.0008543399416515493	0.0009709657154783526	0.0009126528285649509	4.4390699639582245e-5	36314.97838252287	0.00014699134419388362	38334.64678455955
0.0009709657154783523	0.0010899240047816917	0.001030444860130022	5.628072586598483e-5	35417.95977006148	0.00020327207005986844	37480.07467379489
0.0010899240047816917	0.0012112614598710977	0.0011505927323263946	6.998711155365225e-5	34639.193566188456	0.0002732591816135207	36708.99181332785
0.0012112614598710973	0.0013350256640622914	0.0012731435619666943	8.54888987301947e-5	33885.053312645585	0.0003587480803437154	35994.167475023685
0.0013350256640622922	0.00146126515233731	0.0013981454081998012	0.00010358840931255168	33381.54613689864	0.00046233648965626707	35373.862172369154
0.0014612651523373099	0.0015900294303778282	0.001525647291357569	0.0001232763875408131	32712.11531616835	0.0005856128771970802	34778.15349986171
0.0015900294303778277	0.0017213689939791564	0.001655699212178492	0.00014552302691434884	32146.6503263934	0.000731135904111429	34220.596395271285
0.0017213689939791568	0.0018553353488525118	0.0017883521714158342	0.00017082012298998259	31712.048009188748	0.0009019560271014116	33715.49175795142
0.0018553353488525112	0.0019919810308233333	0.0019236581898379223	0.00019848005518013283	31222.8617560633	0.0011004360822815444	33236.90819426141
0.0019919810308233333	0.002131359626433572	0.0020616703286284524	0.00022928469833328937	30786.85358100725	0.0013297207806148338	32786.99708443053
0.0021313596264335728	0.002273525793956016	0.0022024427101947942	0.0002637726747334783	30427.318031688596	0.001593493455348312	32371.439895330514
0.0022735257939560153	0.0024185352848289073	0.002346030539392461	0.0003012037708561314	30022.616738521407	0.0018946972262044435	31973.775883542414
0.002418535284828908	0.002566444965519258	0.002492490125174083	0.00034177202358183804	29589.37046160979	0.0022364692497862815	31584.82352556419
0.002566444965519257	0.002717312839823414	0.0026418789026713355	0.000387499757128644	29276.622833481542	0.0026239690069149255	31221.31341751808
0.002717312839823413	0.0028711980716136527	0.002794255455718533	0.0004374380699778417	28964.61787025805	0.0030614070768927673	30877.56265098802
0.002871198071613654	0.0030281610080396984	0.002949679539826676	0.0004904326663413686	28570.659762288666	0.003551839743234136	30537.1051281835
0.003028161008039698	0.0031882632031942633	0.0031082121056169804	0.0005511916064889532	28351.63683371752	0.004103031349723089	30224.124211053553
0.003188263203194263	0.0033515674422519193	0.0032699153227230913	0.0006144724017984656	27998.30821168131	0.004717503751521555	29914.36277177082
0.0033515674422519197	0.0035181377660907292	0.0034348526041713245	0.000684307647125292	27704.006877328997	0.005401811398646847	29615.037160598753
0.0035181377660907292	0.003688039496406315	0.003603088631248522	0.0007626281089554909	27508.99894511031	0.006164439507602338	29337.175280621494
0.0036880394964063155	0.003861339261328213	0.0037746893788672643	0.0008427136511322316	27153.978850854106	0.007007153158734569	29056.22021020403
0.003861339261328213	0.004038105021548549	0.003949722141438381	0.000932406822847634	26902.451820746373	0.007939559981582203	28785.580736264594
0.004038105021548548	0.00421840609697329	0.004128255559260919	0.0010331525619969584	26751.86708213079	0.008972712543579162	28535.795712456813
0.00421840609697329	0.004402313193906526	0.004310359645439908	0.00113641296873725	26462.747578179336	0.010109125512316412	28286.69256505129
0.004402313193906526	0.004589898432778427	0.004496105813342477	0.0012482681710609123	26191.67851909544	0.011357393683377324	28040.183060482035
0.004589898432778428	0.004781235376427767	0.004685566904603098	0.0013693347966200684	25936.795342029913	0.012726728479997392	27797.63171896069
0.0047812353764277666	0.0049763990589500925	0.00487881721768893	0.0015056491450009448	25788.60851952876	0.014232377624998337	27570.411686743904
0.004976399058950093	0.005175466015122866	0.0050759325370364795	0.0016503630890856973	25602.54389631192	0.015882740714084034	27351.960047883862
0.005175466015122865	0.005378514310419092	0.005276990162770979	0.0018035579942075608	25380.18310461066	0.017686298708291595	27136.970399185102
0.005378514310419092	0.005585623571621245	0.005482068941020169	0.0019687584814825874	25167.635818266175	0.019655057189774183	26925.929841327576
0.005585623571621245	0.00579687501804744	0.0056912492948343425	0.002146776594533422	24963.88747309517	0.021801833784307605	26719.147905647336
0.005796875018047441	0.00601235149340216	0.0059046132557248	0.0023384697567141524	24767.99902546536	0.024140303541021757	26516.794951808995
0.00601235149340216	0.006232137498263974	0.006122244495833067	0.0025447374766280687	24579.050852845452	0.026685041017649826	26318.927385662082
0.006232137498263972	0.006456319223223022	0.006344228360743497	0.002766525626251206	24396.17976389068	0.02945156664390103	26125.511758518038
0.006456319223223021	0.006684984582681251	0.006570651902952136	0.0030047958116234084	24218.317792580066	0.03245636245552444	25936.41851288155
0.006684984582681254	0.006918223249328648	0.0068016039160049505	0.003260594700921257	24044.80022298386	0.0357169571564457	25751.47597067603
0.006918223249328647	0.00715612668930899	0.007037174969318818	0.003535018179768097	23874.97945974963	0.039251975336213794	25570.477987644023
0.00715612668930899	0.007398788198088939	0.007277457443698964	0.003829191205820738	23708.0977546025	0.04308116654203453	25393.17816453463
0.007398788198088939	0.007646302937044488	0.0075225455675667135	0.004144312335312608	23543.591599055166	0.04722547887734714	25219.31350473525
0.007646302937044487	0.007898767970779146	0.007772535453911817	0.00448157708559678	23380.627575008286	0.05170705596294392	25048.58124802096
0.007898767970779147	0.0081562823051885	0.008027525137983823	0.0048422371472701675	23218.50177803572	0.05654929311021409	24880.65582352312
0.0081562823051885	0.00841894692628604	0.008287614615737269	0.0052276326023316735	23056.75399286668	0.06177692571254576	24715.213573912653
0.00841894692628604	0.00868686483980553	0.008552905883045785	0.005639159871254677	22894.96024490232	0.06741608558380044	24551.93524568113
0.008686864839805528	0.008960141111595408	0.008823502975700469	0.006078236437306692	22732.594981558537	0.07349432202110713	24390.495914714902
0.008960141111595408	0.009238882908821085	0.009099512010208246	0.006546188173509673	22568.690522359673	0.0800405101946168	24230.526443654155
0.009238882908821085	0.009523199541991274	0.00938104122540618	0.007057543461786081	22444.301729997023	0.08709805365640289	24075.271193826113
0.009523199541991274	0.009813202507824869	0.009668201024908072	0.007619910662271939	22367.305590123276	0.09471796431867482	23928.278944440743
0.00981320250782487	0.010109005532975137	0.009961104020400003	0.00819520300624739	22217.765393687452	0.10291316732492221	23782.474102470183
0.010109005532975134	0.010410724618628405	0.01025986507580177	0.008807346764600835	22065.70726243836	0.11172051408952305	23637.494443450225
0.010410724618628405	0.010718478085994741	0.010564601352311572	0.009458180203048103	21910.77943944097	0.12117869429257115	23492.98958882705
0.010718478085994743	0.011032386622708406	0.010875432354351573	0.010149485918290194	21752.4330720726	0.13132818021086134	23348.60285059652
0.011032386622708406	0.011352573330156341	0.011192479976432374	0.010882921073202795	21589.871029544844	0.14221110128406414	23203.951165879545
0.011352573330156343	0.011679163771753237	0.01151586855095479	0.011693372293508447	21483.445664285224	0.1539044735775726	23063.615503004996
0.011679163771753237	0.01201228602218207	0.011845724896967653	0.012596150482964419	21442.352413736175	0.166500624060537	22932.439829324296
0.012012286022182067	0.012352070717619476	0.012182178369900772	0.013491935284121848	21290.3356949057	0.17999255934465885	22800.618855039484
0.01235207071761948	0.012698651106965636	0.012525360912292557	0.014440961610110103	21133.62797260489	0.19443352095476896	22667.820132601973
0.012698651106965634	0.013052163104098714	0.012875407105532175	0.015445290516130361	20971.661481817115	0.20987881147089932	22533.700106781813
0.013052163104098714	0.013412745341174455	0.013232454222636584	0.01650659084050443	20803.45749692039	0.22638540231140375	22397.872758234244
0.013412745341174457	0.013780539222991713	0.013596642282083085	0.0178016570736117	20833.212396841267	0.24418705938501545	22275.90725120033
0.013780539222991713	0.014155688982445314	0.013968114102718514	0.01903339692835143	20691.887817314328	0.2632204563133669	22153.27772526593
0.014155688982445312	0.014538341737087986	0.014347015359766648	0.02032326793274769	20531.938941789667	0.28354372424611457	22028.595621540728
0.014538341737087988	0.014928647546823513	0.01473349464195575	0.021684281520186532	20365.412950344868	0.3052280057663011	21901.525991972354
0.014928647546823513	0.01532675947275375	0.01512770350978863	0.023185188797139045	20249.975988920294	0.32841319456344015	21776.143119224154
0.01532675947275375	0.01573283363720259	0.01552979655497817	0.024936897161060123	20261.468285535706	0.35335009172450027	21661.860167354993
0.01573283363720259	0.01614702928494041	0.015939931461071498	0.026585766054758375	20101.86945894056	0.37993585777925865	21544.86491622694
0.016147029284940405	0.016569508845632977	0.01635826906528669	0.02832197933278846	19934.676877143953	0.4082578371120471	21424.81178763804
0.016569508845632984	0.01700043799753941	0.016784973421586198	0.030148133623081386	19759.662525251322	0.4384059707351285	21301.36916599621
0.017000437997539405	0.01743998573248396	0.017220211865011683	0.03248365979862533	19831.176653837796	0.4708896305337538	21192.985536194643
0.01743998573248396	0.017888324422127407	0.017664155077305684	0.03459252763092041	19676.921932818997	0.5054821581646742	21081.826452447658
0.017888324422127403	0.018345629885563715	0.01811697715384556	0.036797961155209946	19508.010053415983	0.5422801193198842	20967.043243976295
0.01834562988556372	0.018812081458268758	0.018578855671916236	0.039113577401210575	19330.824559256696	0.5813936967210948	20848.32448544678
0.018812081458268758	0.0192878620624279	0.01904997176034833	0.04212880990839196	19415.623718995623	0.6235225066294867	20744.895454970927
0.019287862062427896	0.019773158278670218	0.019530510170549055	0.04479499947359589	19255.874455553967	0.6683175061030826	20637.928317225913
0.019773158278670218	0.020268160419237388	0.020020659348953803	0.04758077831599805	19082.519954962874	0.7158982844190807	20526.727331287257
0.020268160419237388	0.0207730626026159	0.020520611510926642	0.05065295860441488	18957.680437773135	0.7665512430234955	20415.07563042683
0.0207730626026159	0.02128806282966198	0.021030562716138942	0.054399104057483605	19004.260446358127	0.8209503470809791	20315.14149506355
0.02128806282966198	0.021813363061248984	0.021550712945455484	0.05774806131271948	18835.413811169892	0.8786984083936986	20210.79267342856
0.021813363061248984	0.022349169297467726	0.022081266179358357	0.061254305053959124	18657.34035354177	0.9399527134476577	20101.720982624654
0.02234916929746773	0.022895691658410846	0.022622430477939288	0.06551964591409565	18640.35141922897	1.0054723593617534	19999.549995001013
0.022895691658410842	0.02345314446657282	0.023174418062491833	0.06993503967489167	18588.238610736465	1.075407399036645	19901.287545492025
0.02345314446657282	0.024021746330898038	0.02373744539873543	0.07413618060699734	18412.948636654484	1.1495435796436424	19798.081208832944
0.024021746330898045	0.02460172023250977	0.024311733281703905	0.07863593876694308	18253.67525396488	1.2281795184105855	19691.410007092913
0.02460172023250977	0.025193293612153726	0.024897506922331746	0.08452626133456898	18341.76050239949	1.3127057797451545	19598.550112186927
0.025193293612153722	0.02579669845939056	0.02549499603577214	0.08955575045884268	18169.56998885881	1.4022615302039971	19500.602461111957
0.02579669845939056	0.026412171403572132	0.026104434931481346	0.09480673874126988	17987.5355732728	1.497068268945267	19397.272863387407
0.026412171403572136	0.02703995380663734	0.02672606260510474	0.10148566626437483	18009.256100460916	1.5985539352096418	19302.82389929453
0.02703995380663734	0.027680291857763845	0.027360122832200594	0.10798662333279219	17926.47412096562	1.706540558542434	19209.497760963073
0.027680291857763845	0.028333436669912882	0.028006864263838364	0.11425663343021775	17746.52895377067	1.8207971919726518	19110.638651554127
0.028333436669912882	0.0289996443783049	0.028666540524108892	0.12161429219189968	17676.447264671344	1.9424114841645514	19014.04910690083
0.028999644378304903	0.02967917624086476	0.029339410309584833	0.12999413929426007	17684.057093774667	2.0724056234588115	18924.77063259619
0.02967917624086476	0.030372298740675815	0.03002573749077029	0.13747126143327915	17505.938759998193	2.2098768848920907	18829.83355679477
0.030372298740675818	0.031079283690483094	0.030725791215579456	0.14564853005463707	17364.4392153437	2.3555254149467277	18732.087725980822
0.031079283690483087	0.03180040833928651	0.031439846014884795	0.15624625774569623	17442.533263581085	2.511771672692424	18646.333989197854
0.03180040833928651	0.032535955481066	0.03216818191017626	0.16515067981810816	17265.852866350775	2.676922352510532	18554.80819678083
0.032535955481066005	0.03328621356568108	0.032911084523373546	0.17441546929550933	17078.953557828252	2.8513378218060415	18457.245109921245
0.03328621356568108	0.03405147681198846	0.03366884518883477	0.18745048910756967	17194.54627527836	3.038788310913611	18374.01141544046
0.03405147681198846	0.03483204532322199	0.03444176106760523	0.1981228093905978	17026.457490196695	3.236911120304209	18285.43241138262
0.03483204532322199	0.03562822520468019	0.03523013526395109	0.20913521968190896	16840.65615403676	3.446046339986118	18190.722029326425
0.03562822520468018	0.036440328683767544	0.03603427694422386	0.22420462315053724	16918.946722027766	3.670250963136655	18107.575109910023
0.036440328683767544	0.037268674232436655	0.036854501458102096	0.23736322309893332	16787.756438310473	3.9076141862355884	18021.512482946728
0.037268674232436655	0.03811358669207914	0.0376911304622579	0.25043780526214654	16602.817640436628	4.158051991497735	17929.23855427871
0.03811358669207915	0.03897539740091449	0.03854449204649682	0.2680300297125324	16657.85043502703	4.426082021210267	17846.752148656156
0.038975397400914484	0.03985444432392653	0.0394149208624205	0.284026206312876	16549.96852242778	4.710108227523143	17762.823568704425
0.03985444432392653	0.040751072185398814	0.040302758254662674	0.299533585927799	16365.752558509656	5.009641813450942	17672.620295407753
0.040751072185398814	0.04166563260410055	0.04120835239474968	0.3202658292278642	16409.676184834614	5.329907642678807	17591.267557140978
0.04166563260410054	0.042598484231176306	0.042132058417638424	0.3394710890925303	16313.128579667013	5.669378731771337	17509.124177692072
0.04259848423117632	0.0435499928907936	0.04307423856098496	0.3578424084417495	16129.329768275451	6.027221140213086	17420.64583213679
0.043549992890793594	0.04452053172360322	0.04403526230719841	0.3825021881626034	16173.06707406028	6.40972332837569	17340.820658715074
0.044520531723603214	0.04551048133306903	0.04501550652833612	0.4052965307107561	16077.116121430861	6.815019859086446	17260.136665000944
0.045510481333069036	0.04652022993472417	0.0460153556338966	0.4270393651601614	15893.582257584741	7.242059224246607	17173.06860320597
0.04652022993472417	0.047550173508412404	0.04703520172156829	0.4566248508973745	15946.775208810937	7.698684075143982	17095.09705948595
0.04755017350841241	0.04860071595357441	0.048075444730993414	0.4833900469433292	15842.011852636719	8.182074122087311	17015.58163849118
0.04860071595357442	0.04967226924763966	0.04913649260060704	0.5091027628187206	15658.72138856775	8.691176884906032	16929.649886841748
0.04967226924763965	0.05076525360758619	0.05021876142761292	0.5448708414618899	15729.706465907468	9.236047726367921	16853.80166070412
0.0507652536075862	0.05188009765473167	0.051322675631158936	0.5759767751747749	15607.93086908278	9.812024501542696	16775.198197804802
0.051880097654731665	0.05301723858282005	0.052448668118775854	0.6063534232860412	15424.664923704126	10.418377924828738	16690.147973402065
0.05301723858282006	0.05417712232947021	0.05359718045614513	0.6498914649608221	15520.856027500284	11.06826938978956	16616.64384841836
0.0541771223294702	0.055360203751053355	0.054768663040261775	0.6856683057540618	15374.762309078142	11.753937695543621	16538.7139361699
0.055360203751053355	0.05656694680106817	0.05596357527606076	0.7216893184348798	15194.901040746074	12.475627013978501	16454.5328778394
0.05656694680106818	0.057797824712083286	0.057182385756575735	0.7746590376466678	15315.96761026383	13.250286051625169	16383.329434851998
0.05779782471208328	0.059053320181318696	0.05842557244670099	0.8155366446683932	15142.437928828318	14.065822696293562	16305.854731869478
0.0590533201813187	0.06033392555993882	0.059693622870628765	0.8602242429979317	15000.784126111614	14.926046939291494	16224.504580389243
0.06033392555993882	0.06164014304613134	0.06098703430303508	0.9209918785734281	15084.774135332818	15.847038817864922	16153.573003434985
0.06164014304613134	0.06297248488204772	0.06230631396408953	0.9691919710325774	14910.891552871657	16.8162307888975	16076.353872407079
0.06297248488204771	0.06433147355468241	0.06365197921836506	1.024933201519488	14812.540112203254	17.841163990416987	15997.940524858905
0.06433147355468241	0.06571764200076981	0.06502455777772612	1.0940870276149788	14854.387022955765	18.935251018031966	15927.093911314905
0.06571764200076981	0.06713153381577895	0.06642458790827438	1.1508694483546158	14679.994134880124	20.086120466386582	15849.944421025111
0.06713153381577895	0.06857370346708827	0.0678526186414336	1.2206898273481563	14629.501707293697	21.30681029373474	15774.55129240514
0.06857370346708827	0.07004471651142379	0.06930920998925602	1.2986906408421781	14624.503251372289	22.605500934576916	15703.605635415119
0.07004471651142379	0.071545149816646	0.0707949331640349	1.3655013930405815	14449.239154809628	23.971002327617498	15626.330031672982
0.071545149816646	0.07307559178797267	0.07231037080230934	1.453258819734387	14451.031480255746	25.424261147351885	15554.021975199954
0.07307559178797267	0.07463664259872586	0.07385611719334927	1.5403328684371829	14394.565746392778	26.964594015789068	15482.781718084656
0.07463664259872586	0.07622891442569413	0.07543277851221	1.6188679177692968	14218.310896706176	28.583461933558365	15405.188384972582
0.07622891442569411	0.07785303168920174	0.07704097305744792	1.7294636006060884	14276.592931551406	30.312925534164453	15336.0196315319
0.07785303168920174	0.07950963129797951	0.07868133149359063	1.8255521143636138	14164.69972455945	32.13847764852807	15264.32039036575
0.07950963129797951	0.08119936289893284	0.08035449709845618	1.9181410768525922	13989.963373147768	34.05661872538066	15186.40762688035
0.08119936289893284	0.08292288913190524	0.08206112601541904	2.0570476782585416	14103.460532408202	36.1136664036392	15120.275266087341
0.08292288913190525	0.0846808858895371	0.08380188751072118	2.162024564889883	13935.070254308515	38.27569096852909	15047.981615909017
0.08468088588953708	0.08647404258232155	0.08557746423592932	2.281350576429112	13823.856159695584	40.5570415449582	14973.398099455837
0.08647404258232155	0.08830306240896171	0.08738855249564163	2.435502275629034	13875.074302154231	42.99254382058724	14906.553286859029
0.08830306240896173	0.0901686626321347	0.08923586252054821	2.55875253276875	13705.824515767014	45.55129635335599	14833.555021311695
0.09016866263213469	0.09207157485977112	0.09112011874595291	2.7123094696735066	13660.490129602076	48.26360582302949	14762.314076403902
0.09207157485977113	0.09401254533196028	0.09304206009586571	2.8817136151708667	13647.328345241205	51.14531943820036	14694.670518116816
0.09401254533196027	0.09599233521359321	0.09500244027277674	3.0263949999234256	13477.564155629647	54.171714438123786	14620.906518723303
0.09599233521359321	0.09801172089285881	0.09700202805322601	3.2234327424305746	13499.328435379619	57.39514718055436	14552.999711721723
0.0980117208928588	0.1000714942857097	0.09904160758928425	3.407626953812276	13420.593495596739	60.802774134366636	14484.504091296369
0.10007149428570972	0.10217246314641765	0.10112197871606368	3.577393180029773	13250.444719903371	64.3801673143964	14409.931012235118
0.10217246314641763	0.10431545138433972	0.10324395726537867	3.829383252441758	13339.953179934842	68.20955056683816	14345.33365152151
0.10431545138433973	0.10650129938702026	0.10540837538567999	4.027306272247841	13195.292846133876	72.236856839086	14275.966230753918
0.10650129938702026	0.10873086434975439	0.10761608186838732	4.243183365235211	13076.512067550051	76.48004020432121	14203.683191240432
0.10873086434975437	0.1110050206117432	0.10986794248074878	4.530764353868236	13133.601040980851	81.01080455818945	14139.253166149594
0.1110050206117432	0.11332465999897179	0.11216484030535749	4.757324210919933	12971.895700543937	85.76812876910938	14069.026624313976
0.11332465999897177	0.11569069217394494	0.11450767608645836	5.037786757500584	12921.847676190186	90.80591552660997	14000.072148041474
0.11569069217394495	0.11810404499241757	0.11689736858318125	5.351287826739906	12912.274008243778	96.15720335334987	13934.74089873151
0.11810404499241758	0.12056566486725966	0.11933485492983861	5.617224838144239	12750.902809574496	101.77442819149411	13863.699151284562
0.12056566486725963	0.12307651713959854	0.12182109100342908	5.978674423056191	12767.725441980672	107.7531026145503	13797.982215971615
0.12307651713959855	0.12563758645738424	0.1243570517984914	6.317690290086546	12693.194945347914	114.07079290463685	13731.7882077592
0.12563758645738424	0.12824987716152564	0.12694373180945495	6.630023416852296	12532.73466647601	120.70081632148914	13660.000793527563
0.12824987716152564	0.13091441367974987	0.12958214542063776	7.092241263122148	12613.811193924066	127.79305758461129	13597.412001625877
0.13091441367974987	0.13363224092833859	0.13227332730404423	7.456081148297926	12477.255777211885	135.24913873290922	13530.447015796024
0.13363224092833859	0.13640442472189906	0.13501833282511883	7.852603391296668	12364.627586073404	143.10174212420588	13460.802018182481
0.13640442472189906	0.13923205219133075	0.1378182384566149	8.379697310414059	12415.598269104918	151.48143943461994	13398.406218368704
0.1392320521913308	0.14211623221015113	0.14067414220074098	8.796880101522845	12264.580011657828	160.2783195361428	13330.76633989754
0.1421162322101511	0.14505809582934784	0.14358716401974947	9.308828648248834	12212.827107839743	169.58714818439162	13264.119049358967
0.14505809582934784	0.1480587967209285	0.14655844627513817	9.885766360028299	12205.087441188587	179.47291454441992	13201.025187086809
0.1480587967209285	0.1511195116303408	0.14958915417563465	10.375927741819737	12055.322458169752	189.84884228623966	13132.81176756304
0.1511195116303408	0.1542414408379413	0.15268047623414105	11.029778271521138	12060.122637574255	200.8786205577608	13068.985843991444
0.1542414408379413	0.15742580862969385	0.15583362473381757	11.659558210694627	11998.074416276027	212.53817876845542	13005.305164457723
0.15742580862969385	0.16067386377728143	0.15904983620348764	12.236286766291215	11850.450011940053	224.77446553474664	12936.674532408319
0.16067386377728143	0.16398688002782077	0.16233037190255112	13.062265180709005	11906.124630436016	237.83673071545564	12875.467520300974
0.16398688002782077	0.1673661566033709	0.16567651831559582	13.748641914899935	11794.763141240368	251.58537263035558	12811.31910243638
0.1673661566033709	0.17081301871043203	0.16908958765690146	14.450189171647281	11667.854106795587	266.03556180200286	12743.484090794991
0.170813018710432	0.17432881805963435	0.1725709183850332	15.438496213820429	11733.317107836736	281.4740580158233	12683.590384206547
0.17432881805963435	0.17791493339582073	0.17612187572772753	16.209765415335596	11595.80768613518	297.6838234311589	12619.13012372595
0.17791493339582073	0.18157277103873085	0.1797438522172758	17.099325450932838	11513.877680486346	314.7831488820917	12553.669810858944
0.18157277103873087	0.1853037654344992	0.18343826823661502	18.19995509625187	11535.62157900148	332.9831039783436	12493.406036668526
0.18530376543449914	0.1891093797181828	0.187206572576341	19.108588962306726	11400.839878524932	352.0916929406503	12428.764496286843
0.18910937971818284	0.19299110628754018	0.1910502430028615	20.22264260864165	11357.767485926352	372.31433554929197	12365.431112040826
0.19299110628754018	0.19695046738828467	0.1949707868379124	21.452779560842828	11342.128954694277	393.7671151101348	12304.948126219719
0.19695046738828464	0.20098901571104402	0.19896974154966435	22.523454077367262	11210.135528375471	416.29056918750206	12240.26986500753
0.20098901571104408	0.20510833500025866	0.20304867535565135	23.90223868408839	11199.226881511751	440.19280787159045	12178.797395459207
0.20510833500025863	0.2093100406752575	0.20720918783775805	25.284544581831653	11152.872733884893	465.4773524534221	12118.245873543552
0.2093100406752575	0.21359578046375632	0.2114529105695069	26.54681794088424	11023.883288317218	492.02417039430634	12053.684541091296
0.21359578046375632	0.21796723504802512	0.21578150775589072	28.233929505537617	11038.045788896106	520.258099899844	11993.794288705236
0.21796723504802512	0.2224261187239793	0.2201966768860022	29.79649124817024	10967.124116220273	550.0545911480142	11933.28008093609
0.22242611872397927	0.22697418007345255	0.2247001493987159	31.285697195609373	10841.468450159522	581.3402883436236	11868.953944632127
0.22697418007345255	0.23161320264991528	0.22929369136168393	33.329110067035344	10873.975288864918	614.6693984106589	11810.357590458627
0.23161320264991528	0.23634500567790726	0.23397910416391127	35.11059144413116	10785.311046303736	649.7799898547901	11750.01538783215
0.23634500567790728	0.2411714447664591	0.2387582252221832	36.870501009814916	10663.77253331716	686.650490864605	11686.096555250497
0.24117144476645908	0.24609441263678192	0.2436329287016205	39.31742130741986	10706.842456276818	725.9679121720249	11628.496202637572
0.24609441263678195	0.25111583986451125	0.2486051262506466	41.37063671866508	10607.675941769465	767.3385488906899	11568.474223833002
0.25111583986451125	0.25623769563679516	0.2536767677506532	43.447593273122266	10489.441642778209	810.7861421638122	11505.053639086855
0.2562376956367951	0.2614619885245247	0.25884984208065986	46.34956117119691	10536.53211803079	857.1357033350091	11448.14962306963
0.2614619885245247	0.26679076727000883	0.2641263778972668	48.73930424847185	10432.862669434666	905.875007583481	11388.519783235513
0.26679076727000883	0.27222612159040266	0.2695084444302057	51.193611504008004	10318.547541900718	957.068619087489	11325.70068281593
0.2722261215904027	0.2777701829972044	0.27499815229380353	54.60058085560354	10362.990641411088	1011.6691999430925	11269.19889700105
0.2777701829972044	0.28342512563214217	0.2805976543146733	57.41878405136117	10262.026984557133	1069.0879839944537	11210.107971504487
0.28342512563214217	0.28919316711977866	0.2863091463759604	60.319027425066	10151.51727541222	1129.4070114195197	11148.021246313101
0.28919316711977866	0.29507656943716787	0.29213486827847324	64.27296152560666	10186.111587010831	1193.6799729451263	11091.623547816951
0.2950765694371678	0.3010776398009048	0.2980771046190363	67.62915416365922	10093.074195392172	1261.3091271087856	11033.09659593522
0.30107763980090485	0.3071987315719166	0.3041381856864107	71.05951025307672	9986.81245532332	1332.3686373618623	10971.791285718735
0.30719873157191663	0.3134422451783486	0.3103204883751326	75.60192243835922	10005.950787359427	1407.9705598002215	10915.217050677242
0.31344224517834857	0.31981062905690916	0.31662643711762883	79.64836514859121	9927.245887636782	1487.6189249488127	10857.364159800536
0.3198106290569092	0.326306380613041	0.3230585048349751	83.70289515087825	9824.811362588767	1571.321820099691	10796.918764912516
0.326306380613041	0.33293204720029546	0.32961921390666826	88.8590084232078	9822.507281110093	1660.1808285228988	10739.89366120301
0.3329320472002955	0.33969022711929503	0.33631113715979527	93.78600325373304	9763.404932695286	1753.9668317766318	10682.76340195675
0.33969022711929503	0.34658357063667455	0.3431368988779848	98.5705554122651	9664.023307772826	1852.537387188897	10623.177967607937
0.3465835706366745	0.35361478102440164	0.35009917583053807	104.35761499313139	9635.79193801655	1956.8950021820283	10565.442342853858
0.35361478102440164	0.3607866156198833	0.35720069832214246	110.40591822915167	9600.924123820014	2067.30092041118	10509.059120911716
0.3607866156198833	0.3681018869072746	0.36444425126357893	116.0583681295293	9505.158643738794	2183.3592885407093	10450.389266522328
0.36810188690727463	0.37556346362041376	0.3718326752638442	122.45927385931282	9445.860587729301	2305.818562400022	10391.697947186374
0.3755634636204137	0.3831742718678156	0.37936886774411466	129.93238269360836	9439.278848307218	2435.7509450936304	10336.065386450595
0.38317427186781555	0.3909372962801655	0.38705578407399055	136.61323094991076	9347.387884288333	2572.364176043541	10278.329315618825
0.39093729628016555	0.3988555811807625	0.394896438730464	143.60800713709295	9254.579329115426	2715.972183180634	10218.559728991198
0.3988555811807624	0.40693223177937127	0.40289390648006684	152.8283421076094	9276.129450092392	2868.8005252882435	10163.551020066758
0.40693223177937127	0.4151704153899523	0.4110513235846618	160.74488302571854	9189.442975086955	3029.545408313962	10106.706671354606
0.4151704153899523	0.4235733626727449	0.4193718890313486	169.00496656686573	9100.071465111087	3198.550374880828	10047.97771971677
0.423573362672745	0.43214436890119345	0.4278588657869692	178.95099306694146	9075.631292684551	3377.5013679477693	9991.262044412462
0.4321443689011934	0.4408867952542109	0.43651558207770214	189.0572698907249	9031.034824505998	3566.558637838494	9935.265659056457
0.4408867952542108	0.44980407013428864	0.44534543269424975	198.80571955029882	8944.958728253048	3765.364357388793	9877.527677146572
0.4498040701342887	0.45889969051196805	0.45435188032312834	209.3523969951102	8872.307486986072	3974.716754383903	9818.932664508246
0.4588996905119681	0.468177223297201	0.46353845690458456	222.2492537977696	8871.80343556024	4196.966008181673	9763.735319847816
0.4681772232972011	0.4776403067381387	0.4729087650176699	233.74190066353367	8788.703629084272	4430.7079088452065	9706.923465085738
0.47764030673813856	0.4872926518478949	0.4824664792930167	245.80254378912105	8705.523509030285	4676.5104526343275	9648.586900289822
0.48729265184789494	0.4971380438598464	0.49221534785387067	260.0201960281556	8674.399547237499	4936.530648662483	9591.84674241541
0.49713804385984633	0.5071803437120368	0.5021591937859415	274.6485163690486	8630.518703278429	5211.179165031532	9535.866326790587
0.5071803437120368	0.517423489561271	0.5123019166366539	288.84980992766305	8549.927578869416	5500.028974959195	9478.46359592263
0.5174234895612712	0.5278714983274901	0.5226474939443806	303.7505074953524	8469.180963337516	5803.779482454547	9419.712611252276
0.5278714983274901	0.5385284672690335	0.5331999827982619	322.2445174686991	8463.44667966543	6126.023999923246	9364.057846373418
0.5385284672690335	0.5493985755894076	0.5439635214292206	339.1855804089155	8391.50079731904	6465.209580332162	9307.464987928024
0.5493985755894077	0.5604860860761894	0.5549423308327985	356.7323031179176	8313.585652205302	6821.941883450079	9249.64145718291
0.5604860860761894	0.5717953467727067	0.5661407164244481	375.5639177882531	8244.732310708681	7197.505801238332	9191.186191231096
0.5717953467727067	0.5833307926831544	0.5775630697279306	398.0257204041318	8231.019248644297	7595.531521642464	9135.34290688559
0.5833307926831544	0.595096947511811	0.5892138700974827	418.58683599210144	8154.189280937609	8014.118357634567	9078.28839241707
0.5950969475118111	0.6070984254370408	0.601097686474426	440.22032366298936	8078.318171462772	8454.338681297555	9020.149028942997
0.6070984254370407	0.619339932920775	0.6132191791789079	463.7039482161017	8015.86041623504	8918.042629513657	8961.767787121014
0.619339932920775	0.631826270554184	0.6255831017374796	490.7627611426833	7991.756211326976	9408.80539065634	8905.387842677774
0.631826270554184	0.6445623349402613	0.6381943027472227	516.1124659600064	7917.3342484715195	9924.917856616346	8847.967934948998
0.6445623349402613	0.65755312061406	0.6510577277771606	542.7154704265668	7842.842881916179	10467.633327042913	8789.5646001195
0.65755312061406	0.6708037220013348	0.6641784213076973	571.2036661985821	7776.095849586032	11038.836993241495	8730.685014760427
0.6708037220013346	0.6843193354163548	0.6775615287088448	604.4734679616922	7752.106657259329	11643.310461203188	8673.840564903776
0.6843193354163548	0.6981052610996754	0.6912122982580151	635.6251230423495	7679.234821035684	12278.935584245537	8616.073177419714
0.6981052610996754	0.7121669052966624	0.7051360831981689	668.2906233696631	7606.049176341915	12947.2262076152	8557.418323228729
0.7121669052966624	0.7265097823775891	0.7193383438371257	702.591625225079	7533.139655463683	13649.81783284028	8497.943649341414
0.7265097823775891	0.7411395170001344	0.7338246496888617	742.9596396771522	7504.468407256522	14392.777472517431	8440.265167959771
0.7411395170001344	0.7560618463151305	0.7486006816576325	781.7652289660746	7439.008403333927	15174.542701483506	8382.14241352773
0.7560618463151304	0.7712826222164265	0.7636722342657785	821.8235799018748	7367.218730180956	15996.36628138538	8323.23374966981
0.7712826222164265	0.7868078136357485	0.7790452179260875	863.8856896887264	7295.74669999606	16860.251971074107	8263.603272096032
0.7868078136357485	0.8026435088834569	0.7947256612596028	910.1353201313104	7241.19307159777	17770.387291205418	8204.274643119188
0.8026435088834569	0.8187959180361195	0.8107197134597882	960.0328017505963	7195.866013155255	18730.420092956014	8145.765472558406
0.8187959180361196	0.8352713753718355	0.8270336467039776	1009.0439723395612	7125.281554433471	19739.464065295575	8086.562594105598
0.8352713753718353	0.8520763418542654	0.8436738586130503	1060.4639104433518	7054.802082844107	20799.927975738927	8026.71236323249
0.8520763418542654	0.8692174076663441	0.8606468747603048	1114.3808515955898	6984.279436717202	21914.308827334517	7966.24983549786
0.8692174076663441	0.8867012947946644	0.8779593512305043	1174.9137236997194	6937.371444248144	23089.222551034236	7906.580055410069
0.8867012947946645	0.9045348596655512	0.8956180772301079	1236.8015905368811	6880.055701663053	24326.024141571117	7847.053218964078
0.9045348596655511	0.9227250958338555	0.9136299777497033	1299.396444920476	6809.864088991864	25625.420586491593	7786.914305189145
0.9227250958338556	0.9412791367255261	0.9320021162796909	1365.1601852408312	6740.422198894528	26990.580771732424	7726.242270073477
0.9412791367255261	0.96020425843503	0.950741697580278	1434.04073024428	6670.732386621767	28424.621501976704	7665.053632936992
0.9602042584350299	0.9795078825787238	0.9698560705068768	1510.1725946137776	6618.338166863889	29934.79409659048	7604.380858198915
0.9795078825787238	0.9991975792052916	0.9893527308920077	1589.1272773706078	6561.349107829327	31523.92137396109	7543.927513155396
0.9991975792052917	1.0192810697643908	1.0092393244848412	1668.935781462449	6492.140433812818	33192.85715542354	7482.97255087351
1.0192810697643908	1.039766230134672	1.0295236499495313	1752.6375546867275	6423.265852383482	34945.494710110266	7421.564379978971
1.039766230134672	1.0606610937123586	1.0502136619235154	1840.3391912975858	6354.462451409477	36785.83390140785	7359.733356354528
1.0606610937123588	1.0819738545615993	1.071317474136979	1932.801420770178	6287.629745701991	38718.63532217803	7297.618122216082
1.0819738545615993	1.1037128706278245	1.0928433625947118	2035.8483024760062	6239.725842088131	40754.483624654036	7236.331678157396
1.1037128706278245	1.1258866670153744	1.1147997688215994	2137.1276630831853	6171.240740859145	42891.61128773722	7174.633544240885
1.1258866670153742	1.148503939330675	1.1371953031730246	2243.17641934735	6102.796799133984	45134.78770708457	7112.549916523443
1.1485039393306753	1.171573557092282	1.1600387482114787	2354.306760605141	6034.669385511333	47489.09446768971	7050.121416034447
1.171573557092282	1.195104567209121	1.1833390621507016	2470.663878493804	5966.649392054131	49959.75834618352	6987.374191402276
1.195104567209121	1.2191061975282966	1.2071053823687088	2592.638342932609	5899.112141956081	52552.396689116125	6924.354605472051
1.2191061975282966	1.2435878604538557	1.2313470289910762	2727.8179179472863	5847.757572550568	55280.21460706341	6862.015414003926
1.243587860453856	1.2685591566379264	1.2560735085458912	2861.6246799683504	5779.859838108544	58141.83928703176	6799.359180444656
1.268559156637926	1.2940298787456777	1.2812945176918018	3001.6621835255282	5712.13489343173	61143.50147055729	6736.414217464495
1.2940298787456779	1.3200100152955847	1.3070199470206312	3148.0979604310633	5644.4056007016325	64291.59943098835	6673.196938194416
1.3200100152955847	1.3465097545764897	1.3332598849360373	3301.3599430553004	5576.959499839769	67592.95937404365	6609.73944737448
1.3465097545764895	1.3735394886430126	1.360024621609751	3461.789950947248	5509.868567266298	71054.7493249909	6546.076151404289
1.3735394886430126	1.401109817390866	1.3873246530169392	3630.7442942137423	5444.6924629674195	74685.49361920464	6482.329729623198
1.401109817390866	1.4292315527136765	1.4151706850522712	3813.150133570947	5387.657584565483	78498.64375277559	6418.976087000354
1.4292315527136763	1.457915722742943	1.4435736377283095	3996.979225883697	5320.9302370244195	82495.62297865929	6355.431445636808
1.4579157227429431	1.487173576172795	1.4725446494578691	4189.234568890097	5254.496698436489	86684.85754754939	6291.723801768261
1.487173576172795	1.5170165866712442	1.5020950814220195	4390.227314186952	5188.303564211779	91075.08486173634	6227.876437013695
1.5170165866712444	1.5474564573796623	1.5322365220254532	4600.318945345265	5122.351446823588	95675.4038070816	6163.911317948919
1.5474564573796623	1.5785051255022486	1.5629807914409555	4819.956939650627	5056.718248667892	100495.36074673223	6099.853644351731
1.5785051255022486	1.6101747669872868	1.5943399462447676	5049.352202918904	4991.217771555346	105544.71294965113	6035.716382655643
1.6101747669872866	1.6424778013020254	1.626326284144656	5289.232827450571	4926.175296085346	110833.9457771017	5971.530565228604
1.6424778013020256	1.6754268963030592	1.6589523488025424	5546.424469307996	4867.182703515625	116380.3702464097	5907.648890920182
1.6754268963030592	1.7090349732041135	1.6922309347535864	5809.386030041904	4803.338302232739	122189.7562764516	5843.773019570917
1.709034973204113	1.7433152116431883	1.7261750924236505	6083.195927082823	4739.081111747623	128272.95220353443	5779.878668044617
1.7433152116431885	1.7782810548510453	1.7607981332471168	6369.239780926582	4675.201348897573	134642.191984461	5715.988665958622
1.7782810548510457	1.8139462149230596	1.7961136348870528	6668.080293057836	4611.740797934401	141310.27227751884	5652.126936760341
1.8139462149230594	1.8503246781965137	1.8321354465597866	6980.286724308826	4548.724420297048	148290.55900182767	5588.317461500894
1.8503246781965135	1.8874307107354367	1.868877694465975	7306.315464515472	4486.090253736553	155596.87446634314	5524.579249099767
1.887430710735437	1.9252788639251386	1.9063547873302877	7646.828260943788	4423.8974973709155	163243.70272728693	5460.933630990493
1.9252788639251386	1.9638839801786343	1.9445814220518864	8002.496995284426	4362.186835252567	171246.19972257136	5397.403055894406
1.9638839801786343	2.0032611987571998	1.983572589467917	8374.090494888515	4301.0282055917	179620.29021745987	5334.012716518315
2.0032611987571998	2.0434259617073365	2.023343580232268	8762.295733440144	4240.424179135934	188382.58595090001	5270.786495608643
2.0434259617073365	2.084394019916476	2.063909990811906	9169.356969146203	4181.074155763775	197551.94292004622	5207.787327583059
2.084394019916476	2.1261814392897986	2.1052877296031376	9596.552574048314	4123.088478639089	207148.49549409453	5145.080880510471
2.126181439289799	2.1688046070505878	2.1474930231701936	10039.078567734978	4064.063505889322	217187.5740618295	5082.590070946905
2.1688046070505878	2.2122802381665925	2.19054242260859	10501.502861522313	4005.697079278756	227689.07692335182	5020.340426829178
2.212280238166592	2.2566253819049167	2.234452810035754	10984.797712562286	3948.021455807291	238673.8746359141	4958.357863382446
2.256625381904917	2.3018574285180082	2.2792414052114625	11490.02959632955	3891.079821484107	250163.90423224366	4896.669292458978
2.3018574285180082	2.347994116063361	2.3249257722906846	12018.278238536092	3834.8955918608463	262182.18247077975	4835.301422179277
2.347994116063361	2.395053537359621	2.371523826711491	12570.918372527522	3779.560701933063	274753.1008433073	4774.284728925355
2.395053537359621	2.4430541470818063	2.4190538422207135	13149.18701821292	3725.0916747210963	287902.2878615202	4713.648880777285
2.4430541470818063	2.4920147689984353	2.467534458040121	13754.523965820845	3671.5383938560544	301656.81182734104	4653.424712384809
2.4920147689984353	2.5419546033533966	2.516984686175916	14388.439921346086	3618.9397481337596	316045.2517486871	4593.643522096821
2.5419546033533966	2.5928932343954574	2.567423918874427	15052.644824502175	3567.354503077678	331097.8965731893	4534.338193794377
2.5928932343954574	2.6448506380583594	2.6188719362269084	15748.974999471626	3516.836838470309	346846.8715726609	4475.542840151918
2.644850638058359	2.6978471897945187	2.6713489139264386	16479.467111132806	3467.4500248910017	363326.3386837937	4417.293256841163
2.697847189794519	2.751903672565402	2.7248754311799606	17246.64331954997	3419.3171461752786	380572.9820033437	4359.630281155067
2.7519036725654016	2.807041284991702	2.779472478778552	18052.98073623405	3372.501101144127	398625.96273957775	4302.596022752797
2.8070412849917026	2.863281649666529	2.835161467329116	18901.458414145513	3327.112505149654	417527.42115372326	4246.236546962701
2.8632816496665288	2.920646821634852	2.8919642356506903	19795.33483127749	3283.254987728455	437322.75598500075	4190.601242242198
2.920646821634852	2.9791592970425413	2.9499030593386966	20738.488403386902	3241.0746573515953	458061.24438838765	4135.745081989144
2.979159297042542	3.038842021958385	3.0090006595004635	21735.460762097966	3200.748420457155	479796.7051504856	4081.7300805286654
3.038842021958385	3.099718401372545	3.069280211665465	22791.6857329309	3162.4994081652444	502588.3908834165	4028.627555968126
3.099718401372545	3.1618123083749885	3.130765354873767	23913.857359114685	3126.6229318893847	526502.2482425312	3976.5217613921714
3.161812308374988	3.2251480935174803	3.193480200946234	25110.26576798223	3093.496261302877	551612.5140105134	3925.513870626237
3.2251480935174803	3.2897505943628222	3.2574493439401513	26391.529908169294	3063.626351597047	578004.0439186827	3875.7284901271532
3.2897505943628227	3.3556451452250715	3.322697869793947	27772.371016978985	3037.7893320717935	605776.4149356617	3827.327850953235
3.355645145225072	3.422857587104566	3.389251366164819	29274.51867690659	3017.2301098523394	635050.9336125683	3780.5367081939894
3.422857587104566	3.4914142778216495	3.4571359324631077	30934.431599063566	3004.244583122252	665985.3652116319	3735.6994265934063
3.491414277821649	3.5613421023530742	3.5263781900873616	32833.090109024895	3004.5530209649637	698818.4553206568	3693.4708401355833
3.5613421023530742	3.632668483375128	3.597005292864101	35231.30321722175	3037.891585006233	734049.7585378785	3655.607778157998
3.6326684833751277	3.7054213920176227	3.669044937696375	37588.56128668017	3054.043276859844	771638.3198245587	3620.8652599224492
3.705421392017622	3.779629358832967	3.7425253754252945	39695.470257099485	3039.042813221836	811333.7900816582	3587.2637839494528
3.7796293588329672	3.8553214849846187	3.817475421908793	41667.82557234913	3005.89317040869	853001.6156540073	3553.689252034733
3.855321484984619	3.932527453659304	3.8939244693219615	43584.8006798079	2962.6820768279863	896586.4163338152	3519.5590492450647
3.9325274536593033	4.011277541707481	3.9719024976833923	45442.73230900476	2910.664437038709	942029.14864282	3484.3967162631716
4.011277541707481	4.091602631516623	4.051440086612052	47265.753265649895	2852.6758933169262	989294.9019084699	3447.9170894497843
4.091602631516623	4.173534223121948	4.132568427319285	49186.21950962907	2797.2279307949893	1.0384811214180989e6	3410.342987287132
4.173534223121948	4.257104446559379	4.215319334840663	50754.99370923359	2719.832539929445	1.0892361151273325e6	3370.470315234915
4.257104446559379	4.342346074465558	4.299725260512469	52655.76411458547	2658.8184497830825	1.141891879241918e6	3329.377781500661
4.342346074465559	4.429292534929862	4.38581930469771	54496.44073839625	2592.929297852735	1.1963883199803142e6	3286.854366643056
4.4292925349298615	4.517977924603451	4.473635229766656	56229.51408065739	2520.9662160252146	1.2526178340609716e6	3242.6320253262907
4.51797792460345	4.608437022070511	4.5632074733369805	58308.91136322357	2463.304876399991	1.3109267454241952e6	3197.634669686549
4.608437022070511	4.700705301486913	4.654571161778712	59904.05600262829	2384.6265353750796	1.3708308014268235e6	3150.693591281372
4.700705301486913	4.794818946491643	4.747762123989277	61239.0474849015	2297.0679662676134	1.432069848911725e6	3101.4083623979036
4.794818946491643	4.890814864396467	4.842816905444055	63482.481510734186	2243.7834760258274	1.4955523304224592e6	3051.8932186100683
4.890814864396468	4.988730700659389	4.939772782527928	65298.70942764031	2174.77149019286	1.5608510398500995e6	3001.2534112221706
4.988730700659389	5.088604853647568	5.038667777153478	67042.06752214371	2103.9661987206173	1.6278931073722432e6	2949.4503616894735
5.088604853647569	5.190476489695512	5.13954067167154	68574.06360381306	2027.8410394895552	1.6964671709760563e6	2896.2441249051226
5.190476489695511	5.294385558464413	5.242431024079962	70569.89018203365	1966.4207884192263	1.76703706115809e6	2842.5646669527714
5.294385558464413	5.400372808608692	5.347379183536552	72465.20438961475	1902.697963701819	1.8395022655477047e6	2788.306377606868
5.400372808608693	5.508479803755858	5.454426306182276	74194.54923551925	1835.6757323604877	1.913696814783224e6	2733.312202954184
5.508479803755859	5.618748938805967	5.563614371280913	75843.44647994684	1768.1779525483794	1.9895402612631707e6	2677.597178367008
5.618748938805966	5.731223456557077	5.6749861976815215	77618.61813902296	1705.1322470395191	2.0671588794021937e6	2621.459925835731
5.7312234565570765	5.845947464663209	5.788585460610143	79559.86494407477	1646.9133401322774	2.1467187443462685e6	2565.2034451099694
5.845947464663211	5.962965952931467	5.904456708797339	81661.12434636755	1592.8574367614374	2.228379868692636e6	2509.0749129250407
5.962965952931466	6.082324810965086	6.022645381948276	83915.34469704563	1542.3682076487703	2.3122952133896817e6	2453.272803885007
6.082324810965086	6.204070846159379	6.143197828562233	83171.4790111361	1440.4776274700655	2.3954666924008178e6	2394.811206671607
6.20407084615938	6.328251802057558	6.266161324108468	87039.24227688927	1420.4726691366059	2.482505934677707e6	2338.5703100014466
6.328251802057558	6.4549163770737	6.3915840895656295	87924.04765830515	1352.1080907572414	2.570429982336012e6	2281.630469307338
6.454916377073701	6.584114243590166	6.519515310331934	89674.75103108585	1299.4517002400755	2.660104733367098e6	2224.938714901207
6.584114243590165	6.71589606743696	6.650005155513563	92339.0803951011	1260.845843203367	2.752443813762199e6	2169.291694269263
6.715896067436961	6.850313527760691	6.783104797598826	92326.82667355984	1187.9306660237964	2.844770640435759e6	2112.648769972673
6.85031352776069	6.987419337290895	6.9188664325257925	94945.02658603666	1151.1247567484995	2.9397156670217956e6	2057.151588213553
6.987419337290895	7.127267263011704	7.057343300151299	96774.0691074119	1105.595876787663	3.0364897361292075e6	2002.2305081488655
7.127267263011705	7.269912147246929	7.198589705129317	97082.71857630368	1045.1215714695456	3.133572454705511e6	1946.9896531956838
7.269912147246929	7.4154099291668585	7.342661038206893	102034.06890117284	1035.0415840254943	3.235606523606684e6	1894.356012219786
7.415409929166858	7.5638176667251855	7.489613797946022	99334.44839573838	949.5119140160444	3.3349409720024224e6	1839.824460259553
7.5638176667251855	7.71519355903468	7.639505612879933	102033.45994211826	919.0334431848789	3.4369744319445407e6	1786.6818007881045
7.715193559034678	7.869596969190362	7.79239526411252	107501.20628579427	912.4108246106426	3.544475638230335e6	1736.224630972692
7.869596969190363	8.027088447549161	7.948342708369762	103815.30593538005	830.2847993208832	3.648290944165715e6	1683.9403786849218
8.027088447549161	8.187729755475134	8.107409101512147	105953.52158651128	798.4907982665967	3.7542444657522263e6	1632.839283519045
8.187729755475134	8.351583889559627	8.26965682251738	108370.48305355012	769.5813935538382	3.8626149488057764e6	1583.019497980681
8.351583889559627	8.51871510632581	8.435149497942719	112080.27972524287	750.0012569389695	3.9746952285310193e6	1534.9454343076875
8.51871510632581	8.689188947427317	8.603952026876563	112055.51018795883	706.5703981022085	4.086750738718978e6	1487.139870052296
8.689188947427317	8.863072265350853	8.776130606389085	111417.25596244074	662.0096391925857	4.198167994681419e6	1439.5220879025526
8.863072265350853	9.04043324963286	8.951752757491857	113150.28353346977	633.5156210272802	4.311318278214889e6	1393.0084289943482
9.04043324963286	9.221341453600507	9.130887351616684	114846.68417952396	605.9128438537423	4.426164962394413e6	1347.5865748372232
9.221341453600507	9.405867821647508	9.313604637624007	116583.96307348832	579.5897734218405	4.542748925467901e6	1303.2673364982832
9.405867821647508	9.594084717055448	9.499976269351478	118353.6096519325	554.4390256352762	4.661102535119833e6	1260.0547048825267
9.594084717055447	9.786065950371546	9.690075333713496	120378.17912555486	531.3866213448877	4.781480714245388e6	1218.0058786633497
9.786065950371546	9.981886808353966	9.883976379362757	124063.28113590088	516.0560177768184	4.905543995381289e6	1177.4992613712318
9.981886808353966	10.181624083496034	10.081755445925001	120710.77026902884	473.1409246890941	5.026254765650318e6	1136.8540504414868
10.181624083496034	10.385356104140945	10.28349009381849	122020.1536080502	450.67880897603555	5.148274919258368e6	1097.2584725385157
10.385356104140945	10.593162765198754	10.48925943466985	123290.25581962522	429.09708737068473	5.271565175077993e6	1058.7027350370188
10.593162765198754	10.805125559477718	10.699144162338236	124512.55412092991	408.34887068892243	5.396077729198923e6	1021.1749056835231
10.805125559477718	11.021327609642261	10.91322658455999	125678.29706659075	388.39181320850207	5.521756026265514e6	984.661298279662
11.021327609642261	11.241853700810095	11.131590655226178	126828.57227253169	369.3334145024739	5.648584598538046e6	949.1552203983379
11.241853700810095	11.466790313801287	11.35432200730569	127946.69998034742	351.09323135219876	5.776531298518393e6	914.6457248455436
11.466790313801285	11.696225659052299	11.581507986426793	129050.31074998155	333.69096068340565	5.905581609268375e6	881.1236335459297
11.6962256590523	11.930249711208337	11.813237685130318	130152.98947374709	317.12589184709134	6.035734598742122e6	848.5802578356385
11.930249711208337	12.168954244407493	12.049601977807914	131243.56227834336	301.3338172334073	6.166978161020465e6	817.0037063585393
12.168954244407491	12.41243286827063	12.290693556339061	132387.7510790173	286.4244703091625	6.2993659120994825e6	786.3891063990536
12.41243286827063	12.660781064611031	12.53660696644083	126295.75616441853	257.4800944843777	6.425661668263901e6	755.8711141294834
12.66078106461103	12.914096224878238	12.787438644744633	130962.3486439623	251.5904089470716	6.556624016907863e6	726.7743923155483
12.91409622487824	13.172477688350792	13.043286956614516	132531.4165392341	239.9160608871081	6.689155433447097e6	698.6831400550747
13.172477688350792	13.436026781092796	13.304252234721794	133825.69596245326	228.2826888770955	6.822981129409551e6	671.541688585305
13.436026781092798	13.704846855689642	13.570436818391219	135038.1456842292	217.0616241233705	6.95801927509378e6	645.3190079735219
13.70484685568964	13.97904333177842	13.84194509373403	136193.5312466072	206.28910981551473	7.094212806340387e6	619.9879509238019
13.979043331778422	14.258723737388978	14.1188835345837	137388.68998417817	196.09393660184168	7.231601496324565e6	595.5303683630259
14.258723737388976	14.543997751111744	14.401360744250361	138627.2063539615	186.44688645876508	7.370228702678527e6	571.927473367253
14.543997751111744	14.834977245108966	14.689487498110356	139891.8485822687	177.29344229897023	7.510120551260795e6	549.158418284448
14.834977245108968	15.131776328986135	14.98337678704755	130501.26509412471	155.8506792905501	7.64062181635492e6	526.4660321171039
15.131776328986136	15.434511394540847	15.283143861763492	135506.7847330505	152.49262699547867	7.776128601087971e6	504.8893011377558
15.434511394540843	15.743301161406647	15.588906277973745	138340.93760082498	146.70079217070483	7.914469538688796e6	484.2234219813867
15.743301161406647	16.058266723609766	15.900783942508205	140218.6475245785	140.11401096556986	8.054688186213374e6	464.36996460769694
16.05826672360977	16.37953159705695	16.218899160333358	141939.9479037514	133.65173083191306	8.1966281341171255e6	445.2892273964832
16.37953159705695	16.707221767973074	16.54337668251501	143549.39383638185	127.36953624426371	8.340177527953507e6	426.94700724045447
16.707221767973074	17.041465742307523	16.8743437551403	130324.16340740025	108.96411892216454	8.470501691360908e6	408.60124599749577
17.041465742307526	17.382394596128663	17.211930169218093	138324.67389776744	108.98147524825936	8.608826365258675e6	391.315026756051
17.382394596128663	17.730142027026222	17.55626831157744	141579.56490817666	105.11099834770515	8.750405930166852e6	374.8029042628122
17.730142027026222	18.084844406541734	17.907493216783976	143958.82555217855	100.71184205073557	8.89436475571903e6	358.98970694221725
18.08484440654173	18.44664083364755	18.265742620094642	146050.57764882036	96.28092964825404	9.04041533336785e6	343.8332705170826
18.446640833647553	18.81567318929549	18.631157011471522	128215.97890264913	79.64783821499698	9.1686313122705e6	328.5917205927014
18.81567318929549	19.192086192056387	19.003879690675937	140765.94977835938	82.39946474513167	9.30939726204886e6	314.38831638312445
19.192086192056387	19.5760274548725	19.38405682346444	144255.0233873017	79.57062067741899	9.45365228543616e6	300.84120454446764
19.5760274548725	19.967647542944935	19.771837498908717	146940.55904324353	76.37629729461658	9.600592844479404e6	287.891429469835
19.967647542944935	20.36710003277882	20.167373787861877	129397.67732367851	63.378008861651566	9.729990521803083e6	274.93891762702015
20.367100032778815	20.774541572409376	20.570820802594096	140635.3744197283	64.90855869805063	9.870625896222811e6	262.82201197960217
20.77454157240938	21.19013194283255	20.982336757620963	145069.0137563944	63.092453274099206	1.0015694909979206e7	251.29942502434548
21.19013194283255	21.614034120664186	21.40208303174837	148266.6848897282	60.76335968612884	1.0163961594868934e7	240.30726901089886
21.61403412066419	22.046414342052458	21.830224231358322	126122.53526753373	48.706443379005464	1.0290084130136468e7	229.25373516883354
22.046414342052458	22.48744216786849	22.266928254960476	142433.03047274798	51.83224769405079	1.0432517160609215e7	219.01825784146502
22.48744216786849	22.937290550200846	22.712366359034668	147012.3627703339	50.41257294677256	1.057952952337955e7	209.29140711850457
22.937290550200842	23.396135900179843	23.166713225190342	131402.0330156237	42.460278971179974	1.0710931556395173e7	199.666970595088
23.396135900179846	23.86415815715843	23.630147028669136	138864.57622835785	42.28322049204282	1.084979613262353e7	190.5875875315922
23.86415815715842	24.341540859276574	24.102849508217496	145569.25707565993	41.76785264045009	1.099536538969919e7	182.00229226893993
24.341540859276574	24.828471215437087	24.58500603735683	136105.54680015892	36.79969974443992	1.113147093649935e7	173.62570006789693
24.82847121543709	25.325140178720815	25.076805697078953	134559.80229809508	34.28307967327081	1.1266030738797445e7	165.58719476394594
25.32514017872082	25.83174252127022	25.57844134999552	144380.80434581637	34.66331144461483	1.1410411543143261e7	158.03438463199137
25.831742521270215	26.348476910670602	26.090109715970407	137983.57954532467	31.216497279545713	1.1548395122688586e7	150.71847058202593
26.348476910670605	26.875545987859	26.612011449264802	131683.75877936743	28.07276652719838	1.1680078881467953e7	143.64326856919465
26.875545987858995	27.413156446591156	27.144351217225076	143948.45772161707	28.917205085220186	1.182402733918957e7	137.02495941316926
27.41315644659116	27.961519114497964	27.68733778054456	134797.33944272995	25.51684534842635	1.19588246786323e7	130.59230954637292
27.961519114497964	28.520849035762904	28.241184075130434	132614.10510118678	23.655482098459544	1.2091438783733487e7	124.42338792804846
28.52084903576291	29.09136555545315	28.80610729560803	144343.5912226066	24.262529366747533	1.2235782374956094e7	118.64537460921214
29.091365555453145	29.67329240553719	29.382328980495167	128611.18187207356	20.371069915573273	1.2364393556828167e7	112.97621020317918
29.67329240553719	30.266857792622915	29.970075099080052	135472.80502028018	20.220124869241463	1.2499866361848447e7	107.62539338665395
30.266857792622922	30.87229448745036	30.56957614003664	145651.61452862807	20.485363268699704	1.2645517976377076e7	102.5985656244933
30.872294487450354	31.48983991617434	31.181067201812347	121278.11386321671	16.07339112365636	1.2766796090240292e7	97.60722236934267
31.489839916174343	32.11973625347281	31.804788084823578	138992.81284378842	17.358579749328662	1.290578890308408e7	92.97796497008909
32.11973625347281	32.762230517517246	32.44098338549503	135429.95510388166	15.93798446753824	1.3041218858187962e7	88.53381705707082
32.762230517517246	33.41757466684257	33.08990259217991	125919.45508976094	13.963952805524741	1.3167138313277723e7	84.23217345864111
33.41757466684257	34.0860256991544	33.75180018299848	142770.54805957712	14.919390680623449	1.33099088613373e7	80.23380175965137
34.086025699154405	34.76784575211247	34.42693572563344	119989.90814987943	11.81555576485367	1.342989876948718e7	76.28704331511506
34.767845752112464	35.46330220612969	35.11557397912108	136134.71249714866	12.632093586069027	1.3566033481984328e7	72.61506933379948
35.4633022061297	36.17266778922727	35.81798499767848	130385.0933764875	11.400698730013309	1.3696418575360816e7	69.08389114940476
36.17266778922727	36.89622068398679	36.53444423660703	125440.79117203876	10.33568892435109	1.3821859366532855e7	65.69498394659063
36.8962206839868	37.63424463664151	37.265232660314155	142495.42568636686	11.063657762308065	1.3964354792219222e7	62.543568111214746
37.634244636641505	38.387029068349314	38.01063685249541	112833.35389772058	8.255293487025693	1.4077188146116942e7	59.41194921410234
38.387029068349314	39.15486918869128	38.7709491285203	137574.20504789054	9.484824227661964	1.4214762351164833e7	56.531910392897885
39.15486918869128	39.93806611144008	39.54646765006568	117076.03636352345	7.606022125078263	1.4331838387528356e7	53.70963465896336
39.93806611144008	40.73692697264386	40.33749654204197	131804.3189810738	8.068941306825215	1.446364270650943e7	51.07687075099391
40.736926972643865	41.55176505107172	41.14434601185779	122393.30740472302	7.060605865393821	1.4586036013914153e7	48.53781726786957
41.55176505107172	42.38289989106813	41.96733247106992	124671.82153474167	6.777195719201942	1.4710707835448895e7	46.12888484783293
42.38289989106812	43.23065742786446	42.80677865946629	130895.0856655594	6.7050578577624815	1.4841602921114454e7	43.8547539301214
43.23065742786446	44.09537011539672	43.66301377163059	114045.690648878	5.5049778045448	1.4955648611763332e7	41.64258364506009
44.09537011539672	44.97737705667963	44.536373586038174	139109.2414825596	6.327471806306979	1.5094757853245892e7	39.605469496419815
44.977377056679636	45.8770241367882	45.42720059673392	103287.11012239009	4.427085852586596	1.5198044963368282e7	37.57624668217238
45.8770241367882	46.79466415849894	46.33584414764357	136496.5196758397	5.513038364109702	1.5334541483044121e7	35.726722872088686
46.79466415849895	47.7306569806439	47.26266056957142	103058.6785544157	3.9223980248953603	1.5437600161598537e7	33.892136163381714
47.73065698064389	48.685369659231746	48.20801331993782	134221.7939635925	4.813797560615416	1.557182195556213e7	32.21479740987144
48.685369659231746	49.65917659139136	49.17227312531155	102145.29882974923	3.452080329628212	1.5673967254391879e7	30.55566805317852
49.65917659139135	50.65245966219415	50.15581812679275	132497.14353837073	4.2195563047732465	1.580646439793025e7	29.036516303738416
50.652459662194154	51.665608394413006	51.15903402830358	100491.45580010116	3.015693524173313	1.590695585373035e7	27.53555427219108
51.66560839441301	52.69902010127625	52.18231424784463	131452.71253300644	3.7172814606544033	1.6038408566263357e7	26.161644720717838
52.69902010127624	53.753100042276735	53.22606007177649	98121.4754949715	2.6146756606362183	1.6136530041758329e7	24.803387250472277
53.753100042276735	54.82826158209724	54.29068081218699	131041.91006098501	3.2904997404786793	1.6267571951819314e7	23.562463712014427
54.82826158209724	55.92492635271416	55.3765939674057	95070.73343242705	2.249553954497777	1.636264268525174e7	22.333077594759203
55.92492635271416	57.04352441874341	56.484225385728784	131369.61440809816	2.929155643369614	1.6494012299659839e7	21.213808957376877
57.04352441874342	58.184494446093254	57.614009432418335	91468.74161931127	1.9218443539477703	1.658548104127915e7	20.101000176897898
58.184494446093254	59.348283873990084	58.76638916004167	119013.98242905177	2.3563592800031823	1.6704495023708202e7	19.077446581530783
59.348283873990084	60.53534909044485	59.94181648221747	100739.44693181291	1.8794947892114042	1.6805234470640015e7	18.085428928499354
60.535349090444846	61.74615561122871	61.14075235083678	106955.95535723865	1.8803755941989015	1.6912190425997254e7	17.150685433084394
61.74615561122872	62.981178262428266	62.363666936828494	109852.32159238681	1.8198976846951689	1.702204274758964e7	16.26637288993496
62.98117826242826	64.2409013666518	63.61103981454003	98109.97971574217	1.531613001651672	1.7120152727305382e7	15.416441796234713
64.2409013666518	65.5258189329598	64.8833601498058	115998.86058943346	1.706427078117756	1.7236151587894816e7	14.625621277912373
65.5258189329598	66.83643485059396	66.18112689177687	90377.25080306083	1.2528276085784114	1.7326528838697877e7	13.854253456701223
66.83643485059396	68.1732630865808	67.50484896858738	121428.91832841188	1.5861801819581658	1.744795775702629e7	13.146608992724325
68.17326308658079	69.53682788728737	68.85504548693407	83327.79108506814	1.025695597621879	1.7531285548111357e7	12.447453955531088
69.53682788728739	70.9276639840081	70.23224593564774	106333.54641754925	1.2333807743411402	1.7637619094528906e7	11.800607904363046
70.92766398400809	72.34631680266321	71.63699039333565	96731.90841165185	1.057291911270899	1.7734351002940558e7	11.18091673223185
72.34631680266322	73.79334267769146	73.06982974017734	90368.39983494207	0.9307650075148808	1.78247194027755e7	10.589672823743527
73.79334267769144	75.26930907022023	74.53132587395584	111293.5630947724	1.080169292020317	1.7936012965870272e7	10.04115130930066
75.26930907022025	76.77479479059961	76.02205193040993	79962.52818132564	0.731318642072552	1.8015975494051598e7	9.504147773134425
76.7747947905996	78.31039022538656	77.54259250799308	106036.74027924985	0.9138498935876563	1.8122012234330848e7	9.008648578344783
78.31039022538656	79.87669756886925	79.0935438971279	86555.44315578789	0.7029286959549493	1.8208567677486636e7	8.52956478587704
79.87669756886925	81.4743310592216	80.67551431404542	83711.19283773378	0.640617550170212	1.829227887032437e7	8.074521479883531
81.47433105922158	83.10391721938097	82.28912413930128	109682.88224385679	0.790956483371769	1.8401961752568226e7	7.654397792278593
83.10391721938097	84.76609510274355	83.93500616106226	72204.00462764129	0.49065188990043157	1.8474165757195868e7	7.241185871661341
84.76609510274358	86.4615165437734	85.61380582325849	87853.40221112967	0.5625605195644859	1.8562019159406997e7	6.855956617017012
86.4615165437734	88.19084641362383	87.32618147869862	97823.8352907002	0.5902742607957443	1.8659842994697697e7	6.494546694146778
88.19084641362382	89.95476288087124	89.07280464724752	71931.74875761569	0.4090046946842687	1.8731774743455313e7	6.143527802039596
89.95476288087124	91.75395767746362	90.85436027916742	91642.82068369538	0.49102618831761075	1.882341756413901e7	5.817487369772496
91.75395767746362	93.58913636998784	92.67154702372574	86810.51754308492	0.4383056859406005	1.8910228081682093e7	5.507212554694249
93.58913636998786	95.46101863636257	94.52507750317521	70378.04248672724	0.33484245110399014	1.898060612416882e7	5.208867075521034
95.46101863636258	97.37033854806478	96.41567859221368	92328.82644584775	0.41394175132034156	1.907293495061467e7	4.932293119818691
97.37033854806477	99.31784485800101	98.34409170303289	79908.99069486931	0.3375951262047198	1.9152843941309538e7	4.667268648119089
99.31784485800102	101.304301294136	100.31107307606851	67303.12330267578	0.2679380328424759	1.9220147064612214e7	4.413513308646464
101.304301294136	103.33048685899367	102.31739407656482	86483.84454607591	0.32443878994787906	1.930663090915829e7	4.177653901036753
103.33048685899367	105.39719613514849	104.36384149707108	81253.5327809304	0.2872358836875137	1.938788444193922e7	3.9532532853854176
105.39719613514849	107.50523959682641	106.45121786598745	62832.598172821105	0.20930525527429286	1.945071704011204e7	3.737301303711089
107.50523959682641	109.65544392773789	108.58034176228216	77068.18425164372	0.24191841578341963	1.9527785224363685e7	3.535686809168119
109.65544392773788	111.84865234526758	110.75204813650274	88234.70032008737	0.2609948404241485	1.9616019924683772e7	3.3468019827372486
111.84865234526758	114.08572493114788	112.96718863820773	57382.457682382315	0.15994489066553305	1.9673402382366154e7	3.16298364513146
114.0857249311479	116.36753896874579	115.22663194994684	67398.75507064164	0.17702794804731137	1.9740801137436796e7	2.9907534709147714
116.36753896874578	118.69498928709564	117.5312641279207	97637.98020355776	0.24166151656289803	1.9838439117640354e7	2.832185747531617
118.69498928709562	121.06898861181249	119.88198894945405	51462.862212050706	0.12002767954053212	1.9889901979852404e7	2.6757484981291473
121.06898861181249	123.49046792302367	122.27972826741808	58511.589434318244	0.1285962033330603	1.9948413569286723e7	2.5288288961102583
123.49046792302369	125.9603768204591	124.72542237174139	73156.06499074027	0.1515079352480305	2.0021569634277463e7	2.391705262163852
125.9603768204591	128.47968389584324	127.22003035815118	80405.51630406454	0.1569168902361005	2.0101975150581528e7	2.2628029915087535
128.4796838958432	131.04937711273502	129.7645305042891	50469.24044093117	0.0928131334100084	2.015244439102246e7	2.13763838296921
131.04937711273502	133.67046419396465	132.35992065334983	58178.85643484071	0.10081999654614142	2.02106232474573e7	2.0201551657290464
133.67046419396468	136.3439730168189	135.00721860539178	78621.77144161612	0.1283876255231924	2.0289245018898915e7	1.9110385261102443
136.3439730168189	139.0709520161302	137.70746251647455	65410.96808955446	0.10065370734565021	2.035465598698847e7	1.8066160930984245
139.0709520161302	141.85247059542775	140.46171130577898	48056.55339374021	0.06968361750562559	2.040271254038221e7	1.7064304372982941
141.85247059542775	144.68961954631123	143.2710450708695	55533.47081965208	0.0758807765956423	2.0458246011201862e7	1.6123809683614998
144.68961954631123	147.58351147621238	146.1365655112618	75400.5917866379	0.09708465620129722	2.05336466029885e7	1.5249793254350255
147.5835114762124	150.5352812447116	149.05939636046202	62833.43904402107	0.07623696132313515	2.059648004203252e7	1.4414165399191508
150.53528124471157	153.54608640858072	152.04068382664616	44166.32882224396	0.05049692874039872	2.0640646370854765e7	1.3611889948721603
153.54608640858075	156.61710767572728	155.08159704215402	50435.44123894721	0.05433859628440823	2.0691081812093712e7	1.285810566773405
156.61710767572728	159.74954936821675	158.18332852197202	63320.88498399034	0.0642863109659261	2.0754402697077703e7	1.2153537477321823
159.74954936821675	162.94463989455602	161.34709463138637	74194.16998468712	0.07098069678602373	2.082859686706239e7	1.1493470054995245
162.94463989455602	166.20363223142206	164.57413606298906	39162.47260542959	0.035305270319648765	2.086775933966782e7	1.0850897928542873
166.20363223142203	169.5278044150254	167.86571832322372	43868.48738146573	0.0372667110902978	2.0911627827049285e7	1.0246520644457862
169.5278044150254	172.91846004230084	171.22313222866313	51476.88911132142	0.041207823799694565	2.0963104716160607e7	0.9679276961661442
172.91846004230084	176.37692878212178	174.6476944122113	78376.51788198203	0.05912243885997827	2.104148123404259e7	0.9155084806577839
176.37692878212178	179.90456689673914	178.14074783943045	45230.340785227716	0.032151055524438005	2.1086711574827816e7	0.8645571049340706
179.90456689673914	183.50275777364885	181.703662335194	36934.96888492629	0.024740138236284907	2.1123646543712743e7	0.8161171350655251
183.50275777364885	187.17291246809674	185.3378351208728	41507.74061243981	0.026199469450852848	2.1165154284325182e7	0.7705553406611909
187.17291246809674	190.9164702564336	189.04469136226516	49027.60870410502	0.029161048912168388	2.1214181893029287e7	0.7277923559862224
190.91647025643357	194.73489920053714	192.82568472848536	78945.83915024251	0.04424770110762604	2.129312773217953e7	0.6883661083333038
194.73489920053717	198.6296967235228	196.68229796203	37918.325531348586	0.02002671245611311	2.133104605771088e7	0.6498169054307329
198.6296967235228	202.60239019696817	200.6160434602455	33143.52876734361	0.016495227546683207	2.1364189586478222e7	0.613287509952906
202.6023901969682	206.65453753988248	204.62846386842534	36932.3447801657	0.01732070275726312	2.1401121931258388e7	0.5789127243221184
206.65453753988243	210.78772782965498	208.7211326847687	42653.06846284121	0.01884985343814116	2.144377499972123e7	0.5466088577609094
210.787727829655	215.00358192522302	212.89565487743903	54984.1738415882	0.022897838115873287	2.1498759173562817e7	0.5164017433511462
215.00358192522305	219.30375310270242	217.15366751396272	64565.30388735235	0.025336992489173028	2.156332447745017e7	0.4880776448396536
219.30375310270236	223.6899277037313	221.49684040321682	28202.82513319701	0.01042911778313192	2.1591527302583367e7	0.46052739202862847
223.6899277037313	228.16382579678083	225.92687675025607	30943.91459584236	0.010782744470915321	2.162247121717921e7	0.4345866160397727
228.16382579678083	232.72720185169135	230.4455138242361	34619.52399650216	0.011367743388997915	2.165709074117571e7	0.41017582777058176
232.72720185169135	237.38184542770006	235.0545236396957	40275.69367752597	0.012462217173173766	2.1697366434853237e7	0.387236163741336
237.38184542770009	242.12958187522898	239.75571365146453	53039.82103048265	0.015465125911291582	2.175040625588372e7	0.3657928461388979
242.12958187522898	246.97227305170844	244.55092746346872	59601.7204917483	0.01637605687152179	2.1810007976375468e7	0.34563890334819436
246.97227305170844	251.9118180517175	249.44204555171297	24628.150050871074	0.006376486880550603	2.183463612642634e7	0.3260706602238078
251.91181805171752	256.95015395172675	254.43098600172215	26858.04604329914	0.006552744558593944	2.186149417246964e7	0.3076412628648523
256.95015395172675	262.08925656973616	259.5197052607315	29723.977330878377	0.006833684078080185	2.1891218149800517e7	0.2902910610064866
262.08925656973616	267.33114124010575	264.71019890492096	33757.577628955245	0.007313384536871873	2.1924975727429472e7	0.2739692713895506
267.3311412401058	272.6778636038828	270.0045024219943	40626.37031724304	0.008293814573596604	2.1965602097746715e7	0.2586454571051841
272.67786360388277	278.1315204149353	275.404692009409	68164.00231815875	0.013112954431074152	2.2033766100064874e7	0.24448346714614452
278.1315204149353	283.6942503622089	280.91288538857214	29906.95113342628	0.005421466611647115	2.20636730511983e7	0.23069469193375497
283.6942503622089	289.36823490842795	286.53124263531845	21594.67762190476	0.0036888462505299206	2.2085267728820205e7	0.21760130396096541
289.36823490842795	295.15569914557136	292.2619670269996	23480.069542016834	0.0037795700345045085	2.210874779836222e7	0.20526836167324064
295.15569914557136	301.05891266745766	298.1073059065145	25852.02648608014	0.003921360818823155	2.21345998248483e7	0.1936549485232831
301.05891266745766	307.0801904597817	304.0695515636197	29054.463015794754	0.004152926707569475	2.2163654287864096e7	0.18272474065592925
307.08019045978165	313.22189380795214	310.1510421338669	33985.523827426136	0.00457756571310917	2.2197639811691523e7	0.1724494674537473
313.2218938079522	319.48643122308613	316.3541625155192	44568.615698739886	0.0056567759244074796	2.2242208427390262e7	0.16282910748611473
319.4864312230861	325.87625938652263	322.6813453048044	58464.19530212507	0.00699244443534671	2.2300672622692388e7	0.1538406780048101
325.87625938652263	332.39388411322795	329.1350717498753	17224.97450569272	0.001941318786730676	2.231789759719808e7	0.14507934898850022
332.39388411322795	339.04186133446734	335.7178727238477	18528.749170880765	0.001967811974225783	2.233642634636896e7	0.13682489085638166
339.04186133446734	345.82279810013154	342.43232971729947	20077.51465716958	0.002009308773794362	2.235650386102613e7	0.12904893311678794
345.8227981001316	352.7393536011091	349.28107585062037	21982.644032791257	0.002073079196952779	2.2378486505058922e7	0.12172516100042914
352.73935360110903	359.79424021210605	356.2667969066075	24454.022033274174	0.0021731289999400326	2.2402940527092196e7	0.1148295853934231
359.7942402121061	366.99022455532304	363.3922323837146	27958.70661054924	0.0023412701698149693	2.2430899233702745e7	0.10834143572908032
366.9902245553231	374.3301285854044	370.6601765703638	33893.12715072185	0.0026745169054325315	2.2464792360853467e7	0.10224673510325887
374.33012858540434	381.81683069608727	378.0734796407458	52138.63338733837	0.003876971479419052	2.2516930994240806e7	0.09657292428922437
381.81683069608727	389.45326684898384	385.6350487725356	36471.38475972414	0.0025555505513344475	2.255340237900053e7	0.09115015372923192
389.4532668489838	397.2424317249383	393.34784928696104	14061.414001006633	0.0009284541955137712	2.2567463793001536e7	0.08594631281687778
397.24243172493834	405.1873798984119	401.2149058116751	15057.763519469649	0.0009368956650942985	2.2582521556521006e7	0.0810431090569589
405.18737989841185	413.2912270353549	409.23930346688337	16214.618000496179	0.0009506852422158134	2.2598736174521502e7	0.07642351049915438
413.29122703535495	421.55715111503685	417.4241890751959	17590.41191400215	0.0009718636028097667	2.2616326586435504e7	0.0720715852869143
421.5571511150369	429.98839367631246	425.7727723956747	19282.59125085175	0.0010039081620321967	2.2635609177686356e7	0.06797252107302325
429.98839367631246	438.5882610888135	434.288327382563	21470.860964734107	0.0010533612434392664	2.265708003865109e7	0.06411273722539355
438.58826108881357	447.36012584956467	442.9741934691891	24540.27523997426	0.0011345054708807936	2.2681620313891064e7	0.0604802602295931
447.3601258495646	456.3074279055307	451.8337768775476	29556.104046355933	0.0012875782894869582	2.271117641793742e7	0.05706612802074747
456.3074279055307	465.4336760026161	460.8705519540734	41963.35346277058	0.0017226456140801059	2.275313977140019e7	0.05387401169775974
465.43367600261604	474.74244906164313	470.0880625321296	45621.39361230284	0.0017647923157064543	2.2798761165012494e7	0.050868442688612125
474.74244906164324	484.23739758185087	479.489923321747	10421.088857099414	0.0003798721543798883	2.2809182253869593e7	0.047956350468920855
484.2373975818509	493.9222450724627	489.0798213271568	11075.17299874872	0.0003804295009484572	2.2820257426868342e7	0.045212255311149425
493.9222450724626	503.80078951288664	498.86151729267465	11810.368882983923	0.0003822842826396557	2.2832067795751326e7	0.04262654220052943
503.80078951288675	513.8769048421193	508.838847177503	12647.3578867428	0.000385764361351369	2.284471515363807e7	0.040190169617263176
513.8769048421193	524.1545424779365	519.0157236600279	13615.917601469904	0.0003913528741269468	2.285833107123954e7	0.03789464541366007
524.1545424779364	534.6377328664698	529.3961376722032	14761.041141659021	0.0003997955218208926	2.2873092112381198e7	0.03573201027090312
534.6377328664698	545.330587062774	539.984159964622	16155.074076659977	0.00041231507420731554	2.2889247186457857e7	0.03369483448230606
545.330587062774	556.2372983430043	550.7839427028891	17924.482414349914	0.00043108827492521475	2.2907171668872207e7	0.03177624242914025
556.2372983430042	567.3621438488391	561.7997210959217	20318.33671407029	0.00046047607541482296	2.2927490005586278e7	0.029970006602375785
567.3621438488391	578.7094862647906	573.0358150568148	23928.24605312571	0.0005110096687015274	2.2951418251639403e7	0.028270866108429105
578.7094862647906	590.2837755290611	584.4966308969258	30761.322017230093	0.0006190455191163929	2.2982179573656633e7	0.02667596046945302
590.2837755290612	602.0895505786173	596.1866630538393	62378.21306619048	0.0011829049727215587	2.3044557786722824e7	0.025205568628671526
602.0895505786171	614.1314411291643	608.1104958538907	6915.861307933927	0.00012358408481830322	2.3051473648030758e7	0.023758886822758046
614.1314411291643	626.4141694907223	620.2728053099434	7292.187832064927	0.00012279295834575877	2.3058765835862823e7	0.02239560149059254
626.4141694907223	638.9425524195115	632.6783609551169	7703.093926370144	0.00012223066015668442	2.3066468929789193e7	0.021110915650026096
638.9425524195115	651.7215030068764	645.332027713194	8154.420806221664	0.00012192911849796939	2.3074623350595415e7	0.01990031084426346
651.7215030068764	664.7560326059887	658.2387678064326	8653.624913744628	0.00012193032604267327	2.308327697550916e7	0.018759531657280528
664.7560326059887	678.0512527970832	671.403642701536	9210.42634151876	0.00012229051044063165	2.3092487401850678e7	0.01768457136293463
678.0512527970831	691.6123773919994	684.8318150945413	9837.812022343278	0.00012308663600251948	2.310232521387302e7	0.016671658776831622
691.6123773919994	705.4447244788141	698.5285509354068	10553.650338761508	0.0001244269468206705	2.3112878864211783e7	0.015717246474677368
705.4447244788141	719.5537185073651	712.4992214930896	11383.416074793786	0.00012646889291220308	2.3124262280286577e7	0.014818000724133973
719.5537185073651	733.9448924164872	726.7493054619262	12365.064693514258	0.00012945143393379863	2.313662734498009e7	0.013970793860617031
733.944892416487	748.6238898037915	741.2843911101393	13558.413303725421	0.0001337576743627127	2.3150185758283816e7	0.013172700715529352
748.6238898037917	763.5964671388422	756.1101784713169	15065.001432448626	0.00014004847635745393	2.3165250759716265e7	0.012421002957043724
763.5964671388421	778.8684960205935	771.2324815797178	17075.997582383454	0.00014958728102067712	2.318232675729865e7	0.011713211915571769
778.8684960205936	794.4459654799801	786.6572307502869	20012.268389753997	0.00016519780675927206	2.3202339025688402e7	0.011047145330842337
794.4459654799801	810.3349843285544	802.3904749042672	25091.389872342348	0.00019517853505478458	2.3227430415560745e7	0.010421225452082069
810.3349843285545	826.5417835541002	818.4383839413274	39538.62921726331	0.0002898199805555006	2.3266969044778008e7	0.009836866187524284
826.5417835541001	843.0727187641568	834.8072511591284	33779.18733118847	0.00023332178625785465	2.3300748232109196e7	0.009282952960999232
843.0727187641568	859.9342726784146	851.5034957212856	4073.4612336605787	2.651362237015367e-5	2.3304821693342857e7	0.008749060120587076
859.9342726784146	877.1330576709574	868.533665174686	4267.586013242602	2.6175027527214255e-5	2.33090892793561e7	0.008245941674013163
877.1330576709573	894.6758183633511	885.9044380171542	4475.257085740566	2.5865581112027212e-5	2.331356453644184e7	0.0077718242897513124
894.6758183633511	912.5694342695928	903.622626316472	4698.011557813734	2.5586902900339132e-5	2.3318262547999654e7	0.007325037012659138
912.5694342695929	930.8209224939593	921.695178381776	4937.6569040082395	2.5341011180164772e-5	2.3323200204903662e7	0.006904005382030818
930.8209224939593	949.437440482813	940.1291814883862	5196.337762832642	2.5130422859777184e-5	2.3328396542666495e7	0.006507245894688609
949.437440482813	968.4262888314439	958.9318646571285	5476.624408707023	2.4958287093408695e-5	2.3333873167075202e7	0.006133360795144704
968.4262888314439	987.7949141470474	978.1106014892457	5781.631796203554	2.4828566439543843e-5	2.3339654798871405e7	0.005781033176709845
987.7949141470475	1007.5509119689631	997.6729130580053	6115.182587876916	2.4746286778275802e-5	2.3345769981459282e7	0.005449022379579336
1007.5509119689629	1027.7020297473166	1017.6264708581398	6482.034885242581	2.4717888936831243e-5	2.3352252016344525e7	0.005136159674633382
1027.7020297473166	1048.2561698812374	1037.979099814277	6888.2075698934495	2.4751734599215364e-5	2.335914022391442e7	0.004841344225370683
1048.2561698812376	1069.2213928178369	1058.7387813495372	7341.457192223519	2.485885308991127e-5	2.3366481681106642e7	0.004563539325826037
1069.2213928178369	1090.6059202131682	1079.9136565155027	7851.998072396964	2.505407689230465e-5	2.337433367917904e7	0.004301768920974743
1090.605920213168	1112.4181381564058	1101.512029184787	8433.628094043583	2.5357829269107117e-5	2.3382767307273082e7	0.004055114430942164
1112.418138156406	1134.6666004585086	1123.5423693074572	9105.56283672899	2.5799056961185468e-5	2.339187287010981e7	0.003822711927541034
1134.6666004585088	1157.3600320066535	1146.013316232581	9895.576291900128	2.6420287325906775e-5	2.340176844640171e7	0.0036037497653479424
1157.3600320066535	1180.507332185761	1168.9336820962071	10845.719846319407	2.7286902414595174e-5	2.341261416624803e7	0.003397466884325903
1180.507332185761	1204.1175783684507	1192.312455277106	12023.581014104187	2.8505528795346333e-5	2.3424637747262135e7	0.003203152271036322
1204.1175783684507	1228.2000294747943	1216.1588039216226	13546.84819086641	3.0264461128710544e-5	2.3438184595453e7	0.0030201467824751828
1228.2000294747943	1252.7641296032646	1240.4820795390294	15645.147282574326	3.2936219813444124e-5	2.3453829742735576e7	0.0028478507800231805
1252.7641296032646	1277.8195117343043	1265.2918206687846	18853.38474937156	3.740096806384137e-5	2.3472683127484947e7	0.00268574997709709
1277.8195117343043	1303.376001507965	1290.5977566211345	24903.54054927826	4.655368096143864e-5	2.3497586668034226e7	0.0025335267262725633
1303.376001507965	1329.4436210770987	1316.4098112925317	59887.67861432955	0.00010549450260245133	2.3557474346648555e7	0.0023934829820433253
1329.4436210770984	1356.0325930376148	1342.7381070573565	1401.9796808995306	2.3271988271973744e-6	2.3558876326329455e7	0.0022555662025389683
1356.0325930376152	1383.153344437342	1369.5929687374787	1455.4729318656027	2.276645046209929e-6	2.356033179926132e7	0.0021256012628564423
1383.1533444373417	1410.816510865063	1396.9849276512023	1511.3830403648317	2.2277433656263766e-6	2.3561843182301685e7	0.002003129611851673
1410.816510865063	1439.0329406213386	1424.9247257432007	1569.8512862324715	2.180462146587551e-6	2.3563413033587918e7	0.0018877191449342314
1439.0329406213386	1467.8136989727398	1453.4233197970393	1631.0302104875445	2.1347718576802523e-6	2.3565044063798405e7	0.001778962678796746
1467.8136989727395	1497.1700724911686	1482.491885731954	1695.0848227068782	2.090645150725969e-6	2.3566739148621112e7	0.0016764765141239894
1497.1700724911689	1527.1135734799666	1512.1418229855676	1762.193974453956	2.0480569532649603e-6	2.3568501342595566e7	0.0015798990812080523
1527.1135734799666	1557.6559444885402	1542.3847589842535	1832.5519268624485	2.0069845805180318e-6	2.357033389452243e7	0.0014888896636888313
1557.6559444885404	1588.8091629172854	1573.2325537029128	1906.3701461739838	1.967407870205893e-6	2.3572240264668602e7	0.0014031271959149428
1588.8091629172857	1620.5854457146056	1604.6973043159455	1983.8793679066002	1.9293093441721225e-6	2.357422414403651e7	0.001322309129680315
1620.5854457146054	1652.9972541678717	1636.7913499412384	2065.3319792076945	1.8926744018426452e-6	2.3576289476015717e7	0.0012461503663367725
1652.9972541678717	1686.0572987902035	1669.5272764790375	2151.004779689014	1.8574915515086176e-6	2.3578440480795406e7	0.0011743822505140037
1686.0572987902035	1719.7785443049818	1702.9179215475926	2241.20219482854	1.8237526869330886e-6	2.3580681682990234e7	0.0011067516218961012
1719.778544304982	1754.1742147300558	1736.976379517519	2336.260033354163	1.791453418553833e-6	2.358301794302359e7	0.0010430199217091863
1754.1742147300558	1789.2577985636312	1771.7160066468437	2436.5499021448195	1.760593470853977e-6	2.3585454492925733e7	0.0009829623507682907
1789.2577985636312	1825.043054073878	1807.1504263187546	2542.4844205230474	1.7311771603864344e-6	2.3587996977346256e7	0.0009263670761142694
1825.0430540738782	1861.54401469433	1843.293534384104	2654.5234127938747	1.7032139729453831e-6	2.359065150075905e7	0.0008730344834438689
1861.54401469433	1898.7749945271908	1880.1595046107605	2773.181305602193	1.6767192632127364e-6	2.3593424682064652e7	0.000822776472698729
1898.7749945271908	1936.7505939567088	1917.76279424195	2899.0360201634467	1.6517151070877057e-6	2.3596323718084816e7	0.000775415794332779
1936.7505939567088	1975.4857053748171	1956.118149665763	3032.739733271301	1.6282313456898146e-6	2.3599356457818087e7	0.0007307854239228157
1975.485705374817	2014.9955190212875	1995.240612198052	3175.031993944198	1.6063068721254093e-6	2.360253148981203e7	0.0006887279729246897
2014.9955190212875	2055.2955289406873	2035.1455239809875	3326.7558355256915	1.5859912283702763e-6	2.3605858245647557e7	0.00064909513350816
2055.2955289406877	2096.4015390584755	2075.8485339995814	3488.8777336217463	1.5673466023385172e-6	2.360934712338118e7	0.0006117471555278958
2096.4015390584755	2138.329669378619	2117.3656042185476	3662.5125525034964	1.5504503465946342e-6	2.3613009635933682e7	0.0005765523538071491
2138.329669378619	2181.0963623051657	2159.7130158418922	3848.9550350755453	1.5353981848535931e-6	2.3616858590968758e7	0.0005433866440253784
2181.0963623051653	2224.7183890902425	2202.907375697704	4049.7199813202024	1.5223083364261505e-6	2.3620908310950078e7	0.0005121331056129429
2224.718389090243	2269.2128564110217	2246.965622750632	4266.594118192792	1.5113268824053274e-6	2.362517490506827e7	0.0004826815701667564
2269.2128564110217	2314.597213078216	2291.905034744619	4501.703933387995	1.5026348362987241e-6	2.362967660900166e7	0.00045492823401321224
2314.5972130782156	2360.889256878754	2337.743234978485	4757.605661936104	1.4964575925823895e-6	2.3634434214663595e7	0.0004287752936627441
2360.8892568787546	2408.1071415553038	2384.498199217029	5037.406569376588	1.4930777527340338e-6	2.363947162123297e7	0.00040413060303048584
2408.1071415553033	2456.2693839253834	2432.1882627403434	5344.93134264648	1.4928528456091978e-6	2.3644816552575618e7	0.0003809073514498929
2456.269383925384	2505.3948711428657	2480.832127534125	5684.954972341657	1.4962403017711504e-6	2.365050150754796e7	0.00035902376169840447
2505.394871142865	2555.5028681046965	2530.448869623781	6063.53617168963	1.503833456157636e-6	2.365656504371965e7	0.00033840280751699014
2555.5028681046965	2606.6130250057645	2581.0579465552305	6488.507292561233	1.5164148127532824e-6	2.366305355101221e7	0.0003189719504948272
2606.613025005764	2658.7453850448533	2632.679205025309	6970.21614959836	1.535037250348195e-6	2.367002376716181e7	0.00030066289681375286
2658.7453850448533	2711.920392284724	2685.3328886647887	7522.689515642822	1.5611522629692467e-6	2.367754645667745e7	0.00028341137541986134
2711.920392284724	2766.1588996693927	2739.039645977058	8165.535924617201	1.5968211358361117e-6	2.368571199260207e7	0.0002671569411699099
2766.1588996693927	2821.4821772017544	2793.8205384355733	8927.219085101038	1.6450807684530991e-6	2.369463921168717e7	0.0002518428104317294
2821.482177201754	2877.911920284763	2849.697048743258	9851.05292898044	1.7106184002240917e-6	2.370449026461615e7	0.0002374157450835648
2877.911920284763	2935.4702582294317	2906.6910892570972	11007.091725356877	1.801119496146333e-6	2.3715497356341507e7	0.000223826020947156
2935.470258229432	2994.1797629329944	2964.825010581213	12518.333250347525	1.93026042165706e-6	2.3728015689591855e7	0.000211027570652346
2994.1797629329944	3054.063457730628	3024.121610331811	14627.637925706804	2.1254116422145387e-6	2.374264332751756e7	0.00019897856256486328
3054.0634577306278	3115.144826424214	3084.604142077421	17911.888414587826	2.452503778094952e-6	2.3760555215932146e7	0.0001876433805410249
3115.144826424215	3177.447822491673	3146.296324457944	24318.55987618491	3.1376581134066834e-6	2.378487377580833e7	0.0001770015048689429
3177.4478224916725	3240.9968784804796	3209.222350486076	55851.18341398984	6.790466401576221e-6	2.384072495922232e7	0.0001671841147575726
