-0.0	9.953897499377266e-5	4.976948749688633e-5	-1.9887904528992405e-30
9.953897499377266e-5	0.0002010687294874207	0.00015030385224059668	-1.988789040826631e-30
0.00020106872948742058	0.0003046290790709416	0.00025284890427918107	-1.988787388005581e-30
0.0003046290790709413	0.00041026063564613265	0.000357444857358537	-1.9887853873415378e-30
0.0004102606356461331	0.0005180048233528283	0.0004641327294994807	-1.9887830778056416e-30
0.0005180048233528287	0.0006279038948136577	0.0005729543590832433	-1.9887804979521808e-30
0.0006279038948136573	0.0007400009477037028	0.0006839524212586801	-1.988777678742602e-30
0.000740000947703703	0.0008543399416515495	0.0007971704446776262	-1.9887746442257444e-30
0.0008543399416515493	0.0009709657154783526	0.0009126528285649509	-1.9887714131106212e-30
0.0009709657154783523	0.0010899240047816917	0.001030444860130022	-1.9887679998908393e-30
0.0010899240047816917	0.0012112614598710977	0.0011505927323263946	-1.9887644157603287e-30
0.0012112614598710973	0.0013350256640622914	0.0012731435619666943	-1.988760669389695e-30
0.0013350256640622922	0.00146126515233731	0.0013981454081998012	-1.988756767392814e-30
0.0014612651523373099	0.0015900294303778282	0.001525647291357569	-1.9887527147673677e-30
0.0015900294303778277	0.0017213689939791564	0.001655699212178492	-1.9887485152165423e-30
0.0017213689939791568	0.0018553353488525118	0.0017883521714158342	-1.9887441713888534e-30
0.0018553353488525112	0.0019919810308233333	0.0019236581898379223	-1.988739685069561e-30
0.0019919810308233333	0.002131359626433572	0.0020616703286284524	-1.988735057311275e-30
0.0021313596264335728	0.002273525793956016	0.0022024427101947942	-1.9887302885817154e-30
0.0022735257939560153	0.0024185352848289073	0.002346030539392461	-1.988725378854626e-30
0.002418535284828908	0.002566444965519258	0.002492490125174083	-1.9887203276777e-30
0.002566444965519257	0.002717312839823414	0.0026418789026713355	-1.9887151342162548e-30
0.002717312839823413	0.0028711980716136527	0.002794255455718533	-1.988709797342778e-30
0.002871198071613654	0.0030281610080396984	0.002949679539826676	-1.9887043156288254e-30
0.003028161008039698	0.0031882632031942633	0.0031082121056169804	-1.9886986874143787e-30
0.003188263203194263	0.0033515674422519193	0.0032699153227230913	-1.9886929108011737e-30
0.0033515674422519197	0.0035181377660907292	0.0034348526041713245	-1.9886869837041987e-30
0.0035181377660907292	0.003688039496406315	0.003603088631248522	-1.988680903846034e-30
0.0036880394964063155	0.003861339261328213	0.0037746893788672643	-1.988674668746729e-30
0.003861339261328213	0.004038105021548549	0.003949722141438381	-1.988668275801448e-30
0.004038105021548548	0.00421840609697329	0.004128255559260919	-1.988661722236024e-30
0.00421840609697329	0.004402313193906526	0.004310359645439908	-1.9886550051197023e-30
0.004402313193906526	0.004589898432778427	0.004496105813342477	-1.9886481213770232e-30
0.004589898432778428	0.004781235376427767	0.004685566904603098	-1.9886410678115563e-30
0.0047812353764277666	0.0049763990589500925	0.00487881721768893	-1.9886338410805497e-30
0.004976399058950093	0.005175466015122866	0.0050759325370364795	-1.988626437710438e-30
0.005175466015122865	0.005378514310419092	0.005276990162770979	-1.9886188540840232e-30
0.005378514310419092	0.005585623571621245	0.005482068941020169	-1.988611086452059e-30
0.005585623571621245	0.00579687501804744	0.0056912492948343425	-1.9886031309421175e-30
0.005796875018047441	0.00601235149340216	0.0059046132557248	-1.9885949835594e-30
0.00601235149340216	0.006232137498263974	0.006122244495833067	-1.9885866401702106e-30
0.006232137498263972	0.006456319223223022	0.006344228360743497	-1.9885780965165047e-30
0.006456319223223021	0.006684984582681251	0.006570651902952136	-1.9885693481911644e-30
0.006684984582681254	0.006918223249328648	0.0068016039160049505	-1.9885603906583544e-30
0.006918223249328647	0.00715612668930899	0.007037174969318818	-1.9885512192519752e-30
0.00715612668930899	0.007398788198088939	0.007277457443698964	-1.9885418291643436e-30
0.007398788198088939	0.007646302937044488	0.0075225455675667135	-1.9885322154408942e-30
0.007646302937044487	0.007898767970779146	0.007772535453911817	-1.9885223729894022e-30
0.007898767970779147	0.0081562823051885	0.008027525137983823	-1.9885122966959568e-30
0.0081562823051885	0.00841894692628604	0.008287614615737269	-1.988501981607862e-30
0.00841894692628604	0.00868686483980553	0.008552905883045785	-1.9884914225771628e-30
0.008686864839805528	0.008960141111595408	0.008823502975700469	-1.988480614214702e-30
0.008960141111595408	0.009238882908821085	0.009099512010208246	-1.9884695509955204e-30
0.009238882908821085	0.009523199541991274	0.00938104122540618	-1.9884582271886016e-30
0.009523199541991274	0.009813202507824869	0.009668201024908072	-1.9884466368821723e-30
0.00981320250782487	0.010109005532975137	0.009961104020400003	-1.9884347739865687e-30
0.010109005532975134	0.010410724618628405	0.01025986507580177	-1.9884226322495177e-30
0.010410724618628405	0.010718478085994741	0.010564601352311572	-1.988410205211133e-30
0.010718478085994743	0.011032386622708406	0.010875432354351573	-1.9883974862446536e-30
0.011032386622708406	0.011352573330156341	0.011192479976432374	-1.9883844685256067e-30
0.011352573330156343	0.011679163771753237	0.01151586855095479	-1.988371145039823e-30
0.011679163771753237	0.01201228602218207	0.011845724896967653	-1.9883575085808833e-30
0.012012286022182067	0.012352070717619476	0.012182178369900772	-1.988343551725433e-30
0.01235207071761948	0.012698651106965636	0.012525360912292557	-1.988329266857598e-30
0.012698651106965634	0.013052163104098714	0.012875407105532175	-1.9883146461281716e-30
0.013052163104098714	0.013412745341174455	0.013232454222636584	-1.9882996814529578e-30
0.013412745341174457	0.013780539222991713	0.013596642282083085	-1.9882843645627164e-30
0.013780539222991713	0.014155688982445314	0.013968114102718514	-1.9882686869762702e-30
0.014155688982445312	0.014538341737087986	0.014347015359766648	-1.9882526399254555e-30
0.014538341737087988	0.014928647546823513	0.01473349464195575	-1.9882362144601142e-30
0.014928647546823513	0.01532675947275375	0.01512770350978863	-1.988219401380863e-30
0.01532675947275375	0.01573283363720259	0.01552979655497817	-1.9882021912090347e-30
0.01573283363720259	0.01614702928494041	0.015939931461071498	-1.9881845742457042e-30
0.016147029284940405	0.016569508845632977	0.01635826906528669	-1.988166540416071e-30
0.016569508845632984	0.01700043799753941	0.016784973421586198	-1.9881480794702285e-30
0.017000437997539405	0.01743998573248396	0.017220211865011683	-1.988129180871838e-30
0.01743998573248396	0.017888324422127407	0.017664155077305684	-1.9881098337571267e-30
0.017888324422127403	0.018345629885563715	0.01811697715384556	-1.9880900270251603e-30
0.01834562988556372	0.018812081458268758	0.018578855671916236	-1.9880697492698454e-30
0.018812081458268758	0.0192878620624279	0.01904997176034833	-1.98804898877009e-30
0.019287862062427896	0.019773158278670218	0.019530510170549055	-1.9880277333613752e-30
0.019773158278670218	0.020268160419237388	0.020020659348953803	-1.988005970657442e-30
0.020268160419237388	0.0207730626026159	0.020520611510926642	-1.9879836878693725e-30
0.0207730626026159	0.02128806282966198	0.021030562716138942	-1.9879608718883463e-30
0.02128806282966198	0.021813363061248984	0.021550712945455484	-1.9879375091996357e-30
0.021813363061248984	0.022349169297467726	0.022081266179358357	-1.9879135858741678e-30
0.02234916929746773	0.022895691658410846	0.022622430477939288	-1.9878890874054106e-30
0.022895691658410842	0.02345314446657282	0.023174418062491833	-1.987863999000173e-30
0.02345314446657282	0.024021746330898038	0.02373744539873543	-1.9878383053432763e-30
0.024021746330898045	0.02460172023250977	0.024311733281703905	-1.9878119907670655e-30
0.02460172023250977	0.025193293612153726	0.024897506922331746	-1.987785039176743e-30
0.025193293612153722	0.02579669845939056	0.02549499603577214	-1.9877574340702984e-30
0.02579669845939056	0.026412171403572132	0.026104434931481346	-1.9877291582158323e-30
0.026412171403572136	0.02703995380663734	0.02672606260510474	-1.9877001941762484e-30
0.02703995380663734	0.027680291857763845	0.027360122832200594	-1.987670523934801e-30
0.027680291857763845	0.028333436669912882	0.028006864263838364	-1.9876401291467535e-30
0.028333436669912882	0.0289996443783049	0.028666540524108892	-1.987608990851479e-30
0.028999644378304903	0.02967917624086476	0.029339410309584833	-1.987577089510147e-30
0.02967917624086476	0.030372298740675815	0.03002573749077029	-1.9875444051199386e-30
0.030372298740675818	0.031079283690483094	0.030725791215579456	-1.9875109169928117e-30
0.031079283690483087	0.03180040833928651	0.031439846014884795	-1.987476604145539e-30
0.03180040833928651	0.032535955481066	0.03216818191017626	-1.987441444877977e-30
0.032535955481066005	0.03328621356568108	0.032911084523373546	-1.9874054169557347e-30
0.03328621356568108	0.03405147681198846	0.03366884518883477	-1.9873684973416023e-30
0.03405147681198846	0.03483204532322199	0.03444176106760523	-1.987330662374789e-30
0.03483204532322199	0.03562822520468019	0.03523013526395109	-1.9872918880495087e-30
0.03562822520468018	0.036440328683767544	0.03603427694422386	-1.987252149481653e-30
0.036440328683767544	0.037268674232436655	0.036854501458102096	-1.9872114212296042e-30
0.037268674232436655	0.03811358669207914	0.0376911304622579	-1.987169676912806e-30
0.03811358669207915	0.03897539740091449	0.03854449204649682	-1.9871268893590287e-30
0.038975397400914484	0.03985444432392653	0.0394149208624205	-1.9870830310472113e-30
0.03985444432392653	0.040751072185398814	0.040302758254662674	-1.987038073520468e-30
0.040751072185398814	0.04166563260410055	0.04120835239474968	-1.9869919875459577e-30
0.04166563260410054	0.042598484231176306	0.042132058417638424	-1.9869447429425885e-30
0.04259848423117632	0.0435499928907936	0.04307423856098496	-1.9868963085634637e-30
0.043549992890793594	0.04452053172360322	0.04403526230719841	-1.9868466526572144e-30
0.044520531723603214	0.04551048133306903	0.04501550652833612	-1.986795742870256e-30
0.045510481333069036	0.04652022993472417	0.0460153556338966	-1.9867435455812583e-30
0.04652022993472417	0.047550173508412404	0.04703520172156829	-1.986690025956213e-30
0.04755017350841241	0.04860071595357441	0.048075444730993414	-1.986635148505665e-30
0.04860071595357442	0.04967226924763966	0.04913649260060704	-1.9865788768248276e-30
0.04967226924763965	0.05076525360758619	0.05021876142761292	-1.986521173465367e-30
0.0507652536075862	0.05188009765473167	0.051322675631158936	-1.9864620001914685e-30
0.051880097654731665	0.05301723858282005	0.052448668118775854	-1.9864013170858572e-30
0.05301723858282006	0.05417712232947021	0.05359718045614513	-1.9863390830816557e-30
0.0541771223294702	0.055360203751053355	0.054768663040261775	-1.9862752564354603e-30
0.055360203751053355	0.05656694680106817	0.05596357527606076	-1.9862097944715682e-30
0.05656694680106818	0.057797824712083286	0.057182385756575735	-1.986142653057806e-30
0.05779782471208328	0.059053320181318696	0.05842557244670099	-1.9860737862892323e-30
0.0590533201813187	0.06033392555993882	0.059693622870628765	-1.9860031474064787e-30
0.06033392555993882	0.06164014304613134	0.06098703430303508	-1.9859306883493623e-30
0.06164014304613134	0.06297248488204772	0.06230631396408953	-1.9858563597726008e-30
0.06297248488204771	0.06433147355468241	0.06365197921836506	-1.9857801112507873e-30
0.06433147355468241	0.06571764200076981	0.06502455777772612	-1.985701890233798e-30
0.06571764200076981	0.06713153381577895	0.06642458790827438	-1.9856216426606113e-30
0.06713153381577895	0.06857370346708827	0.0678526186414336	-1.9855393134931778e-30
0.06857370346708827	0.07004471651142379	0.06930920998925602	-1.9854548465222906e-30
0.07004471651142379	0.071545149816646	0.0707949331640349	-1.985368183548374e-30
0.071545149816646	0.07307559178797267	0.07231037080230934	-1.985279263907362e-30
0.07307559178797267	0.07463664259872586	0.07385611719334927	-1.9851880259482587e-30
0.07463664259872586	0.07622891442569413	0.07543277851221	-1.985094406463594e-30
0.07622891442569411	0.07785303168920174	0.07704097305744792	-1.984998340433793e-30
0.07785303168920174	0.07950963129797951	0.07868133149359063	-1.984899761429524e-30
0.07950963129797951	0.08119936289893284	0.08035449709845618	-1.9847986000847405e-30
0.08119936289893284	0.08292288913190524	0.08206112601541904	-1.9846947850640543e-30
0.08292288913190525	0.0846808858895371	0.08380188751072118	-1.9845882437511336e-30
0.08468088588953708	0.08647404258232155	0.08557746423592932	-1.9844789020205793e-30
0.08647404258232155	0.08830306240896171	0.08738855249564163	-1.984366683509345e-30
0.08830306240896173	0.0901686626321347	0.08923586252054821	-1.9842515079876143e-30
0.09016866263213469	0.09207157485977112	0.09112011874595291	-1.98413329404457e-30
0.09207157485977113	0.09401254533196028	0.09304206009586571	-1.9840119584357202e-30
0.09401254533196027	0.09599233521359321	0.09500244027277674	-1.9838874153626563e-30
0.09599233521359321	0.09801172089285881	0.09700202805322601	-1.9837595778089553e-30
0.0980117208928588	0.1000714942857097	0.09904160758928425	-1.9836283542468888e-30
0.10007149428570972	0.10217246314641765	0.10112197871606368	-1.983493650178758e-30
0.10217246314641763	0.10431545138433972	0.10324395726537867	-1.9833553696726463e-30
0.10431545138433973	0.10650129938702026	0.10540837538567999	-1.983213415369393e-30
0.10650129938702026	0.10873086434975439	0.10761608186838732	-1.9830676875142376e-30
0.10873086434975437	0.1110050206117432	0.10986794248074878	-1.982918080057343e-30
0.1110050206117432	0.11332465999897179	0.11216484030535749	-1.982764485141041e-30
0.11332465999897177	0.11569069217394494	0.11450767608645836	-1.9826067930196307e-30
0.11569069217394495	0.11810404499241757	0.11689736858318125	-1.9824448908790714e-30
0.11810404499241758	0.12056566486725966	0.11933485492983861	-1.9822786638499225e-30
0.12056566486725963	0.12307651713959854	0.12182109100342908	-1.982107993427839e-30
0.12307651713959855	0.12563758645738424	0.1243570517984914	-1.9819327541389025e-30
0.12563758645738424	0.12824987716152564	0.12694373180945495	-1.9817528180689043e-30
0.12824987716152564	0.13091441367974987	0.12958214542063776	-1.981568057235542e-30
0.13091441367974987	0.13363224092833859	0.13227332730404423	-1.981378340899168e-30
0.13363224092833859	0.13640442472189906	0.13501833282511883	-1.9811835335067054e-30
0.13640442472189906	0.13923205219133075	0.1378182384566149	-1.9809834887001633e-30
0.1392320521913308	0.14211623221015113	0.14067414220074098	-1.9807780618514205e-30
0.1421162322101511	0.14505809582934784	0.14358716401974947	-1.980567105677153e-30
0.14505809582934784	0.1480587967209285	0.14655844627513817	-1.9803504677752588e-30
0.1480587967209285	0.1511195116303408	0.14958915417563465	-1.9801279946408777e-30
0.1511195116303408	0.1542414408379413	0.15268047623414105	-1.9798995232059726e-30
0.1542414408379413	0.15742580862969385	0.15583362473381757	-1.9796648830877882e-30
0.15742580862969385	0.16067386377728143	0.15904983620348764	-1.9794239017470463e-30
0.16067386377728143	0.16398688002782077	0.16233037190255112	-1.9791764081636566e-30
0.16398688002782077	0.1673661566033709	0.16567651831559582	-1.9789222283356135e-30
0.1673661566033709	0.17081301871043203	0.16908958765690146	-1.9786611785733013e-30
0.170813018710432	0.17432881805963435	0.1725709183850332	-1.9783930531904664e-30
0.17432881805963435	0.17791493339582073	0.17612187572772753	-1.978117660466068e-30
0.17791493339582073	0.18157277103873085	0.1797438522172758	-1.977834805397339e-30
0.18157277103873087	0.1853037654344992	0.18343826823661502	-1.9775442872068653e-30
0.18530376543449914	0.1891093797181828	0.187206572576341	-1.977245891112539e-30
0.18910937971818284	0.19299110628754018	0.1910502430028615	-1.9769393905728895e-30
0.19299110628754018	0.19695046738828467	0.1949707868379124	-1.9766245623062807e-30
0.19695046738828464	0.20098901571104402	0.19896974154966435	-1.9763011813308325e-30
0.20098901571104408	0.20510833500025866	0.20304867535565135	-1.9759690146138447e-30
0.20510833500025863	0.2093100406752575	0.20720918783775805	-1.9756278160768023e-30
0.2093100406752575	0.21359578046375632	0.2114529105695069	-1.9752773337824928e-30
0.21359578046375632	0.21796723504802512	0.21578150775589072	-1.974917311751731e-30
0.21796723504802512	0.2224261187239793	0.2201966768860022	-1.9745474865291968e-30
0.22242611872397927	0.22697418007345255	0.2247001493987159	-1.9741675878373944e-30
0.22697418007345255	0.23161320264991528	0.22929369136168393	-1.973777337275124e-30
0.23161320264991528	0.23634500567790726	0.23397910416391127	-1.9733764487568854e-30
0.23634500567790728	0.2411714447664591	0.2387582252221832	-1.9729646282295593e-30
0.24117144476645908	0.24609441263678192	0.2436329287016205	-1.9725415737360634e-30
0.24609441263678195	0.25111583986451125	0.2486051262506466	-1.9721069738055093e-30
0.25111583986451125	0.25623769563679516	0.2536767677506532	-1.971660507741269e-30
0.2562376956367951	0.2614619885245247	0.25884984208065986	-1.9712018484128942e-30
0.2614619885245247	0.26679076727000883	0.2641263778972668	-1.9707306597165443e-30
0.26679076727000883	0.27222612159040266	0.2695084444302057	-1.9702465950026223e-30
0.2722261215904027	0.2777701829972044	0.27499815229380353	-1.9697492981185697e-30
0.2777701829972044	0.28342512563214217	0.2805976543146733	-1.9692384006967872e-30
0.28342512563214217	0.28919316711977866	0.2863091463759604	-1.968713525378142e-30
0.28919316711977866	0.29507656943716787	0.29213486827847324	-1.9681742830112865e-30
0.2950765694371678	0.3010776398009048	0.2980771046190363	-1.9676202758335794e-30
0.30107763980090485	0.3071987315719166	0.3041381856864107	-1.9670510945099338e-30
0.30719873157191663	0.3134422451783486	0.3103204883751326	-1.966466315691428e-30
0.31344224517834857	0.31981062905690916	0.31662643711762883	-1.965865505951261e-30
0.3198106290569092	0.326306380613041	0.3230585048349751	-1.965248216078546e-30
0.326306380613041	0.33293204720029546	0.32961921390666826	-1.964613985205657e-30
0.3329320472002955	0.33969022711929503	0.33631113715979527	-1.9639623372432298e-30
0.33969022711929503	0.34658357063667455	0.3431368988779848	-1.9632927813852524e-30
0.3465835706366745	0.35361478102440164	0.35009917583053807	-1.9626048132654908e-30
0.35361478102440164	0.3607866156198833	0.35720069832214246	-1.961897910801893e-30
0.3607866156198833	0.3681018869072746	0.36444425126357893	-1.961171534433027e-30
0.36810188690727463	0.37556346362041376	0.3718326752638442	-1.960425122558595e-30
0.3755634636204137	0.3831742718678156	0.37936886774411466	-1.9596580904689436e-30
0.38317427186781555	0.3909372962801655	0.38705578407399055	-1.95886983330876e-30
0.39093729628016555	0.3988555811807625	0.394896438730464	-1.9580597284306674e-30
0.3988555811807624	0.40693223177937127	0.40289390648006684	-1.9572271413232712e-30
0.40693223177937127	0.4151704153899523	0.4110513235846618	-1.956371410278636e-30
0.4151704153899523	0.4235733626727449	0.4193718890313486	-1.9554918564323026e-30
0.423573362672745	0.43214436890119345	0.4278588657869692	-1.954587777143938e-30
0.4321443689011934	0.4408867952542109	0.43651558207770214	-1.9536584561037073e-30
0.4408867952542108	0.44980407013428864	0.44534543269424975	-1.9527031590245482e-30
0.4498040701342887	0.45889969051196805	0.45435188032312834	-1.9517211336374255e-30
0.4588996905119681	0.468177223297201	0.46353845690458456	-1.950711597649871e-30
0.4681772232972011	0.4776403067381387	0.4729087650176699	-1.9496737604662815e-30
0.47764030673813856	0.4872926518478949	0.4824664792930167	-1.94860681139907e-30
0.48729265184789494	0.4971380438598464	0.49221534785387067	-1.9475099160638454e-30
0.49713804385984633	0.5071803437120368	0.5021591937859415	-1.946382231104328e-30
0.5071803437120368	0.517423489561271	0.5123019166366539	-1.945222896422486e-30
0.5174234895612712	0.5278714983274901	0.5226474939443806	-1.9440310148602623e-30
0.5278714983274901	0.5385284672690335	0.5331999827982619	-1.942805684265504e-30
0.5385284672690335	0.5493985755894076	0.5439635214292206	-1.9415459998285486e-30
0.5493985755894077	0.5604860860761894	0.5549423308327985	-1.9402510228746144e-30
0.5604860860761894	0.5717953467727067	0.5661407164244481	-1.9389197816828797e-30
0.5717953467727067	0.5833307926831544	0.5775630697279306	-1.937551346545825e-30
0.5833307926831544	0.595096947511811	0.5892138700974827	-1.9361447075117453e-30
0.5950969475118111	0.6070984254370408	0.601097686474426	-1.9346988404492783e-30
0.6070984254370407	0.619339932920775	0.6132191791789079	-1.9332127886401993e-30
0.619339932920775	0.631826270554184	0.6255831017374796	-1.9316854840770032e-30
0.631826270554184	0.6445623349402613	0.6381943027472227	-1.9301158691572168e-30
0.6445623349402613	0.65755312061406	0.6510577277771606	-1.9285029052890536e-30
0.65755312061406	0.6708037220013348	0.6641784213076973	-1.926845528844647e-30
0.6708037220013346	0.6843193354163548	0.6775615287088448	-1.9251425829379492e-30
0.6843193354163548	0.6981052610996754	0.6912122982580151	-1.9233930563615693e-30
0.6981052610996754	0.7121669052966624	0.7051360831981689	-1.9215957610780627e-30
0.7121669052966624	0.7265097823775891	0.7193383438371257	-1.9197496210095415e-30
0.7265097823775891	0.7411395170001344	0.7338246496888617	-1.9178535200880734e-30
0.7411395170001344	0.7560618463151305	0.7486006816576325	-1.915906248120253e-30
0.7560618463151304	0.7712826222164265	0.7636722342657785	-1.913906638568748e-30
0.7712826222164265	0.7868078136357485	0.7790452179260875	-1.9118535071305946e-30
0.7868078136357485	0.8026435088834569	0.7947256612596028	-1.9097457141401292e-30
0.8026435088834569	0.8187959180361195	0.8107197134597882	-1.9075821610630214e-30
0.8187959180361196	0.8352713753718355	0.8270336467039776	-1.905361558173148e-30
0.8352713753718353	0.8520763418542654	0.8436738586130503	-1.9030826781991808e-30
0.8520763418542654	0.8692174076663441	0.8606468747603048	-1.9007442567668943e-30
0.8692174076663441	0.8867012947946644	0.8779593512305043	-1.8983451476248402e-30
0.8867012947946645	0.9045348596655512	0.8956180772301079	-1.8958842682813613e-30
0.9045348596655511	0.9227250958338555	0.9136299777497033	-1.893360220358768e-30
0.9227250958338556	0.9412791367255261	0.9320021162796909	-1.8907716484680997e-30
0.9412791367255261	0.96020425843503	0.950741697580278	-1.8881175543336992e-30
0.9602042584350299	0.9795078825787238	0.9698560705068768	-1.8853965607811585e-30
0.9795078825787238	0.9991975792052916	0.9893527308920077	-1.8826075590476583e-30
0.9991975792052917	1.0192810697643908	1.0092393244848412	-1.8797491852923865e-30
1.0192810697643908	1.039766230134672	1.0295236499495313	-1.8768200174136252e-30
1.039766230134672	1.0606610937123586	1.0502136619235154	-1.8738192442449182e-30
1.0606610937123588	1.0819738545615993	1.071317474136979	-1.8707451634535514e-30
1.0819738545615993	1.1037128706278245	1.0928433625947118	-1.8675969736893885e-30
1.1037128706278245	1.1258866670153744	1.1147997688215994	-1.864373190693594e-30
1.1258866670153742	1.148503939330675	1.1371953031730246	-1.861072517474283e-30
1.1485039393306753	1.171573557092282	1.1600387482114787	-1.8576939452495286e-30
1.171573557092282	1.195104567209121	1.1833390621507016	-1.8542360536981203e-30
1.195104567209121	1.2191061975282966	1.2071053823687088	-1.8506978024241724e-30
1.2191061975282966	1.2435878604538557	1.2313470289910762	-1.8470779081939175e-30
1.243587860453856	1.2685591566379264	1.2560735085458912	-1.843375295941002e-30
1.268559156637926	1.2940298787456777	1.2812945176918018	-1.8395887487108164e-30
1.2940298787456779	1.3200100152955847	1.3070199470206312	-1.8357172957785205e-30
1.3200100152955847	1.3465097545764897	1.3332598849360373	-1.831759410143016e-30
1.3465097545764895	1.3735394886430126	1.360024621609751	-1.8277143125065127e-30
1.3735394886430126	1.401109817390866	1.3873246530169392	-1.8235809209448597e-30
1.401109817390866	1.4292315527136765	1.4151706850522712	-1.8193575743894193e-30
1.4292315527136763	1.457915722742943	1.4435736377283095	-1.815044183722352e-30
1.4579157227429431	1.487173576172795	1.4725446494578691	-1.8106392599346336e-30
1.487173576172795	1.5170165866712442	1.5020950814220195	-1.8061413233605493e-30
1.5170165866712444	1.5474564573796623	1.5322365220254532	-1.8015503848476255e-30
1.5474564573796623	1.5785051255022486	1.5629807914409555	-1.7968646558979082e-30
1.5785051255022486	1.6101747669872868	1.5943399462447676	-1.7920837386035218e-30
1.6101747669872866	1.6424778013020254	1.626326284144656	-1.7872066403553342e-30
1.6424778013020256	1.6754268963030592	1.6589523488025424	-1.7822322218936267e-30
1.6754268963030592	1.7090349732041135	1.6922309347535864	-1.7771601300186217e-30
1.709034973204113	1.7433152116431883	1.7261750924236505	-1.7719890808977376e-30
1.7433152116431885	1.7782810548510453	1.7607981332471168	-1.7667185220075757e-30
1.7782810548510457	1.8139462149230596	1.7961136348870528	-1.761348002059372e-30
1.8139462149230594	1.8503246781965137	1.8321354465597866	-1.7558765412129604e-30
1.8503246781965135	1.8874307107354367	1.868877694465975	-1.750303813953184e-30
1.887430710735437	1.9252788639251386	1.9063547873302877	-1.7446285858355035e-30
1.9252788639251386	1.9638839801786343	1.9445814220518864	-1.7388509903130766e-30
1.9638839801786343	2.0032611987571998	1.983572589467917	-1.7329705081885758e-30
2.0032611987571998	2.0434259617073365	2.023343580232268	-1.7269863300112315e-30
2.0434259617073365	2.084394019916476	2.063909990811906	-1.7208987314778867e-30
2.084394019916476	2.1261814392897986	2.1052877296031376	-1.7147060940218604e-30
2.126181439289799	2.1688046070505878	2.1474930231701936	-1.708409396367647e-30
2.1688046070505878	2.2122802381665925	2.19054242260859	-1.7020074989223692e-30
2.212280238166592	2.2566253819049167	2.234452810035754	-1.6955010380063255e-30
2.256625381904917	2.3018574285180082	2.2792414052114625	-1.688889239473166e-30
2.3018574285180082	2.347994116063361	2.3249257722906846	-1.6821725005681906e-30
2.347994116063361	2.395053537359621	2.371523826711491	-1.675350571845685e-30
2.395053537359621	2.4430541470818063	2.4190538422207135	-1.6684227815140555e-30
2.4430541470818063	2.4920147689984353	2.467534458040121	-1.661390101968375e-30
2.4920147689984353	2.5419546033533966	2.516984686175916	-1.6542523714911225e-30
2.5419546033533966	2.5928932343954574	2.567423918874427	-1.6470103438532593e-30
2.5928932343954574	2.6448506380583594	2.6188719362269084	-1.6396641345147762e-30
2.644850638058359	2.6978471897945187	2.6713489139264386	-1.6322142992355434e-30
2.697847189794519	2.751903672565402	2.7248754311799606	-1.62466100089764e-30
2.7519036725654016	2.807041284991702	2.779472478778552	-1.6170047362484294e-30
2.8070412849917026	2.863281649666529	2.835161467329116	-1.6092452336403988e-30
2.8632816496665288	2.920646821634852	2.8919642356506903	-1.6013833928144902e-30
2.920646821634852	2.9791592970425413	2.9499030593386966	-1.5934204592844874e-30
2.979159297042542	3.038842021958385	3.0090006595004635	-1.5853578039258812e-30
3.038842021958385	3.099718401372545	3.069280211665465	-1.5771958201347706e-30
3.099718401372545	3.1618123083749885	3.130765354873767	-1.5689356137207002e-30
3.161812308374988	3.2251480935174803	3.193480200946234	-1.5605780122795566e-30
3.2251480935174803	3.2897505943628222	3.2574493439401513	-1.552123807871341e-30
3.2897505943628227	3.3556451452250715	3.322697869793947	-1.5435742381924777e-30
3.355645145225072	3.422857587104566	3.389251366164819	-1.5349293038846438e-30
3.422857587104566	3.4914142778216495	3.4571359324631077	-1.5261910495422562e-30
3.491414277821649	3.5613421023530742	3.5263781900873616	-1.5173613302519112e-30
3.5613421023530742	3.632668483375128	3.597005292864101	-1.5084416876851413e-30
3.6326684833751277	3.7054213920176227	3.669044937696375	-1.4994336174126059e-30
3.705421392017622	3.779629358832967	3.7425253754252945	-1.49033889209268e-30
3.7796293588329672	3.8553214849846187	3.817475421908793	-1.4811594508076217e-30
3.855321484984619	3.932527453659304	3.8939244693219615	-1.4718965362058666e-30
3.9325274536593033	4.011277541707481	3.9719024976833923	-1.4625517599149109e-30
4.011277541707481	4.091602631516623	4.051440086612052	-1.4531269302098225e-30
4.091602631516623	4.173534223121948	4.132568427319285	-1.4436244175633752e-30
4.173534223121948	4.257104446559379	4.215319334840663	-1.4340464378575462e-30
4.257104446559379	4.342346074465558	4.299725260512469	-1.424395509238291e-30
4.342346074465559	4.429292534929862	4.38581930469771	-1.4146736886694469e-30
4.4292925349298615	4.517977924603451	4.473635229766656	-1.4048830449486293e-30
4.51797792460345	4.608437022070511	4.5632074733369805	-1.3950256006511716e-30
4.608437022070511	4.700705301486913	4.654571161778712	-1.3851035365955246e-30
4.700705301486913	4.794818946491643	4.747762123989277	-1.375118812091471e-30
4.794818946491643	4.890814864396467	4.842816905444055	-1.3650742962816303e-30
4.890814864396468	4.988730700659389	4.939772782527928	-1.3549724310768586e-30
4.988730700659389	5.088604853647568	5.038667777153478	-1.3448157386083892e-30
5.088604853647569	5.190476489695512	5.13954067167154	-1.3346065355704435e-30
5.190476489695511	5.294385558464413	5.242431024079962	-1.3243472102703926e-30
5.294385558464413	5.400372808608692	5.347379183536552	-1.3140399559373218e-30
5.400372808608693	5.508479803755858	5.454426306182276	-1.3036867152541505e-30
5.508479803755859	5.618748938805967	5.563614371280913	-1.2932905874104354e-30
5.618748938805966	5.731223456557077	5.6749861976815215	-1.2828540991506149e-30
5.7312234565570765	5.845947464663209	5.788585460610143	-1.272380058847058e-30
5.845947464663211	5.962965952931467	5.904456708797339	-1.2618707871024188e-30
5.962965952931466	6.082324810965086	6.022645381948276	-1.2513286099583388e-30
6.082324810965086	6.204070846159379	6.143197828562233	-1.2407558305050982e-30
6.20407084615938	6.328251802057558	6.266161324108468	-1.2301547939237332e-30
6.328251802057558	6.4549163770737	6.3915840895656295	-1.2195283738319826e-30
6.454916377073701	6.584114243590166	6.519515310331934	-1.208879517751732e-30
6.584114243590165	6.71589606743696	6.650005155513563	-1.1982103848686366e-30
6.715896067436961	6.850313527760691	6.783104797598826	-1.1875231915059326e-30
6.85031352776069	6.987419337290895	6.9188664325257925	-1.1768202151164394e-30
6.987419337290895	7.127267263011704	7.057343300151299	-1.166103867113746e-30
7.127267263011705	7.269912147246929	7.198589705129317	-1.1553772213550497e-30
7.269912147246929	7.4154099291668585	7.342661038206893	-1.1446425143823608e-30
7.415409929166858	7.5638176667251855	7.489613797946022	-1.133901567436515e-30
7.5638176667251855	7.71519355903468	7.639505612879933	-1.1231569358551713e-30
7.715193559034678	7.869596969190362	7.79239526411252	-1.1124113443703526e-30
7.869596969190363	8.027088447549161	7.948342708369762	-1.1016671695219618e-30
8.027088447549161	8.187729755475134	8.107409101512147	-1.0909265674183242e-30
8.187729755475134	8.351583889559627	8.26965682251738	-1.0801914328317696e-30
8.351583889559627	8.51871510632581	8.435149497942719	-1.0694644830242253e-30
8.51871510632581	8.689188947427317	8.603952026876563	-1.0587476459466532e-30
8.689188947427317	8.863072265350853	8.776130606389085	-1.0480433656813424e-30
8.863072265350853	9.04043324963286	8.951752757491857	-1.0373535912345213e-30
9.04043324963286	9.221341453600507	9.130887351616684	-1.0266803025058347e-30
9.221341453600507	9.405867821647508	9.313604637624007	-1.016026054425744e-30
9.405867821647508	9.594084717055448	9.499976269351478	-1.0053926013690104e-30
9.594084717055447	9.786065950371546	9.690075333713496	-9.947820308787722e-31
9.786065950371546	9.981886808353966	9.883976379362757	-9.841965873170175e-31
9.981886808353966	10.181624083496034	10.081755445925001	-9.736376739853976e-31
10.181624083496034	10.385356104140945	10.28349009381849	-9.631074511590825e-31
10.385356104140945	10.593162765198754	10.48925943466985	-9.526082357007075e-31
10.593162765198754	10.805125559477718	10.699144162338236	-9.421415551229302e-31
10.805125559477718	11.021327609642261	10.91322658455999	-9.317089802141445e-31
11.021327609642261	11.241853700810095	11.131590655226178	-9.21312593559125e-31
11.241853700810095	11.466790313801287	11.35432200730569	-9.10953894056308e-31
11.466790313801285	11.696225659052299	11.581507986426793	-9.00634449761344e-31
11.6962256590523	11.930249711208337	11.813237685130318	-8.903561695928912e-31
11.930249711208337	12.168954244407493	12.049601977807914	-8.801207195307562e-31
12.168954244407491	12.41243286827063	12.290693556339061	-8.699294986988784e-31
12.41243286827063	12.660781064611031	12.53660696644083	-8.597841711296995e-31
12.66078106461103	12.914096224878238	12.787438644744633	-8.496857741971093e-31
12.91409622487824	13.172477688350792	13.043286956614516	-8.396359481380401e-31
13.172477688350792	13.436026781092796	13.304252234721794	-8.29636433256965e-31
13.436026781092798	13.704846855689642	13.570436818391219	-8.196881749954832e-31
13.70484685568964	13.97904333177842	13.84194509373403	-8.097928393330516e-31
13.979043331778422	14.258723737388978	14.1188835345837	-7.99951192414057e-31
14.258723737388976	14.543997751111744	14.401360744250361	-7.901647522956008e-31
14.543997751111744	14.834977245108966	14.689487498110356	-7.804347721286403e-31
14.834977245108968	15.131776328986135	14.98337678704755	-7.707622430522103e-31
15.131776328986136	15.434511394540847	15.283143861763492	-7.611483311817955e-31
15.434511394540843	15.743301161406647	15.588906277973745	-7.51593920217785e-31
15.743301161406647	16.058266723609766	15.900783942508205	-7.42099968762678e-31
16.05826672360977	16.37953159705695	16.218899160333358	-7.326678451622421e-31
16.37953159705695	16.707221767973074	16.54337668251501	-7.232981188318841e-31
16.707221767973074	17.041465742307523	16.8743437551403	-7.139918975201637e-31
17.041465742307526	17.382394596128663	17.211930169218093	-7.047497600470276e-31
17.382394596128663	17.730142027026222	17.55626831157744	-6.95572779019419e-31
17.730142027026222	18.084844406541734	17.907493216783976	-6.864616113749582e-31
18.08484440654173	18.44664083364755	18.265742620094642	-6.774171368133515e-31
18.446640833647553	18.81567318929549	18.631157011471522	-6.684395633774531e-31
18.81567318929549	19.192086192056387	19.003879690675937	-6.595300869429693e-31
19.192086192056387	19.5760274548725	19.38405682346444	-6.506891748481709e-31
19.5760274548725	19.967647542944935	19.771837498908717	-6.419175088350164e-31
19.967647542944935	20.36710003277882	20.167373787861877	-6.332152844786531e-31
20.367100032778815	20.774541572409376	20.570820802594096	-6.2458340915482685e-31
20.77454157240938	21.19013194283255	20.982336757620963	-6.1602210613751135e-31
21.19013194283255	21.614034120664186	21.40208303174837	-6.075320757544706e-31
21.61403412066419	22.046414342052458	21.830224231358322	-5.991133644414154e-31
22.046414342052458	22.48744216786849	22.266928254960476	-5.907667467026032e-31
22.48744216786849	22.937290550200846	22.712366359034668	-5.824923419100077e-31
22.937290550200842	23.396135900179843	23.166713225190342	-5.7429058731392085e-31
23.396135900179846	23.86415815715843	23.630147028669136	-5.661616360399277e-31
23.86415815715842	24.341540859276574	24.102849508217496	-5.581058526858382e-31
24.341540859276574	24.828471215437087	24.58500603735683	-5.501236639161748e-31
24.82847121543709	25.325140178720815	25.076805697078953	-5.422148118393425e-31
25.32514017872082	25.83174252127022	25.57844134999552	-5.343799393118567e-31
25.831742521270215	26.348476910670602	26.090109715970407	-5.266189623972902e-31
26.348476910670605	26.875545987859	26.612011449264802	-5.189320001351927e-31
26.875545987858995	27.413156446591156	27.144351217225076	-5.1131916617180335e-31
27.41315644659116	27.961519114497964	27.68733778054456	-5.037806612882056e-31
27.961519114497964	28.520849035762904	28.241184075130434	-4.963164622325663e-31
28.52084903576291	29.09136555545315	28.80610729560803	-4.889263278800535e-31
29.091365555453145	29.67329240553719	29.382328980495167	-4.816107575053007e-31
29.67329240553719	30.266857792622915	29.970075099080052	-4.7436955876641575e-31
30.266857792622922	30.87229448745036	30.56957614003664	-4.672023707956084e-31
30.872294487450354	31.48983991617434	31.181067201812347	-4.60109461197565e-31
31.489839916174343	32.11973625347281	31.804788084823578	-4.5309076754738455e-31
32.11973625347281	32.762230517517246	32.44098338549503	-4.461459826941994e-31
32.762230517517246	33.41757466684257	33.08990259217991	-4.392751574030569e-31
33.41757466684257	34.0860256991544	33.75180018299848	-4.32478058787096e-31
34.086025699154405	34.76784575211247	34.42693572563344	-4.257545249596092e-31
34.767845752112464	35.46330220612969	35.11557397912108	-4.191044791670457e-31
35.4633022061297	36.17266778922727	35.81798499767848	-4.125276332880863e-31
36.17266778922727	36.89622068398679	36.53444423660703	-4.060236482628177e-31
36.8962206839868	37.63424463664151	37.265232660314155	-3.995924503150431e-31
37.634244636641505	38.387029068349314	38.01063685249541	-3.9323385175007415e-31
38.387029068349314	39.15486918869128	38.7709491285203	-3.86947390811132e-31
39.15486918869128	39.93806611144008	39.54646765006568	-3.80733035305591e-31
39.93806611144008	40.73692697264386	40.33749654204197	-3.7459041493683758e-31
40.736926972643865	41.55176505107172	41.14434601185779	-3.685192932734574e-31
41.55176505107172	42.38289989106813	41.96733247106992	-3.625193739475835e-31
42.38289989106812	43.23065742786446	42.80677865946629	-3.5659015021550967e-31
43.23065742786446	44.09537011539672	43.66301377163059	-3.5073135722869607e-31
44.09537011539672	44.97737705667963	44.536373586038174	-3.449425405901772e-31
44.977377056679636	45.8770241367882	45.42720059673392	-3.3922350208506823e-31
45.8770241367882	46.79466415849894	46.33584414764357	-3.335741594613528e-31
46.79466415849895	47.7306569806439	47.26266056957142	-3.2799384489261684e-31
47.73065698064389	48.685369659231746	48.20801331993782	-3.2248208806608764e-31
48.685369659231746	49.65917659139136	49.17227312531155	-3.170387378003688e-31
49.65917659139135	50.65245966219415	50.15581812679275	-3.1166341587401596e-31
50.652459662194154	51.665608394413006	51.15903402830358	-3.063555593973105e-31
51.66560839441301	52.69902010127625	52.18231424784463	-3.011146939424628e-31
52.69902010127624	53.753100042276735	53.22606007177649	-2.959407584759421e-31
53.753100042276735	54.82826158209724	54.29068081218699	-2.908328430047526e-31
54.82826158209724	55.92492635271416	55.3765939674057	-2.857910100899648e-31
55.92492635271416	57.04352441874341	56.484225385728784	-2.8081445643246196e-31
57.04352441874342	58.184494446093254	57.614009432418335	-2.7590283560574295e-31
58.184494446093254	59.348283873990084	58.76638916004167	-2.710557452011303e-31
59.348283873990084	60.53534909044485	59.94181648221747	-2.662726435957379e-31
60.535349090444846	61.74615561122871	61.14075235083678	-2.6155320093939833e-31
61.74615561122872	62.981178262428266	62.363666936828494	-2.5689714216430485e-31
62.98117826242826	64.2409013666518	63.61103981454003	-2.5230399456532656e-31
64.2409013666518	65.5258189329598	64.8833601498058	-2.4777417348539265e-31
65.5258189329598	66.83643485059396	66.18112689177687	-2.4330747704643976e-31
66.83643485059396	68.1732630865808	67.50484896858738	-2.3890516468023055e-31
68.17326308658079	69.53682788728737	68.85504548693407	-2.3456802519421525e-31
69.53682788728739	70.9276639840081	70.23224593564774	-2.302971248466197e-31
70.92766398400809	72.34631680266321	71.63699039333565	-2.260940986561725e-31
72.34631680266322	73.79334267769146	73.06982974017734	-2.2195972730212634e-31
73.79334267769144	75.26930907022023	74.53132587395584	-2.1789421075344437e-31
75.26930907022025	76.77479479059961	76.02205193040993	-2.1389771415411753e-31
76.7747947905996	78.31039022538656	77.54259250799308	-2.099698809198887e-31
78.31039022538656	79.87669756886925	79.0935438971279	-2.061097408382967e-31
79.87669756886925	81.4743310592216	80.67551431404542	-2.0231617706998643e-31
81.47433105922158	83.10391721938097	82.28912413930128	-1.985883292801474e-31
83.10391721938097	84.76609510274355	83.93500616106226	-1.9492533309799294e-31
84.76609510274358	86.4615165437734	85.61380582325849	-1.9132625630740295e-31
86.4615165437734	88.19084641362383	87.32618147869862	-1.8779002534215446e-31
88.19084641362382	89.95476288087124	89.07280464724752	-1.8431559788650802e-31
89.95476288087124	91.75395767746362	90.85436027916742	-1.8090207148142466e-31
91.75395767746362	93.58913636998784	92.67154702372574	-1.7754838249562475e-31
93.58913636998786	95.46101863636257	94.52507750317521	-1.742535753963216e-31
95.46101863636258	97.37033854806478	96.41567859221368	-1.710168180305429e-31
97.37033854806477	99.31784485800101	98.34409170303289	-1.6783719216745904e-31
99.31784485800102	101.304301294136	100.31107307606851	-1.6471378789202982e-31
101.304301294136	103.33048685899367	102.31739407656482	-1.616457379989601e-31
103.33048685899367	105.39719613514849	104.36384149707108	-1.586321414846058e-31
105.39719613514849	107.50523959682641	106.45121786598745	-1.5567208856969748e-31
107.50523959682641	109.65544392773789	108.58034176228216	-1.5276479105349542e-31
109.65544392773788	111.84865234526758	110.75204813650274	-1.4990936981798777e-31
111.84865234526758	114.08572493114788	112.96718863820773	-1.4710497055237845e-31
114.0857249311479	116.36753896874579	115.22663194994684	-1.4435087108480144e-31
116.36753896874578	118.69498928709564	117.5312641279207	-1.4164615573300385e-31
118.69498928709562	121.06898861181249	119.88198894945405	-1.3899001965954755e-31
121.06898861181249	123.49046792302367	122.27972826741808	-1.3638157770433488e-31
123.49046792302369	125.9603768204591	124.72542237174139	-1.338201484992463e-31
125.9603768204591	128.47968389584324	127.22003035815118	-1.3130485349933544e-31
128.4796838958432	131.04937711273502	129.7645305042891	-1.2883489491946395e-31
131.04937711273502	133.67046419396465	132.35992065334983	-1.264097146678071e-31
133.67046419396468	136.3439730168189	135.00721860539178	-1.2402852381477068e-31
136.3439730168189	139.0709520161302	137.70746251647455	-1.2169052153776508e-31
139.0709520161302	141.85247059542775	140.46171130577898	-1.1939492223442448e-31
141.85247059542775	144.68961954631123	143.2710450708695	-1.1714102800002632e-31
144.68961954631123	147.58351147621238	146.1365655112618	-1.1492825093540453e-31
147.5835114762124	150.5352812447116	149.05939636046202	-1.1275588105640592e-31
150.53528124471157	153.54608640858072	152.04068382664616	-1.1062310769182299e-31
153.54608640858075	156.61710767572728	155.08159704215402	-1.0852926037766885e-31
156.61710767572728	159.74954936821675	158.18332852197202	-1.0647388743124516e-31
159.74954936821675	162.94463989455602	161.34709463138637	-1.0445615384370038e-31
162.94463989455602	166.20363223142206	164.57413606298906	-1.0247537914346028e-31
166.20363223142203	169.5278044150254	167.86571832322372	-1.0053100115241095e-31
169.5278044150254	172.91846004230084	171.22313222866313	-9.862246580007626e-32
172.91846004230084	176.37692878212178	174.6476944122113	-9.674898451918477e-32
176.37692878212178	179.90456689673914	178.14074783943045	-9.491010402932628e-32
179.90456689673914	183.50275777364885	181.703662335194	-9.310514478455551e-32
183.50275777364885	187.17291246809674	185.3378351208728	-9.133345799099026e-32
187.17291246809674	190.9164702564336	189.04469136226516	-8.95946558059399e-32
190.91647025643357	194.73489920053714	192.82568472848536	-8.788800258968296e-32
194.73489920053717	198.6296967235228	196.68229796203	-8.621293708310794e-32
198.6296967235228	202.60239019696817	200.6160434602455	-8.45689868257535e-32
202.6023901969682	206.65453753988248	204.62846386842534	-8.295548337499629e-32
206.65453753988243	210.78772782965498	208.7211326847687	-8.13720922434058e-32
210.787727829655	215.00358192522302	212.89565487743903	-7.981808917919964e-32
215.00358192522305	219.30375310270242	217.15366751396272	-7.829306638223628e-32
219.30375310270236	223.6899277037313	221.49684040321682	-7.679648725652819e-32
223.6899277037313	228.16382579678083	225.92687675025607	-7.532777088700087e-32
228.16382579678083	232.72720185169135	230.4455138242361	-7.388652115590225e-32
232.72720185169135	237.38184542770006	235.0545236396957	-7.247219152533152e-32
237.38184542770009	242.12958187522898	239.75571365146453	-7.108434846056394e-32
242.12958187522898	246.97227305170844	244.55092746346872	-6.972243508957016e-32
246.97227305170844	251.9118180517175	249.44204555171297	-6.838612198738408e-32
251.91181805171752	256.95015395172675	254.43098600172215	-6.707478737428976e-32
256.95015395172675	262.08925656973616	259.5197052607315	-6.578811402408817e-32
262.08925656973616	267.33114124010575	264.71019890492096	-6.452562155709256e-32
267.3311412401058	272.6778636038828	270.0045024219943	-6.328687161446658e-32
272.67786360388277	278.1315204149353	275.404692009409	-6.207143941574358e-32
278.1315204149353	283.6942503622089	280.91288538857214	-6.08788634094374e-32
283.6942503622089	289.36823490842795	286.53124263531845	-5.970881179554215e-32
289.36823490842795	295.15569914557136	292.2619670269996	-5.856071913771618e-32
295.15569914557136	301.05891266745766	298.1073059065145	-5.743435120125942e-32
301.05891266745766	307.0801904597817	304.0695515636197	-5.632921961142527e-32
307.08019045978165	313.22189380795214	310.1510421338669	-5.524502218801024e-32
313.2218938079522	319.48643122308613	316.3541625155192	-5.418132647565466e-32
319.4864312230861	325.87625938652263	322.6813453048044	-5.313769551639503e-32
325.87625938652263	332.39388411322795	329.1350717498753	-5.211390626579912e-32
332.39388411322795	339.04186133446734	335.7178727238477	-5.1109488459221e-32
339.04186133446734	345.82279810013154	342.43232971729947	-5.012406427479402e-32
345.8227981001316	352.7393536011091	349.28107585062037	-4.915737413462487e-32
352.73935360110903	359.79424021210605	356.2667969066075	-4.8208985101088405e-32
359.7942402121061	366.99022455532304	363.3922323837146	-4.727867232189668e-32
366.9902245553231	374.3301285854044	370.6601765703638	-4.6366059947070666e-32
374.33012858540434	381.81683069608727	378.0734796407458	-4.5470720101687844e-32
381.81683069608727	389.45326684898384	385.6350487725356	-4.459247177668149e-32
389.4532668489838	397.2424317249383	393.34784928696104	-4.3730964239916964e-32
397.24243172493834	405.1873798984119	401.2149058116751	-4.288580595119324e-32
405.18737989841185	413.2912270353549	409.23930346688337	-4.205675748931864e-32
413.29122703535495	421.55715111503685	417.4241890751959	-4.1243541329595776e-32
421.5571511150369	429.98839367631246	425.7727723956747	-4.0445786632659934e-32
429.98839367631246	438.5882610888135	434.288327382563	-3.9663312349868065e-32
438.58826108881357	447.36012584956467	442.9741934691891	-3.88958119574648e-32
447.3601258495646	456.3074279055307	451.8337768775476	-3.814296565532402e-32
456.3074279055307	465.4336760026161	460.8705519540734	-3.740446452496309e-32
465.43367600261604	474.74244906164313	470.0880625321296	-3.668012574728099e-32
474.74244906164324	484.23739758185087	479.489923321747	-3.596966723326728e-32
484.2373975818509	493.9222450724627	489.0798213271568	-3.527277237005999e-32
493.9222450724626	503.80078951288664	498.86151729267465	-3.45892322576269e-32
503.80078951288675	513.8769048421193	508.838847177503	-3.3918782823782216e-32
513.8769048421193	524.1545424779365	519.0157236600279	-3.326118538707401e-32
524.1545424779364	534.6377328664698	529.3961376722032	-3.2616146210770947e-32
534.6377328664698	545.330587062774	539.984159964622	-3.19835244247821e-32
545.330587062774	556.2372983430043	550.7839427028891	-3.1363078866898535e-32
556.2372983430042	567.3621438488391	561.7997210959217	-3.075455884741163e-32
567.3621438488391	578.7094862647906	573.0358150568148	-3.0157682839642e-32
578.7094862647906	590.2837755290611	584.4966308969258	-2.9572265992239927e-32
590.2837755290612	602.0895505786173	596.1866630538393	-2.8998123102788925e-32
602.0895505786171	614.1314411291643	608.1104958538907	-2.8435046500272585e-32
614.1314411291643	626.4141694907223	620.2728053099434	-2.7882789318675917e-32
626.4141694907223	638.9425524195115	632.6783609551169	-2.7341131070152125e-32
638.9425524195115	651.7215030068764	645.332027713194	-2.680992908867535e-32
651.7215030068764	664.7560326059887	658.2387678064326	-2.6288958696049265e-32
664.7560326059887	678.0512527970832	671.403642701536	-2.577801091683795e-32
678.0512527970831	691.6123773919994	684.8318150945413	-2.52768888109507e-32
691.6123773919994	705.4447244788141	698.5285509354068	-2.478539360844067e-32
705.4447244788141	719.5537185073651	712.4992214930896	-2.4303412878773566e-32
719.5537185073651	733.9448924164872	726.7493054619262	-2.3830758495173044e-32
733.944892416487	748.6238898037915	741.2843911101393	-2.3367230276267767e-32
748.6238898037917	763.5964671388422	756.1101784713169	-2.2912653181682891e-32
763.5964671388421	778.8684960205935	771.2324815797178	-2.2466819665345858e-32
778.8684960205936	794.4459654799801	786.6572307502869	-2.2029590304169722e-32
794.4459654799801	810.3349843285544	802.3904749042672	-2.160081529058728e-32
810.3349843285545	826.5417835541002	818.4383839413274	-2.1180339865744043e-32
826.5417835541001	843.0727187641568	834.8072511591284	-2.0768004255873875e-32
843.0727187641568	859.9342726784146	851.5034957212856	-2.0363633244915605e-32
859.9342726784146	877.1330576709574	868.533665174686	-1.996706042875745e-32
877.1330576709573	894.6758183633511	885.9044380171542	-1.957816849815511e-32
894.6758183633511	912.5694342695928	903.622626316472	-1.919682055394203e-32
912.5694342695929	930.8209224939593	921.695178381776	-1.8822852961346888e-32
930.8209224939593	949.437440482813	940.1291814883862	-1.8456132835680583e-32
949.437440482813	968.4262888314439	958.9318646571285	-1.8096494214556604e-32
968.4262888314439	987.7949141470474	978.1106014892457	-1.7743798066050695e-32
987.7949141470475	1007.5509119689631	997.6729130580053	-1.7397916078653615e-32
1007.5509119689629	1027.7020297473166	1017.6264708581398	-1.7058730591781212e-32
1027.7020297473166	1048.2561698812374	1037.979099814277	-1.6726146421390288e-32
1048.2561698812376	1069.2213928178369	1058.7387813495372	-1.6400030043945147e-32
1069.2213928178369	1090.6059202131682	1079.9136565155027	-1.6080245988954786e-32
1090.605920213168	1112.4181381564058	1101.512029184787	-1.5766665397417323e-32
1112.418138156406	1134.6666004585086	1123.5423693074572	-1.545917279663538e-32
1134.6666004585088	1157.3600320066535	1146.013316232581	-1.515762978395648e-32
1157.3600320066535	1180.507332185761	1168.9336820962071	-1.486192990427686e-32
1180.507332185761	1204.1175783684507	1192.312455277106	-1.4571977256903595e-32
1204.1175783684507	1228.2000294747943	1216.1588039216226	-1.4287651083885817e-32
1228.2000294747943	1252.7641296032646	1240.4820795390294	-1.4008846129889714e-32
1252.7641296032646	1277.8195117343043	1265.2918206687846	-1.3735461646779823e-32
1277.8195117343043	1303.376001507965	1290.5977566211345	-1.3467394202077172e-32
1303.376001507965	1329.4436210770987	1316.4098112925317	-1.3204538388803042e-32
1329.4436210770984	1356.0325930376148	1342.7381070573565	-1.2946790576874052e-32
1356.0325930376152	1383.153344437342	1369.5929687374787	-1.2694031079881646e-32
1383.1533444373417	1410.816510865063	1396.9849276512023	-1.2446182728162225e-32
1410.816510865063	1439.0329406213386	1424.9247257432007	-1.220315517284943e-32
1439.0329406213386	1467.8136989727398	1453.4233197970393	-1.1964866921888098e-32
1467.8136989727395	1497.1700724911686	1482.491885731954	-1.1731223006781951e-32
1497.1700724911689	1527.1135734799666	1512.1418229855676	-1.1502128928591625e-32
1527.1135734799666	1557.6559444885402	1542.3847589842535	-1.1277489478775234e-32
1557.6559444885404	1588.8091629172854	1573.2325537029128	-1.1057226906242741e-32
1588.8091629172857	1620.5854457146056	1604.6973043159455	-1.0841252695772983e-32
1620.5854457146054	1652.9972541678717	1636.7913499412384	-1.0629478663134636e-32
1652.9972541678717	1686.0572987902035	1669.5272764790375	-1.042181333106041e-32
1686.0572987902035	1719.7785443049818	1702.9179215475926	-1.021816709591125e-32
1719.778544304982	1754.1742147300558	1736.976379517519	-1.0018477634683762e-32
1754.1742147300558	1789.2577985636312	1771.7160066468437	-9.822672693052858e-33
1789.2577985636312	1825.043054073878	1807.1504263187546	-9.63068413011411e-33
1825.0430540738782	1861.54401469433	1843.293534384104	-9.442436248299621e-33
1861.54401469433	1898.7749945271908	1880.1595046107605	-9.257866620759267e-33
1898.7749945271908	1936.7505939567088	1917.76279424195	-9.076902418359162e-33
1936.7505939567088	1975.4857053748171	1956.118149665763	-8.899472067683765e-33
1975.485705374817	2014.9955190212875	1995.240612198052	-8.725505090176498e-33
2014.9955190212875	2055.2955289406873	2035.1455239809875	-8.55493152703433e-33
2055.2955289406877	2096.4015390584755	2075.8485339995814	-8.38768251013247e-33
2096.4015390584755	2138.329669378619	2117.3656042185476	-8.22369355329812e-33
2138.329669378619	2181.0963623051657	2159.7130158418922	-8.062903651753383e-33
2181.0963623051653	2224.7183890902425	2202.907375697704	-7.905246765353916e-33
2224.718389090243	2269.2128564110217	2246.965622750632	-7.75065752997857e-33
2269.2128564110217	2314.597213078216	2291.905034744619	-7.599078464341454e-33
2314.5972130782156	2360.889256878754	2337.743234978485	-7.450457157227027e-33
2360.8892568787546	2408.1071415553038	2384.498199217029	-7.304736784057497e-33
2408.1071415553033	2456.2693839253834	2432.1882627403434	-7.161863716246316e-33
2456.269383925384	2505.3948711428657	2480.832127534125	-7.021781145494829e-33
2505.394871142865	2555.5028681046965	2530.448869623781	-6.884432516217552e-33
2555.5028681046965	2606.6130250057645	2581.0579465552305	-6.74976155049342e-33
2606.613025005764	2658.7453850448533	2632.679205025309	-6.617720836178924e-33
2658.7453850448533	2711.920392284724	2685.3328886647887	-6.488253756100065e-33
2711.920392284724	2766.1588996693927	2739.039645977058	-6.361317072371338e-33
2766.1588996693927	2821.4821772017544	2793.8205384355733	-6.23686022170469e-33
2821.482177201754	2877.911920284763	2849.697048743258	-6.114831417038255e-33
2877.911920284763	2935.4702582294317	2906.6910892570972	-5.99518676665926e-33
2935.470258229432	2994.1797629329944	2964.825010581213	-5.877880352687456e-33
2994.1797629329944	3054.063457730628	3024.121610331811	-5.762865429205586e-33
3054.0634577306278	3115.144826424214	3084.604142077421	-5.650095978444097e-33
3115.144826424215	3177.447822491673	3146.296324457944	-5.539528299454103e-33
3177.4478224916725	3240.9968784804796	3209.222350486076	-5.431116738860813e-33
3240.9968784804796	3305.816915589063	3273.406897034771	-5.3248182824624616e-33
3305.816915589063	3371.9333534398174	3338.87513451444	-5.2205901863198956e-33
3371.9333534398174	3439.3721200475875	3405.6527367437025	-5.1183985418225926e-33
3439.3721200475875	3508.1596619875127	3473.76589101755	-5.0182029403220415e-33
3508.159661987512	3578.322954766236	3543.2413083768743	-4.919963591647454e-33
3578.3229547662368	3649.889513400535	3614.106234083386	-4.823648083358476e-33
3649.8895134005347	3722.8874032075187	3686.3884583040267	-4.7292186154097224e-33
3722.8874032075187	3797.3452508106425	3760.1163270090806	-4.6366381209881846e-33
3797.3452508106425	3873.2922553658286	3835.3187530882356	-4.545870250148158e-33
3873.2922553658286	3950.7582000121183	3912.0252276889732	-4.456879352871821e-33
3950.758200012119	4029.7734635513343	3990.265831781727	-4.369630460934364e-33
4029.7734635513343	4110.369032361335	4070.0712479563344	-4.284089267300078e-33
4110.369032361334	4192.576512547534	4151.472772454434	-4.2002221000988337e-33
4192.576512547535	4276.428142337459	4234.502327442497	-4.117995883048267e-33
4276.428142337458	4361.9568047231805	4319.192473530319	-4.037378052613427e-33
4361.9568047231805	4449.196040356617	4405.576422539899	-3.9583362317237664e-33
4449.196040356617	4538.180060702723	4493.68805052967	-3.880838323919301e-33
4538.180060702723	4628.94376145575	4583.561911079236	-3.8048574261561245e-33
4628.94376145575	4721.522736223838	4675.233248839794	-3.730363900447158e-33
4721.5227362238375	4815.953290487288	4768.7380133555625	-3.6573284909951745e-33
4815.953290487288	4912.272455836006	4864.112873161646	-3.585722505917757e-33
4912.272455836007	5010.5180044917	4961.395230163853	-3.5155178040476583e-33
5010.5180044917	5110.728464120507	5060.623234306104	-3.446686781194469e-33
5110.728464120506	5212.943132941889	5161.835798531198	-3.3792023554151894e-33
5212.943132941889	5317.2020951397	5265.072614040795	-3.3130379504458954e-33
5317.202095139701	5423.546236581467	5370.374165860584	-3.2481674755303506e-33
5423.5462365814665	5532.017260852069	5477.781748716768	-3.184565297392418e-33
5532.017260852069	5642.657705608083	5587.337483230076	-3.122206191449432e-33
5642.657705608082	5755.510959259216	5699.084332433649	-3.0610652114833266e-33
5755.510959259216	5870.621277983373	5813.066118621295	-3.001117018624224e-33
5870.621277983374	5988.033803082014	5929.327540532694	-2.9423395485353977e-33
5988.033803082014	6107.794578682627	6047.91419088232	-2.884709077827688e-33
6107.794578682627	6229.950569795252	6168.87257423894	-2.8282041807359402e-33
6229.950569795251	6354.549680730128	6292.25012526269	-2.7728039152105463e-33
6354.54968073013	6481.640773883704	6418.095227306917	-2.7184860808905635e-33
6481.640773883703	6611.27368890035	6546.457231392027	-2.6652283296745672e-33
6611.27368890035	6743.4992622173295	6677.38647555884	-2.613008216417555e-33
6743.4992622173295	6878.369347000648	6810.934304608989	-2.561807985455064e-33
6878.369347000648	7015.936833479634	6947.153090240141	-2.511609941705673e-33
7015.936833479633	7156.2556696881975	7086.096251583915	-2.46239427850782e-33
7156.2556696881975	7299.380882620933	7227.818276154565	-2.4141424933295724e-33
7299.380882620934	7445.368599812325	7372.374741216629	-2.366835532695502e-33
7445.368599812325	7594.276071347543	7519.822335579934	-2.320454594369842e-33
7594.276071347542	7746.161692313464	7670.218881830503	-2.274980504987897e-33
7746.161692313464	7901.085025698705	7823.623359006085	-2.2303968236922417e-33
7901.085025698706	8059.106825751652	7980.095925725179	-2.186686743977075e-33
8059.106825751651	8220.289061805655	8139.697943778653	-2.1438330764087067e-33
8220.289061805655	8384.69494258074	8302.492002193198	-2.101818941606605e-33
8384.69494258074	8552.388940971327	8468.541941776033	-2.0606277324645588e-33
8552.388940971327	8723.436819329725	8637.912880150525	-2.020242967259524e-33
8723.436819329725	8897.90565525529	8810.671237292507	-1.9806484114253593e-33
8897.905655255292	9075.863867899368	8986.88476157733	-1.9418300793451706e-33
9075.863867899368	9257.381244796326	9166.622556347847	-1.9037727483940338e-33
9257.381244796328	9442.528969231225	9349.955107013777	-1.866461494341549e-33
9442.528969231224	9631.37964815482	9536.95430869302	-1.8298816854947302e-33
9631.379648154818	9824.007340656884	9727.693494405852	-1.7940189769550675e-33
9824.007340656886	10020.487587008995	9922.24746383294	-1.758859304987439e-33
10020.487587008995	10220.897438288144	10120.69251264857	-1.7243888814985564e-33
10220.897438288146	10425.31548659288	10323.106462440512	-1.6905941886226563e-33
10425.31548659288	10633.821895863708	10529.568691228294	-1.657461973412162e-33
10633.821895863706	10846.49843331995	10740.160164591827	-1.624979242631059e-33
10846.498433319952	11063.42850152532	10954.963467422636	-1.5931332576487036e-33
11063.428501525323	11284.6971710948	11174.062836310062	-1.5619115294318004e-33
11284.697171094798	11510.391214055664	11397.544192575231	-1.5313018136322158e-33
11510.391214055666	11740.59913787575	11625.495175965709	-1.501292105768264e-33
11740.599137875748	11975.411220172233	11858.00517902399	-1.4718706364970087e-33
11975.411220172233	12214.919544114648	12095.165382143441	-1.4430258669749689e-33
12214.919544114648	12459.21803453591	12337.06878932528	-1.4147464843044476e-33
12459.21803453591	12708.402494765598	12583.810264650754	-1.3870213970623704e-33
12708.402494765598	12962.57064419988	12835.486569482739	-1.3598397309081037e-33
12962.570644199881	13221.822156622848	13092.196400411365	-1.3331908242660314e-33
13221.822156622848	13486.258699294274	13354.04042795856	-1.3070642240776569e-33
13486.25869929427	13755.983972819125	13621.121336056698	-1.281449681616349e-33
13755.983972819127	14031.103751814479	13893.543862316803	-1.2563371483552236e-33
14031.103751814479	14311.725926389738	14171.414839102108	-1.2317167718741276e-33
14311.72592638974	14597.960544456502	14454.84323542312	-1.2075788917836114e-33
14597.960544456502	14889.919854884602	14743.940199670553	-1.1839140356283466e-33
14889.919854884598	15187.718351521258	15038.819103202928	-1.1607129147003624e-33
15187.71835152126	15491.472818090653	15339.595584805957	-1.1379664196181474e-33
15491.472818090655	15801.302373991437	15646.387596041046	-1.1156656153277196e-33
15801.302373991437	16117.328521010233	15959.315447500834	-1.0938017345105718e-33
16117.328521010233	16439.675190969407	16278.50185598982	-1.0723661651006233e-33
16439.675190969407	16768.468794327764	16604.071992648584	-1.0513503811679515e-33
16768.46879432776	17103.838269753283	16936.153532040524	-1.0307462553878777e-33
17103.838269753283	17445.915134687315	17274.8767022203	-1.010545824975174e-33
17445.915134687315	17794.83353692003	17620.374335803674	-9.907411392296522e-34
17794.833536920032	18150.730307197402	17972.78192205872	-9.71324382562422e-34
18150.730307197402	18513.745012880318	18332.23766003886	-9.52287831791563e-34
18513.745012880314	18884.020012676887	18698.8825127786	-9.336236631375266e-34
18884.02001267689	19261.700512469397	19072.860262573144	-9.153253598100429e-34
19261.700512469393	19646.934622257748	19454.31756736357	-8.973857456302989e-34
19646.934622257748	20039.87341424187	19843.404018249807	-8.797977849955611e-34
20039.873414241873	20440.670982065676	20240.272198153776	-8.625545801075881e-34
20440.670982065676	20849.484501245955	20645.077741655816	-8.45649368252684e-34
20849.484501245955	21266.47429080984	21057.9793960279	-8.290755191316999e-34
21266.47429080984	21691.803876165006	21479.139083487426	-8.128265322381176e-34
21691.803876165002	22125.640053227267	21908.721964696135	-7.968960342820434e-34
22125.640053227267	22568.152953830777	22346.896503529024	-7.812777766575472e-34
22568.152953830777	23019.51611244636	22793.834533138568	-7.659656329501264e-34
23019.516112446363	23479.906534234255	23249.711323340307	-7.509535964800999e-34
23479.90653423425	23949.504764457903	23714.705649346077	-7.362357778761508e-34
23949.5047644579	24428.49495928602	24188.999861871962	-7.218064026706236e-34
24428.49495928602	24917.064958010706	24672.779958648363	-7.076598089036608e-34
24917.06495801071	25415.40635670989	25166.2356573603	-6.937904447150332e-34
25415.40635670989	25923.71458338305	25669.56047004647	-6.801928658865314e-34
25923.71458338305	26442.188974589677	26182.951778986364	-6.668617332640963e-34
26442.18897458967	26971.032853620425	26706.610914105047	-6.537918099099511e-34
26971.032853620432	27510.453610231805	27240.74323192612	-6.409779576212817e-34
27510.453610231805	28060.662781975403	27785.558196103604	-6.284151317363013e-34
28060.662781975403	28621.876137153875	28341.26945956464	-6.16098369714025e-34
28621.876137153875	29194.313759435914	28908.094948294893	-6.04022726263563e-34
29194.31375943591	29778.20013416359	29486.256946799753	-5.921835626417805e-34
29778.200134163595	30373.76423638583	30075.98218527471	-5.805764196071421e-34
30373.764236385836	30981.239620652515	30677.501928519174	-5.691967374084283e-34
30981.239620652508	31600.86451260452	31291.052066628516	-5.580400412575049e-34
31600.86451260452	32232.881902395573	31916.873207500044	-5.471019343623717e-34
32232.881902395577	32877.539639982446	32555.210771189013	-5.363780716623359e-34
32877.539639982446	33535.09053232105	33206.31508615175	-5.25864201611921e-34
33535.09053232105	34205.792442506434	33870.441487413744	-5.15556432593895e-34
34205.792442506434	34889.90839089552	34547.85041670098	-5.054507219927281e-34
34889.90839089553	35587.7066582524	35238.80752457396	-4.955431063705966e-34
35587.7066582524	36299.460890956405	35943.5837746044	-4.858296999043783e-34
36299.460890956405	37025.45020831449	36662.455549635444	-4.763066928514362e-34
37025.45020831449	37765.95931201974	37395.704760167115	-4.669703500431788e-34
37765.95931201974	38521.27859779909	38143.61895490941	-4.578170094052548e-34
38521.27859779909	39291.70426929403	38906.49143354656	-4.488430805030655e-34
39291.70426929404	40077.53845421888	39684.62136175646	-4.400450431110153e-34
40077.53845421888	40879.089322842214	40478.313888530545	-4.314194458035325e-34
40879.08932284221	41696.67120883801	41287.88026584011	-4.229629045652916e-34
41696.671208838015	42530.60473255374	42113.637970695876	-4.146721014171472e-34
42530.60473255373	43381.216926743764	42955.91082964875	-4.065437830527784e-34
43381.21692674376	44248.841364817585	43815.029145780674	-3.985747594785114e-34
44248.841364817585	45133.81829165289	44691.32982823523	-3.907619026443128e-34
45133.8182916529	46036.49475702491	45585.156524338905	-3.831021450455035e-34
46036.49475702491	46957.224751704365	46496.85975436464	-3.7559247825756133e-34
46957.224751704365	47896.36934627741	47426.79704899089	-3.6822995132739168e-34
47896.36934627741	48854.296832741915	48375.33308950966	-3.6101166884187062e-34
48854.296832741915	49831.38286893571	49342.83985083881	-3.539347881551863e-34
49831.3828689357	50828.01062585337	50329.69674739454	-3.4699651356230975e-34
50828.01062585337	51844.57093790939	51336.290781881384	-3.401940348471847e-34
51844.5709379094	52881.46245620654	52363.01669705797	-3.3352479907265444e-34
52881.46245620654	53939.09180486962	53410.277130538074	-3.2698613309848286e-34
53939.09180486961	55017.87374050596	54478.482772687785	-3.205754748827986e-34
55017.87374050596	56118.23131485503	55568.0525276805	-3.142904452613603e-34
56118.23131485503	57240.59604069108	56679.41367777306	-3.081285318738197e-34
57240.59604069109	58385.40806104386	57813.00205086748	-3.020873673996827e-34
58385.408061043854	59553.11632180368	58969.26219142377	-2.9616465347990284e-34
59553.11632180369	60744.178747778715	60148.647534791206	-2.903580675004307e-34
60744.17874777871	61959.06242227323	61351.62058502597	-2.84665332387424e-34
61959.06242227324	63198.24377025765	62578.65309626544	-2.7908421571424643e-34
63198.24377025764	64462.208745201744	63830.22625772969	-2.7361252882597404e-34
64462.208745201744	65751.45301964473	65106.83088242324	-2.6824812598106393e-34
65751.45301964473	67066.48217957657	66408.96759961065	-2.629889035098495e-34
67066.48217957657	68407.81192270706	67737.14705114182	-2.5783279898953057e-34
68407.81192270706	69775.96826070015	69091.8900917036	-2.5277779043533584e-34
69775.96826070013	71171.48772545307	70473.72799307661	-2.4782189550753994e-34
71171.48772545307	72594.91757950108	71883.20265247708	-2.4296317073402273e-34
72594.91757950108	74046.81603063004	73320.86680506557	-2.3819971074806647e-34
74046.81603063006	75527.7524507816	74787.28424070583	-2.335296475410918e-34
75527.7524507816	77038.30759933617	76283.03002505889	-2.2895114973003706e-34
77038.30759933617	78579.07385086184	77808.690725099	-2.2446242183909514e-34
78579.07385086184	80150.65542741801	79364.86463913992	-2.200617035955243e-34
80150.65542741802	81753.66863550532	80952.16203146167	-2.1574726923925606e-34
81753.66863550531	83388.74210775435	82571.20537162983	-2.115174268460287e-34
83388.74210775437	85056.51704944839	84222.62957860138	-2.073705176637792e-34
85056.51704944839	86757.6474899763	85907.08226971235	-2.0330491546203353e-34
86757.6474899763	88492.80053931476	87625.22401464553	-1.9931902589403634e-34
88492.80053931476	90262.65664963999	89377.72859447738	-1.9541128587137063e-34
90262.65664964	92067.90988217173	91165.28326590586	-1.9158016295081819e-34
92067.90988217172	93909.26817935408	92988.5890307629	-1.8782415473321922e-34
93909.2681793541	95787.45364248012	94848.36091091711	-1.8414178827409163e-34
95787.45364248012	97703.20281486865	96745.32822867439	-1.8053161950577634e-34
97703.20281486865	99657.26697070496	98680.2348927868	-1.7699223267087746e-34
99657.26697070496	101650.41240965799	100653.83969018148	-1.735222397667704e-34
101650.41240965799	103683.42075739008	102666.91658352403	-1.7012028000095499e-34
103683.4207573901	105757.08927207683	104720.25501473347	-1.6678501925703176e-34
105757.08927207682	107872.23115705728	106814.66021456705	-1.635151495710853e-34
107872.2311570573	110029.67587973736	108950.95351839732	-1.6030938861825638e-34
110029.67587973735	112230.26949687103	111129.97268830419	-1.5716647920929155e-34
112230.26949687103	114474.87498634738	113352.5722416092	-1.5408518879685352e-34
114474.87498634738	116764.37258561325	115619.62378598031	-1.5106430899138086e-34
116764.37258561324	119099.66013686443	117932.01636123884	-1.4810265508627852e-34
119099.66013686443	121481.65343914065	120290.65678800254	-1.4519906559222198e-34
121481.65343914065	123911.28660746239	122696.47002330152	-1.4235240178034555e-34
123911.2866074624	126389.51243915057	125150.39952330649	-1.3956154723407987e-34
126389.51243915057	128917.3027874725	127653.40761331153	-1.3682540740938273e-34
128917.3027874725	131495.64894276086	130206.47586511668	-1.341429092030848e-34
131495.64894276083	134125.56202115497	132810.6054819579	-1.315130005290318e-34
134125.562021155	136808.073361117	135466.817691136	-1.289346499016448e-34
136808.073361117	139544.23492787828	138176.15414449765	-1.2640684602642752e-34
139544.23492787828	142335.11972597477	140939.67732692652	-1.239285973967966e-34
142335.11972597474	145181.82222003315	143758.47097300395	-1.214989318963636e-34
145181.82222003318	148085.45876397277	146633.64049200297	-1.191168964053619e-34
148085.45876397274	151047.1680387911	149566.31340138192	-1.1678155640913346e-34
151047.1680387911	154068.11149910584	152557.6397689485	-1.1449199560508396e-34
154068.11149910584	157149.47382862685	155608.79266386636	-1.1224731550140324e-34
157149.47382862685	160292.4634047383	158720.96861668257	-1.100466349937286e-34
160292.46340473832	163498.31277237198	161895.38808855513	-1.0788908988739718e-34
163498.312772372	166768.27912735834	165133.2959498652	-1.0577383227466148e-34
166768.27912735834	170103.6448094444	168435.9619684014	-1.037000294280025e-34
170103.6448094444	173505.7178051722	171804.68130730832	-1.0166685983550868e-34
173505.7178051722	176975.83226081455	175240.77503299338	-9.96735192129233e-35
176975.83226081452	180515.3490055697	178745.5906331921	-9.771926041967367e-35
180515.34900556973	184125.65608522002	182320.50254539488	-9.580331703190285e-35
184125.65608522005	187808.16930646336	185966.9126958417	-9.39249376436895e-35
187808.16930646333	191564.3327921315	189686.2510492974	-9.20833855709562e-35
191564.3327921315	195395.61954751302	193479.97616982227	-9.027793856078581e-35
195395.619547513	199303.53203800216	197349.57579275756	-8.850788850590386e-35
199303.53203800213	203289.60277830105	201296.56740815158	-8.677254116402846e-35
203289.6027783011	207355.39493340603	205322.49885585357	-8.507121588169966e-35
207355.39493340597	211502.50293161298	209428.94893250946	-8.340324532204795e-35
211502.50293161298	215732.55308978414	213617.52801069856	-8.176797519570028e-35
215732.55308978414	220047.2042511187	217889.8786704514	-8.01647639935527e-35
220047.2042511187	224448.14843567996	222247.67634339933	-7.859298271922817e-35
224448.14843568	228937.11150393248	226692.62996980624	-7.705201461716221e-35
228937.11150393248	233515.85383355	231226.48266874126	-7.554125488797192e-35
233515.85383354998	238186.17100975986	235851.01242165492	-7.406011037162273e-35
238186.17100975983	242949.8945294939	240568.03276962688	-7.260799914397906e-35
242949.8945294939	247808.89251962266	245379.39352455828	-7.118434982429883e-35
247808.89251962266	252765.070469554	250286.9814945883	-6.97885991951221e-35
