-0.0	9.953897499377266e-5	4.976948749688633e-5	0.055226157507347676	1.336831668443955e10	0.055226157507347676	1.336831668443955e10
9.953897499377266e-5	0.0002010687294874207	0.00015030385224059668	0.25304089639539407	8.457453685678738e9	0.30826705390274173	9.053258091231194e9
0.00020106872948742058	0.0003046290790709416	0.00025284890427918107	0.537714794547012	6.37378482342167e9	0.8459818484497537	7.144278283968127e9
0.0003046290790709413	0.00041026063564613265	0.000357444857358537	0.8741044188406882	5.1167298852929735e9	1.720086267290442	5.946782757737294e9
0.0004102606356461331	0.0005180048233528283	0.0004641327294994807	1.2468291699715008	4.255718497349873e9	2.966915437261943	5.095832543412876e9
0.0005180048233528287	0.0006279038948136577	0.0005729543590832433	1.6486649756539964	3.6254254211249795e9	4.615580412915939	4.451006018678874e9
0.0006279038948136573	0.0007400009477037028	0.0006839524212586801	2.0765066169958226	3.144172754170011e9	6.692087029911762	3.9425403172498746e9
0.000740000947703703	0.0008543399416515495	0.0007971704446776262	2.5294349529749858	2.765495795772588e9	9.221521982886747	3.5303833348207793e9
0.0008543399416515493	0.0009709657154783526	0.0009126528285649509	3.0077372461390164	2.4605584944746585e9	12.229259229025764	3.189332919924579e9
0.0009709657154783523	0.0010899240047816917	0.001030444860130022	3.512342608671174	2.210348343921659e9	15.741601837696939	2.9024962071191587e9
0.0010899240047816917	0.0012112614598710977	0.0011505927323263946	4.044499510314612	2.0017714448572824e9	19.78610134801155	2.6580180329643965e9
0.0012112614598710973	0.0013350256640622914	0.0012731435619666943	4.605647171554854	1.8255305924563308e9	24.391748519566402	2.447290255548581e9
0.0013350256640622922	0.00146126515233731	0.0013981454081998012	5.197302118123727	1.6748397006471474e9	29.58905063769013	2.263890094089428e9
0.0014612651523373099	0.0015900294303778282	0.001525647291357569	5.821032337044958	1.5446452063297024e9	35.41008297473509	2.1029204600699604e9
0.0015900294303778277	0.0017213689939791564	0.001655699212178492	6.478444147604283	1.4311156322681587e9	41.888527122339376	1.9605799307422397e9
0.0017213689939791568	0.0018553353488525118	0.0017883521714158342	7.171186674124938	1.3313010909495764e9	49.059713796464315	1.8338725242158313e9
0.0018553353488525112	0.0019919810308233333	0.0019236581898379223	7.900967477426203	1.2428997717828298e9	56.960681273890515	1.72040608688303e9
0.0019919810308233333	0.002131359626433572	0.0020616703286284524	8.66954151179186	1.1640894794907837e9	65.63022278568238	1.6182479468582423e9
0.0021313596264335728	0.002273525793956016	0.0022024427101947942	9.478704165812488	1.093409491611993e9	75.10892695149487	1.5258199563057663e9
0.0022735257939560153	0.0024185352848289073	0.002346030539392461	10.330330418415853	1.0296801731693035e9	85.43925736991072	1.4418217480976317e9
0.002418535284828908	0.002566444965519258	0.002492490125174083	11.226389520366888	9.719397011585064e8	96.66564689027761	1.3651729834003682e9
0.002566444965519257	0.002717312839823414	0.0026418789026713355	12.168901525994684	9.193924221120222e8	108.8345484162723	1.2949686287467082e9
0.002717312839823413	0.0028711980716136527	0.002794255455718533	13.160010079833265	8.713797204491665e8	121.99455849610557	1.2304455201254723e9
0.002871198071613654	0.0030281610080396984	0.002949679539826676	14.20188929429247	8.273456783290414e8	136.19644779039805	1.1709552077013226e9
0.003028161008039698	0.0031882632031942633	0.0031082121056169804	15.296896138062449	7.868262848776428e8	151.4933439284605	1.115944104192785e9
0.003188263203194263	0.0033515674422519193	0.0032699153227230913	16.447389958861503	7.494219300950005e8	167.94073388732198	1.0649360980460091e9
0.0033515674422519197	0.0035181377660907292	0.0034348526041713245	17.655909183598588	7.147946270989916e8	185.59664307092058	1.0175200642518834e9
0.0035181377660907292	0.003688039496406315	0.003603088631248522	18.925084507943257	6.826526896289878e8	204.52172757886385	9.73339062420354e8
0.0036880394964063155	0.003861339261328213	0.0037746893788672643	20.25762753373716	6.527427067076968e8	224.779355112601	9.320815876156572e8
0.003861339261328213	0.004038105021548549	0.003949722141438381	21.656392279625305	6.248453310696212e8	246.4357473922263	8.93474716396938e8
0.004038105021548548	0.00421840609697329	0.004128255559260919	23.12436259404282	5.987691433287584e8	269.56010998626914	8.572783529435601e8
0.00421840609697329	0.004402313193906526	0.004310359645439908	24.664647290738376	5.74346081323667e8	294.22475727700754	8.232804354819503e8
0.004402313193906526	0.004589898432778427	0.004496105813342477	26.28048176876052	5.51427926924795e8	320.50523904576806	7.912929519948136e8
0.004589898432778428	0.004781235376427767	0.004685566904603098	27.975224111427657	5.298833157650628e8	348.4804631571957	7.61148600861685e8
0.0047812353764277666	0.0049763990589500925	0.00487881721768893	29.752408549253857	5.095962888414531e8	378.23287170644954	7.326980959309267e8
0.004976399058950093	0.005175466015122866	0.0050759325370364795	31.61571896357369	4.904634852363237e8	409.8485906700232	7.058077997676661e8
0.005175466015122865	0.005378514310419092	0.005276990162770979	33.56901811274485	4.723928085926611e8	443.41760878276807	6.803577572945868e8
0.005378514310419092	0.005585623571621245	0.005482068941020169	35.616291387894606	4.553010738893466e8	479.03390017066266	6.562399215161465e8
0.005585623571621245	0.00579687501804744	0.0056912492948343425	37.761694763635646	4.3911355344250345e8	516.7955949342983	6.33356720111104e8
0.005796875018047441	0.00601235149340216	0.0059046132557248	40.00957944939661	4.2376311344917935e8	556.8051743836949	6.116198419853737e8
0.00601235149340216	0.006232137498263974	0.006122244495833067	42.36448033283399	4.091890523162551e8	599.1696547165288	5.90949162257101e8
0.006232137498263972	0.006456319223223022	0.006344228360743497	44.83116700854527	3.953367353576665e8	644.0008217250742	5.712718526624755e8
0.006456319223223021	0.006684984582681251	0.006570651902952136	47.41457958660088	3.821562024241122e8	691.415401311675	5.525215353151561e8
0.006684984582681254	0.006918223249328648	0.0068016039160049505	50.11985555187826	3.696018746547134e8	741.5352568635533	5.346375746648608e8
0.006918223249328647	0.00715612668930899	0.007037174969318818	52.952405385581415	3.576325570716097e8	794.4876622491347	5.1756450739062005e8
0.00715612668930899	0.007398788198088939	0.007277457443698964	55.89068658709013	3.4604222927399457e8	850.3783488362249	5.0123547370036596e8
0.007398788198088939	0.007646302937044488	0.0075225455675667135	58.95980847552213	3.3494716111967397e8	909.338157311747	4.856040556120974e8
0.007646302937044487	0.007898767970779146	0.007772535453911817	62.172491387615224	3.243572159488297e8	971.5106486993622	4.7063138606659937e8
0.007898767970779147	0.0081562823051885	0.008027525137983823	65.53330244197439	3.142318422234514e8	1037.0439511413365	4.562803919038491e8
0.0081562823051885	0.00841894692628604	0.008287614615737269	69.04665556728145	3.045339779109444e8	1106.090606708618	4.425157979551323e8
0.00841894692628604	0.00868686483980553	0.008552905883045785	72.72119286458422	2.952476712149126e8	1178.8117995732023	4.293057171643419e8
0.008686864839805528	0.008960141111595408	0.008823502975700469	76.56550268575788	2.8635486297173524e8	1255.37730225896	4.166209595535735e8
0.008960141111595408	0.009238882908821085	0.009099512010208246	80.58575199036753	2.7782808085810786e8	1335.9630542493276	4.0443380526965266e8
0.009238882908821085	0.009523199541991274	0.00938104122540618	84.78928793782177	2.696457162824839e8	1420.7523421871492	3.927182813103508e8
0.009523199541991274	0.009813202507824869	0.009668201024908072	89.18397426417934	2.6178852935709107e8	1509.9363164513286	3.8145010429943573e8
0.00981320250782487	0.010109005532975137	0.009961104020400003	93.77806987852709	2.5423887047649872e8	1603.7143863298556	3.706065691305598e8
0.010109005532975134	0.010410724618628405	0.01025986507580177	98.58027946603721	2.4698057731641123e8	1702.2946657958928	3.601664477807735e8
0.010410724618628405	0.010718478085994741	0.010564601352311572	103.59973805154878	2.3999870606184945e8	1805.8944038474415	3.501098825646439e8
0.010718478085994743	0.011032386622708406	0.010875432354351573	108.84572156845533	2.3327873871252534e8	1914.7401254158967	3.404182307152669e8
0.011032386622708406	0.011352573330156341	0.011192479976432374	114.32785971991603	2.2680709800557855e8	2029.0679851358127	3.310739739318575e8
0.011352573330156343	0.011679163771753237	0.01151586855095479	120.05649012712604	2.2057170656601438e8	2149.1244752629386	3.220606874729909e8
0.011679163771753237	0.01201228602218207	0.011845724896967653	126.04226284814796	2.1456099803427452e8	2275.1667381110865	3.1336293553135556e8
0.012012286022182067	0.012352070717619476	0.012182178369900772	132.29634333413566	2.087642359289285e8	2407.463081445222	3.0496620708916134e8
0.01235207071761948	0.012698651106965636	0.012525360912292557	138.830380855641	2.0317134686128393e8	2546.293462300863	2.968568481650005e8
0.012698651106965634	0.013052163104098714	0.012875407105532175	145.65676204046758	1.9777318548072127e8	2691.950224341331	2.890220248178903e8
0.013052163104098714	0.013412745341174455	0.013232454222636584	152.78836910905545	1.9256104264633757e8	2844.738593450387	2.8144965353771156e8
0.013412745341174457	0.013780539222991713	0.013596642282083085	160.23781036851076	1.8752570750059235e8	3004.976403818898	2.741282680257501e8
0.013780539222991713	0.014155688982445314	0.013968114102718514	168.0182869568381	1.8265870028642052e8	3172.9946907757358	2.670469977525815e8
0.014155688982445312	0.014538341737087986	0.014347015359766648	176.14448592787903	1.7795306551937887e8	3349.139176703615	2.6019561110026836e8
0.014538341737087988	0.014928647546823513	0.01473349464195575	184.6311645218855	1.734016368257755e8	3533.7703412255005	2.5356442238550365e8
0.014928647546823513	0.01532675947275375	0.01512770350978863	193.49430631678624	1.6899819497657943e8	3727.2646475422866	2.4714429795063102e8
0.01532675947275375	0.01573283363720259	0.01552979655497817	202.75085150020988	1.6473701282899383e8	3930.0154990424967	2.409266282635399e8
0.01573283363720259	0.01614702928494041	0.015939931461071498	212.41773763704154	1.6061202163399923e8	4142.433236679538	2.3490324137976536e8
0.016147029284940405	0.016569508845632977	0.01635826906528669	222.5139710242899	1.566184361939744e8	4364.947207703828	2.2906644744302723e8
0.016569508845632984	0.01700043799753941	0.016784973421586198	233.06103019386381	1.527526500311255e8	4598.008237897692	2.2340907159525245e8
0.017000437997539405	0.01743998573248396	0.017220211865011683	244.08472655459218	1.4901299178772506e8	4842.092964452284	2.179245400758327e8
0.01743998573248396	0.017888324422127407	0.017664155077305684	255.6116409032875	1.4539701628157455e8	5097.704605355571	2.126067598234367e8
0.017888324422127403	0.018345629885563715	0.01811697715384556	267.6649609838006	1.4189945817364642e8	5365.369566339372	2.074498616295244e8
0.01834562988556372	0.018812081458268758	0.018578855671916236	280.2663889894422	1.3851405970458785e8	5645.635955328814	2.0244810184081557e8
0.018812081458268758	0.0192878620624279	0.01904997176034833	293.43607400203723	1.3523392687311658e8	5939.072029330851	1.9759579973144805e8
0.019287862062427896	0.019773158278670218	0.019530510170549055	307.1958704839548	1.3205324667523213e8	6246.267899814806	1.928874045485259e8
0.019773158278670218	0.020268160419237388	0.020020659348953803	321.5679090737877	1.289664914899685e8	6567.835808888594	1.883174994826506e8
0.020268160419237388	0.0207730626026159	0.020520611510926642	336.57700720103884	1.259693317235614e8	6904.412816089633	1.8388087046626544e8
0.0207730626026159	0.02128806282966198	0.021030562716138942	352.2492200878416	1.2305783406840779e8	7256.662036177475	1.795725119929327e8
0.02128806282966198	0.021813363061248984	0.021550712945455484	368.61247464844854	1.202285988158992e8	7625.274510825923	1.7538764238575044e8
0.021813363061248984	0.022349169297467726	0.022081266179358357	385.6967501532631	1.174786904287845e8	8010.971260979186	1.7132171308636343e8
0.02234916929746773	0.022895691658410846	0.022622430477939288	403.5319492733379	1.1480491444052885e8	8414.503210252524	1.6737036684267026e8
0.022895691658410842	0.02345314446657282	0.023174418062491833	422.15057937251504	1.1220463640995435e8	8836.65378962504	1.63529456989813e8
0.02345314446657282	0.024021746330898038	0.02373744539873543	441.58886530473865	1.0967591031533732e8	9278.242654929778	1.597950741584775e8
0.024021746330898045	0.02460172023250977	0.024311733281703905	461.8820306537865	1.0721617526794639e8	9740.124685583565	1.5616348085029247e8
0.02460172023250977	0.025193293612153726	0.024897506922331746	483.06301245217907	1.0482216937166128e8	10223.187698035745	1.5263104611693245e8
0.025193293612153722	0.02579669845939056	0.02549499603577214	505.1708724795226	1.0249188328858732e8	10728.358570515267	1.49194320059145e8
0.02579669845939056	0.026412171403572132	0.026104434931481346	528.2500600668276	1.002240650104687e8	11256.608630582095	1.4585006819869038e8
0.026412171403572136	0.02703995380663734	0.02672606260510474	552.3411267759403	9.801633248395894e7	11808.949757358036	1.4259517466453525e8
0.02703995380663734	0.027680291857763845	0.027360122832200594	577.4862819820066	9.586643761662494e7	12386.436039340042	1.3942663956796804e8
0.027680291857763845	0.028333436669912882	0.028006864263838364	603.7281337287078	9.37720505476478e7	12990.16417306875	1.3634156216317913e8
0.028333436669912882	0.0289996443783049	0.028666540524108892	631.1181495014066	9.173203647672619e7	13621.282322570156	1.3333721154954225e8
0.028999644378304903	0.02967917624086476	0.029339410309584833	659.7054914026535	8.97445810894055e7	14280.987813972808	1.3041096575257778e8
0.02967917624086476	0.030372298740675815	0.03002573749077029	689.5405197580546	8.780783696584062e7	14970.528333730863	1.2756029926762064e8
0.030372298740675818	0.031079283690483094	0.030725791215579456	720.6791768528847	8.59204672750999e7	15691.207510583747	1.2478280800951213e8
0.031079283690483087	0.03180040833928651	0.031439846014884795	753.1771633980086	8.408084721825138e7	16444.384673981756	1.2207617922103146e8
0.03180040833928651	0.032535955481066	0.03216818191017626	787.0881233116963	8.228696209376329e7	17231.472797293452	1.1943815718150103e8
0.032535955481066005	0.03328621356568108	0.032911084523373546	822.4758900187916	8.053773891044462e7	18053.948687312244	1.1686659980282415e8
0.03328621356568108	0.03405147681198846	0.03366884518883477	859.4110306199834	7.883245760431166e7	18913.359717932228	1.1435949194405659e8
0.03405147681198846	0.03483204532322199	0.03444176106760523	897.9561221500101	7.716936676234402e7	19811.31584008224	1.1191486676975304e8
0.03483204532322199	0.03562822520468019	0.03523013526395109	938.1712970470427	7.55464347477511e7	20749.487137129283	1.0953078267778705e8
0.03562822520468018	0.036440328683767544	0.03603427694422386	980.1359163361888	7.396309280252284e7	21729.62305346547	1.0720541606081128e8
0.036440328683767544	0.037268674232436655	0.036854501458102096	1023.9319571602352	7.241863369475718e7	22753.555010625707	1.049370424285496e8
0.037268674232436655	0.03811358669207914	0.0376911304622579	1069.6290454044272	7.091124267430341e7	23823.184056030135	1.0272395605837533e8
0.03811358669207915	0.03897539740091449	0.03854449204649682	1117.3131306805344	6.944011102013431e7	24940.49718671067	1.0056453306162895e8
0.038975397400914484	0.03985444432392653	0.0394149208624205	1167.0675291723767	6.80040448453322e7	26107.564715883047	9.845719959191422e7
0.03985444432392653	0.040751072185398814	0.040302758254662674	1218.9811469673673	6.660202649049498e7	27326.545862850413	9.640043879435137e7
0.040751072185398814	0.04166563260410055	0.04120835239474968	1273.1460670205765	6.523304326962441e7	28599.69192987099	9.439278623922013e7
0.04166563260410054	0.042598484231176306	0.042132058417638424	1329.6676174172794	6.389657177915141e7	29929.359547288266	9.243285687293188e7
0.04259848423117632	0.0435499928907936	0.04307423856098496	1388.6468011532224	6.259163715389298e7	31318.00634844149	9.051930965743896e7
0.043549992890793594	0.04452053172360322	0.04403526230719841	1450.1739250196933	6.131666924850758e7	32768.180273461185	8.865080570935217e7
0.044520531723603214	0.04551048133306903	0.04501550652833612	1514.3623505709218	6.0071028284786575e7	34282.5426240321	8.6826067003396e7
0.045510481333069036	0.04652022993472417	0.0460153556338966	1581.3514433610908	5.885485342500821e7	35863.894067393194	8.504392109020987e7
0.04652022993472417	0.047550173508412404	0.04703520172156829	1651.233074511861	5.766624966829158e7	37515.12714190505	8.330316368746802e7
0.04755017350841241	0.04860071595357441	0.048075444730993414	1724.139534211963	5.650476071922028e7	39239.26667611702	8.160265179700737e7
0.04860071595357442	0.04967226924763966	0.04913649260060704	1800.215827493842	5.537011413166005e7	41039.48250361086	7.994131054103054e7
0.04967226924763965	0.05076525360758619	0.05021876142761292	1879.573990917894	5.426083561155399e7	42919.056494528755	7.831805194750763e7
0.0507652536075862	0.05188009765473167	0.051322675631158936	1962.3601836450266	5.31764185756939e7	44881.41667817378	7.67318365395697e7
0.051880097654731665	0.05301723858282005	0.052448668118775854	2048.7499428042975	5.211693406290326e7	46930.16662097808	7.518170592121369e7
0.05301723858282006	0.05417712232947021	0.05359718045614513	2138.8733885417414	5.10810615532692e7	49069.04000951982	7.366668926346798e7
0.0541771223294702	0.055360203751053355	0.054768663040261775	2232.8864144291474	5.0068083353019305e7	51301.92642394897	7.218584167089938e7
0.055360203751053355	0.05656694680106817	0.05596357527606076	2330.967609337311	4.907765883230381e7	53632.894033286284	7.073826567719369e7
0.05656694680106818	0.057797824712083286	0.057182385756575735	2433.2905574421893	4.810916487512007e7	56066.18459072847	6.932308998660943e7
0.05779782471208328	0.059053320181318696	0.05842557244670099	2540.0384415571157	4.7162043164541915e7	58606.22303228559	6.793947142528716e7
0.0590533201813187	0.06033392555993882	0.059693622870628765	2651.3998783521424	4.6235708341057196e7	61257.62291063773	6.658659104716549e7
0.06033392555993882	0.06164014304613134	0.06098703430303508	2767.584576204161	4.5329811482308395e7	64025.207486841886	6.526366692765605e7
0.06164014304613134	0.06297248488204772	0.06230631396408953	2888.765471684692	4.444327848081475e7	66913.97295852657	6.3969906324084066e7
0.06297248488204771	0.06433147355468241	0.06365197921836506	3015.1766514302208	4.357593746448619e7	69929.14960995679	6.270456215832933e7
0.06433147355468241	0.06571764200076981	0.06502455777772612	3147.0846083343995	4.272787409617059e7	73076.23421829118	6.146694564395252e7
0.06571764200076981	0.06713153381577895	0.06642458790827438	3284.6591523445786	4.189769496482553e7	76360.89337063576	6.0256330628397e7
0.06713153381577895	0.06857370346708827	0.0678526186414336	3428.170293849499	4.1085312618453294e7	79789.06366448526	5.907203659284955e7
0.06857370346708827	0.07004471651142379	0.06930920998925602	3577.9019161419874	4.029061006536381e7	83366.96558062725	5.791342356394892e7
0.07004471651142379	0.071545149816646	0.0707949331640349	3734.042112645764	3.951227569208768e7	87101.00769327302	5.6779815616564974e7
0.071545149816646	0.07307559178797267	0.07231037080230934	3896.946833411501	3.8750772127985604e7	90997.95452668451	5.5670612262953386e7
0.07307559178797267	0.07463664259872586	0.07385611719334927	4066.924805073979	3.800582178816269e7	95064.8793317585	5.458523777097568e7
0.07463664259872586	0.07622891442569413	0.07543277851221	4244.166306902456	3.727597254012918e7	99309.04563866094	5.35230672880553e7
0.07622891442569411	0.07785303168920174	0.07704097305744792	4429.0519064108275	3.6561492892003976e7	103738.09754507177	5.2483535404589064e7
0.07785303168920174	0.07950963129797951	0.07868133149359063	4621.944275287579	3.58622754661361e7	108360.04182035934	5.146610906553476e7
0.07950963129797951	0.08119936289893284	0.08035449709845618	4823.10479076631	3.5177318384939425e7	113183.14661112566	5.047023061184133e7
0.08119936289893284	0.08292288913190524	0.08206112601541904	5032.963458910324	3.4506833387491845e7	118216.11007003598	4.9495393382846884e7
0.08292288913190525	0.0846808858895371	0.08380188751072118	5251.904425366305	3.385052063000994e7	123468.01449540231	4.8541107038596235e7
0.08468088588953708	0.08647404258232155	0.08557746423592932	5480.169988893313	3.3207119694738287e7	128948.18448429562	4.760683784947959e7
0.08647404258232155	0.08830306240896171	0.08738855249564163	5718.291519642891	3.2577148668822914e7	134666.4760039385	4.6692119658780694e7
0.08830306240896173	0.0901686626321347	0.08923586252054821	5966.76340560957	3.1960657045601066e7	140633.23940954806	4.5796520881082214e7
0.09016866263213469	0.09207157485977112	0.09112011874595291	6225.819544604881	3.1356210413554423e7	146859.05895415295	4.491955203669942e7
0.09207157485977113	0.09401254533196028	0.09304206009586571	6496.06354068514	3.0764303442423668e7	153355.12249483808	4.4060786443029866e7
0.09401254533196027	0.09599233521359321	0.09500244027277674	6777.976600050224	3.0184630385275144e7	160133.0990948883	4.321980754539522e7
0.09599233521359321	0.09801172089285881	0.09700202805322601	7071.860366782454	2.9616056350025307e7	167204.95946167078	4.2396157974633746e7
0.0980117208928588	0.1000714942857097	0.09904160758928425	7378.5006053981215	2.9059477042015962e7	174583.4600670689	4.1589464915299736e7
0.10007149428570972	0.10217246314641765	0.10112197871606368	7698.404181005372	2.851441647547271e7	182281.86424807427	4.079935169738202e7
0.10217246314641763	0.10431545138433972	0.10324395726537867	8031.911321418913	2.797978523168111e7	190313.77556949318	4.002540093487258e7
0.10431545138433973	0.10650129938702026	0.10540837538567999	8379.76077332112	2.7455919641989607e7	198693.5363428143	3.926724305596162e7
0.10650129938702026	0.10873086434975439	0.10761608186838732	8742.581891372703	2.694262014239927e7	207436.11823418702	3.8524520880843006e7
0.10873086434975437	0.1110050206117432	0.10986794248074878	9120.958218297146	2.643947400360739e7	216557.07645248415	3.779687593009284e7
0.1110050206117432	0.11332465999897179	0.11216484030535749	9515.653900910906	2.5946533061958637e7	226072.73035339505	3.708397639099264e7
0.11332465999897177	0.11569069217394494	0.11450767608645836	9927.319845176691	2.5463426906905614e7	236000.05019857173	3.6385489982237965e7
0.11569069217394495	0.11810404499241757	0.11689736858318125	10356.485261256346	2.498945670376098e7	246356.5354598281	3.5701064201367214e7
0.11810404499241758	0.12056566486725966	0.11933485492983861	10804.087369205563	2.4524898319078844e7	257160.62282903367	3.503038603911948e7
0.12056566486725963	0.12307651713959854	0.12182109100342908	11270.940413060967	2.4069595111574143e7	268431.56324209465	3.4373153495811656e7
0.12307651713959855	0.12563758645738424	0.1243570517984914	11757.79007665159	2.362317788885649e7	280189.35331874626	3.37290621014491e7
0.12563758645738424	0.12824987716152564	0.12694373180945495	12265.617406152742	2.3185699175826404e7	292454.970724899	3.3097830270945366e7
0.12824987716152564	0.13091441367974987	0.12958214542063776	12795.13972045834	2.275662525370581e7	305250.11044535734	3.247916274731295e7
0.13091441367974987	0.13363224092833859	0.13227332730404423	13347.068412356004	2.2335431058838163e7	318597.17885771336	3.1872751932485852e7
0.13363224092833859	0.13640442472189906	0.13501833282511883	13922.76841030567	2.1922646259121776e7	332519.947268019	3.127834162484429e7
0.13640442472189906	0.13923205219133075	0.1378182384566149	14523.443040311658	2.1518346975211617e7	347043.3903083307	3.069569668802746e7
0.1392320521913308	0.14211623221015113	0.14067414220074098	15149.496686573384	2.112137622708531e7	362192.8869949041	3.0124528136278573e7
0.1421162322101511	0.14505809582934784	0.14358716401974947	15802.38096322011	2.0732119355567966e7	377995.26795812417	2.956458840170742e7
0.14505809582934784	0.1480587967209285	0.14655844627513817	16483.228013012114	2.035039387793969e7	394478.49597113626	2.901563489007819e7
0.1480587967209285	0.1511195116303408	0.14958915417563465	17192.777203813006	1.997551238797329e7	411671.2731749493	2.84773995754384e7
0.1511195116303408	0.1542414408379413	0.15268047623414105	17932.9582550872	1.9608161695259947e7	429604.2314300365	2.7949672312009804e7
0.1542414408379413	0.15742580862969385	0.15583362473381757	18705.109793023526	1.9248182067092184e7	448309.34122306004	2.7432246876617353e7
0.15742580862969385	0.16067386377728143	0.15904983620348764	19509.869670758868	1.889468101627938e7	467819.2108938189	2.6924877151608102e7
0.16067386377728143	0.16398688002782077	0.16233037190255112	20348.79324476125	1.8547722397253573e7	488168.00413858006	2.6427336361498293e7
0.16398688002782077	0.1673661566033709	0.16567651831559582	21223.426892943746	1.8207274201855186e7	509391.4310315238	2.593941016030341e7
0.1673661566033709	0.17081301871043203	0.16908958765690146	22135.197120718454	1.787313976044388e7	531526.6281522423	2.5460886070311107e7
0.170813018710432	0.17432881805963435	0.1725709183850332	23086.731094372182	1.7546005333805125e7	554613.3592466145	2.4991605691411186e7
0.17432881805963435	0.17791493339582073	0.17612187572772753	24078.504520026887	1.7224783988534227e7	578691.8637666414	2.4531356276742745e7
0.17791493339582073	0.18157277103873085	0.1797438522172758	25111.710891535084	1.6909039387696918e7	603803.5746581764	2.4079912580435764e7
0.18157277103873087	0.1853037654344992	0.18343826823661502	26188.964173601715	1.6599270638580468e7	629992.5388317781	2.363709297457015e7
0.18530376543449914	0.1891093797181828	0.187206572576341	27312.64116647263	1.6295658942311207e7	657305.1799982507	2.3202737946347304e7
0.18910937971818284	0.19299110628754018	0.1910502430028615	28483.922543671804	1.5997601085029043e7	685789.1025419225	2.277666233925537e7
0.19299110628754018	0.19695046738828467	0.1949707868379124	29705.0193434056	1.5705105207418516e7	715494.1218853281	2.2358693035988085e7
0.19695046738828464	0.20098901571104402	0.19896974154966435	30977.871771070786	1.5417978953915922e7	746471.9936563988	2.194865636004618e7
0.20098901571104408	0.20510833500025866	0.20304867535565135	32304.084679222324	1.5135853101618234e7	778776.0783356212	2.154636764816602e7
0.20510833500025863	0.2093100406752575	0.20720918783775805	33687.109276898074	1.4859197535544477e7	812463.1876125193	2.1151681427243344e7
0.2093100406752575	0.21359578046375632	0.2114529105695069	35129.112239267015	1.4587783523066433e7	847592.2998517862	2.0764447798741147e7
0.21359578046375632	0.21796723504802512	0.21578150775589072	36631.57483555071	1.4321102568272628e7	884223.874687337	2.0384496195644867e7
0.21796723504802512	0.2224261187239793	0.2201966768860022	38197.91877868692	1.4059417692440076e7	922421.7934660239	2.001168209725466e7
0.22242611872397927	0.22697418007345255	0.2247001493987159	39830.79461428117	1.3802610837009419e7	962252.5880803053	1.9645862982538432e7
0.22697418007345255	0.23161320264991528	0.22929369136168393	41532.08413110948	1.35502824896433e7	1.0037846722114148e6	1.928688162008966e7
0.23161320264991528	0.23634500567790726	0.23397910416391127	43305.520507129426	1.330263859082747e7	1.0470901927185442e6	1.893460258700875e7
0.23634500567790728	0.2411714447664591	0.2387582252221832	45154.361008809996	1.3059649896188175e7	1.0922445537273542e6	1.858889709775391e7
0.24117144476645908	0.24609441263678192	0.2436329287016205	47080.589914721684	1.2820893186867548e7	1.1393251436420758e6	1.8249619417437833e7
0.24609441263678195	0.25111583986451125	0.2486051262506466	49088.31844676609	1.2586535183171358e7	1.188413462088842e6	1.7916642560582962e7
0.25111583986451125	0.25623769563679516	0.2536767677506532	51181.376754672245	1.2356589265838498e7	1.2395948388435142e6	1.7589848136240624e7
0.2562376956367951	0.2614619885245247	0.25884984208065986	53361.7564431645	1.2130597279254023e7	1.2929565952866788e6	1.726909811525058e7
0.2614619885245247	0.26679076727000883	0.2641263778972668	55633.80521437662	1.1908660957093323e7	1.3485904005010554e6	1.695426888590081e7
0.26679076727000883	0.27222612159040266	0.2695084444302057	58002.47919952732	1.1690938021076573e7	1.4065928797005827e6	1.6645253663481196e7
0.2722261215904027	0.2777701829972044	0.27499815229380353	60470.246944202896	1.1477031807112727e7	1.4670631266447855e6	1.6341928932447787e7
0.2777701829972044	0.28342512563214217	0.2805976543146733	63041.13283041161	1.1266867052845547e7	1.5301042594751972e6	1.6044174299189264e7
0.28342512563214217	0.28919316711977866	0.2863091463759604	65721.26101037458	1.1060697511038544e7	1.5958255204855718e6	1.5751891592581578e7
0.28919316711977866	0.29507656943716787	0.29213486827847324	68514.01414143373	1.0858242358112575e7	1.6643395346270055e6	1.546497218034521e7
0.2950765694371678	0.3010776398009048	0.2980771046190363	71422.58275681203	1.065921104449367e7	1.7357621173838174e6	1.518329701820114e7
0.30107763980090485	0.3071987315719166	0.3041381856864107	74454.45483208037	1.0463943168523781e7	1.8102165722158977e6	1.49067741879816e7
0.30719873157191663	0.3134422451783486	0.3103204883751326	77613.71799136337	1.0272212896157e7	1.8878302902072612e6	1.4635304146827532e7
0.31344224517834857	0.31981062905690916	0.31662643711762883	80904.02521457986	1.008374936643513e7	1.968734315421841e6	1.4368777539695552e7
0.3198106290569092	0.326306380613041	0.3230585048349751	84333.2687531829	9.898802850212166e6	2.053067584175024e6	1.4107106285717187e7
0.326306380613041	0.33293204720029546	0.32961921390666826	87907.10652565946	9.717283697305966e6	2.1409746907006833e6	1.3850202408318672e7
0.3329320472002955	0.33969022711929503	0.33631113715979527	91629.23283324178	9.538878646985617e6	2.232603923533925e6	1.3597964940554023e7
0.33969022711929503	0.34658357063667455	0.3431368988779848	95507.25023479648	9.363691707630556e6	2.3281111737687215e6	1.3350305099564454e7
0.3465835706366745	0.35361478102440164	0.35009917583053807	99549.6019756475	9.191847209356362e6	2.4276607757443693e6	1.3107146742944734e7
0.35361478102440164	0.3607866156198833	0.35720069832214246	103761.00036272236	9.023080532933973e6	2.5314217761070915e6	1.2868402873724611e7
0.3607866156198833	0.3681018869072746	0.36444425126357893	108147.71505184394	8.857277636183525e6	2.6395694911589352e6	1.2633985081348566e7
0.36810188690727463	0.37556346362041376	0.3718326752638442	112721.42018914555	8.694734067921728e6	2.7522909113480807e6	1.240382755169865e7
0.3755634636204137	0.3831742718678156	0.37936886774411466	117488.02136022621	8.535225568595719e6	2.869778932708307e6	1.2177855356222082e7
0.38317427186781555	0.3909372962801655	0.38705578407399055	122453.75393803489	8.378564272194749e6	2.9922326866463423e6	1.1955987114395812e7
0.39093729628016555	0.3988555811807625	0.394896438730464	127629.41586193295	8.2248655724005e6	3.1198621025082753e6	1.173815307760704e7
0.3988555811807624	0.40693223177937127	0.40289390648006684	133024.6973404472	8.074119600934349e6	3.2528867998487223e6	1.1524287123254193e7
0.40693223177937127	0.4151704153899523	0.4110513235846618	138645.56672246376	7.926072078704037e6	3.391532366571186e6	1.1314312273146102e7
0.4151704153899523	0.4235733626727449	0.4193718890313486	144500.8837626661	7.78064926566352e6	3.536033250333852e6	1.1108151866095277e7
0.423573362672745	0.43214436890119345	0.4278588657869692	150604.53495916387	7.63801981129153e6	3.686637785293016e6	1.0905743673488438e7
0.4321443689011934	0.4408867952542109	0.43651558207770214	156963.64033214707	7.4979613470574e6	3.843601425625163e6	1.0707016238560261e7
0.4408867952542108	0.44980407013428864	0.44534543269424975	163585.77825456107	7.360291435911077e6	4.0071872038797243e6	1.051189174725133e7
0.4498040701342887	0.45889969051196805	0.45435188032312834	170484.53172503918	7.225096100880606e6	4.1776717356047635e6	1.0320302049467867e7
0.4588996905119681	0.468177223297201	0.46353845690458456	177672.39411639553	7.092372773320285e6	4.355344129721159e6	1.0132182921317954e7
0.4681772232972011	0.4776403067381387	0.4729087650176699	185156.4201798179	6.961887865903251e6	4.540500549900977e6	9.947460369274432e6
0.47764030673813856	0.4872926518478949	0.4824664792930167	192947.60964270175	6.833574322960611e6	4.733448159543679e6	9.76606090544438e6
0.48729265184789494	0.4971380438598464	0.49221534785387067	201061.59881458984	6.707512217763545e6	4.934509758358269e6	9.58792008390545e6
0.49713804385984633	0.5071803437120368	0.5021591937859415	209509.74482472794	6.583606549686344e6	5.144019503182997e6	9.412971769213768e6
0.5071803437120368	0.517423489561271	0.5123019166366539	218301.2845681013	6.461697772620481e6	5.362320787751098e6	9.241144475377064e6
0.5174234895612712	0.5278714983274901	0.5226474939443806	227450.18605166127	6.341773061385849e6	5.589770973802759e6	9.072370219289105e6
0.5278714983274901	0.5385284672690335	0.5331999827982619	236972.61006770545	6.223860891734132e6	5.826743583870465e6	8.90658671530373e6
0.5385284672690335	0.5493985755894076	0.5439635214292206	246880.43725690624	6.107858074586202e6	6.073624021127371e6	8.743729375525873e6
0.5493985755894077	0.5604860860761894	0.5549423308327985	257185.6662847156	5.9936682114002835e6	6.330809687412087e6	8.583731838038975e6
0.5604860860761894	0.5717953467727067	0.5661407164244481	267901.7571165285	5.881231312108115e6	6.598711444528615e6	8.426528186810931e6
0.5717953467727067	0.5833307926831544	0.5775630697279306	279047.6615109589	5.770598620746917e6	6.877759106039574e6	8.272059392499214e6
0.5833307926831544	0.595096947511811	0.5892138700974827	290621.78019445704	5.661394007415379e6	7.16838088623403e6	8.120248053228238e6
0.5950969475118111	0.6070984254370408	0.601097686474426	302659.5286856674	5.553991578588586e6	7.471040414919698e6	7.9710430921001285e6
0.6070984254370407	0.619339932920775	0.6132191791789079	315177.056864112	5.448336819088503e6	7.786217471783809e6	7.824393291328808e6
0.619339932920775	0.631826270554184	0.6255831017374796	328191.79243479174	5.344392450621829e6	8.114409264218601e6	7.680248300580844e6
0.631826270554184	0.6445623349402613	0.6381943027472227	341717.1035312918	5.242052276424637e6	8.456126367749894e6	7.538554579154537e6
0.6445623349402613	0.65755312061406	0.6510577277771606	355764.46293435915	5.141192646619064e6	8.811890830684254e6	7.399254567448646e6
0.65755312061406	0.6708037220013348	0.6641784213076973	370358.1564461833	5.041880319795203e6	9.182248987130437e6	7.262297983276779e6
0.6708037220013346	0.6843193354163548	0.6775615287088448	385493.4924207034	4.943784677599892e6	9.56774247955114e6	7.127618310120012e6
0.6843193354163548	0.6981052610996754	0.6912122982580151	401221.8822906498	4.84731792019265e6	9.96896436184179e6	6.9951768909776965e6
0.6981052610996754	0.7121669052966624	0.7051360831981689	417566.16696359497	4.7524665007081665e6	1.0386530528805386e7	6.864936569169998e6
0.7121669052966624	0.7265097823775891	0.7193383438371257	434527.2275787061	4.658971402346572e6	1.0821057756384093e7	6.736847345960978e6
0.7265097823775891	0.7411395170001344	0.7338246496888617	452141.0582411075	4.566975251399067e6	1.12731988146252e7	6.61087045000523e6
0.7411395170001344	0.7560618463151305	0.7486006816576325	470433.16521636007	4.476479817195024e6	1.174363197984156e7	6.486969501721269e6
0.7560618463151304	0.7712826222164265	0.7636722342657785	489425.65991420014	4.387445160896441e6	1.223305763975576e7	6.365107951257362e6
0.7712826222164265	0.7868078136357485	0.7790452179260875	509108.5436730562	4.299558404284759e6	1.2742166183428816e7	6.24523324726242e6
0.7868078136357485	0.8026435088834569	0.7947256612596028	529517.1406845152	4.21292940248025e6	1.3271683324113332e7	6.127302302601916e6
0.8026435088834569	0.8187959180361195	0.8107197134597882	550717.1542796516	4.1278660959461983e6	1.3822400478392981e7	6.011292432630051e6
0.8187959180361196	0.8352713753718355	0.8270336467039776	572715.1945575585	4.0441815456893696e6	1.439511567295054e7	5.897171450736752e6
0.8352713753718353	0.8520763418542654	0.8436738586130503	595535.8379780615	3.9618391807595324e6	1.4990651510928601e7	5.784906945640796e6
0.8520763418542654	0.8692174076663441	0.8606468747603048	619181.5905721664	3.8806636388583705e6	1.5609833101500768e7	5.674458243550487e6
0.8692174076663441	0.8867012947946644	0.8779593512305043	643656.6999106649	3.800522131785454e6	1.6253489801411433e7	5.565779359205591e6
0.8867012947946645	0.9045348596655512	0.8956180772301079	669002.0292269291	3.7215114055673853e6	1.6922491830638364e7	5.458832615625598e6
0.9045348596655511	0.9227250958338555	0.9136299777497033	695270.6081643463	3.6437673545887554e6	1.761776243880271e7	5.353590427797907e6
0.9227250958338556	0.9412791367255261	0.9320021162796909	722484.4335419142	3.5672371395321316e6	1.8340246872344624e7	5.250023770407244e6
0.9412791367255261	0.96020425843503	0.950741697580278	750646.6893026099	3.4917858855991857e6	1.9090893561647233e7	5.148097505556627e6
0.9602042584350299	0.9795078825787238	0.9698560705068768	779777.8988757217	3.4173801380139515e6	1.9870671460522953e7	5.04777661761738e6
0.9795078825787238	0.9991975792052916	0.9893527308920077	809919.908048585	3.3440790689092507e6	2.068059136857154e7	4.949031573925896e6
0.9991975792052917	1.0192810697643908	1.0092393244848412	841126.8617775814	3.271973535450973e6	2.152171823034912e7	4.851839840458637e6
1.0192810697643908	1.039766230134672	1.0295236499495313	873321.2885277724	3.200647387567053e6	2.239503951887689e7	4.756156092803349e6
1.039766230134672	1.0606610937123586	1.0502136619235154	906600.4648804531	3.1303787039666753e6	2.3301639983757343e7	4.661953770189234e6
1.0606610937123588	1.0819738545615993	1.071317474136979	941005.7770918474	3.0612021759392363e6	2.424264576084919e7	4.569209879499597e6
1.0819738545615993	1.1037128706278245	1.0928433625947118	976543.02864725	2.993032813078699e6	2.521918878949644e7	4.477897853292066e6
1.1037128706278245	1.1258866670153744	1.1147997688215994	1.0132729202986809e6	2.9259605008038045e6	2.623246170979512e7	4.387997887710964e6
1.1258866670153742	1.148503939330675	1.1371953031730246	1.051163946513872e6	2.859801802845428e6	2.7283625656308994e7	4.299480716373846e6
1.1485039393306753	1.171573557092282	1.1600387482114787	1.0902791421381952e6	2.7946545755285374e6	2.8373904798447188e7	4.212324452978494e6
1.171573557092282	1.195104567209121	1.1833390621507016	1.130599661590243e6	2.7303964097279557e6	2.9504504460037433e7	4.1265014047036045e6
1.195104567209121	1.2191061975282966	1.2071053823687088	1.1721422110484822e6	2.667012299707812e6	3.0676646671085916e7	4.041984629434895e6
1.2191061975282966	1.2435878604538557	1.2313470289910762	1.2150265249535318e6	2.60471218236353e6	3.189167319603945e7	3.9587609166342886e6
1.243587860453856	1.2685591566379264	1.2560735085458912	1.2592288308763849e6	2.543368526808795e6	3.3150902026915833e7	3.876810448392659e6
1.268559156637926	1.2940298787456777	1.2812945176918018	1.3047376771785403e6	2.482903523751316e6	3.445563970409437e7	3.796110062264969e6
1.2940298787456779	1.3200100152955847	1.3070199470206312	1.3516627880254155e6	2.423473826699462e6	3.580730249211979e7	3.7166470187432035e6
1.3200100152955847	1.3465097545764897	1.3332598849360373	1.3999503551525788e6	2.3649243242609524e6	3.720725284727237e7	3.6384003474700972e6
1.3465097545764895	1.3735394886430126	1.360024621609751	1.4495836072916365e6	2.307192309936424e6	3.8656836454564005e7	3.5613466743306927e6
1.3735394886430126	1.401109817390866	1.3873246530169392	1.5007198294931424e6	2.2504911617403035e6	4.015755628405715e7	3.485476340243712e6
1.401109817390866	1.4292315527136765	1.4151706850522712	1.5532392223972545e6	2.1945952254852285e6	4.17107955064544e7	3.4107671945125256e6
1.4292315527136763	1.457915722742943	1.4435736377283095	1.6072419802169157e6	2.1396214409546787e6	4.331803748667131e7	3.3372051469601393e6
1.4579157227429431	1.487173576172795	1.4725446494578691	1.662889432434646e6	2.0857383106402997e6	4.498092691910596e7	3.264786682810191e6
1.487173576172795	1.5170165866712442	1.5020950814220195	1.7199000278260112e6	2.0325515755464232e6	4.670082694693197e7	3.19348568462379e6
1.5170165866712444	1.5474564573796623	1.5322365220254532	1.7784988871291226e6	1.980318420503835e6	4.847932583406109e7	3.123292437810277e6
1.5474564573796623	1.5785051255022486	1.5629807914409555	1.8385733230156659e6	1.9288859611017988e6	5.031789915707676e7	3.0541889522934817e6
1.5785051255022486	1.6101747669872868	1.5943399462447676	1.90023184231662e6	1.8783540066710606e6	5.221813099939338e7	2.9861640620032493e6
1.6101747669872866	1.6424778013020254	1.626326284144656	1.9635811139324508e6	1.828799202241997e6	5.4181712113325834e7	2.9192116881937007e6
1.6424778013020256	1.6754268963030592	1.6589523488025424	2.0284255925179948e6	1.7800148571217796e6	5.621013770584383e7	2.853314154039162e6
1.6754268963030592	1.7090349732041135	1.6922309347535864	2.09496334047256e6	1.7321654307404854e6	5.8305101046316385e7	2.788464326149766e6
1.709034973204113	1.7433152116431883	1.7261750924236505	2.163162135149264e6	1.6851998421904454e6	6.046826318146565e7	2.7246525354908835e6
1.7433152116431885	1.7782810548510453	1.7607981332471168	2.2329204980784147e6	1.6390265217929278e6	6.270118367954406e7	2.661864382717612e6
1.7782810548510457	1.8139462149230596	1.7961136348870528	2.304378605035532e6	1.5937415807355442e6	6.500556228457959e7	2.6000918666857416e6
1.8139462149230594	1.8503246781965137	1.8321354465597866	2.377459613751594e6	1.5492785655467017e6	6.738302189833118e7	2.5393236118187415e6
1.8503246781965135	1.8874307107354367	1.868877694465975	2.452327243241637e6	1.5057331425544333e6	6.983534914157282e7	2.4795544386376766e6
1.887430710735437	1.9252788639251386	1.9063547873302877	2.5286332646376025e6	1.4628829090269755e6	7.236398240621042e7	2.4207666120796925e6
1.9252788639251386	1.9638839801786343	1.9445814220518864	2.6063797293415265e6	1.4207459683774188e6	7.497036213555194e7	2.362944476125525e6
1.9638839801786343	2.0032611987571998	1.983572589467917	2.6859373152137557e6	1.379527980768424e6	7.76562994507657e7	2.3060851771626547e6
2.0032611987571998	2.0434259617073365	2.023343580232268	2.7671625689635198e6	1.339140268942507e6	8.042346201972921e7	2.2501809039513194e6
2.0434259617073365	2.084394019916476	2.063909990811906	2.8502618976817103e6	1.2996719832868355e6	8.327372391741093e7	2.1952294557450125e6
2.084394019916476	2.1261814392897986	2.1052877296031376	2.934598388191483e6	1.2608286893051337e6	8.620832230560243e7	2.1412117417385937e6
2.126181439289799	2.1688046070505878	2.1474930231701936	3.020610597312313e6	1.2228167367365495e6	8.922893290291475e7	2.088121709414345e6
2.1688046070505878	2.2122802381665925	2.19054242260859	3.1078250300524e6	1.185449912260052e6	9.233675793296714e7	2.035942896326406e6
2.212280238166592	2.2566253819049167	2.234452810035754	3.1963599234157596e6	1.148796535751993e6	9.55331178563829e7	1.9846637461231407e6
2.256625381904917	2.3018574285180082	2.2792414052114625	3.2861318731025634e6	1.1128432102776994e6	9.881924972948547e7	1.9342726007545204e6
2.3018574285180082	2.347994116063361	2.3249257722906846	3.377072233904484e6	1.0775852552381458e6	1.0219632196338995e8	1.884758210013542e6
2.347994116063361	2.395053537359621	2.371523826711491	3.469287671438731e6	1.0430728255563641e6	1.0566560963482867e8	1.8361128769929914e6
2.395053537359621	2.4430541470818063	2.4190538422207135	3.5621364037312446e6	1.009133465314695e6	1.0922774603855991e8	1.7883193867223784e6
2.4430541470818063	2.4920147689984353	2.467534458040121	3.655918465278321e6	975885.8280687585	1.1288366450383824e8	1.7413683809911099e6
2.4920147689984353	2.5419546033533966	2.516984686175916	3.7510042172214435e6	943441.9805986922	1.1663466872105968e8	1.6952575223260892e6
2.5419546033533966	2.5928932343954574	2.567423918874427	3.8480025673064585e6	911945.3389340932	1.2048267128836614e8	1.6499928986786841e6
2.5928932343954574	2.6448506380583594	2.6188719362269084	3.946879546048521e6	881360.9384111726	1.2442955083441466e8	1.6055782276923922e6
2.644850638058359	2.6978471897945187	2.6713489139264386	4.0472488831214104e6	851582.951431658	1.2847679971753608e8	1.5620108993714394e6
2.697847189794519	2.751903672565402	2.7248754311799606	4.148598697767918e6	822500.6105274069	1.3262539841530399e8	1.5192820571181127e6
2.7519036725654016	2.807041284991702	2.779472478778552	4.251039265297235e6	794142.2423637143	1.3687643768060124e8	1.4773849960140954e6
2.8070412849917026	2.863281649666529	2.835161467329116	4.353972541759822e6	766404.1669888366	1.4123041022236106e8	1.4363074113111491e6
2.8632816496665288	2.920646821634852	2.8919642356506903	4.456675984281558e6	739184.4481944409	1.456870862066426e8	1.396031823363754e6
2.920646821634852	2.9791592970425413	2.9499030593386966	4.559027570486195e6	712498.8298788863	1.502461137771288e8	1.356542675797469e6
2.979159297042542	3.038842021958385	3.0090006595004635	4.661754829601441e6	686486.6850867302	1.5490786860673022e8	1.3178333661219242e6
3.038842021958385	3.099718401372545	3.069280211665465	4.764756978930497e6	661142.0191770595	1.5967262558566073e8	1.2798973295771745e6
3.099718401372545	3.1618123083749885	3.130765354873767	4.868001085162487e6	636467.9523159503	1.6454062667082322e8	1.2427285634082102e6
3.161812308374988	3.2251480935174803	3.193480200946234	4.97157269001634e6	612480.2370260569	1.6951219936083955e8	1.20632232396862e6
3.2251480935174803	3.2897505943628222	3.2574493439401513	5.075055366561643e6	589131.1875784614	1.745872547274012e8	1.170671389377461e6
3.2897505943628227	3.3556451452250715	3.322697869793947	5.179186922338889e6	566508.3032294249	1.797664416497401e8	1.1357740113831994e6
3.355645145225072	3.422857587104566	3.389251366164819	5.283539848266476e6	544557.3911133151	1.8504998149800658e8	1.1016254143965042e6
3.422857587104566	3.4914142778216495	3.4571359324631077	5.3878128912485475e6	523245.67986888986	1.9043779438925514e8	1.0682192079034413e6
3.491414277821649	3.5613421023530742	3.5263781900873616	5.492385893075896e6	502607.7220435171	1.9593018028233102e8	1.0355513682637946e6
3.5613421023530742	3.632668483375128	3.597005292864101	5.597451977841234e6	482651.8098441579	2.0152763226017225e8	1.0036185850281629e6
3.6326684833751277	3.7054213920176227	3.669044937696375	5.7015455329359295e6	463246.4294062677	2.0722917779310817e8	972410.1453177688
3.705421392017622	3.779629358832967	3.7425253754252945	5.805872820271873e6	444491.42319384834	2.1303505061338004e8	941921.7233640684
3.7796293588329672	3.8553214849846187	3.817475421908793	5.910771211580134e6	426399.66383384645	2.1894582182496017e8	912149.9883686855
3.855321484984619	3.932527453659304	3.8939244693219615	6.014966719409226e6	408868.0873689633	2.249607885443694e8	883085.8516507497
3.9325274536593033	4.011277541707481	3.9719024976833923	6.120133189214118e6	392002.26567925676	2.310809217335835e8	854726.8479320237
4.011277541707481	4.091602631516623	4.051440086612052	6.225248272195633e6	375718.4525589968	2.3730617000577915e8	827065.8197230892
4.091602631516623	4.173534223121948	4.132568427319285	6.330634706144558e6	360024.177426789	2.4363680471192372e8	800096.4593942139
4.173534223121948	4.257104446559379	4.215319334840663	6.43541094640725e6	344857.49717810156	2.5007221565833098e8	773809.2483675107
4.257104446559379	4.342346074465558	4.299725260512469	6.538390995325366e6	330151.78684779996	2.5661060665365633e8	748191.372424226
4.342346074465559	4.429292534929862	4.38581930469771	6.641298900916683e6	315991.6182168415	2.6325190555457303e8	723235.6425156267
4.4292925349298615	4.517977924603451	4.473635229766656	6.745124738075184e6	302407.5855105569	2.699970302926482e8	698937.0527574003
4.51797792460345	4.608437022070511	4.5632074733369805	6.8500079722642545e6	289383.8634089104	2.768470382649124e8	675289.9739408916
4.608437022070511	4.700705301486913	4.654571161778712	6.953821391429677e6	276813.7605162247	2.838008596563421e8	652282.9431529321
4.700705301486913	4.794818946491643	4.747762123989277	7.054586342778051e6	264616.53093575255	2.908554459991201e8	629900.4990267394
4.794818946491643	4.890814864396467	4.842816905444055	7.157700937366853e6	252988.39470984912	2.9801314693648696e8	608139.4035441049
4.890814864396468	4.988730700659389	4.939772782527928	7.26136702326286e6	241839.60326992528	3.052745139597498e8	586991.4251835841
4.988730700659389	5.088604853647568	5.038667777153478	7.362787163671179e6	231064.70151180192	3.12637301123421e8	566442.7207782511
5.088604853647569	5.190476489695512	5.13954067167154	7.464895286239238e6	220748.49033864652	3.201021964096603e8	546485.1437044336
5.190476489695511	5.294385558464413	5.242431024079962	7.565992109643726e6	210825.38361675135	3.27668188519304e8	527107.2325777682
5.294385558464413	5.400372808608692	5.347379183536552	7.663409020797437e6	201215.91958105497	3.353315975401014e8	508293.6017780709
5.400372808608693	5.508479803755858	5.454426306182276	7.765774639570745e6	192136.00184548326	3.4309737217967224e8	490042.21929817076
5.508479803755859	5.618748938805967	5.563614371280913	7.864037964425979e6	183338.4318891411	3.509614101440982e8	472336.90104914055
5.618748938805966	5.731223456557077	5.6749861976815215	7.965430937916217e6	174985.24812024116	3.5892684108201444e8	455171.75267893076
5.7312234565570765	5.845947464663209	5.788585460610143	8.059405127267317e6	166832.13108716495	3.6698624620928174e8	438527.11751986115
5.845947464663211	5.962965952931467	5.904456708797339	8.160961382688193e6	159185.26879940054	3.751472075919699e8	422402.14985209296
5.962965952931466	6.082324810965086	6.022645381948276	8.258941443496878e6	151799.75435089765	3.834061490354668e8	406781.916437102
6.082324810965086	6.204070846159379	6.143197828562233	8.351027726311033e6	144634.539978814	3.917571767617778e8	391649.97792678763
6.20407084615938	6.328251802057558	6.266161324108468	8.449553399630222e6	137895.95769231438	4.0020673016140807e8	377002.7551373144
6.328251802057558	6.4549163770737	6.3915840895656295	8.545366972579235e6	131411.8279337735	4.087520971339873e8	362826.93775872083
6.454916377073701	6.584114243590166	6.519515310331934	8.63638215166891e6	125147.39480033674	4.173884792856562e8	349107.9787452264
6.584114243590165	6.71589606743696	6.650005155513563	8.729647248646302e6	119199.14513975756	4.2611812653430253e8	335837.7410091263
6.715896067436961	6.850313527760691	6.783104797598826	8.826860436030265e6	113571.5216742674	4.349449869703328e8	323008.81437243044
6.85031352776069	6.987419337290895	6.9188664325257925	8.917556185065025e6	108117.50824064475	4.4386254315539783e8	310605.731650803
6.987419337290895	7.127267263011704	7.057343300151299	9.007290728074584e6	102903.84171956137	4.5286983388347244e8	298617.77131434827
7.127267263011705	7.269912147246929	7.198589705129317	9.097472446830492e6	97936.7372428847	4.6196730633030295e8	287035.190199331
7.269912147246929	7.4154099291668585	7.342661038206893	9.187928468951035e6	93203.06578802623	4.71155234799254e8	275848.0505027215
7.415409929166858	7.5638176667251855	7.489613797946022	9.278199164054144e6	88687.87001047129	4.804334339633081e8	265046.1254795321
7.5638176667251855	7.71519355903468	7.639505612879933	9.367240654631289e6	84372.39545587098	4.898006746179394e8	254618.69696205214
7.715193559034678	7.869596969190362	7.79239526411252	9.453600014352374e6	80236.93205547087	4.992542746322918e8	244554.5285699211
7.869596969190363	8.027088447549161	7.948342708369762	9.540144321626607e6	76299.31581095055	5.087944189539184e8	234844.06250444014
8.027088447549161	8.187729755475134	8.107409101512147	9.625957905567363e6	72543.49545919821	5.1842037685948575e8	225477.36686702582
8.187729755475134	8.351583889559627	8.26965682251738	9.71121304246701e6	68963.14066097671	5.2813158990195274e8	216444.7182530611
8.351583889559627	8.51871510632581	8.435149497942719	9.795174872367537e6	65545.81666125248	5.379267647743202e8	207736.2373988631
8.51871510632581	8.689188947427317	8.603952026876563	9.878100082764463e6	62286.74606242032	5.478048648570848e8	199342.34006964232
8.689188947427317	8.863072265350853	8.776130606389085	9.96062205298632e6	59183.182662962565	5.57765486910071e8	191253.83721994172
8.863072265350853	9.04043324963286	8.951752757491857	1.0042230060318138e7	56225.30862929228	5.678077169703891e8	183461.50405654774
9.04043324963286	9.221341453600507	9.130887351616684	1.0122556263044193e7	53404.997246791565	5.779302732334334e8	175956.17967660908
9.221341453600507	9.405867821647508	9.313604637624007	1.0202238349343896e7	50719.78046898722	5.881325115827773e8	168729.08990883382
9.405867821647508	9.594084717055448	9.499976269351478	1.0281028191021506e7	48162.4791125726	5.984135397737988e8	161771.55309843377
9.594084717055447	9.786065950371546	9.690075333713496	1.035864766174497e7	45726.283805436404	6.087721874355438e8	155074.9960894196
9.786065950371546	9.981886808353966	9.883976379362757	1.043577113442973e7	43408.834949035234	6.192079585699735e8	148631.20472221158
9.981886808353966	10.181624083496034	10.081755445925001	1.0512065646472938e7	41203.352851446274	6.297200242164464e8	142432.0480265095
10.181624083496034	10.385356104140945	10.28349009381849	1.0586882764871456e7	39102.42344528899	6.403069069813178e8	136469.43679755784
10.385356104140945	10.593162765198754	10.48925943466985	1.0660339704831135e7	37102.04579685014	6.509672466861489e8	130735.51812359922
10.593162765198754	10.805125559477718	10.699144162338236	1.073351669848114e7	35201.42569791444	6.6170076338463e8	125222.84676954195
10.805125559477718	11.021327609642261	10.91322658455999	1.0806313569017595e7	33395.45346438419	6.725070769536476e8	119924.11260938924
11.021327609642261	11.241853700810095	11.131590655226178	1.0878618443622038e7	31679.27559902597	6.833856953972696e8	114832.14759671762
11.241853700810095	11.466790313801287	11.35432200730569	1.0947896309069386e7	30041.668071551492	6.94333591706339e8	109939.54995686447
11.466790313801285	11.696225659052299	11.581507986426793	1.1016003338415883e7	28484.555484792778	7.053495950447549e8	105239.45636964626
11.6962256590523	11.930249711208337	11.813237685130318	1.108605170639282e7	27011.857727339655	7.164356467511476e8	100725.62600241431
11.930249711208337	12.168954244407493	12.049601977807914	1.115411913967929e7	25609.73841221612	7.27589765890827e8	96391.38001146796
12.168954244407491	12.41243286827063	12.290693556339061	1.1216923975878876e7	24268.117572083014	7.388066898667058e8	92229.84356726891
12.41243286827063	12.660781064611031	12.53660696644083	1.1285823711926702e7	23008.49247775115	7.500925135786325e8	88235.77916327667
12.66078106461103	12.914096224878238	12.787438644744633	1.1351160728141796e7	21806.59708067014	7.614436743067743e8	84402.85156656112
12.91409622487824	13.172477688350792	13.043286956614516	1.1415160789099239e7	20664.386470983754	7.728588350958735e8	80725.20411531601
13.172477688350792	13.436026781092796	13.304252234721794	1.1478083216064434e7	19579.55593560595	7.843369183119379e8	77197.18529964252
13.436026781092798	13.704846855689642	13.570436818391219	1.1539391012401e7	18548.528949764088	7.958763093243389e8	73813.2635305021
13.70484685568964	13.97904333177842	13.84194509373403	1.1602163474213522e7	17573.521687280656	8.074784727985524e8	70568.35443645343
13.979043331778422	14.258723737388978	14.1188835345837	1.1658891630171124e7	16640.6562027617	8.191373644287238e8	67456.86645289972
14.258723737388976	14.543997751111744	14.401360744250361	1.1720813518334921e7	15763.927188127322	8.308581779470587e8	64474.33826131943
14.543997751111744	14.834977245108966	14.689487498110356	1.1780322248273388e7	14929.918390200328	8.42638500195332e8	61615.79202282755
14.834977245108968	15.131776328986135	14.98337678704755	1.1837872263177417e7	14137.337536462112	8.544763724585094e8	58876.46269615493
15.131776328986136	15.434511394540847	15.283143861763492	1.1894774200219724e7	13385.79000957686	8.663711466587292e8	56251.83754050076
15.434511394540843	15.743301161406647	15.588906277973745	1.1952100485740922e7	12674.358290250617	8.783232471444701e8	53737.61137863443
15.743301161406647	16.058266723609766	15.900783942508205	1.200138311429783e7	11992.42721966759	8.90324630258768e8	51329.115104701414
16.05826672360977	16.37953159705695	16.218899160333358	1.206040470237367e7	11356.168484002823	9.023850349611416e8	49022.882148267214
16.37953159705695	16.707221767973074	16.54337668251501	1.2114081492865093e7	10748.669155162872	9.144991164540067e8	46814.67026156743
16.707221767973074	17.041465742307523	16.8743437551403	1.2166962024374729e7	10172.80496787863	9.266660784783814e8	44700.64797650095
17.041465742307526	17.382394596128663	17.211930169218093	1.221659404951933e7	9625.053900432236	9.388826725279007e8	42677.001780835504
17.382394596128663	17.730142027026222	17.55626831157744	1.2267810230749877e7	9107.824153370026	9.511504827586505e8	40740.27721387327
17.730142027026222	18.084844406541734	17.907493216783976	1.2320534058542114e7	8619.295658499654	9.634710168171927e8	38887.11419802381
18.08484440654173	18.44664083364755	18.265742620094642	1.2369369589504693e7	8154.260136539579	9.758403864066974e8	37114.04611273251
18.446640833647553	18.81567318929549	18.631157011471522	1.2418651438112902e7	7714.473258768056	9.882590378448102e8	35417.907709094856
18.81567318929549	19.192086192056387	19.003879690675937	1.2460430301699396e7	7293.900186591107	1.0007194681465096e9	33795.3682613771
19.192086192056387	19.5760274548725	19.38405682346444	1.2513706744139215e7	6902.521584520512	1.0132331748906491e9	32243.86508144715
19.5760274548725	19.967647542944935	19.771837498908717	1.2559692487785626e7	6528.237088670484	1.0257928673784347e9	30760.285298355666
19.967647542944935	20.36710003277882	20.167373787861877	1.2603047983784724e7	6172.878086537057	1.0383959153622193e9	29341.80135101526
20.367100032778815	20.774541572409376	20.570820802594096	1.2648276372184066e7	5837.659214266004	1.0510441917344034e9	27985.81893948775
20.77454157240938	21.19013194283255	20.982336757620963	1.2694208446762748e7	5520.880941701112	1.0637384001811662e9	26689.795440504207
21.19013194283255	21.614034120664186	21.40208303174837	1.2738152341553316e7	5220.410323749886	1.0764765525227194e9	25451.21191933606
21.61403412066419	22.046414342052458	21.830224231358322	1.2775878882654624e7	4933.833752192517	1.089252431405374e9	24267.555569354117
22.046414342052458	22.48744216786849	22.266928254960476	1.2822413188800534e7	4666.1542918202185	1.1020748445941746e9	23136.74722580798
22.48744216786849	22.937290550200846	22.712366359034668	1.2863805092264518e7	4411.1767225994945	1.114938649686439e9	22056.470311653266
22.937290550200842	23.396135900179843	23.166713225190342	1.2901210456069548e7	4168.801520487014	1.1278398601425085e9	21024.536195134853
23.396135900179846	23.86415815715843	23.630147028669136	1.2941386789229276e7	3940.555078509978	1.140781246931738e9	20038.970603351663
23.86415815715842	24.341540859276574	24.102849508217496	1.2981693198457172e7	3724.80741764639	1.1537629401301951e9	19097.819162550997
24.341540859276574	24.828471215437087	24.58500603735683	1.302209005698685e7	3520.863149286529	1.166785030187182e9	18199.200164169924
24.82847121543709	25.325140178720815	25.076805697078953	1.3053452141270118e7	3325.7520606265507	1.179838482328452e9	17341.16913870355
25.32514017872082	25.83174252127022	25.57844134999552	1.309592537862897e7	3144.103138306177	1.192934407707081e9	16522.16086295378
25.831742521270215	26.348476910670602	26.090109715970407	1.313386831423605e7	2971.319963232199	1.2060682760213172e9	15740.435276786244
26.348476910670605	26.875545987859	26.612011449264802	1.31625935341734e7	2806.0439541095234	1.2192308695554905e9	14994.27435556849
26.875545987858995	27.413156446591156	27.144351217225076	1.320225426131339e7	2652.145775677108	1.232433123816804e9	14282.282502064796
27.41315644659116	27.961519114497964	27.68733778054456	1.3238432262481743e7	2506.0066474152018	1.2456715560792856e9	13602.935891792238
27.961519114497964	28.520849035762904	28.241184075130434	1.3265463139332885e7	2366.2711110618934	1.2589370192186184e9	12954.720436574287
28.52084903576291	29.09136555545315	28.80610729560803	1.3303229789272018e7	2236.122855894774	1.2722402490078905e9	12336.3930732709
29.091365555453145	29.67329240553719	29.382328980495167	1.3332540275387846e7	2111.7768000318542	1.2855727892832782e9	11746.564116227724
29.67329240553719	30.266857792622915	29.970075099080052	1.3368146354823356e7	1995.2756460926519	1.2989409356381016e9	11184.041903901278
30.266857792622922	30.87229448745036	30.56957614003664	1.3399938133847812e7	1884.651957606831	1.3123408737719493e9	10647.590040275412
30.872294487450354	31.48983991617434	31.181067201812347	1.3421679488430897e7	1778.8197481139807	1.3257625532603803e9	10135.980823251157
31.489839916174343	32.11973625347281	31.804788084823578	1.3459298288011227e7	1680.9092349618331	1.3392218515483916e9	9648.237960151995
32.11973625347281	32.762230517517246	32.44098338549503	1.3491404095326914e7	1587.7269452808018	1.3527132556437185e9	9183.257271282084
32.762230517517246	33.41757466684257	33.08990259217991	1.3509887815770686e7	1498.191329789956	1.366223143459489e9	8739.93589685643
33.41757466684257	34.0860256991544	33.75180018299848	1.3543142191326559e7	1415.2458762805857	1.3797662856508157e9	8317.404408315024
34.086025699154405	34.76784575211247	34.42693572563344	1.3566475789371476e7	1335.907775024136	1.3933327614401872e9	7914.671476590381
34.767845752112464	35.46330220612969	35.11557397912108	1.3601614119198712e7	1262.1091220868054	1.406934375559386e9	7530.914424251213
35.4633022061297	36.17266778922727	35.81798499767848	1.362890408713279e7	1191.693202757392	1.4205632796465187e9	7165.23362965024
36.17266778922727	36.89622068398679	36.53444423660703	1.3641109664185181e7	1123.9586800645488	1.4342043893107042e9	6816.740919823956
36.8962206839868	37.63424463664151	37.265232660314155	1.3674555485071871e7	1061.7225164232227	1.4478789447957761e9	6484.761863189329
37.634244636641505	38.387029068349314	38.01063685249541	1.3694884237158636e7	1001.9669250553969	1.4615738290329347e9	6168.4868598647245
38.387029068349314	39.15486918869128	38.7709491285203	1.372694348780025e7	946.3812356357918	1.475300772520735e9	5867.250469219477
39.15486918869128	39.93806611144008	39.54646765006568	1.3747947162571773e7	893.1562217245261	1.4890487196833067e9	5580.321279172623
39.93806611144008	40.73692697264386	40.33749654204197	1.3767964332833009e7	842.862335429575	1.5028166840161397e9	5307.04298284303
40.736926972643865	41.55176505107172	41.14434601185779	1.3791868738806978e7	795.6231543768583	1.5166085527549467e9	5046.804267471007
41.55176505107172	42.38289989106813	41.96733247106992	1.3803855333248233e7	750.3815065933189	1.5304124080881948e9	4798.968107590101
42.38289989106812	43.23065742786446	42.80677865946629	1.3836245586448953e7	708.7571448510157	1.5442486536746438e9	4563.027664449702
43.23065742786446	44.09537011539672	43.66301377163059	1.384931934354958e7	668.5057117065516	1.5580979730181932e9	4338.375877431016
44.09537011539672	44.97737705667963	44.536373586038174	1.3877729144370098e7	631.2372848900588	1.5719757021625633e9	4124.533584864677
44.977377056679636	45.8770241367882	45.42720059673392	1.3889824104653168e7	595.3447987436383	1.5858655262672164e9	3920.9565679928855
45.8770241367882	46.79466415849894	46.33584414764357	1.3912680748430425e7	561.9274608309574	1.599778207015647e9	3727.195411878002
46.79466415849895	47.7306569806439	47.26266056957142	1.392769701789706e7	530.0860833907881	1.613705904033544e9	3542.774761274462
47.73065698064389	48.685369659231746	48.20801331993782	1.3949653954388201e7	500.29736746982906	1.6276555579879322e9	3367.2741830254017
48.685369659231746	49.65917659139136	49.17227312531155	1.3963557029261844e7	471.909339975592	1.641619115017194e9	3200.2598917107543
49.65917659139135	50.65245966219415	50.15581812679275	1.398109251227832e7	445.2473878481579	1.6556002075294726e9	3041.3418970973075
50.652459662194154	51.665608394413006	51.15903402830358	1.3997359383462194e7	420.05308523146107	1.6695975669129348e9	2890.137801298296
51.66560839441301	52.69902010127625	52.18231424784463	1.4010589411993386e7	396.19801881963303	1.6836081563249283e9	2746.2798601680356
52.69902010127624	53.753100042276735	53.22606007177649	1.402580857040092e7	373.7503956679653	1.6976339648953292e9	2609.4254794486956
53.753100042276735	54.82826158209724	54.29068081218699	1.403247222089409e7	352.35938013752735	1.7116664371162233e9	2479.231592217641
54.82826158209724	55.92492635271416	55.3765939674057	1.4035577472703759e7	332.10839621661484	1.725702014588927e9	2355.3797353275054
55.92492635271416	57.04352441874341	56.484225385728784	1.4007479980400298e7	312.3255649249067	1.7397094945693274e9	2237.5310620987907
57.04352441874342	58.184494446093254	57.614009432418335	1.3921140037518628e7	292.49625509194664	1.753630634606846e9	2125.3365885929807
58.184494446093254	59.348283873990084	58.76638916004167	1.3699298431393865e7	271.23257561431024	1.76732993303824e9	2018.387406600742
59.348283873990084	60.53534909044485	59.94181648221747	1.3234854959346116e7	246.92254811460964	1.780564787997586e9	1916.2052146418196
60.535349090444846	61.74615561122871	61.14075235083678	1.2389196721799456e7	217.81249178308676	1.7929539847193854e9	1818.238147357198
61.74615561122872	62.981178262428266	62.363666936828494	1.1041163664847981e7	182.9163726239341	1.8039951483842335e9	1723.9092986890034
62.98117826242826	64.2409013666518	63.61103981454003	9.181734663841547e6	143.33775452406002	1.813176883048075e9	1632.738698598545
64.2409013666518	65.5258189329598	64.8833601498058	6.957217368792611e6	102.34569586401882	1.8201341004168675e9	1544.4626308814109
65.5258189329598	66.83643485059396	66.18112689177687	4.694678481310325e6	65.07857632891559	1.8248287788981779e9	1459.128983843132
66.83643485059396	68.1732630865808	67.50484896858738	2.748574713330238e6	35.903595279705975	1.8275773536115081e9	1377.0347914908798
68.17326308658079	69.53682788728737	68.85504548693407	1.3649093756520872e6	16.800895829939286	1.8289422629871602e9	1298.5741714936614
69.53682788728739	70.9276639840081	70.23224593564774	558072.0687683788	6.473172234967476	1.8295003350559285e9	1224.04367614406
70.92766398400809	72.34631680266321	71.63699039333565	182595.16905934172	1.995788137064498	1.8296829302249877e9	1153.554053702866
72.34631680266322	73.79334267769146	73.06982974017734	45677.256832306935	0.47046082896714553	1.82972860748182e9	1087.042486989121
73.79334267769144	75.26930907022023	74.53132587395584	8199.494650855988	0.07958090374370902	1.829736806976471e9	1024.3449405399078
75.26930907022025	76.77479479059961	76.02205193040993	937.9046659743518	0.008577857432902672	1.829737744881137e9	965.2598561301227
76.7747947905996	78.31039022538656	77.54259250799308	51.27831022046004	0.0004419286957983971	1.8297377961594472e9	909.5824780919627
