-0.0	0.009955408033319053	0.0049777040166595265	129.15066175348804	3.1248619236191712e7	129.15066175348804	3.1248619236191712e7
0.009955408033319053	0.02010992422730449	0.015032666130311772	865.4712535053036	2.891371239307104e7	994.6219152587917	2.919699209035376e7
0.020109924227304465	0.030467530745169613	0.02528872748623704	2246.985073219163	2.662244251613363e7	3241.6069884779545	2.7362764740886033e7
0.03046753074516956	0.04103228939339201	0.035749910069280785	4226.321181618061	2.4728283560831808e7	7467.9281700960155	2.5806807098091625e7
0.04103228939339201	0.05180834321457892	0.046420316303985465	6964.768222410684	2.3761557590696443e7	14432.6963925067	2.477762946869385e7
0.051808343214579014	0.06279991811218966	0.057304130663384335	10144.0563602914	2.2296696164417326e7	24576.7527527981	2.368965078820134e7
0.06279991811218966	0.07401132450775252	0.06840562130997109	14267.412439701653	2.1593378385871813e7	38844.16519249976	2.287402828578721e7
0.07401132450775247	0.0854469590312266	0.07972914176948953	18774.028132680807	2.0516782280498877e7	57618.19332518056	2.204860887075671e7
0.0854469590312266	0.0971113062451702	0.0912791326381984	24583.152315325286	2.01017408836439e7	82201.34564050584	2.1427965088978242e7
0.09711130624517025	0.10900894040339273	0.1030601233242815	30814.948521395796	1.9383294549298994e7	113016.29416190163	2.0828888667604715e7
0.10900894040339272	0.12114452724477966	0.11507673382408619	38016.551462762196	1.8807224985932842e7	151032.84562466384	2.028016094704225e7
0.12114452724477967	0.13352282582299435	0.127333676533887	46854.77419174713	1.856327500109491e7	197887.61981641097	1.9845565129902788e7
0.1335228258229943	0.14614869037277325	0.1398357580978838	56443.46037507607	1.818072566222898e7	254331.08019148704	1.945028827336161e7
0.14614869037277334	0.1590270722135479	0.15258788129316062	67738.19107129337	1.7966547185834173e7	322069.2712627804	1.911822159634583e7
0.1590270722135479	0.17216302169113795	0.16559504695234292	80927.04925456923	1.7868990201578382e7	402996.32051734964	1.8853537196018077e7
0.1721630216911379	0.18556169015827975	0.17886235592470884	97030.92877572903	1.800519159187387e7	500027.24929307867	1.8682719961205926e7
0.18556169015827975	0.19922833199476445	0.1923950110765221	113190.35717109317	1.779785085134628e7	613217.6064641718	1.8512825587923452e7
0.1992283319947644	0.21316830666797879	0.2061983193313716	126563.60056955816	1.698640027614512e7	739781.20703373	1.8232523384706866e7
0.2131683066679788	0.2273870808346575	0.22027769375131817	146718.4996280506	1.6916910290779352e7	886499.7066617806	1.8000834046014648e7
0.22738708083465758	0.24189023048466984	0.23463865565966371	167795.89143070043	1.6717516433164455e7	1.054295598092481e6	1.7783563865905512e7
0.24189023048466976	0.25668344312768226	0.24928683680617603	190701.75097275816	1.650274521307715e7	1.244997349065239e6	1.757463235175209e7
0.2566834431276822	0.27177252002355495	0.26422798157561855	214596.17023488053	1.6205924406659432e7	1.4595935193001195e6	1.7359079529715933e7
0.27177252002355495	0.2871633784573452	0.27946794924045004	233185.20252059773	1.5433147697995784e7	1.6927787218207172e6	1.7065712290062223e7
0.28716337845734524	0.30286205405981126	0.2950127162585783	256620.3642220298	1.494287953438606e7	1.949399086042747e6	1.6752420220046548e7
0.3028620540598113	0.31887470317432665	0.31086837861706895	284531.72805639077	1.4628794585207794e7	2.2339308140991377e6	1.6448295790277619e7
0.3188747031743266	0.33520760527113225	0.3270411542227294	312204.2569160195	1.4219048220598666e7	2.5461350710151573e6	1.6138056787639456e7
0.3352076052711323	0.35186716540987406	0.34353738534050315	340723.9951864828	1.3787839239053573e7	2.8868590662016403e6	1.5819791160874669e7
0.35186716540987406	0.3688599167513907	0.3603635410806324	369945.2784537822	1.3338339447290508e7	3.2568043446554225e6	1.549239879299716e7
0.3688599167513907	0.3861925231197376	0.3775262199355641	399679.3187375758	1.2872633995311286e7	3.6564836633929983e6	1.5155261834922595e7
0.3861925231197376	0.4038717816154515	0.3950321523675946	430405.09618133353	1.2412696107086819e7	4.086888759574332e6	1.4810634924499463e7
0.40387178161545156	0.42190462528107975	0.41288820344826566	452402.9756270563	1.1708934923301278e7	4.539291735201389e6	1.4429677552713547e7
0.4219046252810797	0.4402981258200204	0.43110137555055006	481763.90725847473	1.1213348295718858e7	5.021055642459864e6	1.4043194611115528e7
0.4402981258200205	0.45905949636974	0.4496788110948803	518513.87760486174	1.0874720850844339e7	5.539569520064726e6	1.3670376634838536e7
0.45905949636974	0.478196094330454	0.468627795350097	553509.5714520272	1.0479344185215302e7	6.093079091516752e6	1.3302403961657858e7
0.47819609433045396	0.4977154242503822	0.48795575929041807	589242.9104929273	1.008790054870359e7	6.682322002009679e6	1.2938844412291279e7
0.4977154242503822	0.517625140768709	0.5076702825095456	625135.9672192419	9.693495271027159e6	7.3074579692289205e6	1.257858045450451e7
0.517625140768709	0.5379330516174023	0.5277790961930557	662110.8145846142	9.313171900940785e6	7.969568783813534e6	1.2222541684407491e7
0.5379330516174023	0.5586471206830695	0.548290086150236	699701.5718726641	8.94056833493362e6	8.669270355686199e6	1.1870834314183328e7
0.5586471206830697	0.5797754711300502	0.5692112959065599	737908.3152933856	8.576894487217197e6	9.407178670979585e6	1.1523682150467345e7
0.5797754711300503	0.6013263885859705	0.5905509298580105	777009.7655835659	8.225985506197811e6	1.0184188436563151e7	1.1181679208709007e7
0.6013263885859705	0.6233083243910091	0.6123173564884898	816991.525483543	7.887547226008547e6	1.1001179962046694e7	1.0845307714489376e7
0.623308324391009	0.6457298989121484	0.6345191116515787	857950.3187785363	7.562259320206009e6	1.1859130280825231e7	1.0515054873744927e7
0.6457298989121484	0.6685999049237106	0.6571649019179295	899654.8218831504	7.247816994427546e6	1.275878510270838e7	1.0191116865393052e7
0.6685999049237106	0.691927311055504	0.6802636079896073	916189.1493701646	6.753233982816649e6	1.3674974252078544e7	9.854996833405614e6
0.6919273110555041	0.7157212653099334	0.7038242881827188	970246.7953990055	6.549918113508665e6	1.464522104747755e7	9.536204563566504e6
0.7157212653099332	0.7399910986494511	0.7278561819796922	1.0177485320489947e6	6.29843192274356e6	1.5662969579526545e7	9.22796647861388e6
0.7399910986494511	0.7647463286557594	0.7523687136526053	1.0640119588073958e6	6.041837561561089e6	1.6726981538333941e7	8.9284642922446e6
0.7647463286557595	0.789996663262194	0.7773714959589768	1.1104507658661446e6	5.790644449749633e6	1.7837432304200087e7	8.63710019671816e6
0.789996663262194	0.8157520045607571	0.8028743339114756	1.1575139842591723e6	5.547747450889796e6	1.899494628845926e7	8.353625692044909e6
0.815752004560757	0.8420224526852914	0.8288872286230242	1.2054783404408377e6	5.3144070810388075e6	2.0200424628900096e7	8.077944646271803e6
0.8420224526852914	0.8688183097723164	0.8554203812288039	1.2543419894419648e6	5.090304305078824e6	2.145476661834206e7	7.809950673953517e6
0.8688183097723163	0.8961500840010819	0.8824841968866991	1.3033441132244691e6	4.872286501465734e6	2.275811073156653e7	7.549276764865579e6
0.8961500840010821	0.924028493714423	0.9100892888577525	1.3530626076420266e6	4.662706369103569e6	2.411117333920856e7	7.295812184440385e6
0.924028493714423	0.9524644716220307	0.9382464826682269	1.4038570264381468e6	4.462494724896626e6	2.5515030365646705e7	7.049545627573082e6
0.9524644716220307	0.9814691690877906	0.9669668203549107	1.4555146001172382e6	4.2705386460928265e6	2.697054496576394e7	6.810376591393532e6
0.9814691690877906	1.0110539605028657	0.9962615647953281	1.5078916930930465e6	4.086138732328276e6	2.8478436658856988e7	6.578161494146115e6
1.0110539605028657	1.0412304477462422	1.0261422041245538	1.5610195978347845e6	3.909159677350412e6	3.0039456256691772e7	6.352766312750617e6
1.0412304477462422	1.0720104647344864	1.0566204562403643	1.6148882773082703e6	3.739340586831748e6	3.1654344534000043e7	6.13405465291358e6
1.0720104647344864	1.1034060820624954	1.0877082733984909	1.6695117297721133e6	3.576478090890182e6	3.3323856263772156e7	5.92189254613294e6
1.1034060820624956	1.1354296117370648	1.1194178468997802	1.7253714392208755e6	3.421286720533841e6	3.5049227702993035e7	5.716223415025903e6
1.1354296117370646	1.1680936120051253	1.151761611871095	1.7816905059407074e6	3.2718902314576823e6	3.683091820893374e7	5.516847640124622e6
1.1680936120051253	1.2014108922785471	1.1847522521418363	1.8385748801794928e6	3.128370701287286e6	3.8669493089113235e7	5.323597035952718e6
1.2014108922785471	1.2353945181574375	1.2184027052179922	1.8963359219747782e6	2.991064857425965e6	4.056582901108801e7	5.1363515026887925e6
1.2353945181574375	1.2700578165539056	1.2527261673556715	1.9029120088189952e6	2.7835495072604306e6	4.246874101990701e7	4.948918504444105e6
1.2700578165539056	1.305414380918303	1.2877360987361044	1.9878520796487145e6	2.697883054473943e6	4.445659309955573e7	4.770922812512565e6
1.305414380918303	1.3414780765699883	1.3234462287441455	2.0513400841908753e6	2.584152257497173e6	4.650793318374659e7	4.599257148589614e6
1.3414780765699883	1.3782630461347074	1.3598705613523479	2.1141971316118278e6	2.473110883654935e6	4.8622130315358415e7	4.433523732169355e6
1.3782630461347076	1.415783715090721	1.3970233806127144	2.1761834979938716e6	2.3647303307861993e6	5.079831381335229e7	4.273364615026799e6
1.415783715090721	1.4540547974258549	1.434919256258288	2.238242303548716e6	2.2601945306035345e6	5.3036556116901e7	4.1185504060282456e6
1.4540547974258549	1.4930913014076914	1.4735730494167731	2.3006627542582974e6	2.159749807514667e6	5.53372188711593e7	3.9688951271691564e6
1.4930913014076914	1.5329085354691647	1.5129999184384282	2.3634837318062335e6	2.0633304705439413e6	5.7700702602965534e7	3.824227893108076e6
1.532908535469165	1.5735221142118676	1.5532153248405163	2.4267199781854376e6	1.9708358966978532e6	6.012742258115097e7	3.684388566798906e6
1.5735221142118674	1.6149479645294242	1.5942350393706457	2.490392150235757e6	1.8821633256785288e6	6.261781473138673e7	3.5492263549107984e6
1.614947964529424	1.657202331853332	1.636075148191378	2.554512370462075e6	1.7971979215052463e6	6.51723271018488e7	3.4185978260050276e6
1.6572023318533318	1.7003017865237178	1.6787520591885248	2.6192387664578333e6	1.71591780234247e6	6.779156586830664e7	3.292372933927328e6
1.7003017865237184	1.7442632302875123	1.7222825084056153	2.6851939732267633e6	1.6385567673644042e6	7.04767598415334e7	3.1704524387035575e6
1.7442632302875118	1.7891039029265816	1.7666835666070466	2.750949688828133e6	1.5640830600725377e6	7.322770953036153e7	3.052672058058412e6
1.789103902926582	1.8348413890184332	1.8119726459725076	2.8171675216989443e6	1.4928087964741038e6	7.604487705206048e7	2.9389064942661948e6
1.8348413890184332	1.8814936248321215	1.8581675069252772	2.883827923767239e6	1.4246050562156197e6	7.892870497582772e7	2.8290336585360365e6
1.8814936248321212	1.9290789053620832	1.9052862650971023	2.950937225809112e6	1.3593598084480418e6	8.187964220163684e7	2.7229354801935744e6
1.929078905362083	1.977615891502644	1.9533473984323635	3.018482937892236e6	1.2969544803728964e6	8.489812513952908e7	2.6204969611335117e6
1.977615891502644	2.0271236173660165	2.0023697544343304	3.086466256634839e6	1.2372800636786388e6	8.798459139616391e7	2.5216064790608804e6
2.0271236173660165	2.0776214977466565	2.0523725575563363	3.1433465661262646e6	1.1759123343948622e6	9.112793796229017e7	2.4258483212193507e6
2.0776214977466565	2.129129335734909	2.103375416740783	3.170183275137767e6	1.1069956022801837e6	9.429812123742794e7	2.3324282846142775e6
2.129129335734909	2.181667330482927	2.155398333108918	3.181032338354744e6	1.0370701635134702e6	9.747915357578269e7	2.241081008352936e6
2.181667330482927	2.235256085125905	2.2084617078044158	3.2855261019780934e6	1.0002771255600371e6	1.0076467967776078e8	2.153961129796161e6
2.235256085125905	2.2899166148617427	2.262586349993824	3.3684932123484164e6	957900.7847371504	1.041331728901092e8	2.070339115370056e6
2.2899166148617427	2.345670355192297	2.31779348502702	3.444478696873583e6	915101.3894225566	1.0757765158698279e8	1.989905775157218e6
2.345670355192297	2.4025391703294625	2.37410476276088	3.5177993704678193e6	873306.1107182369	1.110954509574506e8	1.9124770657435018e6
2.4025391703294625	2.4605453617693716	2.431542266049417	3.590333521047853e6	833040.9226929706	1.1468578447849846e8	1.8379210526577795e6
2.460545361769372	2.519711677038079	2.4901285194037257	3.6626864855208844e6	794422.2561906892	1.1834847096401934e8	1.7661252358642393e6
2.519711677038079	2.5800613186121604	2.5498864978251197	3.733979252730973e6	757225.7441497132	1.2208245021675032e8	1.6969714850380735e6
2.5800613186121595	2.641617953017722	2.6108396358149406	3.8049815560582727e6	721584.6943902844	1.258874317728086e8	1.630360864242973e6
2.6416179530177226	2.7044057201113967	2.6730118365645597	3.87565298372788e6	687445.4624924266	1.2976308475653648e8	1.5661992594978102e6
2.704405720111397	2.7684492425469447	2.736427481329171	3.9467904819894433e6	654894.416757833	1.3370987523852593e8	1.5044064193674887e6
2.7684492425469442	2.8337736354312026	2.801111438989073	4.018303902114801e6	623845.5422823739	1.3772817914064074e8	1.4449031246553776e6
2.833773635431203	2.900404516173147	2.867089075802175	4.089840114133373e6	594181.319949867	1.418180192547741e8	1.3876089361009914e6
2.900404516173147	2.9683680145299296	2.934386265351538	4.162327672007486e6	565974.2860926087	1.4598034692678154e8	1.3324550049009451e6
2.96836801452993	3.0376907828538484	3.003029398691889	4.233989867885411e6	538921.6118253005	1.5021433679466695e8	1.2793579880208292e6
3.0376907828538475	3.1084000065442443	3.073045394699046	4.305568908978865e6	513082.8509979263	1.5451990570364583e8	1.2282453299589697e6
3.1084000065442448	3.1805234147084493	3.144461710626347	4.377099191543341e6	488414.5829426502	1.5889700489518917e8	1.1790475232796513e6
3.18052341470845	3.2540892910359385	3.2173063528721944	4.299584661389157e6	449300.0566402448	1.6319658955657834e8	1.1306653222896494e6
3.254089291035938	3.3291264848899766	3.2916078879629573	4.404920585956693e6	431138.3331941368	1.6760151014253503e8	1.084422277347107e6
3.3291264848899766	3.405664422621096	3.3673954537555364	4.442190063790932e6	407289.84057534044	1.7204370020632595e8	1.0397875372024123e6
3.4056644226210957	3.4837331191068377	3.4446987708639667	4.559142360953033e6	391629.38686472294	1.7660284256727898e8	997182.0411600191
3.483733119106838	3.5633631895222946	3.5235481543145664	4.645200939154252e6	373885.5110021212	1.8124804350643325e8	956322.6678104036
3.563363189522294	3.64458586134606	3.603974525434177	4.72230558666487e6	356192.80711267685	1.859703490930981e8	917087.0033966909
3.6445858613460604	3.7274329866063014	3.6860094239761807	4.796050781223267e6	339051.2114792482	1.9076639987432137e8	879394.4932044127
3.727432986606302	3.811937054371748	3.7696850204890247	4.8690076770465225e6	322644.7973241	1.9563540755136788e8	843182.7017858236
3.8119370543717483	3.898131203492503	3.8550341289321257	4.942881133468747e6	307056.26934960275	2.0057828868483663e8	808399.3482989832
3.898131203492502	3.9860492355956723	3.9420902195440872	5.0157855107292235e6	292132.5933678855	2.0559407419556585e8	774986.2678580445
3.9860492355956727	4.075725628340906	4.0308874319682895	5.088139913288921e6	277876.4860870322	2.1068221410885477e8	742889.8825087488
4.075725628340906	4.167195548941044	4.121460588640975	5.159939408915892e6	264262.9674706904	2.1584215351777065e8	712059.0564883837
4.167195548941044	4.260494867953185	4.213845208447115	5.231234477537796e6	251270.17995460448	2.210733879953085e8	682445.0972882975
4.260494867953184	4.355660173345568	4.308077520649377	5.147726694067687e6	231922.18429342387	2.2622111468937618e8	653555.6325213113
4.355660173345568	4.4527287848457995	4.404194479095684	5.260702250221208e6	222333.28468619508	2.3148181693959737e8	625964.2692695562
4.4527287848458	4.551738768576037	4.502233776710918	5.294956241489992e6	209942.29297012932	2.3677677318108737e8	599402.4318064878
4.551738768576036	4.652728951980877	4.6022338602784565	5.318768910310715e6	197864.23631128005	2.420955420913981e8	573818.9993220698
4.652728951980877	4.755738939053814	4.704233945517346	5.445606339601874e6	190091.13798175612	2.4754114843099996e8	549420.3897773705
4.755738939053815	4.860809125868212	4.808274032461013	5.532178422515556e6	181222.07835669868	2.530733268535155e8	526056.1017128814
4.860809125868211	4.967980716418895	4.914394921143552	5.609961061843649e6	172469.77166166747	2.5868328791535914e8	503663.01244498737
4.9679807164188965	5.077295738780594	5.022638227599746	5.686310294228658e6	164081.6082802384	2.643695982095878e8	482198.1277796991
5.0772957387805935	5.188797061589526	5.1330464001850595	5.758872346156925e6	155984.02090294816	2.7012847055574477e8	461616.8936585015
5.188797061589526	5.302528410854636	5.245662736222081	5.831397337012246e6	148273.9431965764	2.75959867892757e8	441884.03052741615
5.302528410854637	5.41853438710505	5.360531398979844	5.900693391855076e6	140857.5674948148	2.8186056128461206e8	422960.8806334136
5.4185343871050495	5.536860482880471	5.47769743499276	5.815556705395848e6	130343.06479579945	2.876761179900079e8	404598.6778079504
5.5368604828804715	5.657553100571401	5.597206791725936	5.8802424082800895e6	123749.97702110646	2.9355636039828795e8	387005.3499395445
5.657553100571401	5.78065957061615	5.719106335593775	6.002125594619259e6	118615.4401043485	2.995584859929072e8	370220.8175217973
5.78065957061615	5.906228170061794	5.843443870338971	5.87025042444779e6	108945.98986699701	3.05428736417355e8	353908.19907682843
5.906228170061794	6.03430814149635	5.970268155779072	6.064525471772581e6	105706.43017880524	3.114932618891276e8	338436.81277141813
6.03430814149635	6.164949712359597	6.0996289269279735	6.156512356229275e6	100790.60806001141	3.176497742453569e8	323646.80682703847
6.164949712359597	6.29820411464011	6.231576913499854	6.2377232004645765e6	95922.87818725758	3.238874974458215e8	309496.24243593606
6.29820411464011	6.434123604966233	6.366163859803171	6.312087030912787e6	91182.0295071081	3.301995844767343e8	295950.9331568725
6.434123604966231	6.5727614850988765	6.503442545032554	6.383453770222545e6	86628.51751858204	3.365830382469568e8	282982.77358922496
6.572761485098877	6.714172122834175	6.643466803966526	6.453554453503162e6	82281.2912042545	3.4303659270045996e8	270566.7525466479
6.714172122834176	6.8584109733241805	6.786291548079179	6.279218759854168e6	75219.79070067995	3.4931581146031415e8	258499.1491644746
6.8584109733241805	7.005534600823985	6.931972787074082	6.433574416486084e6	72415.25092752684	3.5574938587680024e8	247019.7640043308
7.005534600823983	7.155600700873784	7.0805676508488835	6.374058761506647e6	67417.27480445374	3.6212344463830686e8	235955.30158357808
7.155600700873785	7.308668122924582	7.2321344118991835	6.475403541496754e6	64361.33099167293	3.685988481798036e8	225398.30183144787
7.308668122924582	7.464796893416394	7.386732508170487	6.593163078565896e6	61585.73109638581	3.751920112583695e8	215333.19599309284
7.464796893416393	7.624048239318042	7.544422566367217	6.6783394263632e6	58628.310144663716	3.818703506847327e8	205717.1145443558
7.624048239318042	7.786484612137723	7.705266425727883	6.7545171950671375e6	55732.65862406785	3.8862486787979984e8	196524.94757253394
7.7864846121377225	7.952169712413798	7.86932716227576	6.826787536711067e6	52945.83751637438	3.9545165541651094e8	187736.13319564308
7.9521697124137996	8.121168514695396	8.036669113554598	6.896548714323193e6	50277.090612523345	4.023482041308341e8	179332.04099149062
8.121168514695396	8.293547293022625	8.20735790385901	6.61837188777554e6	45356.00502758426	4.0896657601860964e8	171150.52262073293
8.293547293022625	8.469373646916399	8.381460469969511	6.875110168996185e6	44292.531103951325	4.1584168618760586e8	163412.59781456413
8.4693736469164	8.64871652788805	8.559045087402225	6.688738414497972e6	40512.000354481585	4.225304246021038e8	155924.51014655246
8.648716527888048	8.83164626647913	8.740181397183589	6.913798341582775e6	39370.03350566029	4.294442229436866e8	148830.91701170383
8.831646266479131	9.018234599842035	8.924940433160582	7.015876621142983e6	37563.073754479985	4.364600995648296e8	142066.39219601013
9.018234599842033	9.208554699872195	9.113394649857113	7.098747550518215e6	35736.42232837928	4.435588471153478e8	135608.90840383238
9.208554699872197	9.402681201902961	9.30561795088758	7.173242668724507e6	33955.852917578864	4.507320897840723e8	129441.85694150197
9.402681201902961	9.600690233974342	9.501685717938653	7.1330638588489e6	31751.497122806904	4.578651536429212e8	123521.23088570393
9.60069023397434	9.802659446687148	9.701674840330744	7.0013163317831755e6	29307.282427880233	4.648664699747044e8	117816.97497183202
9.802659446687148	10.008668043654213	9.905663745170681	7.054209547528446e6	27769.645267198805	4.7192067952223283e8	112370.30077670797
10.008668043654215	10.21879681256062	10.113732428107419	7.081304776001543e6	26216.78092568131	4.7900198429823434e8	107164.12237379761
10.218796812560619	10.433128156845154	10.325962484702886	7.241694868519723e6	25215.523671388815	4.8624367916675407e8	102216.67109906035
10.433128156845154	10.651746128015379	10.542437142430266	7.338799055296212e6	24034.310606944204	4.935824782220503e8	97500.91782191295
10.651746128015377	10.874736458609007	10.763241293312191	7.417488722701728e6	22848.585142472584	5.0099996694475204e8	93002.12355500359
10.874736458609007	11.102186595814509	10.988461527211758	7.490785750329971e6	21704.111845664418	5.08490752695082e8	88709.24502951332
11.102186595814509	11.33418573576412	11.218186165789314	7.155121625407159e6	19501.14078127364	5.1564587432048917e8	84545.78527399508
11.334185735764121	11.570824858512726	11.452505297138423	7.266605444159657e6	18630.251390549638	5.229124797646488e8	80583.7433235309
11.570824858512726	11.812196763716303	11.691510811114515	7.295914081659585e6	17596.50560929952	5.3020839384630847e8	76800.84024629305
11.812196763716301	12.058396107023949	11.935296435370125	7.470782929202437e6	16950.696352724277	5.376791767755109e8	73209.25213463
12.058396107023949	12.30951943719775	12.18395777211085	7.568172275414377e6	16154.813140147633	5.452473490509253e8	69788.14554704682
12.30951943719775	12.565665233975027	12.437592335586388	7.645419631717533e6	15353.812905146502	5.528927686826428e8	66526.67905685003
12.565665233975025	12.826933946687848	12.696299590331437	7.524354319729686e6	14216.815245330452	5.604171230023725e8	63394.884076436116
12.82693394668785	13.093428033654929	12.96018099017139	7.473285076444387e6	13285.462345930633	5.678904080788169e8	60397.06401571939
13.093428033654929	13.36525200236135	13.22934001800814	7.336566483338207e6	12271.66830045912	5.752269745621551e8	57520.03992578543
13.36525200236135	13.642512450441899	13.503882226401625	7.570023418253571e6	11914.255205477148	5.827969979804087e8	54795.59162184407
13.642512450441899	13.92531810748406	13.78391527896298	7.696708952116787e6	11398.47321389749	5.904937069325254e8	52204.90256713405
13.925318107484058	14.213779877667061	14.069548992575559	7.787479107256174e6	10852.335240205977	5.982811860397816e8	49737.9613270145
14.213779877667061	14.508010883253725	14.360895380460393	7.866875868703365e6	10316.342897110417	6.061480619084849e8	47387.79417869571
14.508010883253728	14.808126508952126	14.658068696102927	7.456040572150469e6	9201.1288849904	6.136041024806354e8	45112.749522723025
14.808126508952125	15.11424444716449	14.961185478058308	7.445800549881935e6	8647.00260772744	6.210499030305173e8	42941.63372647159
15.11424444716449	15.426484744141103	15.270364595652797	7.68307421401608e6	8396.96356628262	6.287329772445334e8	40886.19621357971
15.426484744141101	15.744969847057245	15.585727295599174	7.815167148710191e6	8038.407633476355	6.365481443932436e8	38932.93523995892
15.744969847057243	16.069824652031713	15.907397249544477	7.910075059518039e6	7657.166653015566	6.444582194527617e8	37074.2815713379
16.069824652031713	16.40117655310567	16.235500602568692	7.872481084874153e6	7172.42230438462	6.523307005376358e8	35298.333159056354
16.40117655310567	16.739155492201107	16.57016602265339	7.635532327917159e6	6547.432681319817	6.599662328655529e8	33591.73807758515
16.739155492201107	17.083894010078453	16.91152475113978	7.472718861202836e6	6031.125970522366	6.674389517267557e8	31956.730053505886
17.083894010078453	17.435527298313346	17.2597106541959	7.812664389053643e6	5934.952940279105	6.752516161158094e8	30413.875545664516
17.435527298313346	17.794193252312937	17.61486027531314	7.936309014495015e6	5674.729207123546	6.831879251303045e8	28947.873356185504
17.794193252312933	18.160032525392516	17.977112888852723	8.027656857859731e6	5402.9846270031385	6.912155819881642e8	27553.390320152947
18.160032525392516	18.53318858393369	18.3466105546631	7.702551409928501e6	4879.862538322231	6.989181333980927e8	26211.22173168511
18.53318858393369	18.913807763645686	18.723498173789686	7.529124381490052e6	4490.089500836995	7.064472577795827e8	24926.09365429506
18.913807763645686	19.302039326951924	19.107923545298803	7.775807890703261e6	4365.187348232909	7.142230656702859e8	23710.224919899745
19.302039326951927	19.69803552152429	19.50003742423811	7.935017535948217e6	4193.350843779828	7.221580832062342e8	22556.66650165184
19.698035521524286	20.101951639988094	19.89999358075619	8.038513162217677e6	3999.0229498936646	7.301965963684518e8	21460.336299125167
20.101951639988098	20.513946080821185	20.307948860404643	7.830971746542752e6	3667.477175268419	7.380275681149945e8	20409.68708674014
20.513946080821185	20.934180410470933	20.724063245646057	7.496602651223421e6	3305.205003337748	7.45524170766218e8	19400.156406251503
20.93418041047093	21.36281942671367	21.1484999185923	7.751024683856726e6	3217.240696460655	7.532751954500747e8	18445.45399290959
21.36281942671367	21.80003122328127	21.58142532499747	7.933778769409299e6	3100.296642296246	7.61208974219484e8	17540.57975032513
21.800031223281273	22.24598725578022	22.023009239530747	8.040098127031624e6	2957.9530773549427	7.692490723465157e8	16681.047522782028
22.24598725578022	22.70086240892915	22.473424832354688	7.820367386598289e6	2708.767481474241	7.77069439733114e8	15857.84435743829
22.700862408929147	23.164835065141055	22.9328487370351	7.416740275461078e6	2418.688799866285	7.844861800085751e8	15066.384646941244
23.164835065141055	23.6380871744772	23.401461119809127	7.748947402952671e6	2379.2470574929016	7.922351274115278e8	14319.521168850426
23.6380871744772	24.12080432600007	23.879445750238634	7.920801666937113e6	2289.8301588795944	8.001559290784649e8	13611.646495632289
24.120804326000073	24.613175820553398	24.366990073276735	8.030648919072628e6	2185.8951408453254	8.081865779975375e8	12939.576490928548
24.613175820553398	25.11539474499779	24.864285282775594	7.683628855399072e6	1969.231237055729	8.158702068529365e8	12294.544397083935
25.115394744997793	25.627658047931074	25.371526396464432	7.3155659299785495e6	1765.374601415061	8.231857727829151e8	11675.688102049693
25.62765804793107	26.150166616923016	25.888912332427044	7.768306484225571e6	1765.1463487585638	8.309540792671406e8	11093.409221913076
26.150166616923016	26.683125357294802	26.416645987108907	7.907842031694829e6	1691.9380174705395	8.388619212988355e8	10541.241955192194
26.683125357294802	27.226743272474025	26.95493431488441	8.005215928197682e6	1612.791219926681	8.468671372270331e8	10017.04401653327
27.226743272474025	27.78123354595683	27.503988409215427	7.073763806946814e6	1341.9634770655	8.539409010339799e8	9507.900534605391
27.78123354595683	28.34681362490929	28.064023585433063	7.565131039968669e6	1351.4435648797044	8.615060320739486e8	9029.359994346994
28.346813624909295	28.923705305440805	28.63525946517505	7.772370276108921e6	1307.4720339730513	8.692784023500576e8	8576.468487247786
28.9237053054408	29.512134819582943	29.217920062511872	7.896442737387657e6	1250.8749828725913	8.771748450874453e8	8146.961818123802
29.512134819582947	30.112332924007934	29.812233871795442	7.2187985200538635e6	1076.8537610115136	8.843936436074991e8	7732.568805848032
30.112332924007934	30.72453499052142	30.418433957264675	7.338857841487408e6	1030.9449081423827	8.917325014489865e8	7339.898100008252
30.724534990521416	31.348981098365172	31.036758044443296	7.631550797427118e6	1009.5797275652072	8.993640522464136e8	6969.098863386464
31.348981098365172	31.9859161283658	31.667448613365487	7.769478139726758e6	967.9347028804416	9.071335303861403e8	6617.687093186057
31.985916128365798	32.63558985896644	32.31075299366612	7.285102625116825e6	854.7157628301554	9.144186330112572e8	6280.324123725959
32.63558985896644	33.2982570641791	32.96692346157277	7.096157585359812e6	784.054851862294	9.21514790596617e8	5958.668098059746
33.2982570641791	33.974177613496	33.636217338837554	7.492117690287888e6	779.5970062687534	9.290069082869048e8	5655.662374090981
33.97417761349601	34.66361657379926	34.318897093647635	7.651291715278149e6	749.8041224700694	9.36658200002183e8	5368.721969521241
34.66361657379925	35.36684431330856	35.015230443553904	7.1512466882866025e6	660.0051539432816	9.438094466904695e8	5093.388210494931
35.36684431330857	36.084136607608066	35.72549046045832	6.962772267649412e6	605.2087144035743	9.507722189581189e8	4831.020931525551
36.08413660760807	36.81577474779356	36.449955677700814	7.360059735855639e6	602.5131746374203	9.581322786939745e8	4583.898891022424
36.81577474779356	37.562045650782764	37.18891019928816	7.518457563998401e6	579.6701044641353	9.65650736257973e8	4349.944922989904
37.56204565078276	38.32324197183174	37.94264381130725	6.83730584289211e6	496.4879572696185	9.724880421008651e8	4124.857375984127
38.32324197183174	39.099662219301706	38.71145209556673	6.895821079241991e6	471.6130188576165	9.793838631801071e8	3911.517864861894
39.099662219301706	39.89161087172107	39.49563654551139	7.233425082362354e6	465.9339039449145	9.866172882624695e8	3710.354366205182
39.89161087172106	40.69939849718881	40.29550468445494	7.389021316316187e6	448.28284215630725	9.940063095787857e8	3519.950527348469
40.69939849718882	41.52334187516592	41.11137018617737	6.398667389225185e6	365.6317189601193	1.0004049769680109e9	3335.8793668469148
41.52334187516592	42.36376412070257	41.94355299793425	6.846098111469924e6	368.4603435773299	1.0072510750794809e9	3162.7546765659745
42.36376412070256	43.22099481114994	42.79237946592625	7.094207980583489e6	359.62423090807675	1.0143452830600643e9	2999.251801693707
43.22099481114995	44.095370115406276	43.65818246327811	6.937777472245574e6	331.25832321358655	1.0212830605323099e9	2843.665719721514
44.095370115406276	44.98723292574773	44.54130152057701	6.1494672859117985e6	276.5599324029991	1.0274325278182217e9	2693.995447911219
44.98723292574773	45.896932992296016	45.442082959021874	6.725513488815665e6	284.8960274524142	1.0341580413070374e9	2553.5672985659207
45.896932992296016	46.82482706017527	46.36088002623564	6.928717842269659e6	276.456479938307	1.041086759149307e9	2420.860518071581
46.82482706017527	47.771279009412105	47.29805303479368	5.891867361227274e6	221.43359362883598	1.0469786265105343e9	2292.7072240043963
47.771279009412105	48.73665999763368	48.253969503522896	6.344991154390395e6	224.61659483315017	1.0533236176649246e9	2172.230583014997
48.73665999763368	49.72134860561968	49.22900430162668	6.671587605795145e6	222.46609542762835	1.0599952052707198e9	2058.6693214188585
49.72134860561968	50.72573098576541	50.223539795692545	5.70048555413723e6	179.04977874172425	1.065695690824857e9	1949.2146098824333
50.72573098576541	51.75020101351405	51.23796599963973	6.096115102485955e6	180.36231749391428	1.0717918059273429e9	1846.2295590369952
51.750201013514044	52.79516044181766	52.27268072766585	6.501459842896223e6	181.19140114002607	1.078293265770239e9	1749.3066277074474
52.79516044181766	53.86101905868734	53.3280897502525	5.292661071714997e6	138.94345936303873	1.0835859268419542e9	1655.5833436884714
53.86101905868734	54.94819484789442	54.40460695329088	6.034033749972284e6	149.21493448673166	1.0896199605919266e9	1567.9281318616079
54.94819484789442	56.05711415288564	55.50265450039003	6.256362465058327e6	145.73710498117842	1.095876323056985e9	1485.1855859483858
56.05711415288564	57.18821184397668	56.62266299843116	4.952209818179131e6	108.666088353614	1.100828532875164e9	1405.1138564770433
57.18821184397668	58.34193148888955	57.765071666433116	6.072321683577478e6	125.51613255652767	1.1069008545587416e9	1330.6924862179865
58.34193148888955	59.51872552670068	58.93032850779511	5.024309441974044e6	97.83041593533406	1.1119251640007155e9	1259.0010151105187
59.51872552670068	60.719055445268026	60.11889048598435	5.653656895016372e6	103.7009208268228	1.117578820895732e9	1191.8306027365556
60.71905544526802	61.94339196220671	61.331223703737365	5.436664325968027e6	93.93861875411781	1.1230154852217e9	1128.0080156831475
61.94339196220671	63.19221520948418	62.567803585845446	5.051681406474531e6	82.22594581340701	1.1280671666281745e9	1067.2240658104558
63.19221520948418	64.4660149217072	63.82911506559569	5.928211891393781e6	90.89932281350096	1.1339953785195684e9	1010.4857704538709
64.4660149217072	65.76529062817468	65.11565277494094	4.352768033450842e6	62.87371688357347	1.1383481465530193e9	955.424259564114
65.76529062817468	67.09055184877151	66.42792123847309	5.683802412380636e6	77.34137510647403	1.1440319489654e9	904.4101990708303
67.0905518487715	68.44231829378026	67.76643507127588	4.363261873280466e6	55.93144940717885	1.1483952108386805e9	855.1230802928744
68.44231829378027	69.82112006768922	69.13171918073475	5.455293513927102e6	65.87753103189182	1.1538505043526077e9	809.2831545279996
69.82112006768921	71.22749787707633	70.52430897238277	4.335563519333184e6	49.32210610756145	1.1581860678719409e9	765.1501394329472
71.22749787707635	72.66200324265121	71.94475055986378	5.268772574039459e6	56.46571103083069	1.1634548404459803e9	724.0004244240401
72.6620032426512	74.12519871553755	73.39360097909437	4.257245587840736e6	42.981910378138885	1.167712086033821e9	684.4623342744356
74.12519871553755	75.61765809788164	74.8714284067096	5.13626618956399e6	48.85269431332984	1.172848352223385e9	647.5653221160181
75.61765809788164	77.13996666787261	76.37881238287713	4.1203797022952437e6	36.92023900157807	1.1769687319256804e9	612.1219813723449
77.13996666787261	78.6927214092634	77.91634403856801	5.0697101384186745e6	42.7955778764222	1.182038442064099e9	579.0809757980131
78.69272140926341	80.27653124548202	79.48462632737272	3.93466956335485e6	31.290659951506807	1.1859731116274538e9	547.2936869093372
80.27653124548202	81.892017278425	81.08427426195351	5.057788159578085e6	37.89308204070432	1.1910308997870317e9	517.7376061813378
81.892017278425	83.53981303202684	82.71591515522593	3.708512254795313e6	26.17543782482679	1.194739412041827e9	489.2198659324952
83.53981303202683	85.2205647007007	84.38018886636377	4.579205927292466e6	30.44958752175502	1.1993186179691195e9	462.60757870022326
85.2205647007007	86.93493140274806	86.07774805172438	3.9838222620327473e6	24.956875849256804	1.2033024402311523e9	437.2232426090132
86.93493140274805	88.68358543883635	87.80925842079219	4.338216250746846e6	25.603684504213412	1.2076406564818993e9	413.3513752232914
88.68358543883637	90.46721255564644	89.57539899724141	4.0661499602770805e6	22.608805058794694	1.2117068064421763e9	390.69271254104154
90.46721255564643	92.2865122147927	91.37686238521957	4.17876061249578e6	21.890040304443648	1.2158855670546722e9	369.30857780160653
92.2865122147927	94.1421978671219	93.21435504095729	4.100009762101412e6	20.23441606781303	1.2199855768167737e9	349.07045113892656
94.1421978671219	96.03499723249767	95.08859754980978	3.5291901694295406e6	16.40927491132179	1.2235147669862032e9	329.7858529359964
96.03499723249767	97.96565258518096	97.00032490883932	3.9671399885247946e6	17.378096050668734	1.227481906974728e9	311.67716335004457
97.96565258518095	99.93492104491791	98.95028681504942	3.79412788123703e6	15.65844843970296	1.2312760348559651e9	294.5201386425287
99.93492104491794	101.94357487384964	100.93924795938379	3.836880085210681e6	14.91862524253395	1.235112914941176e9	278.3161939107606
101.94357487384961	103.99240177935995	102.96798832660478	3.9189568500127792e6	14.35610295618805	1.2390318717911887e9	263.0201630394136
103.99240177935995	106.08220522298049	105.03730350117021	3.408173838346958e6	11.762644724056196	1.2424400456295357e9	248.46156358902874
106.0822052229805	108.21380473547346	107.14800497922698	3.4796872725970745e6	11.314678984831225	1.2459197329021327e9	234.72181482218483
108.21380473547346	110.38803623821627	109.30092048684486	3.711855232591152e6	11.371386538069668	1.249631588134724e9	221.78254511992085
110.38803623821627	112.60575237101395	111.49689430461511	3.538010456944227e6	10.211826639890315	1.2531695985916672e9	209.526766702816
112.60575237101396	114.86782282646759	113.73678759874078	3.260493860072851e6	8.866478474787169	1.25643009245174e9	197.90399048349335
114.86782282646759	117.17513469103028	116.02147875874894	3.5114070519549847e6	8.996506698613107	1.259941499503695e9	186.96287910376967
117.17513469103028	119.52859279288424	118.35186374195726	3.25683550815773e6	7.861673003934901	1.2631983350118527e9	176.59057288606562
119.52859279288423	121.92912005677526	120.72885642482974	3.390881582397938e6	7.711868837764628	1.2665892165942507e9	166.81106618823193
121.92912005677526	124.37765786594412	123.1533889613597	3.3760062528856993e6	7.234016967742808	1.2699652228471365e9	157.5709290514242
124.37765786594412	126.87516643129635	125.62641214862023	2.886031447331071e6	5.826503232188431	1.2728512542944674e9	148.78500732516932
126.87516643129636	129.42262516795563	128.148895799626	3.3658222907401323e6	6.402213043476098	1.2762170765852075e9	140.54174066701023
129.4226251679556	132.02103307934806	130.72182912365184	3.445041533396721e6	6.174001586910702	1.2796621181186042e9	132.76308145505644
132.02103307934806	134.67140914896837	133.3462211141582	2.460657340342164e6	4.154875853815283	1.2821227754589462e9	125.31838586195695
134.6714091489684	137.3747927399811	136.02310094447475	3.0897529271395206e6	4.915487287335969	1.2852125283860857e9	118.3491629229228
137.37479273998113	140.1322440028141	138.7535183713976	3.527163845545411e6	5.2869551148358545	1.2887396922316313e9	111.80529336855801
140.13224400281408	142.94484429090372	141.5385441468589	2.294655006041765e6	3.2406772455011015	1.291034347237673e9	105.52216656899567
142.9448442909037	145.81369658475512	144.3792704378294	2.7643647423245907e6	3.678352261304475	1.2937987119799976e9	99.62839751060874
145.81369658475515	148.7399259244836	147.27681125461936	3.503718183410406e6	4.392663247454661	1.297302430163408e9	94.11740400493048
148.7399259244836	151.7246798510066	150.2323028877451	2.319035283620119e6	2.739353162452706	1.2996214654470282e9	88.82998263624042
151.72467985100664	154.76912885606012	153.24690435353338	2.4437137862285376e6	2.7197818224287333	1.3020651792332568e9	83.84768979200526
154.76912885606012	157.87446684121468	156.3217978486374	3.4182876071953773e6	3.5845653041329864	1.3054834668404522e9	79.20399288585197
157.87446684121466	161.0419115860723	159.4581892136435	2.4450610577226877e6	2.415810483109052	1.3079285278981748e9	74.76161115278649
161.04191158607233	164.27270522582714	162.65730840594972	2.1376571837431192e6	1.99002042727181	1.3100661850819178e9	70.55184903336682
164.27270522582714	167.56811473837703	165.9204099821021	2.623673689099431e6	2.3013181594452554	1.312689858771017e9	66.60385552894516
167.56811473837703	170.92943244117794	169.2487735897775	3.3239786086449623e6	2.7470936060485256	1.316013837379662e9	62.9102331448514
170.92943244117794	174.35797649803484	172.6437044696064	1.8508094948227406e6	1.4412069734350657	1.3178646468744848e9	59.35492189620196
174.35797649803484	177.8550914360289	176.10653396703188	2.136238153664708e6	1.5673453021334827	1.3200008850281496e9	56.01272565016113
177.8550914360289	181.42214867278287	179.6386200544059	2.8083247567738295e6	1.941394058547964	1.3228092097849236e9	52.88562997220219
181.42214867278287	185.0605470542719	183.24134786352738	2.714324794968605e6	1.767992737064229	1.3255235345798922e9	49.92951055085807
185.0605470542719	188.7717134033907	186.9161302288313	1.7719153080761433e6	1.0874638919288389	1.3272954498879683e9	47.105133941277664
188.77171340339066	192.55710307949184	190.66440824144127	2.0636219002370834e6	1.1933178744562802	1.3293590717882054e9	44.45033757756726
192.55710307949187	196.41820054911506	194.48765181430346	2.8687914292025566e6	1.5630757171187721	1.332227863217408e9	41.97055568344946
196.41820054911506	200.35651996813073	198.3873602586229	2.3348567830058336e6	1.1986632377686735	1.334562720000414e9	39.61320126363246
200.3565199681307	204.37360577552667	202.36506287182868	1.6387615727137327e6	0.7927011085693093	1.3362014815731277e9	37.36877986131687
204.37360577552673	208.47103329907063	206.42231953729868	1.9025381386893988e6	0.8671308947742491	1.3381040197118173e9	35.258522472856356
208.47103329907057	212.65040937308535	210.56072133607796	2.594129489107728e6	1.114041467749561	1.3406981492009249e9	33.284629817717814
212.65040937308538	216.91337296858046	214.78189117083292	2.4449576813497543e6	0.9893279474874133	1.3431431068822746e9	31.417722211651157
216.91337296858043	221.26159583598542	219.08748440228294	1.45799766209507e6	0.5558860491110978	1.3446011045443697e9	29.633758221912633
221.26159583598547	225.69678316073856	223.47918949836202	1.6689153585019112e6	0.5995481267204847	1.3462700199028716e9	27.955512459239806
225.6967831607385	230.22067423198666	227.95872869636258	2.087489150643587e6	0.7066030669883223	1.3483575090535152e9	26.380528046891975
230.22067423198664	234.83504312465973	232.52785867832318	2.6226761296926737e6	0.8364851823659886	1.350980185183208e9	24.90414611348534
234.83504312465976	239.54169939518633	237.18837125992303	1.579626636683464e6	0.4747129348035369	1.3525598118198915e9	23.492243359290892
239.54169939518636	244.34248879112346	241.9420940931549	1.3996286288741827e6	0.39632656084330276	1.3539594404487658e9	22.15746469465959
244.34248879112346	249.23929397497932	246.7908913830514	1.6431924680655003e6	0.4384229134681329	1.3556026329168313e9	20.90230869539692
249.23929397497932	254.2340352625123	251.7366646187458	2.3541801800887585e6	0.591847261413791	1.35795681309692e9	19.728600423376847
254.2340352625123	259.3286713757959	256.7813533191541	2.2155879943362474e6	0.52483737719384	1.3601724010912561e9	18.618888197102887
259.32867137579586	264.5252002113452	261.9269357935705	1.1260625608654022e6	0.2513418134632486	1.3612984636521215e9	17.557536898139332
264.5252002113452	269.8256596236055	267.1754299174753	1.2721567837603092e6	0.26755309742311184	1.3625706204358819e9	16.55848766716071
269.8256596236055	275.23212822411097	272.5288939238582	1.5137913135129213e6	0.2999874660842054	1.364084411749395e9	15.619072893833593
275.23212822411097	280.7467261966266	277.9894272103688	2.0797818386461735e6	0.38834995700239555	1.366164193588041e9	14.739073593617343
280.7467261966266	286.3716161285925	283.5591711626096	1.5620390582453012e6	0.27483140564105013	1.3677262326462865e9	13.90338842548825
286.3716161285925	292.10900385919774	289.24030999389515	1.6143776764512062e6	0.26763887928352464	1.3693406103227372e9	13.11559651626534
292.10900385919774	297.9611393444151	295.0350716018064	1.0694788566406965e6	0.16706537061373145	1.370410089179378e9	12.367532469538956
297.9611393444151	303.9303175393368	300.94572844187593	1.254188945288539e6	0.18460691116547223	1.3716642781246667e9	11.663721676514081
303.9303175393368	310.0188792981569	306.97459841874684	1.955300714015603e6	0.2711876216913153	1.3736195788386822e9	11.005592724074324
310.0188792981569	316.2292122921534	313.12404579515515	1.1251938486058712e6	0.14704678111270822	1.374744772687288e9	10.378330790827135
316.2292122921534	322.56375194602987	319.3964821190916	1.609824246004343e6	0.1982344128479794	1.3763545969332924e9	9.790278414103962
322.56375194602987	329.0249823929839	325.79436716950687	1.1898318612036705e6	0.1380572194869885	1.377544428794496e9	9.232735237963512
329.0249823929838	335.6154374488769	332.3202099209303	930299.4963787794	0.10171143428157797	1.378474728290875e9	8.70531342677127
335.61543744887695	342.3377016058879	338.9765695273824	1.1288502034500837e6	0.11629399337931727	1.3796035784943252e9	8.209212753877612
342.3377016058879	349.1944110460391	345.7660563259635	1.6127915978580713e6	0.15655743487548315	1.381216370092183e9	7.744105402521729
349.1944110460391	356.1882546749933	352.6913328605162	889407.8628696203	0.08135258865521734	1.3821057779550529e9	7.301530266797473
356.18825467499323	363.3219751765265	359.75511492575987	1.1450236851557493e6	0.0986870873742634	1.3832508016402087e9	6.885529156964421
363.3219751765265	370.59837008809046	366.9601726323085	1.434733461811304e6	0.11651799676868647	1.38468553510202e9	6.494594364166221
370.5983700880904	378.0202928978856	374.309331492988	684990.072291851	0.052418240953568694	1.3853705251743119e9	6.122545077574595
378.02029289788567	385.59065416387676	381.8054735308812	825160.2168449163	0.05949949559640135	1.3861956853911567e9	5.77240024284904
385.5906541638768	393.3124226551878	389.4515384095323	1.3235734395247698e6	0.08992911674458455	1.3875192588306813e9	5.444241973344891
393.31242265518773	401.1886265163249	397.25052458575635	729282.5992808342	0.04669021281797316	1.3882485414299622e9	5.132545156710317
401.1886265163249	409.2223544546848	405.20549048550487	656387.9586743116	0.03959758980696603	1.3889049293886366e9	4.838445580010759
409.2223544546848	417.4167569518119	413.3195557032484	864207.9430350065	0.04912527161455577	1.3897691373316717e9	4.561885861497273
417.4167569518119	425.7750474988816	421.5959022253468	1.2761272097269297e6	0.06835332642428521	1.3910452645413985e9	4.302412380954655
425.7750474988816	434.30050385689265	430.0377756778871	403060.3292738199	0.020343005577169667	1.3914483248706722e9	4.055155135098352
434.3005038568926	442.99646934206385	438.64848659947825	511647.0537519455	0.02433298074259625	1.3919599719244242e9	3.8224106505990987
442.9964693420639	451.8663541369386	447.43141173950124	963666.0861612558	0.04318486527116552	1.3929236380105853e9	3.604198353598444
451.8663541369386	460.9136366277108	456.3899953823247	325291.22421741486	0.013735923989113002	1.3932489292348027e9	3.3968896321213813
460.91363662771073	470.1418647682984	465.5277506980045	158022.62268018723	0.006287611615311683	1.393406951857483e9	3.201124659339008
470.14186476829843	479.55465747169785	474.84826111999814	177095.07158482075	0.006639787679656565	1.3935840469290676e9	3.016686758869493
479.5546574716979	489.1557060291653	484.3551817504316	202048.6412512064	0.007138143645293392	1.3937860955703187e9	2.8429298695962713
489.15570602916523	498.94877555778197	494.05224079347363	236888.44246423244	0.007885971517043597	1.394022984012783e9	2.679251246340595
498.948775557782	508.93770647697113	503.9432410173766	291091.1394469738	0.00913109043068309	1.39431407515223e9	2.525097297897227
508.9377064769711	519.1264160145439	514.0320612457575	396373.54922127724	0.011716043787070593	1.3947104487014513e9	2.379995078427136
519.1264160145439	529.5188997428683	524.3226578787061	934726.7615942955	0.026034185237269213	1.3956451754630456e9	2.2440990002914485
