-0.0	0.009955408033319053	0.0049777040166595265	20.438487732516307	4.945189689666676e6	20.438487732516307	4.945189689666676e6
0.009955408033319053	0.02010992422730449	0.015032666130311772	138.31050260462615	4.62068506268043e6	158.74899033714246	4.660055186919153e6
0.020109924227304465	0.030467530745169613	0.02528872748623704	372.4588089404358	4.412919048206423e6	531.2077992775783	4.483984052299014e6
0.03046753074516956	0.04103228939339201	0.035749910069280785	726.5385292390217	4.250990399649148e6	1257.7463285166	4.3463750774056455e6
0.04103228939339201	0.05180834321457892	0.046420316303985465	1196.1228469768334	4.080787903685663e6	2453.8691754934334	4.212730562709878e6
0.051808343214579014	0.06279991811218966	0.057304130663384335	1772.0455724211515	3.8949666991637642e6	4225.914747914585	4.073379654576567e6
0.06279991811218966	0.07401132450775252	0.06840562130997109	2506.639961786407	3.7937380306875748e6	6732.554709700992	3.9645760464185663e6
0.07401132450775247	0.0854469590312266	0.07972914176948953	3348.3467270770007	3.659166818839229e6	10080.901436777993	3.8576331539890533e6
0.0854469590312266	0.0971113062451702	0.0912791326381984	4391.004409056206	3.590541673321516e6	14471.905845834199	3.77248682268174e6
0.09711130624517025	0.10900894040339273	0.1030601233242815	5521.258764777171	3.472995739268139e6	19993.16461061137	3.684737699777642e6
0.10900894040339272	0.12114452724477966	0.11507673382408619	6908.293618482778	3.4176122597272946e6	26901.458229094147	3.612233486959289e6
0.12114452724477967	0.13352282582299435	0.127333676533887	8463.515621951316	3.3531389421148496e6	35364.97385104546	3.5466488127420885e6
0.1335228258229943	0.14614869037277325	0.1398357580978838	10177.6252749583	3.2782648651834223e6	45542.59912600376	3.482927375812599e6
0.14614869037277334	0.1590270722135479	0.15258788129316062	12114.571356223496	3.2132097781982985e6	57657.17048222726	3.4225635919116535e6
0.1590270722135479	0.17216302169113795	0.16559504695234292	14415.897333655157	3.183083166565593e6	72073.06781588242	3.371823006109488e6
0.1721630216911379	0.18556169015827975	0.17886235592470884	16906.765913659983	3.137242560854003e6	88979.8337295424	3.324589446103046e6
0.18556169015827975	0.19922833199476445	0.1923950110765221	19648.85605411764	3.089551249689557e6	108628.68978366004	3.2794622440884495e6
0.1992283319947644	0.21316830666797879	0.2061983193313716	22702.880814493823	3.0470073480934463e6	131331.57059815386	3.236775832252176e6
0.2131683066679788	0.2273870808346575	0.22027769375131817	26099.0689517234	3.0092701959770964e6	157430.63954987726	3.196710382416946e6
0.22738708083465758	0.24189023048466984	0.23463865565966371	29903.901118910377	2.979327766064971e6	187334.54066878764	3.1599067418103996e6
0.24189023048466976	0.25668344312768226	0.24928683680617603	34250.783122126915	2.963957825922465e6	221585.32379091455	3.127942885254453e6
0.2566834431276822	0.27177252002355495	0.26422798157561855	38918.66278031428	2.9390687929598796e6	260503.98657122883	3.098197793359881e6
0.27177252002355495	0.2871633784573452	0.27946794924045004	44105.089087669214	2.919054668844757e6	304609.07565889804	3.070909847298465e6
0.28716337845734524	0.30286205405981126	0.2950127162585783	49884.837042645144	2.9047699031234332e6	354493.9127015432	3.0463905690445798e6
0.3028620540598113	0.31887470317432665	0.31086837861706895	56369.265730995685	2.8981457179857995e6	410863.1784325389	3.0251604237426952e6
0.3188747031743266	0.33520760527113225	0.3270411542227294	63743.20062396565	2.9031239111235705e6	474606.3790565045	3.008176896890248e6
0.3352076052711323	0.35186716540987406	0.34353738534050315	72457.34026033647	2.932080432586325e6	547063.719316841	2.9978719406870035e6
0.35186716540987406	0.3688599167513907	0.3603635410806324	82530.7442683659	2.975637603728783e6	629594.4635852069	2.994938435197016e6
0.3688599167513907	0.3861925231197376	0.3775262199355641	93937.09844117914	3.0254702460819148e6	723531.562026386	2.9988675672531975e6
0.3861925231197376	0.4038717816154515	0.3950321523675946	103476.61689826357	2.9842207054315433e6	827008.1789246496	2.997027063419229e6
0.40387178161545156	0.42190462528107975	0.41288820344826566	114727.33132519026	2.9693324951029294e6	941735.5102498399	2.9936255578079675e6
0.4219046252810797	0.4402981258200204	0.43110137555055006	127123.69691152801	2.9588814534077733e6	1.0688592071613679e6	2.98945061096676e6
0.4402981258200205	0.45905949636974	0.4496788110948803	139768.53734777262	2.931346475062188e6	1.2086277445091405e6	2.982613796777895e6
0.45905949636974	0.478196094330454	0.468627795350097	149268.83138398547	2.826038682753338e6	1.357896575893126e6	2.964558398040728e6
0.47819609433045396	0.4977154242503822	0.48795575929041807	162319.8826522373	2.7789334485215866e6	1.5202164585453633e6	2.9435642616754016e6
0.4977154242503822	0.517625140768709	0.5076702825095456	176549.58221630473	2.7376165027397475e6	1.696766040761668e6	2.92070214376393e6
0.517625140768709	0.5379330516174023	0.5277790961930557	193921.92494035908	2.727682711939905e6	1.890687965702027e6	2.8996565686133257e6
0.5379330516174023	0.5586471206830695	0.548290086150236	201122.17681264016	2.56987641267047e6	2.0918101425146672e6	2.8643162111368184e6
0.5586471206830697	0.5797754711300502	0.5692112959065599	215490.04296498396	2.5046951270927554e6	2.307300185479651e6	2.8264153252670323e6
0.5797754711300503	0.6013263885859705	0.5905509298580105	230510.68990630703	2.440352332983657e6	2.5378108753859582e6	2.7863768701549214e6
0.6013263885859705	0.6233083243910091	0.6123173564884898	246449.8672460788	2.379320844970184e6	2.784260742632037e6	2.744811430718506e6
0.623308324391009	0.6457298989121484	0.6345191116515787	263405.28045483306	2.3217417063810434e6	3.04766602308687e6	2.702253429277314e6
0.6457298989121484	0.6685999049237106	0.6571649019179295	286010.9600414727	2.3041671609585e6	3.333676983128343e6	2.6627842269496373e6
0.6685999049237106	0.691927311055504	0.6802636079896073	290738.77437888086	2.1430367000173284e6	3.6244157575072236e6	2.6119687799594947e6
0.6919273110555041	0.7157212653099334	0.7038242881827188	307090.0750758331	2.0730960975663501e6	3.9315058325830568e6	2.5599916683281693e6
0.7157212653099332	0.7399910986494511	0.7278561819796922	323772.04282402433	2.0036935510082955e6	4.255277875407081e6	2.507031721671185e6
0.7399910986494511	0.7647463286557594	0.7523687136526053	340809.21043227054	1.9352356633506636e6	4.596087085839352e6	2.453281803170479e6
0.7647463286557595	0.789996663262194	0.7773714959589768	358105.93395770993	1.8674075453288348e6	4.954193019797062e6	2.3988801065158593e6
0.789996663262194	0.8157520045607571	0.8028743339114756	375788.4965400854	1.8010837900055784e6	5.329981516337147e6	2.344027187907885e6
0.815752004560757	0.8420224526852914	0.8288872286230242	393969.53200175706	1.7368329237819582e6	5.723951048338904e6	2.2889498897117367e6
0.8420224526852914	0.8688183097723164	0.8554203812288039	412543.3649101751	1.6741616593479502e6	6.136494413249079e6	2.233802843489991e6
0.8688183097723163	0.8961500840010819	0.8824841968866991	431536.35554468445	1.6132107696488039e6	6.568030768793764e6	2.178734546932399e6
0.8961500840010821	0.924028493714423	0.9100892888577525	450766.4743049396	1.5533588016173034e6	7.018797243098703e6	2.123821421956439e6
0.924028493714423	0.9524644716220307	0.9382464826682269	470241.35124386195	1.4947744035431885e6	7.489038594342565e6	2.0691458532832344e6
0.9524644716220307	0.9814691690877906	0.9669668203549107	490181.1951819882	1.4382114321931484e6	7.979219789524553e6	2.0148458898825524e6
0.9814691690877906	1.0110539605028657	0.9962615647953281	510657.49242456816	1.3837979002785736e6	8.489877281949122e6	1.961055113212282e6
1.0110539605028657	1.0412304477462422	1.0261422041245538	531991.966816809	1.3322328228544851e6	9.02186924876593e6	1.9079515471866552e6
1.0412304477462422	1.0720104647344864	1.0566204562403643	554838.9103177525	1.2847524411799426e6	9.576708159083683e6	1.8557974302619195e6
1.0720104647344864	1.1034060820624954	1.0877082733984909	583185.3501507081	1.249317144975573e6	1.0159893509234391e7	1.805487251103303e6
1.1034060820624956	1.1354296117370648	1.1194178468997802	589698.0919599645	1.169328647318877e6	1.0749591601194356e7	1.7531646555357818e6
1.1354296117370646	1.1680936120051253	1.151761611871095	611017.5579598956	1.1220705125116948e6	1.1360609159154251e7	1.7016884964561067e6
1.1680936120051253	1.2014108922785471	1.1847522521418363	632612.5336509831	1.0764024554429061e6	1.1993221692805234e7	1.6510968816738094e6
1.2014108922785471	1.2353945181574375	1.2184027052179922	654508.0115355793	1.0323465845487774e6	1.2647729704340814e7	1.6014263003163568e6
1.2353945181574375	1.2700578165539056	1.2527261673556715	676747.008071972	989934.7905360197	1.3324476712412786e7	1.5527126017977388e6
1.2700578165539056	1.305414380918303	1.2877360987361044	698969.8775082678	948631.4436688487	1.4023446589921053e7	1.5049462089026903e6
1.305414380918303	1.3414780765699883	1.3234462287441455	721490.2737897746	908889.137469131	1.4744936863710828e7	1.4581545907016252e6
1.3414780765699883	1.3782630461347074	1.3598705613523479	744292.6631548852	870646.4777338576	1.5489229526865713e7	1.4123582462343464e6
1.3782630461347076	1.415783715090721	1.3970233806127144	767125.6107468791	833590.1825045184	1.6256355137612592e7	1.3675519441380121e6
1.415783715090721	1.4540547974258549	1.434919256258288	790153.9337202199	797903.6034203158	1.7046509071332812e7	1.3237455822424581e6
1.4540547974258549	1.4930913014076914	1.4735730494167731	814125.6099571772	764261.3530137446	1.786063468128999e7	1.2810001550631814e6
1.4930913014076914	1.5329085354691647	1.5129999184384282	838201.4295712598	731753.1010743005	1.869883611086125e7	1.2393022510636973e6
1.532908535469165	1.5735221142118676	1.5532153248405163	862415.3107315488	700401.8047119274	1.9561251421592798e7	1.1986419506461364e6
1.5735221142118674	1.6149479645294242	1.5942350393706457	886818.370374281	670230.5952492093	2.044806979196708e7	1.159012471515192e6
1.614947964529424	1.657202331853332	1.636075148191378	911405.3278279752	641208.7801027003	2.1359475119795054e7	1.1204058295329527e6
1.6572023318533318	1.7003017865237178	1.6787520591885248	936351.3058836237	613423.2188328431	2.2295826425678678e7	1.0828216537444582e6
1.7003017865237184	1.7442632302875123	1.7222825084056153	961643.6455804892	586813.3620772951	2.3257470071259167e7	1.0462555723517255e6
1.7442632302875118	1.7891039029265816	1.7666835666070466	986852.9061681889	561086.2021902465	2.4244322977427356e7	1.0106825379954036e6
1.789103902926582	1.8348413890184332	1.8119726459725076	1.0122591522243842e6	536393.1520269259	2.525658212965174e7	976091.1730186011
1.8348413890184332	1.8814936248321215	1.8581675069252772	1.0378495530696549e6	512695.5421676842	2.6294431682721395e7	942468.6783506303
1.8814936248321212	1.9290789053620832	1.9052862650971023	1.0636211035665385e6	489960.8730948424	2.7358052786287934e7	909801.3938231756
1.929078905362083	1.977615891502644	1.9533473984323635	1.0895709374950342e6	468156.99745351094	2.8447623723782968e7	878074.8856011352
1.977615891502644	2.0271236173660165	2.0023697544343304	1.0890552593220212e6	436572.5229319837	2.953667898310499e7	846510.5072589581
2.0271236173660165	2.0776214977466565	2.0523725575563363	1.121365585810572e6	419498.0082471772	3.065804456891556e7	816124.7539711454
2.0776214977466565	2.129129335734909	2.103375416740783	1.152255173108533e6	402355.73108318367	3.1810299742024094e7	786815.7062593349
2.129129335734909	2.181667330482927	2.155398333108918	1.181439630569689e6	385169.23455418355	3.2991739372593783e7	758492.0244816155
2.181667330482927	2.235256085125905	2.2084617078044158	1.2074637809244767e6	367611.87174066866	3.419920315351826e7	731047.3719387861
2.235256085125905	2.2899166148617427	2.262586349993824	1.2341510717278048e6	350956.40856822976	3.5433354225246064e7	704473.4853004521
2.2899166148617427	2.345670355192297	2.31779348502702	1.2609857363441736e6	335008.5458266748	3.669433996159024e7	678749.5165397916
2.345670355192297	2.4025391703294625	2.37410476276088	1.2875303445328549e6	319633.9527078169	3.798187030612309e7	653847.2570071779
2.4025391703294625	2.4605453617693716	2.431542266049417	1.314247561458841e6	304936.0163412148	3.9296117867581934e7	629748.1649095832
2.460545361769372	2.519711677038079	2.4901285194037257	1.3417212359037995e6	291014.0454606973	4.063783910348573e7	606442.2513196383
2.519711677038079	2.5800613186121604	2.5498864978251197	1.3694153467174768e6	277708.1726444424	4.200725445020321e7	583909.5860229785
2.5800613186121595	2.641617953017722	2.6108396358149406	1.396641380394429e6	264862.0049261823	4.340389583059764e7	562121.3501725435
2.6416179530177226	2.7044057201113967	2.6730118365645597	1.4239070263963118e6	252566.06523262375	4.482780285699395e7	541057.356730271
2.704405720111397	2.7684492425469447	2.736427481329171	1.4512106894267127e6	240800.6663596139	4.627901354642066e7	520697.85374513484
2.7684492425469442	2.8337736354312026	2.801111438989073	1.4785184671759903e6	229541.4128444779	4.7757532013596654e7	501023.1578086192
2.833773635431203	2.900404516173147	2.867089075802175	1.5057247049648017e6	218755.12677998393	4.9263256718561456e7	482013.04462805006
2.900404516173147	2.9683680145299296	2.934386265351538	1.5332748522687927e6	208487.70406344387	5.079653157083025e7	463652.08843564073
2.96836801452993	3.0376907828538484	3.003029398691889	1.5609196077929363e6	198680.99291924236	5.2357451178623185e7	445922.30560086103
3.0376907828538475	3.1084000065442443	3.073045394699046	1.5886097125028893e6	189310.2671552155	5.3946060891126074e7	428805.57723278797
3.1084000065442448	3.1805234147084493	3.144461710626347	1.6163183125483766e6	180355.39063201664	5.556237920367445e7	412283.95482236426
3.18052341470845	3.2540892910359385	3.2173063528721944	1.6439995503292829e6	171795.45217766054	5.720637875400373e7	396339.58556771895
3.254089291035938	3.3291264848899766	3.2916078879629573	1.671748647952497e6	163624.9533977132	5.887812740195623e7	380955.71423469245
3.3291264848899766	3.405664422621096	3.3673954537555364	1.6996148424158245e6	155832.1116985874	6.0577742244372055e7	366116.1747975595
3.4056644226210957	3.4837331191068377	3.4446987708639667	1.7278446133888513e6	148421.49530894216	6.2305586857760906e7	351806.4113539153
3.483733119106838	3.5633631895222946	3.5235481543145664	1.7134434889772683e6	137912.59040048387	6.4019030346738175e7	337784.8869836478
3.563363189522294	3.64458586134606	3.603974525434177	1.7132815102797672e6	129228.94110116074	6.573231185701794e7	324149.7862495899
3.6445858613460604	3.7274329866063014	3.6860094239761807	1.7653905388313755e6	124802.22337681633	6.749770239584932e7	311150.7468294479
3.727432986606302	3.811937054371748	3.7696850204890247	1.8000072877903879e6	119277.48425800717	6.92977096836397e7	298671.03716017696
3.8119370543717483	3.898131203492503	3.8550341289321257	1.8312352147623003e6	113757.99623001106	7.1128944898402e7	286674.06167479884
3.898131203492502	3.9860492355956723	3.9420902195440872	1.8603574924698174e6	108352.13302164737	7.298930239087182e7	275132.9641906769
3.9860492355956727	4.075725628340906	4.0308874319682895	1.889049235359788e6	103165.86660602824	7.487835162623161e7	264029.7382356115
4.075725628340906	4.167195548941044	4.121460588640975	1.9176180019197315e6	98209.56866022464	7.679596962815134e7	253348.40662173918
4.167195548941044	4.260494867953185	4.213845208447115	1.9453556672578305e6	93440.63445950804	7.874132529540917e7	243071.46097102994
4.260494867953184	4.355660173345568	4.308077520649377	1.9732847905459106e6	88903.03352425442	8.071461008595508e7	233185.519047903
4.355660173345568	4.4527287848457995	4.404194479095684	2.0011310141434819e6	84573.88582355685	8.271574110009857e7	223676.74109074258
4.4527287848458	4.551738768576037	4.502233776710918	2.0291791379476637e6	80455.90966923727	8.474492023804623e7	214532.4923196019
4.551738768576036	4.652728951980877	4.6022338602784565	2.0571427465893328e6	76528.04350046655	8.680206298463556e7	205739.73601765305
4.652728951980877	4.755738939053814	4.704233945517346	2.0845744535004944e6	72766.76009279376	8.888663743813606e7	197284.9011035157
4.755738939053815	4.860809125868212	4.808274032461013	2.1119050514312387e6	69181.39537125593	9.09985424895673e7	189156.0012222236
4.860809125868211	4.967980716418895	4.914394921143552	1.989111324836433e6	61152.22052743327	9.298765381440373e7	181049.3527346783
4.9679807164188965	5.077295738780594	5.022638227599746	2.097081403235048e6	60512.436278165085	9.508473521763878e7	173430.23408472625
5.0772957387805935	5.188797061589526	5.1330464001850595	2.1382605716834217e6	57916.63048964694	9.72229957893222e7	166142.3441080007
5.188797061589526	5.302528410854636	5.245662736222081	2.1719459767141044e6	55225.69905043387	9.93949417660363e7	159157.33623514578
5.302528410854637	5.41853438710505	5.360531398979844	2.2032677434123755e6	52594.99422648179	1.0159820950944868e8	152458.60566318434
5.4185343871050495	5.536860482880471	5.47769743499276	2.2304786370565295e6	49991.33122470633	1.038286881465052e8	146028.63190773854
5.5368604828804715	5.657553100571401	5.597206791725936	2.2578724601836056e6	47517.0317248937	1.0608656060668881e8	139857.52669698838
5.657553100571401	5.78065957061615	5.719106335593775	2.284455186236277e6	45145.949221221905	1.0837101579292509e8	133934.46668532805
5.78065957061615	5.906228170061794	5.843443870338971	2.30867329448241e6	42846.67248596087	1.106796890874075e8	128247.42654791652
5.906228170061794	6.03430814149635	5.970268155779072	2.3363123423716724e6	40722.598766265546	1.1301600142977917e8	122791.6619579357
6.03430814149635	6.164949712359597	6.0996289269279735	2.364108876486838e6	38703.72662211628	1.1538011030626601e8	117558.41590219642
6.164949712359597	6.29820411464011	6.231576913499854	2.208322185810238e6	33959.2850179561	1.1758843249207625e8	112363.63952676815
6.29820411464011	6.434123604966233	6.366163859803171	2.3299877583443373e6	33658.124720411426	1.1991842025042059e8	107480.35444093838
6.434123604966231	6.5727614850988765	6.503442545032554	2.374693469964698e6	32226.468972599356	1.2229311372038528e8	102818.14761582097
6.572761485098877	6.714172122834175	6.643466803966526	2.408922041233331e6	30713.185639190448	1.2470203576161861e8	98357.50928601113
6.714172122834176	6.8584109733241805	6.786291548079179	2.4387348824196756e6	29214.00486998094	1.2714077064403829e8	94086.15343864386
6.8584109733241805	7.005534600823985	6.931972787074082	2.4679298625525534e6	27778.610877698007	1.2960870050659084e8	89995.68764718404
7.005534600823983	7.155600700873784	7.0805676508488835	2.49661749035953e6	26406.27482847195	1.3210531799695037e8	86078.24378755377
7.155600700873785	7.308668122924582	7.2321344118991835	2.5243873017630726e6	25090.780155825552	1.3462970529871345e8	82326.10356827745
7.308668122924582	7.464796893416394	7.386732508170487	2.5500478157421052e6	23819.607856170165	1.3717975311445555e8	78731.29964736209
7.464796893416393	7.624048239318042	7.544422566367217	2.395317344376713e6	21028.192668171338	1.3957507045883226e8	75190.39041818988
7.624048239318042	7.786484612137723	7.705266425727883	2.4859213509100974e6	20511.755617075887	1.4206099180974236e8	71839.27554565777
7.7864846121377225	7.952169712413798	7.86932716227576	2.540324579424411e6	19701.742832596585	1.4460131638916677e8	68647.814776017
7.9521697124137996	8.121168514695396	8.036669113554598	2.5741049797498286e6	18765.692040171496	1.471754213689166e8	65598.07755296452
8.121168514695396	8.293547293022625	8.20735790385901	2.603218988454789e6	17839.978703273282	1.497786403573714e8	62681.63238215445
8.293547293022625	8.469373646916399	8.381460469969511	2.6344780066481233e6	16972.4842488124	1.524131183640195e8	59893.52304051284
8.4693736469164	8.64871652788805	8.559045087402225	2.663016104308903e6	16129.216404682762	1.5507613446832842e8	57227.05134231561
8.648716527888048	8.83164626647913	8.740181397183589	2.6899403343598545e6	15317.63523605031	1.5776607480268827e8	54676.412748717245
8.831646266479131	9.018234599842035	8.924940433160582	2.5644553971241415e6	13730.11990147499	1.603305301998124e8	52187.08424222758
9.018234599842033	9.208554699872195	9.113394649857113	2.5872326497857273e6	13024.612859738198	1.6291776284959814e8	49808.72351731745
9.208554699872197	9.402681201902961	9.30561795088758	2.6641818788218796e6	12611.390998576158	1.6558194472842002e8	47552.04896083533
9.402681201902961	9.600690233974342	9.501685717938653	2.706737468188733e6	12048.534631688726	1.6828868219660875e8	45400.32147820896
9.60069023397434	9.802659446687148	9.701674840330744	2.7376046565452516e6	11459.524044218899	1.71026286853154e8	43345.34981367845
9.802659446687148	10.008668043654213	9.905663745170681	2.7679297565911114e6	10896.24952975628	1.7379421660974512e8	41382.60780065973
10.008668043654215	10.21879681256062	10.113732428107419	2.7952714972619414e6	10348.801921345452	1.7658948810700706e8	39507.2632969369
10.218796812560619	10.433128156845154	10.325962484702886	2.818198660276115e6	9812.945217808452	1.7940768676728317e8	37714.53963650512
10.433128156845154	10.651746128015379	10.542437142430266	2.562947226562649e6	8393.562658996476	1.8197063399384582e8	35945.97582747568
10.651746128015377	10.874736458609007	10.763241293312191	2.738977981834233e6	8437.056524233252	1.8470961197568005e8	34288.19817996778
10.874736458609007	11.102186595814509	10.988461527211758	2.7912559019292593e6	8087.500070693507	1.875008678776093e8	32710.64487140302
11.102186595814509	11.33418573576412	11.218186165789314	2.8269368912995458e6	7704.7599164845	1.9032780476890886e8	31206.32689026759
11.334185735764121	11.570824858512726	11.452505297138423	2.8602660409708917e6	7333.200597807091	1.9318807080987975e8	29771.364260264338
11.570824858512726	11.812196763716303	11.691510811114515	2.8898402733724713e6	6969.803921924936	1.9607791108325222e8	28401.942518655873
11.812196763716301	12.058396107023949	11.935296435370125	2.795610687414199e6	6343.049762235274	1.9887352177066642e8	27078.195375770163
12.058396107023949	12.30951943719775	12.18395777211085	2.7226896805600226e6	5811.778779262414	2.0159621145122644e8	25803.015403890382
12.30951943719775	12.565665233975027	12.437592335586388	2.8363049034325182e6	5695.971827182687	2.0443251635465896e8	24598.28953219152
12.565665233975025	12.826933946687848	12.696299590331437	2.883791636592418e6	5448.750970692781	2.0731630799125138e8	23451.805401392896
12.82693394668785	13.093428033654929	12.96018099017139	2.916722142201841e6	5185.136362040271	2.1023303013345322e8	22358.99321163842
13.093428033654929	13.36525200236135	13.22934001800814	2.944072860009581e6	4924.467824625055	2.131771029934628e8	21316.725427872487
13.36525200236135	13.642512450441899	13.503882226401625	2.972531605502844e6	4678.387132714851	2.1614963459896564e8	20322.766156550944
13.642512450441899	13.92531810748406	13.78391527896298	2.6905920414326787e6	3984.643502124569	2.1884022664039832e8	19347.425002849333
13.925318107484058	14.213779877667061	14.069548992575559	2.8709883609629273e6	4000.900385706069	2.2171121500136125e8	18431.908097424028
14.213779877667061	14.508010883253725	14.360895380460393	2.9307788178319037e6	3843.3197300881275	2.2464199381919315e8	17562.191873514497
14.508010883253728	14.808126508952126	14.658068696102927	2.9703683372804523e6	3665.5838501331214	2.276123621564736e8	16734.274495116122
14.808126508952125	15.11424444716449	14.961185478058308	3.005733992133498e6	3490.6373725690905	2.306180961486071e8	15945.7682340594
15.11424444716449	15.426484744141103	15.270364595652797	3.0330862128279805e6	3314.9119366891723	2.336511823614351e8	15194.221447444506
15.426484744141101	15.744969847057245	15.585727295599174	2.6967321853022277e6	2773.76442132174	2.363479145467373e8	14455.65136305366
15.744969847057243	16.069824652031713	15.907397249544477	2.927649323516488e6	2834.0437483939545	2.392755638702538e8	13765.003471596921
16.069824652031713	16.40117655310567	16.235500602568692	2.9788679276349247e6	2713.9727025874804	2.4225443179788873e8	13108.65430036037
16.40117655310567	16.739155492201107	16.57016602265339	3.012648140802413e6	2583.331462337974	2.4526707993869114e8	12483.892505501983
16.739155492201107	17.083894010078453	16.91152475113978	3.048760690772146e6	2460.61174273374	2.483158406294633e8	11889.27057145119
17.083894010078453	17.435527298313346	17.2597106541959	2.8250377437989116e6	2146.0624991712643	2.511408783732622e8	11311.587024714765
17.435527298313346	17.794193252312937	17.61486027531314	2.8936523225956857e6	2069.0592213966943	2.5403453069585788e8	10763.889630044514
17.794193252312933	18.160032525392516	17.977112888852723	2.984635436568916e6	2008.7977932442443	2.570191661324268e8	10245.355557288714
18.160032525392516	18.53318858393369	18.3466105546631	3.031492353143066e6	1920.566989042722	2.6005065848556986e8	9752.566352651156
18.53318858393369	18.913807763645686	18.723498173789686	3.0672516514139473e6	1829.194702945405	2.631179101369838e8	9283.781057924574
18.913807763645686	19.302039326951924	19.107923545298803	2.900896410000384e6	1628.5068362617014	2.660188065469842e8	8831.086588099673
19.302039326951927	19.69803552152429	19.50003742423811	2.8628909941285253e6	1512.9275154706936	2.688816975411127e8	8398.541705585025
19.698035521524286	20.101951639988094	19.89999358075619	2.9808943361768723e6	1482.9439998442026	2.718625918772896e8	7989.98883020611
20.101951639988098	20.513946080821185	20.307948860404643	3.030580206634164e6	1419.3109227546322	2.7489317208392376e8	7601.997360131276
20.513946080821185	20.934180410470933	20.724063245646057	3.0722770726512074e6	1354.547656398654	2.7796544915657496e8	7233.264058533807
20.93418041047093	21.36281942671367	21.1484999185923	2.8812252057585716e6	1195.9186514965877	2.8084667436233354e8	6877.094111557569
21.36281942671367	21.80003122328127	21.58142532499747	2.8719340365288258e6	1122.2706996415973	2.8371860839886236e8	6537.74330810317
21.800031223281273	22.24598725578022	22.023009239530747	2.9927165662214756e6	1101.0207881597303	2.8671132496508384e8	6217.290873648238
22.24598725578022	22.70086240892915	22.473424832354688	3.043531410216868e6	1054.1984161727432	2.897548563753007e8	5913.097567946473
22.700862408929147	23.164835065141055	22.9328487370351	3.0813887724048495e6	1004.8781857048383	2.9283624514770555e8	5624.042360966878
23.164835065141055	23.6380871744772	23.401461119809127	2.7728703809775114e6	851.3857885054302	2.9560911552868307e8	5343.086718899425
23.6380871744772	24.12080432600007	23.879445750238634	2.9099591679461002e6	841.2421550314845	2.9851907469662917e8	5078.180351239148
24.120804326000073	24.613175820553398	24.366990073276735	2.9933439832901955e6	814.7705289933436	3.0151241867991936e8	4827.403857832414
24.613175820553398	25.11539474499779	24.864285282775594	3.045706366142392e6	780.581705334801	3.0455812504606175e8	4589.4596449535375
25.115394744997793	25.627658047931074	25.371526396464432	2.95819533938545e6	713.864514127999	3.075163203854472e8	4361.669943556375
25.62765804793107	26.150166616923016	25.888912332427044	2.7579874569163322e6	626.6811819774772	3.1027430784236354e8	4142.226332142014
26.150166616923016	26.683125357294802	26.416645987108907	2.9493280839383006e6	631.0293366013618	3.1322363592630184e8	3936.006687813356
26.683125357294802	27.226743272474025	26.95493431488441	3.0112367044537067e6	606.6664736621661	3.1623487263075554e8	3740.5379184714357
27.226743272474025	27.78123354595683	27.503988409215427	3.0514353216398954e6	578.8876849757029	3.1928630795239544e8	3554.9795710651465
27.78123354595683	28.34681362490929	28.064023585433063	2.6589971672733426e6	475.0062611948892	3.219453051196688e8	3374.2770801236256
28.346813624909295	28.923705305440805	28.63525946517505	2.887150305944085e6	485.6778754483685	3.2483245542561287e8	3204.8596974933293
28.9237053054408	29.512134819582943	29.217920062511872	2.9658134894247055e6	469.81432287505504	3.277982689150376e8	3044.501328160707
29.512134819582947	30.112332924007934	29.812233871795442	3.0182096372808814e6	450.23702911199433	3.3081647855231845e8	2892.4463682028
30.112332924007934	30.72453499052142	30.418433957264675	2.652175406243682e6	372.57115338988683	3.3346865395856214e8	2744.798395960205
30.724534990521416	31.348981098365172	31.036758044443296	2.8485666458559036e6	376.8375805405237	3.3631722060441804e8	2606.09477774565
31.348981098365172	31.9859161283658	31.667448613365487	2.935213145820439e6	365.67380885769376	3.392524337502385e8	2474.901849571421
31.985916128365798	32.63558985896644	32.31075299366612	2.987002043681562e6	350.4463645492679	3.4223943579392004e8	2350.53673133152
32.63558985896644	33.2982570641791	32.96692346157277	2.597047516208172e6	286.94792655125195	3.448364833101282e8	2229.770127527583
33.2982570641791	33.974177613496	33.636217338837554	2.807052188483e6	292.0895764115272	3.476435354986112e8	2116.4045668304666
33.97417761349601	34.66361657379926	34.318897093647635	2.8973211047223806e6	283.9289611847458	3.505408566033336e8	2009.2242805932044
34.66361657379925	35.36684431330856	35.015230443553904	2.9550174952724576e6	272.7254228366824	3.5349587409860605e8	1907.685628604359
35.36684431330857	36.084136607608066	35.72549046045832	2.50084057472533e6	217.374696597505	3.559967146733314e8	1808.8744557827165
36.08413660760807	36.81577474779356	36.449955677700814	2.795259658526957e6	228.82705184989848	3.5879197433185834e8	1716.5334785395062
36.81577474779356	37.562045650782764	37.18891019928816	2.8775659526953697e6	221.85919681034704	3.616695402845537e8	1629.2045575995876
37.56204565078276	38.32324197183174	37.94264381130725	2.6951035806687474e6	195.703761414637	3.6436464386522245e8	1545.4711253296919
38.32324197183174	39.099662219301706	38.71145209556673	2.6002042104397416e6	177.83091284418433	3.669648480756622e8	1465.6046653285705
39.099662219301706	39.89161087172107	39.49563654551139	2.772350518473804e6	178.5782095574483	3.69737198594136e8	1390.464210867619
39.89161087172106	40.69939849718881	40.29550468445494	2.846541247316718e6	172.69615907651468	3.725837398414527e8	1319.3843126530353
40.69939849718882	41.52334187516592	41.11137018617737	2.4524945379588604e6	140.14008528778746	3.750362343794116e8	1250.5691843696686
41.52334187516592	42.36376412070257	41.94355299793425	2.660905443924725e6	143.2112304164426	3.776971398233363e8	1185.9638821508213
42.36376412070256	43.22099481114994	42.79237946592625	2.765536118925214e6	140.19236573540474	3.804626759422615e8	1124.9654189297064
43.22099481114995	44.095370115406276	43.65818246327811	2.5799916087285876e6	123.1869568650103	3.830426675509901e8	1066.5459410809203
44.095370115406276	44.98723292574773	44.54130152057701	2.4788404219833612e6	111.48086617390503	3.8552150797297347e8	1010.8626692562843
44.98723292574773	45.896932992296016	45.442082959021874	2.6601627801891565e6	112.68579116122153	3.881816707531626e8	958.5072887748901
45.896932992296016	46.82482706017527	46.36088002623564	2.734165065738559e6	109.09343789886046	3.909158358189012e8	909.0046573987878
46.82482706017527	47.771279009412105	47.29805303479368	2.2402011535705924e6	84.19330603927105	3.931560369724718e8	860.9456423498978
47.771279009412105	48.73665999763368	48.253969503522896	2.5526803902296424e6	90.36645804525587	3.957087173627014e8	816.055543999335
48.73665999763368	49.72134860561968	49.22900430162668	2.6510738500558734e6	88.40085493292845	3.983597912127573e8	773.6743307693323
49.72134860561968	50.72573098576541	50.223539795692545	2.1979668306105733e6	69.03718480908164	4.0055775804336786e8	732.6416356957968
50.72573098576541	51.75020101351405	51.23796599963973	2.454709380650878e6	72.62610125056499	4.0301246742401874e8	694.2146095014065
51.750201013514044	52.79516044181766	52.27268072766585	2.5765991048946977e6	71.80811898763262	4.0558906652891344e8	657.9839313917074
52.79516044181766	53.86101905868734	53.3280897502525	2.0868179282588959e6	54.7833496391159	4.0767588445717233e8	622.8776022385564
53.86101905868734	54.94819484789442	54.40460695329088	2.401303946975827e6	59.38157225792349	4.1007718840414816e8	590.0879051300491
54.94819484789442	56.05711415288564	55.50265450039003	2.5387570571945906e6	59.138374068393475	4.1261594546134275e8	559.1974585436734
56.05711415288564	57.18821184397668	56.62266299843116	1.9307007189403176e6	42.36526775149771	4.1454664618028307e8	529.1334838339048
57.18821184397668	58.34193148888955	57.765071666433116	2.4002021417637467e6	49.612669731059405	4.169468483220468e8	501.2445657886827
58.34193148888955	59.51872552670068	58.93032850779511	2.0675732163844109e6	40.25857683960071	4.190144215384312e8	474.4380279736993
59.51872552670068	60.719055445268026	60.11889048598435	2.2102622131615877e6	40.54123393579656	4.212246837515928e8	449.21079331192357
60.71905544526802	61.94339196220671	61.331223703737365	2.4151327638326883e6	41.73041084375972	4.236398165154255e8	425.5231696093659
61.94339196220671	63.19221520948418	62.567803585845446	1.8042211346541643e6	29.367210106191205	4.2544403765007967e8	402.4974124483081
63.19221520948418	64.4660149217072	63.82911506559569	2.299128866176665e6	35.253337907814846	4.2774316651625633e8	381.1553304016389
64.4660149217072	65.76529062817468	65.11565277494094	1.862639450274527e6	26.90496358931647	4.2960580596653086e8	360.5714212412959
65.76529062817468	67.09055184877151	66.42792123847309	2.173725941168189e6	29.5786062211382	4.3177953190769905e8	341.34170182965977
67.0905518487715	68.44231829378026	67.76643507127588	1.9316997003373504e6	24.76192518283355	4.337112316080364e8	322.95196011782986
68.44231829378027	69.82112006768922	69.13171918073475	2.0334337887238264e6	24.555525229937476	4.357446653967602e8	305.62088940533454
69.82112006768921	71.22749787707633	70.52430897238277	2.0276671270366907e6	23.06708522307602	4.377723325237969e8	289.2122177621515
71.22749787707635	72.66200324265121	71.94475055986378	1.8545873844957352e6	19.875709923473345	4.3962691990829265e8	273.5732110408593
72.6620032426512	74.12519871553755	73.39360097909437	2.235654287033379e6	22.57156422364364	4.4186257419532603e8	259.0007353520568
74.12519871553755	75.61765809788164	74.8714284067096	1.5573508773533702e6	14.812469514240385	4.434199250726794e8	244.8256554805304
75.61765809788164	77.13996666787261	76.37881238287713	2.183279902671516e6	19.563055261405278	4.456032049753509e8	231.75086078038862
77.13996666787261	78.6927214092634	77.91634403856801	1.5256819040715694e6	12.878929358416679	4.471288868794225e8	219.04857144026334
78.69272140926341	80.27653124548202	79.48462632737272	2.1471215871980786e6	17.075093696628052	4.4927600846662056e8	207.32841301620235
80.27653124548202	81.892017278425	81.08427426195351	1.4820485564468503e6	11.103546800669614	4.507580570230674e8	195.94319295309936
81.892017278425	83.53981303202684	82.71591515522593	2.118507753037393e6	14.952860921341202	4.528765647761048e8	185.44312681967378
83.53981303202683	85.2205647007007	84.38018886636377	1.4238404487108588e6	9.467876100883464	4.5430040522481567e8	175.2351771370513
85.2205647007007	86.93493140274806	86.07774805172438	1.8747636064787507e6	11.744560749987222	4.561751688312944e8	165.7524989942001
86.93493140274805	88.68358543883635	87.80925842079219	1.586678673451364e6	9.364406432625117	4.577618475047458e8	156.6827749423964
88.68358543883637	90.46721255564644	89.57539899724141	1.6857972218210697e6	9.373451822768741	4.5944764472656685e8	148.14049540240921
90.46721255564643	92.2865122147927	91.37686238521957	1.7066441025570035e6	8.94009292578293	4.6115428882912385e8	140.06929530970993
92.2865122147927	94.1421978671219	93.21435504095729	1.5343296806095839e6	7.572241761379758	4.6268861850973344e8	132.38756905754488
94.1421978671219	96.03499723249767	95.08859754980978	1.7977774935020208e6	8.358921935065379	4.6448639600323546e8	125.19754269939375
96.03499723249767	97.96565258518096	97.00032490883932	1.4027939631322622e6	6.144952863051292	4.658891899663677e8	118.29666925359994
97.96565258518095	99.93492104491791	98.95028681504942	1.878764234029591e6	7.753700932009391	4.677679542003973e8	111.88968096804471
99.93492104491794	101.94357487384964	100.93924795938379	1.2818219080785513e6	4.984002692188301	4.6904977610847586e8	105.69410040330018
101.94357487384961	103.99240177935995	102.96798832660478	1.689652422854662e6	6.189612458375247	4.707394285313305e8	99.92798737485347
103.99240177935995	106.08220522298049	105.03730350117021	1.4357823165379167e6	4.955321556810395	4.7217521084786844e8	94.42499184401032
106.0822052229805	108.21380473547346	107.14800497922698	1.3956956531046033e6	4.538295265716983	4.7357090650097305e8	89.21716197718096
108.21380473547346	110.38803623821627	109.30092048684486	1.7006093502476215e6	5.209870822042173	4.7527151585122067e8	84.35040167784436
110.38803623821627	112.60575237101395	111.49689430461511	1.2214876444647312e6	3.5256029397988984	4.764930034956854e8	79.66841718085422
112.60575237101396	114.86782282646759	113.73678759874078	1.6786446933962107e6	4.564850504113709	4.781716481890816e8	75.31821935912699
114.86782282646759	117.17513469103028	116.02147875874894	1.2682108160348535e6	3.2492578994391734	4.7943985900511646e8	71.14414155896219
117.17513469103028	119.52859279288424	118.35186374195726	1.2842745626383424e6	3.1001094877049518	4.807241335677548e8	67.20350066491403
119.52859279288423	121.92912005677526	120.72885642482974	1.6698423764930367e6	3.797716043551363	4.8239397594424784e8	63.53176893958845
121.92912005677526	124.37765786594412	123.1533889613597	1.099207002779603e6	2.355351712507205	4.8349318294702744e8	59.98941440002214
124.37765786594412	126.87516643129635	125.62641214862023	1.3623552671176791e6	2.7504091733271783	4.848555382141451e8	56.675306373349
126.87516643129636	129.42262516795563	128.148895799626	1.459113570736289e6	2.7754156718793013	4.863146517848814e8	53.554766604907535
129.4226251679556	132.02103307934806	130.72182912365184	1.0985920533332229e6	1.968832310117095	4.8741324383821464e8	50.56841433198427
132.02103307934806	134.67140914896837	133.3462211141582	1.4579596987242699e6	2.461798093034333	4.888712035369389e8	47.78368444450358
134.6714091489684	137.3747927399811	136.02310094447475	1.2385244218967557e6	1.9703682444682817	4.9010972795883566e8	45.13189434680397
137.37479273998113	140.1322440028141	138.7535183713976	1.0800336542818546e6	1.6188897660401567	4.911897616131175e8	42.613427465471496
140.13224400281408	142.94484429090372	141.5385441468589	1.5510617201613784e6	2.190521193669707	4.927408233332789e8	40.27397051547714
142.9448442909037	145.81369658475512	144.3792704378294	1.0394794331047535e6	1.3831646254195356	4.9378030276638365e8	38.02333379326981
145.81369658475515	148.7399259244836	147.27681125461936	1.040115496152699e6	1.3040081632966365	4.9482041826253635e8	35.89850148483705
148.7399259244836	151.7246798510066	150.2323028877451	1.4753267292451262e6	1.7427250762221138	4.962957449917815e8	33.922140855757405
151.72467985100664	154.76912885606012	153.24690435353338	1.0300296060327291e6	1.1463927628672195	4.973257745978142e8	32.025752580682465
154.76912885606012	157.87446684121468	156.3217978486374	977720.3133381605	1.0252801153889817	4.9830349491115236e8	30.23219172699149
157.87446684121466	161.0419115860723	159.4581892136435	1.2816506708230376e6	1.2663181217821389	4.995851455819754e8	28.55644600988139
161.04191158607233	164.27270522582714	162.65730840594972	1.1652771017264724e6	1.0847975313830467	5.007504226837019e8	26.967239233310995
164.27270522582714	167.56811473837703	165.9204099821021	897753.95448035	0.7874521464857064	5.016481766381822e8	25.45285351290012
167.56811473837703	170.92943244117794	169.2487735897775	1.1012061981938481e6	0.9100890415274152	5.027493828363761e8	24.03324341227429
170.92943244117794	174.35797649803484	172.6437044696064	1.3205819398845434e6	1.0283240420356123	5.040699647762606e8	22.70266029252225
174.35797649803484	177.8550914360289	176.10653396703188	808408.2333042622	0.5931243407959155	5.048783730095649e8	21.42393547977159
177.8550914360289	181.42214867278287	179.6386200544059	945678.2513603568	0.6537470903465326	5.0582405126092523e8	20.222737646629298
181.42214867278287	185.0605470542719	183.24134786352738	1.4842314510019422e6	0.9667636055780447	5.073082827119272e8	19.109169768329135
185.0605470542719	188.7717134033907	186.9161302288313	717962.9472663403	0.4406298525309671	5.080262456591935e8	18.029628858805047
188.77171340339066	192.55710307949184	190.66440824144127	814529.9341121316	0.47101318780539847	5.0884077559330565e8	17.01432271262006
192.55710307949187	196.41820054911506	194.48765181430346	995882.766471684	0.5426118307254062	5.0983665835977733e8	16.06191286787465
196.41820054911506	200.35651996813073	198.3873602586229	1.2689284527366757e6	0.6514394795966963	5.11105586812514e8	15.17090817385099
200.3565199681307	204.37360577552667	202.36506287182868	697093.3263608813	0.3371977118474126	5.118026801388749e8	14.313291782931529
204.37360577552673	208.47103329907063	206.42231953729868	798919.3388700485	0.36412812288959606	5.1260159947774494e8	13.506853539458483
208.47103329907057	212.65040937308535	210.56072133607796	1.0157489629471302e6	0.43621047842755667	5.1361734844069207e8	12.751239584387744
212.65040937308538	216.91337296858046	214.78189117083292	1.1139194568490386e6	0.4507364926260687	5.147312678975411e8	12.040179416171007
216.91337296858043	221.26159583598542	219.08748440228294	657565.8215732574	0.25070799226083834	5.1538883371911436e8	11.3586907203093
221.26159583598547	225.69678316073856	223.47918949836202	753908.0506661534	0.27083707822194325	5.161427417697805e8	10.717786651248682
225.6967831607385	230.22067423198666	227.95872869636258	954341.6279196143	0.32303915018419327	5.1709708339770013e8	10.116971218645585
230.22067423198664	234.83504312465973	232.52785867832318	1.0967019334606528e6	0.3497858185484248	5.181937853311608e8	9.552452276150296
234.83504312465976	239.54169939518633	237.18837125992303	599533.6983624101	0.18017320982937401	5.187933190295232e8	9.0107800019706
239.54169939518636	244.34248879112346	241.9420940931549	680340.8189481497	0.19264905805186616	5.1947365984847134e8	8.501155155787446
244.34248879112346	249.23929397497932	246.7908913830514	824562.3942170739	0.22000286286274437	5.202982222426884e8	8.022582570219996
249.23929397497932	254.2340352625123	251.7366646187458	1.2126880459774733e6	0.3048730530617027	5.215109102886659e8	7.576588788602584
254.2340352625123	259.3286713757959	256.7813533191541	528951.8124046326	0.1253002284693928	5.220398621010705e8	7.146007240767948
259.32867137579586	264.5252002113452	261.9269357935705	591509.3077077866	0.13202732001444845	5.226313714087783e8	6.740711043643501
264.5252002113452	269.8256596236055	267.1754299174753	687193.68473804	0.1445268391666304	5.2331856509351635e8	6.35957056179973
269.8256596236055	275.23212822411097	272.5288939238582	911389.8189495206	0.18060978416314297	5.242299549124659e8	6.002550728079995
275.23212822411097	280.7467261966266	277.9894272103688	919609.1375005245	0.1717152070333547	5.251495640499664e8	5.665657252998198
280.7467261966266	286.3716161285925	283.5591711626096	495538.0104393959	0.08718694147802894	5.256451020604058e8	5.3433558949594655
286.3716161285925	292.10900385919774	289.24030999389515	556788.1564436555	0.09230687487979752	5.2620189021684945e8	5.039981744610464
292.10900385919774	297.9611393444151	295.0350716018064	652903.4715455174	0.10199132013826205	5.2685479368839496e8	4.754703587723355
297.9611393444151	303.9303175393368	300.94572844187593	899662.9218099713	0.13242342288962947	5.2775445661020494e8	4.487673254753882
303.9303175393368	310.0188792981569	306.97459841874684	807766.1523621678	0.112031965299069	5.285622227625671e8	4.234899271000726
310.0188792981569	316.2292122921534	313.12404579515515	441464.2846298814	0.0576930829398686	5.29003687047197e8	3.993596020744319
316.2292122921534	322.56375194602987	319.3964821190916	493524.7326654792	0.060772836443931486	5.2949721177986246e8	3.7664168335450188
322.56375194602987	329.0249823929839	325.79436716950687	570775.7967866063	0.06622760914732359	5.3006798757664907e8	3.552682066086323
329.0249823929838	335.6154374488769	332.3202099209303	725402.4521599412	0.07930964611693232	5.30793390028809e8	3.3520547966724865
335.61543744887695	342.3377016058879	338.9765695273824	979954.7028082013	0.10095479929232884	5.317733447316172e8	3.1642716732492913
342.3377016058879	349.1944110460391	345.7660563259635	370335.40241771936	0.03594931962883415	5.3214368013403493e8	2.983585220589833
349.1944110460391	356.1882546749933	352.6913328605162	409072.09750163555	0.03741711251686556	5.3255275223153657e8	2.813424342121023
356.18825467499323	363.3219751765265	359.75511492575987	461401.2359082699	0.03976716348577439	5.3301415346744484e8	2.653231424426392
363.3219751765265	370.59837008809046	366.9601726323085	542538.9536662102	0.04406083341107724	5.3355669242111105e8	2.502542418272614
370.5983700880904	378.0202928978856	374.309331492988	727010.371160388	0.05563380602542782	5.3428370279227144e8	2.3612282743979693
378.02029289788567	385.59065416387676	381.8054735308812	823371.8621541262	0.059370543424596064	5.3510707465442556e8	2.228294489903735
385.5906541638768	393.3124226551878	389.4515384095323	316755.2000505328	0.02152167345925765	5.354238298544761e8	2.1008550832507944
393.31242265518773	401.1886265163249	397.25052458575635	349416.76618266106	0.022370399610966228	5.3577324662065876e8	1.9808271357557607
401.1886265163249	409.2223544546848	405.20549048550487	392591.11058950424	0.023683648600717117	5.3616583773124826e8	1.8678090723354503
409.2223544546848	417.4167569518119	413.3195557032484	456135.73088794947	0.025928703680135883	5.366219734621362e8	1.7614495299599253
417.4167569518119	425.7750474988816	421.5959022253468	575486.6368299127	0.030824846959000615	5.371974600989661e8	1.6615167473426253
425.7750474988816	434.30050385689265	430.0377756778871	966569.7079036236	0.048784093919718434	5.381640298068697e8	1.5683935867322902
434.3005038568926	442.99646934206385	438.64848659947825	243728.24591171741	0.01159126134061909	5.384077580527815e8	1.4785019614471167
442.9964693420639	451.8663541369386	447.43141173950124	266680.5586423874	0.01195078270450157	5.386744386114239e8	1.393823373937248
451.8663541369386	460.9136366277108	456.3899953823247	295369.56571793556	0.012472435778615374	5.389698081771418e8	1.3140659325171002
460.91363662771073	470.1418647682984	465.5277506980045	333367.1170142889	0.013264448605843937	5.393031752941561e8	1.238960872839483
470.14186476829843	479.55465747169785	474.84826111999814	388985.2399687767	0.014584140489058714	5.396921605341249e8	1.1682698278131418
479.5546574716979	489.1557060291653	484.3551817504316	489656.9283386469	0.017299010128203597	5.401818174624635e8	1.1018182982005214
489.15570602916523	498.94877555778197	494.05224079347363	969162.3716617823	0.03226323234181935	5.411509798341253e8	1.04006853101191
498.948775557782	508.93770647697113	503.9432410173766	172729.127951622	0.0054182524769930355	5.413237089620769e8	0.9803351046561076
508.9377064769711	519.1264160145439	514.0320612457575	188551.58267128468	0.005573224053517771	5.415122605447482e8	0.9240602708643867
519.1264160145439	529.5188997428683	524.3226578787061	207816.4407465458	0.0057881425204062255	5.417200769854947e8	0.8710476735590194
529.5188997428683	540.119233145759	534.8190664443136	232180.05940699577	0.0060935102836594795	5.419522570449017e8	0.8211140679747296
540.119233145759	550.9315732167076	545.5254031812333	264806.7240512371	0.006548702676564609	5.42217063768953e8	0.7740902291041575
550.9315732167076	561.9601600890752	556.4458666528915	312877.814412117	0.007290964418171649	5.425299415833651e8	0.7298246361387797
561.9601600890753	573.2093186988902	567.5847393939828	398683.97934293747	0.008754336660494844	5.42928625562708e8	0.6881995819176867
573.2093186988902	584.6834604809015	578.946389589896	720940.3464715481	0.014916891800566498	5.436495659091796e8	0.6493338003991717
584.6834604809014	596.3870850985529	590.5352727897272	311556.82532167435	0.00607436830324552	5.439611227345012e8	0.6122017430577973
596.3870850985529	608.3247822085574	602.3559336535552	98008.61830425262	0.001800583420956065	5.440591313528055e8	0.5769669899705248
608.3247822085575	620.5012332607621	614.4130077346598	108331.1330498457	0.0018753730774503197	5.441674624858553e8	0.5437709645050238
620.5012332607622	632.9212133340109	626.7112232973866	121228.44462382793	0.0019775369731844924	5.442886909304792e8	0.5124974933237648
632.9212133340109	645.5895930087246	639.2554031713678	138040.66937994957	0.0021218422540564556	5.444267315998591e8	0.4830379684690498
645.5895930087245	658.5113402769324	652.0504666428285	161383.46786665916	0.002337498302314901	5.445881150677258e8	0.4552917435903707
658.5113402769324	671.6915224905046	665.1014313837185	197351.2098982334	0.002693509661371217	5.44785466277624e8	0.42916797066269025
671.6915224905047	685.1353083483482	678.4134154194264	265677.6642588377	0.0034168076260776684	5.450511439418828e8	0.40459414899770735
685.1353083483482	698.8479699233486	691.9916391358483	664036.8991581202	0.008047197962167862	5.45715180841041e8	0.38170627733254636
