-0.0	0.009955408033319053	0.0049777040166595265	221.29433341293915	5.354322053066082e7	221.29433341293915	5.354322053066082e7
0.009955408033319053	0.02010992422730449	0.015032666130311772	1463.9586898331736	4.8908014381455235e7	1685.2530232461127	4.947037505920931e7
0.020109924227304465	0.030467530745169613	0.02528872748623704	3809.680994380439	4.513737740696046e7	5494.934017626552	4.6383348544545375e7
0.03046753074516956	0.04103228939339201	0.035749910069280785	7205.677289074499	4.216055136251185e7	12700.611306701052	4.3889311540560976e7
0.04103228939339201	0.05180834321457892	0.046420316303985465	11808.997601156816	4.0288516089507565e7	24509.608907857866	4.2077377049017586e7
0.051808343214579014	0.06279991811218966	0.057304130663384335	17280.10678020104	3.798177739577961e7	41789.7156880589	4.028130897299373e7
0.06279991811218966	0.07401132450775252	0.06840562130997109	24221.19277745638	3.66581805082869e7	66010.90846551528	3.8871613791361734e7
0.07401132450775247	0.0854469590312266	0.07972914176948953	32024.114518600967	3.499684674277088e7	98035.02298411625	3.7514815246172935e7
0.0854469590312266	0.0971113062451702	0.0912791326381984	41735.37394172924	3.412718035089487e7	139770.39692584547	3.643486809690161e7
0.09711130624517025	0.10900894040339273	0.1030601233242815	52330.01053345682	3.2916751661409803e7	192100.40745930228	3.540408070927658e7
0.10900894040339272	0.12114452724477966	0.11507673382408619	64733.453267955345	3.2024383403616276e7	256833.86072725762	3.448675028704116e7
0.12114452724477967	0.13352282582299435	0.127333676533887	79339.27874005544	3.1433229058215942e7	336173.13946731307	3.371381160889166e7
0.1335228258229943	0.14614869037277325	0.1398357580978838	95369.38929257577	3.0718965346573167e7	431542.52875988884	3.3002756015016645e7
0.14614869037277334	0.1590270722135479	0.15258788129316062	113984.07899424426	3.0232580783395242e7	545526.6077541331	3.2382780675890025e7
0.1590270722135479	0.17216302169113795	0.16559504695234292	135515.41121969503	2.9922301351063702e7	681042.0189738281	3.1861459728195045e7
0.1721630216911379	0.18556169015827975	0.17886235592470884	160747.2145573711	2.9828472554923013e7	841789.2335311992	3.14521109372654e7
0.18556169015827975	0.19922833199476445	0.1923950110765221	186964.79118825877	2.9398011908310633e7	1.028754024719458e6	3.1057725074660525e7
0.1992283319947644	0.21316830666797879	0.2061983193313716	211417.160414582	2.8374797302597076e7	1.24017118513404e6	3.056505074609857e7
0.2131683066679788	0.2273870808346575	0.22027769375131817	243900.81242523537	2.8122207997668643e7	1.4840719975592752e6	3.013484780609652e7
0.22738708083465758	0.24189023048466984	0.23463865565966371	278718.9173113032	2.776878528226587e7	1.7627909148705783e6	2.973426510891026e7
0.24189023048466976	0.25668344312768226	0.24928683680617603	317011.3945479306	2.7433194751390114e7	2.079802309418509e6	2.9358906651326448e7
0.2566834431276822	0.27177252002355495	0.26422798157561855	357616.37052716815	2.700655776384025e7	2.437418679945677e6	2.8988443805012703e7
0.27177252002355495	0.2871633784573452	0.27946794924045004	394511.0668227238	2.6110351329995587e7	2.831929746768401e6	2.855003885684288e7
0.28716337845734524	0.30286205405981126	0.2950127162585783	438041.12590768724	2.550692263020136e7	3.2699708726760885e6	2.8100929439535465e7
0.3028620540598113	0.31887470317432665	0.31086837861706895	488091.4434003627	2.5094528167650893e7	3.758062316076451e6	2.7670382709702875e7
0.3188747031743266	0.33520760527113225	0.3270411542227294	540207.3918398425	2.4603235809692215e7	4.298269707916293e6	2.7243535280038044e7
0.3352076052711323	0.35186716540987406	0.34353738534050315	596047.2822098125	2.4119827843312766e7	4.894316990126106e6	2.6820523926992282e7
0.35186716540987406	0.3688599167513907	0.3603635410806324	655624.6224698811	2.3638479185503323e7	5.549941612595987e6	2.6400698243137438e7
0.3688599167513907	0.3861925231197376	0.3775262199355641	718851.6052063555	2.315234533523401e7	6.268793217802342e6	2.598266841882244e7
0.3861925231197376	0.4038717816154515	0.3950321523675946	783126.2633714273	2.258502142970106e7	7.05191948117377e6	2.5555724928394824e7
0.40387178161545156	0.42190462528107975	0.41288820344826566	842570.4749095034	2.1807113106044758e7	7.894489956083273e6	2.5095312474857587e7
0.4219046252810797	0.4402981258200204	0.43110137555055006	912846.8351244895	2.1247065935563575e7	8.807336791207762e6	2.4632896620116882e7
0.4402981258200205	0.45905949636974	0.4496788110948803	993594.3018233164	2.08385178063686e7	9.800931093031079e6	2.4186431622266036e7
0.45905949636974	0.478196094330454	0.468627795350097	1.0730405688815832e6	2.031538753071757e7	1.0873971661912661e7	2.3740043669509385e7
0.47819609433045396	0.4977154242503822	0.48795575929041807	1.159480784642014e6	1.9850432878041115e7	1.2033452446554676e7	2.3300129640842065e7
0.4977154242503822	0.517625140768709	0.5076702825095456	1.249842786254064e6	1.938033607628306e7	1.3283295232808739e7	2.286499607529753e7
0.517625140768709	0.5379330516174023	0.5277790961930557	1.3471012997882995e6	1.8948166525236405e7	1.4630396532597039e7	2.2437930624586478e7
0.5379330516174023	0.5586471206830695	0.548290086150236	1.4359043159202917e6	1.8347537257280566e7	1.606630084851733e7	2.199959022958353e7
0.5586471206830697	0.5797754711300502	0.5692112959065599	1.5399642392953834e6	1.7899392811792307e7	1.7606265087812714e7	2.1567465637143742e7
0.5797754711300503	0.6013263885859705	0.5905509298580105	1.6445871554222035e6	1.741078517079099e7	1.9250852243234918e7	2.1136377789839048e7
0.6013263885859705	0.6233083243910091	0.6123173564884898	1.7605124974700687e6	1.699665789991494e7	2.1011364740704987e7	2.0713661343644027e7
0.623308324391009	0.6457298989121484	0.6345191116515787	1.8732273731545492e6	1.6511248788474023e7	2.2884592113859538e7	2.029092658081152e7
0.6457298989121484	0.6685999049237106	0.6571649019179295	2.0040955780490516e6	1.6145434488570552e7	2.488868769190859e7	1.9879911986343257e7
0.6685999049237106	0.691927311055504	0.6802636079896073	2.0892062213368684e6	1.5399547637890365e7	2.697789391324546e7	1.944186908041716e7
0.6919273110555041	0.7157212653099334	0.7038242881827188	2.2297281801561043e6	1.5052393952405883e7	2.9207622093401562e7	1.901848105911621e7
0.7157212653099332	0.7399910986494511	0.7278561819796922	2.3738337056510295e6	1.469069177712881e7	3.1581455799052592e7	1.8606472672999505e7
0.7399910986494511	0.7647463286557594	0.7523687136526053	2.5121517209445457e6	1.426488913240736e7	3.4093607519997135e7	1.8198355551387545e7
0.7647463286557595	0.789996663262194	0.7773714959589768	2.6528151565131014e6	1.3833579870866599e7	3.674642267651024e7	1.779306175436712e7
0.789996663262194	0.8157520045607571	0.8028743339114756	2.8104928480499918e6	1.3470165151820965e7	3.955691552456023e7	1.7396399063512158e7
0.815752004560757	0.8420224526852914	0.8288872286230242	2.965106341048605e6	1.3071808597688476e7	4.2522021865608834e7	1.7004124675009385e7
0.8420224526852914	0.8688183097723164	0.8554203812288039	3.1298026913962443e6	1.270119971121218e7	4.565182455700508e7	1.6618148512572423e7
0.8688183097723163	0.8961500840010819	0.8824841968866991	3.287005497755002e6	1.2287800554324614e7	4.893883005476008e7	1.6233894675609333e7
0.8961500840010821	0.924028493714423	0.9100892888577525	3.458837246381478e6	1.1919287671766296e7	5.239766730114156e7	1.5855036756351836e7
0.924028493714423	0.9524644716220307	0.9382464826682269	3.640286368110098e6	1.1571519327734152e7	5.603795366925166e7	1.5482721580417888e7
0.9524644716220307	0.9814691690877906	0.9669668203549107	3.823383350579133e6	1.1217961232515901e7	5.986133701983079e7	1.5115684495321698e7
0.9814691690877906	1.0110539605028657	0.9962615647953281	4.0033046411276646e6	1.0848297809683539e7	6.3864641660958454e7	1.4751930790445937e7
1.0110539605028657	1.0412304477462422	1.0261422041245538	4.21739071792287e6	1.0561336808969956e7	6.808203237888132e7	1.4398038303499773e7
1.0412304477462422	1.0720104647344864	1.0566204562403643	4.396834396497276e6	1.0181051868061597e7	7.24788667753786e7	1.4045128292069975e7
1.0720104647344864	1.1034060820624954	1.0877082733984909	4.595389166100987e6	9.844380472797092e6	7.70742559414796e7	1.3696657978170156e7
1.1034060820624956	1.1354296117370648	1.1194178468997802	4.773994621775831e6	9.466485901005292e6	8.184825056325543e7	1.3348735963977732e7
1.1354296117370646	1.1680936120051253	1.151761611871095	4.972984325643413e6	9.132371072311442e6	8.682123488889885e7	1.3004821712355392e7
1.1680936120051253	1.2014108922785471	1.1847522521418363	5.175972546174845e6	8.807017347338034e6	9.199720743507369e7	1.2665179232855484e7
1.2014108922785471	1.2353945181574375	1.2184027052179922	5.404900326418664e6	8.525075772126839e6	9.740210776149236e7	1.2332829742714006e7
1.2353945181574375	1.2700578165539056	1.2527261673556715	5.543685879606776e6	8.109215784582215e6	1.0294579364109913e8	1.199636087319631e7
1.2700578165539056	1.305414380918303	1.2877360987361044	5.790294755662449e6	7.858501274637919e6	1.0873608839676157e8	1.1669168699314408e7
1.305414380918303	1.3414780765699883	1.3234462287441455	6.0024407929779105e6	7.561506278362999e6	1.1473852918973947e8	1.1346709356222048e7
1.3414780765699883	1.3782630461347074	1.3598705613523479	6.220220210715437e6	7.276187292016038e6	1.2095874940045491e8	1.1029411558116127e7
1.3782630461347076	1.415783715090721	1.3970233806127144	6.447209776563911e6	7.005802829419732e6	1.2740595917701882e8	1.0717917127940424e7
1.415783715090721	1.4540547974258549	1.434919256258288	6.6865679843159495e6	6.752148488435837e6	1.3409252716133477e8	1.0412946703560181e7
1.4540547974258549	1.4930913014076914	1.4735730494167731	6.8870249369557e6	6.465202583215655e6	1.4097955209829047e8	1.0111333181671932e7
1.4930913014076914	1.5329085354691647	1.5129999184384282	7.135213156078611e6	6.229068777009033e6	1.4811476525436908e8	9.816598258160582e6
1.532908535469165	1.5735221142118676	1.5532153248405163	7.374812844135661e6	5.989379085888209e6	1.5548957809850475e8	9.527832712758036e6
1.5735221142118674	1.6149479645294242	1.5942350393706457	7.579357278453454e6	5.728249786030382e6	1.630689353769582e8	9.242873862492718e6
1.614947964529424	1.657202331853332	1.636075148191378	7.826601162874874e6	5.506315610374177e6	1.7089553653983307e8	8.964281861165319e6
1.6572023318533318	1.7003017865237178	1.6787520591885248	8.072395514029242e6	5.288394226389923e6	1.789679320538623e8	8.691777037275266e6
1.7003017865237184	1.7442632302875123	1.7222825084056153	8.323170412654012e6	5.078957923174845e6	1.8729110246651632e8	8.425437461903684e6
1.7442632302875118	1.7891039029265816	1.7666835666070466	8.576408405601794e6	4.876212443267096e6	1.9586751087211812e8	8.165205239320764e6
1.789103902926582	1.8348413890184332	1.8119726459725076	8.815055077593822e6	4.671071798137116e6	2.0468256594971195e8	7.910367478414879e6
1.8348413890184332	1.8814936248321215	1.8581675069252772	9.068467330351017e6	4.47980418820126e6	2.1375103328006297e8	7.661456853768848e6
1.8814936248321212	1.9290789053620832	1.9052862650971023	9.301817717014356e6	4.284915666598857e6	2.2305285099707732e8	7.417698778441059e6
1.929078905362083	1.977615891502644	1.9533473984323635	9.55029518655026e6	4.1034845602702806e6	2.3260314618362758e8	7.179614823325309e6
1.977615891502644	2.0271236173660165	2.0023697544343304	9.764092063995792e6	3.91415795482455e6	2.4236723824762335e8	6.946157146147127e6
2.0271236173660165	2.0776214977466565	2.0523725575563363	9.99916309905376e6	3.740643602112742e6	2.5236640134667712e8	6.718056226536614e6
2.0776214977466565	2.129129335734909	2.103375416740783	1.0227263123571357e7	3.5712557661713692e6	2.625936644702485e8	6.495154753176765e6
2.129129335734909	2.181667330482927	2.155398333108918	1.042532854419491e7	3.3988328404111145e6	2.730189930144434e8	6.276805426799677e6
2.181667330482927	2.235256085125905	2.2084617078044158	1.0708642093103353e7	3.260241860532345e6	2.8372763510754675e8	6.065005113151025e6
2.235256085125905	2.2899166148617427	2.262586349993824	1.0968378828045717e7	3.119085604258774e6	2.946960139355925e8	5.859042492043829e6
2.2899166148617427	2.345670355192297	2.31779348502702	1.1234185962272061e7	2.9846081476531336e6	3.059301998978645e8	5.658910215933977e6
2.345670355192297	2.4025391703294625	2.37410476276088	1.1502260689842599e7	2.855476816512665e6	3.174324605877071e8	5.464510882889611e6
2.4025391703294625	2.4605453617693716	2.431542266049417	1.1758232818024237e7	2.728183623761768e6	3.291906934057313e8	5.275514384808849e6
2.460545361769372	2.519711677038079	2.4901285194037257	1.2021952838015389e7	2.6075141662134454e6	3.412126462437467e8	5.091948044772881e6
2.519711677038079	2.5800613186121604	2.5498864978251197	1.2294677696147531e7	2.4932775030115987e6	3.535073239398942e8	4.913825430379586e6
2.5800613186121595	2.641617953017722	2.6108396358149406	1.252504456072788e7	2.375275758482312e6	3.660323685006221e8	4.740464081645333e6
2.6416179530177226	2.7044057201113967	2.6730118365645597	1.2766999571973491e7	2.2645515380879e6	3.787993680725956e8	4.571988180511044e6
2.704405720111397	2.7684492425469447	2.736427481329171	1.3033523063540816e7	2.162663947819908e6	3.918328911361364e8	4.408619151674145e6
2.7684492425469442	2.8337736354312026	2.801111438989073	1.3296236150951447e7	2.064253439750867e6	4.0512912728708786e8	4.250200253560807e6
2.833773635431203	2.900404516173147	2.867089075802175	1.355974829028916e7	1.9699912251995732e6	4.18688875577377e8	4.0966333351019984e6
2.900404516173147	2.9683680145299296	2.934386265351538	1.3818510915677667e7	1.8789779341402897e6	4.325073864930547e8	3.9477686135267764e6
2.96836801452993	3.0376907828538484	3.003029398691889	1.407700202014995e7	1.7917852557724973e6	4.4658438851320463e8	3.8035071549179186e6
3.0376907828538475	3.1084000065442443	3.073045394699046	1.433780596256108e7	1.7085970555446562e6	4.609221944757657e8	3.6637708925675442e6
3.1084000065442448	3.1805234147084493	3.144461710626347	1.4598686868808124e7	1.6289810320759926e6	4.7552088134457386e8	3.5284599466610313e6
3.18052341470845	3.2540892910359385	3.2173063528721944	1.4710289949633207e7	1.537202922625835e6	4.9023117129420704e8	3.39643975890582e6
3.254089291035938	3.3291264848899766	3.2916078879629573	1.5005961013508696e7	1.46873136373132e6	5.052371323077157e8	3.2690063541283538e6
3.3291264848899766	3.405664422621096	3.3673954537555364	1.5234005353261238e7	1.3967559970539948e6	5.2047113766097695e8	3.145592670725098e6
3.4056644226210957	3.4837331191068377	3.4446987708639667	1.5524992041595344e7	1.3335936088336424e6	5.359961297025723e8	3.0264842111307615e6
3.483733119106838	3.5633631895222946	3.5235481543145664	1.5722852860964049e7	1.2655097063256446e6	5.517189825635363e8	2.911045874368708e6
3.563363189522294	3.64458586134606	3.603974525434177	1.5983933123605486e7	1.2056318473068734e6	5.677029156871418e8	2.799548252213327e6
3.6445858613460604	3.7274329866063014	3.6860094239761807	1.6276456299643097e7	1.1506450783608023e6	5.839793719867848e8	2.6920267101988615e6
3.727432986606302	3.811937054371748	3.7696850204890247	1.6546532820028728e7	1.0964560095688936e6	6.005259048068136e8	2.58824852435995e6
3.8119370543717483	3.898131203492503	3.8550341289321257	1.681157499370394e7	1.0443503212134126e6	6.173374798005176e8	2.4880819336106083e6
3.898131203492502	3.9860492355956723	3.9420902195440872	1.7006107986003228e7	990480.6372637631	6.343435877865208e8	2.3911563188865506e6
3.9860492355956727	4.075725628340906	4.0308874319682895	1.7281829214544266e7	943805.4096648602	6.516254170010651e8	2.2977066741168736e6
4.075725628340906	4.167195548941044	4.121460588640975	1.7553342126896232e7	898983.0910546434	6.691787591279614e8	2.207607680338924e6
4.167195548941044	4.260494867953185	4.213845208447115	1.779067379923102e7	854533.6337419311	6.869694329271924e8	2.120648377171627e6
4.260494867953184	4.355660173345568	4.308077520649377	1.7904931969403826e7	806676.6514148371	7.048743648965963e8	2.0363908648872322e6
4.355660173345568	4.4527287848457995	4.404194479095684	1.816902195621012e7	767878.153698954	7.230433868528064e8	1.9552262518295457e6
4.4527287848458	4.551738768576037	4.502233776710918	1.8310398679370724e7	725997.8947177449	7.413537855321772e8	1.8767434656146693e6
4.551738768576036	4.652728951980877	4.6022338602784565	1.8560216465252332e7	690461.1045518543	7.599140019974295e8	1.8011611797146257e6
4.652728951980877	4.755738939053814	4.704233945517346	1.8887344557370488e7	659305.2447170778	7.788013465548e8	1.7285584319834802e6
4.755738939053815	4.860809125868212	4.808274032461013	1.912276223095705e7	626419.9110626699	7.979241087857571e8	1.6586214412612624e6
4.860809125868211	4.967980716418895	4.914394921143552	1.9246404611169286e7	591701.6128995272	8.171705133969264e8	1.5910519994371687e6
4.9679807164188965	5.077295738780594	5.022638227599746	1.9597654854546145e7	565501.1001279078	8.367681682514726e8	1.5262270958880445e6
5.0772957387805935	5.188797061589526	5.1330464001850595	1.982668732670028e7	537022.914298153	8.565948555781729e8	1.4638170332151225e6
5.188797061589526	5.302528410854636	5.245662736222081	2.005856579187516e7	510025.72332913947	8.76653421370048e8	1.403751749008623e6
5.302528410854637	5.41853438710505	5.360531398979844	2.0182699528586287e7	481788.4564209928	8.968361208986343e8	1.345795217856362e6
5.4185343871050495	5.536860482880471	5.47769743499276	2.0358859914130032e7	456299.5997432081	9.171949808127644e8	1.2899780458724855e6
5.5368604828804715	5.657553100571401	5.597206791725936	2.0598958072958566e7	433506.03787998424	9.37793938885723e8	1.2363256956764262e6
5.657553100571401	5.78065957061615	5.719106335593775	2.092737476185039e7	413571.78027578123	9.587213136475734e8	1.1848724209488095e6
5.78065957061615	5.906228170061794	5.843443870338971	2.0941422098529235e7	388651.8963901767	9.796627357461026e8	1.1351606223352116e6
5.906228170061794	6.03430814149635	5.970268155779072	2.1156413000951428e7	368762.3877792665	1.0008191487470537e9	1.0873880250517842e6
6.03430814149635	6.164949712359597	6.0996289269279735	2.150094213832697e7	352000.11087322707	1.0223200908853807e9	1.0416208661134208e6
6.164949712359597	6.29820411464011	6.231576913499854	2.1590819941565767e7	332020.7589627536	1.0439109108269465e9	997526.9403316809
6.29820411464011	6.434123604966233	6.366163859803171	2.1907287323876996e7	316464.4133396214	1.0658181981508235e9	955270.4035596319
6.434123604966231	6.5727614850988765	6.503442545032554	2.2162262534608338e7	300759.43483550916	1.0879804606854317e9	914721.4606511141
6.572761485098877	6.714172122834175	6.643466803966526	2.224825955818443e7	283660.04140572564	1.110228720243616e9	875682.0287176708
6.714172122834176	6.8584109733241805	6.786291548079179	2.2257078147856068e7	266621.18711234274	1.132485798391472e9	838057.1555041255
6.8584109733241805	7.005534600823985	6.931972787074082	2.2571914142567143e7	254065.73713673724	1.1550577125340393e9	802031.1345255577
7.005534600823983	7.155600700873784	7.0805676508488835	2.2722118558286432e7	240327.7673300404	1.1777798310923257e9	767427.2388577838
7.155600700873785	7.308668122924582	7.2321344118991835	2.2970688435589533e7	228313.81427200476	1.2007505195279152e9	734259.2885499154
7.308668122924582	7.464796893416394	7.386732508170487	2.3124576691696413e7	216003.1452099828	1.2238750962196116e9	702416.1710731097
7.464796893416393	7.624048239318042	7.544422566367217	2.323096765867119e7	203941.77203342933	1.2471060638782828e9	671827.6517980176
7.624048239318042	7.786484612137723	7.705266425727883	2.359950516127625e7	194723.4904977192	1.2707055690395591e9	642587.147595674
7.7864846121377225	7.952169712413798	7.86932716227576	2.3794578799891252e7	184541.24961922463	1.2945001478394504e9	614549.0829229183
7.9521697124137996	8.121168514695396	8.036669113554598	2.3841073186796974e7	173805.74640514594	1.3183412210262473e9	587602.5280156893
8.121168514695396	8.293547293022625	8.20735790385901	2.3771229463651262e7	162905.3219352414	1.3421124504898984e9	561667.5317414844
8.293547293022625	8.469373646916399	8.381460469969511	2.4167717404922444e7	155699.23223867794	1.3662801678948212e9	536904.7861100801
8.4693736469164	8.64871652788805	8.559045087402225	2.4190599016738985e7	146516.3525930483	1.39047076691156e9	513119.1994232233
8.648716527888048	8.83164626647913	8.740181397183589	2.4472995185644653e7	139359.3785702055	1.4149437620972047e9	490371.89553841454
8.831646266479131	9.018234599842035	8.924940433160582	2.448545690757307e7	131095.3817174551	1.4394292190047777e9	468529.6918765761
9.018234599842033	9.208554699872195	9.113394649857113	2.4835602191758122e7	125027.0646178282	1.4642648211965358e9	447668.56823612726
9.208554699872197	9.402681201902961	9.30561795088758	2.5070310026661742e7	118674.88654399557	1.4893351312231975e9	427709.2964161937
9.402681201902961	9.600690233974342	9.501685717938653	2.4947290817721773e7	111048.19027213189	1.5142824220409193e9	408517.72009920713
9.60069023397434	9.802659446687148	9.701674840330744	2.5030440960841723e7	104776.61167852634	1.539312863001761e9	390127.481261374
9.802659446687148	10.008668043654213	9.905663745170681	2.5261974086084843e7	99446.44462192537	1.5645748370878458e9	372545.1175592049
10.008668043654215	10.21879681256062	10.113732428107419	2.5423380870795477e7	94123.78477743643	1.5899982179586413e9	355720.37108170294
10.218796812560619	10.433128156845154	10.325962484702886	2.5573177581198897e7	89045.6000092645	1.6155713955398402e9	339620.5175518851
10.433128156845154	10.651746128015379	10.542437142430266	2.5622822163040586e7	83913.84773624314	1.6411942177028809e9	324196.9672960297
10.651746128015377	10.874736458609007	10.763241293312191	2.599658108450727e7	80079.0022780385	1.667190798787388e9	309485.6185403466
10.874736458609007	11.102186595814509	10.988461527211758	2.5984855400738243e7	75289.5926687259	1.6931756541881263e9	295384.59291402117
11.102186595814509	11.33418573576412	11.218186165789314	2.5799724361833785e7	70316.63237024931	1.7189753785499601e9	281844.8289491038
11.334185735764121	11.570824858512726	11.452505297138423	2.611580479564501e7	66956.16162845821	1.7450911833456051e9	268928.3301446002
11.570824858512726	11.812196763716303	11.691510811114515	2.622983272636029e7	63261.90159785961	1.7713210160719657e9	256576.36498994796
11.812196763716301	12.058396107023949	11.935296435370125	2.629096442499832e7	59652.403103084034	1.797611980496964e9	244759.0206294702
12.058396107023949	12.30951943719775	12.18395777211085	2.657775676358942e7	56732.15124804667	1.8241897372605534e9	233484.52607970106
12.30951943719775	12.565665233975027	12.437592335586388	2.6790572318063788e7	53801.81269408518	1.850980309578617e9	222718.72589197662
12.565665233975025	12.826933946687848	12.696299590331437	2.650358153901413e7	50076.924353723334	1.8774838911176312e9	212382.64990035744
12.82693394668785	13.093428033654929	12.96018099017139	2.670610446431641e7	47476.16899902506	1.9041899955819476e9	202517.04100854183
13.093428033654929	13.36525200236135	13.22934001800814	2.6795227595758945e7	44819.62316258399	1.9309852231777065e9	193089.6012271098
13.36525200236135	13.642512450441899	13.503882226401625	2.6848078416890685e7	42255.46479343582	1.957833301594597e9	184078.90642811885
13.642512450441899	13.92531810748406	13.78391527896298	2.701239733696169e7	40004.12246377506	1.9848456989315588e9	175478.03661073974
13.925318107484058	14.213779877667061	14.069548992575559	2.7326495367952045e7	38081.16652237665	2.012172194299511e9	167281.4474508785
14.213779877667061	14.508010883253725	14.360895380460393	2.7200549208908435e7	35669.83861346672	2.0393727435084193e9	159435.26325686692
14.508010883253728	14.808126508952126	14.658068696102927	2.702405187454807e7	33349.03852604267	2.0663967953829672e9	151923.43184767297
14.808126508952125	15.11424444716449	14.961185478058308	2.722475339249155e7	31616.81702356958	2.0936215487754588e9	144760.55671317966
15.11424444716449	15.426484744141103	15.270364595652797	2.7357756374818906e7	29899.76110285555	2.1209793051502776e9	137926.24082701586
15.426484744141101	15.744969847057245	15.585727295599174	2.7400406153028104e7	28183.099579284673	2.1483797113033056e9	131400.47443032186
15.744969847057243	16.069824652031713	15.907397249544477	2.7708336888471495e7	26822.41971618565	2.176088048191777e9	125185.61884615489
16.069824652031713	16.40117655310567	16.235500602568692	2.7489835807060346e7	25045.307744881356	2.2035778839988384e9	119238.02793155804
16.40117655310567	16.739155492201107	16.57016602265339	2.7629331418284748e7	23692.020375538203	2.2312072154171233e9	113566.61090322604
16.739155492201107	17.083894010078453	16.91152475113978	2.729982203558081e7	22033.301229122877	2.258507037452704e9	108136.48129629546
17.083894010078453	17.435527298313346	17.2597106541959	2.765150797393281e7	21005.689017306235	2.2861585454266367e9	102970.41846152088
17.435527298313346	17.794193252312937	17.61486027531314	2.786357239546967e7	19923.396102468185	2.3140221178221064e9	98049.18492572926
17.794193252312933	18.160032525392516	17.977112888852723	2.781349050876729e7	18719.76646523388	2.3418356083308735e9	93350.77545036921
18.160032525392516	18.53318858393369	18.3466105546631	2.782090385346822e7	17625.61251091531	2.369656512184342e9	88868.19399979366
18.53318858393369	18.913807763645686	18.723498173789686	2.750464425406141e7	16402.74594121884	2.397161156438403e9	84580.78480993262
18.913807763645686	19.302039326951924	19.107923545298803	2.7740080328657385e7	15572.741686995063	2.4249012367670603e9	80499.99572378982
19.302039326951927	19.69803552152429	19.50003742423811	2.7943050593421474e7	14766.824931749088	2.4528442873604817e9	76614.79093999375
19.698035521524286	20.101951639988094	19.89999358075619	2.7888797629116926e7	13874.200304600872	2.4807330849895988e9	72908.26407163896
20.101951639988098	20.513946080821185	20.307948860404643	2.8086692640677147e7	13153.834226759787	2.5088197776302757e9	69379.82919695028
20.513946080821185	20.934180410470933	20.724063245646057	2.750037439596909e7	12124.742270071452	2.5363201520262446e9	66000.55313440197
20.93418041047093	21.36281942671367	21.1484999185923	2.7787296051808804e7	11533.754999990173	2.5641074480780535e9	62787.313656520404
21.36281942671367	21.80003122328127	21.58142532499747	2.793347702956432e7	10915.613802635115	2.592040925107618e9	59728.539865909726
21.800031223281273	22.24598725578022	22.023009239530747	2.7962473157575037e7	10287.397270540641	2.620003398265193e9	56814.36971122537
22.24598725578022	22.70086240892915	22.473424832354688	2.7930219052345544e7	9674.285794948442	2.6479336173175387e9	54037.02298043251
22.700862408929147	23.164835065141055	22.9328487370351	2.7505900556708254e7	8970.007191280565	2.675439517874247e9	51382.93306260644
23.164835065141055	23.6380871744772	23.401461119809127	2.772908358674595e7	8513.97449227763	2.703168601460993e9	48859.33313518111
23.6380871744772	24.12080432600007	23.879445750238634	2.774614547151766e7	8021.152828323437	2.7309147469325104e9	46456.252830327096
24.120804326000073	24.613175820553398	24.366990073276735	2.8170585447432525e7	7667.866752095763	2.759085332379943e9	44174.69514500904
24.613175820553398	25.11539474499779	24.864285282775594	2.754924399010523e7	7060.574221315295	2.786634576370048e9	41992.46673044196
25.115394744997793	25.627658047931074	25.371526396464432	2.745805461783153e7	6626.111047396363	2.8140926309878798e9	39913.79459658809
25.62765804793107	26.150166616923016	25.888912332427044	2.750397189160572e7	6249.564903162527	2.8415966028794856e9	37935.903735067805
26.150166616923016	26.683125357294802	26.416645987108907	2.7762967280423768e7	5940.080698535681	2.8693595701599092e9	36056.724852488376
26.683125357294802	27.226743272474025	26.95493431488441	2.7775514255702063e7	5595.864736484401	2.8971350844156113e9	34268.33842845641
27.226743272474025	27.78123354595683	27.503988409215427	2.721587371847931e7	5163.122422996199	2.9243509581340904e9	32560.143218986672
27.78123354595683	28.34681362490929	28.064023585433063	2.7119644931747865e7	4844.684041981238	2.9514706030658383e9	30934.073118046777
28.346813624909295	28.923705305440805	28.63525946517505	2.7495168939389274e7	4625.251137110413	2.9789657720052276e9	29391.051243332342
28.9237053054408	29.512134819582943	29.217920062511872	2.7470281177173425e7	4351.565463054299	3.006436053182401e9	27922.961848576622
29.512134819582947	30.112332924007934	29.812233871795442	2.7243011094105154e7	4063.936523019432	3.0336790642765064e9	26524.53720007701
30.112332924007934	30.72453499052142	30.418433957264675	2.6787212974340614e7	3763.0025564883954	3.060466277250847e9	25190.86225637352
30.724534990521416	31.348981098365172	31.036758044443296	2.7074928377426255e7	3581.74891849569	3.087541205628273e9	23925.10558216907
31.348981098365172	31.9859161283658	31.667448613365487	2.72323901552642e7	3392.657138563869	3.1147735957835374e9	22722.781522847312
31.985916128365798	32.63558985896644	32.31075299366612	2.700139709203816e7	3167.905917129238	3.1417749928755755e9	21578.043761092653
32.63558985896644	33.2982570641791	32.96692346157277	2.648807306234559e7	2926.668686707574	3.168263065937921e9	20486.51660278035
33.2982570641791	33.974177613496	33.636217338837554	2.666915836126987e7	2775.0760035583976	3.194932224299191e9	19450.29451079104
33.97417761349601	34.66361657379926	34.318897093647635	2.7039331553952187e7	2649.7750997396583	3.221971555853143e9	18467.643241730002
34.66361657379925	35.36684431330856	35.015230443553904	2.6584142619485326e7	2453.5122205702305	3.2485556984726286e9	17531.24569133823
35.36684431330857	36.084136607608066	35.72549046045832	2.5993182796550687e7	2259.344430471849	3.2745488812691793e9	16638.49013599736
36.08413660760807	36.81577474779356	36.449955677700814	2.632758892387087e7	2155.243266001334	3.3008764701930504e9	15792.061626130344
36.81577474779356	37.562045650782764	37.18891019928816	2.6779574403349392e7	2064.694594570425	3.3276560445964e9	14990.01654857306
37.56204565078276	38.32324197183174	37.94264381130725	2.5922754647689253e7	1882.36942994329	3.353578799244089e9	14224.374642306637
38.32324197183174	39.099662219301706	38.71145209556673	2.5574358213333037e7	1749.0593424245103	3.3791531574574223e9	13495.850238517238
39.099662219301706	39.89161087172107	39.49563654551139	2.6158219353151005e7	1684.9557608856303	3.405311376810573e9	12806.294888151226
39.89161087172106	40.69939849718881	40.29550468445494	2.6292907225360576e7	1595.158367388905	3.4316042840359335e9	12151.912108447392
40.69939849718882	41.52334187516592	41.11137018617737	2.4908428179964807e7	1423.3137711410272	3.4565127122158985e9	11525.841737484463
41.52334187516592	42.36376412070257	41.94355299793425	2.547567136871983e7	1371.1130738332674	3.4819883835846186e9	10933.396167446785
42.36376412070256	43.22099481114994	42.79237946592625	2.5631890508306712e7	1299.3485581475268	3.507620274092925e9	10371.454969449122
43.22099481114995	44.095370115406276	43.65818246327811	2.557435220030992e7	1221.0995612124027	3.533194626293235e9	9837.844989475841
44.095370115406276	44.98723292574773	44.54130152057701	2.4290148191165626e7	1092.4005982107678	3.5574847744844003e9	9327.958312577452
44.98723292574773	45.896932992296016	45.442082959021874	2.490791693260584e7	1055.1114941654412	3.582392691417006e9	8845.728082201367
45.896932992296016	46.82482706017527	46.36088002623564	2.5478242807804912e7	1016.584234198218	3.607870934224811e9	8389.456711657467
46.82482706017527	47.771279009412105	47.29805303479368	2.368286082083825e7	890.0711196386161	3.6315537950456495e9	7952.4924477319
47.771279009412105	48.73665999763368	48.253969503522896	2.4126784241715167e7	854.1030221765271	3.6556805792873645e9	7538.975698338627
48.73665999763368	49.72134860561968	49.22900430162668	2.486963962179228e7	829.2856135991585	3.680550218909157e9	7148.179335089155
49.72134860561968	50.72573098576541	50.223539795692545	2.3303498391751617e7	731.9527768863474	3.7038537173009086e9	6774.547219049237
50.72573098576541	51.75020101351405	51.23796599963973	2.3424488486609347e7	693.0471223929959	3.727278205787518e9	6420.473789986957
51.750201013514044	52.79516044181766	52.27268072766585	2.432012039757941e7	677.7857277002764	3.751598326185097e9	6086.188261413222
52.79516044181766	53.86101905868734	53.3280897502525	2.2297932255791716e7	585.367512161228	3.773896258440889e9	5766.039989548773
53.86101905868734	54.94819484789442	54.40460695329088	2.3260475187126506e7	575.2056460064167	3.7971567336280155e9	5463.986599978235
54.94819484789442	56.05711415288564	55.50265450039003	2.38191340737561e7	554.84823049417	3.8209758677017717e9	5178.374752305155
56.05711415288564	57.18821184397668	56.62266299843116	2.1473458595138147e7	471.1910106052274	3.84244932629691e9	4904.559275084609
57.18821184397668	58.34193148888955	57.765071666433116	2.3156002040006455e7	478.6393035456504	3.8656053283369164e9	4647.147884941096
58.34193148888955	59.51872552670068	58.93032850779511	2.23504935048932e7	435.1957420609406	3.8879558218418093e9	4402.221017097639
59.51872552670068	60.719055445268026	60.11889048598435	1.789736420202171e7	328.2783484365107	3.905853186043831e9	4165.357529943231
60.71905544526802	61.94339196220671	61.331223703737365	1.8271094035038747e7	315.7011788607224	3.92412428007887e9	3941.569551547171
61.94339196220671	63.19221520948418	62.567803585845446	1.6854744284926124e7	274.3437637407062	3.9409790243637958e9	3728.4195321692
63.19221520948418	64.4660149217072	63.82911506559569	1.8407663672312617e7	282.25107216916683	3.9593866880361085e9	3528.148336202348
64.4660149217072	65.76529062817468	65.11565277494094	1.6282527407822616e7	235.19356200951717	3.975669215443931e9	3336.8094180495464
65.76529062817468	67.09055184877151	66.42792123847309	1.7428044880919367e7	237.1491580304748	3.9930972603248506e9	3156.7281765037565
67.0905518487715	68.44231829378026	67.76643507127588	1.6339107058331728e7	209.44650271574872	4.0094363673831825e9	2985.524098634197
68.44231829378027	69.82112006768922	69.13171918073475	1.6825143946069278e7	203.1786080058821	4.026261511329252e9	2823.9235538328203
69.82112006768921	71.22749787707633	70.52430897238277	1.6005096998915412e7	182.0766986626299	4.042266608328167e9	2670.5042866475114
71.22749787707635	72.66200324265121	71.94475055986378	1.6375715125487618e7	175.499394822059	4.058642323453655e9	2525.63199070059
72.6620032426512	74.12519871553755	73.39360097909437	1.6068483521846883e7	162.23027410521604	4.0747108069755015e9	2388.4192891319803
74.12519871553755	75.61765809788164	74.8714284067096	1.5684613304465413e7	149.1814463866172	4.090395420279967e9	2258.4319813334077
75.61765809788164	77.13996666787261	76.37881238287713	1.5589078810560763e7	139.68433908645122	4.1059844990905275e9	2135.4546632307092
77.13996666787261	78.6927214092634	77.91634403856801	1.5658228518391803e7	132.1777615819802	4.121642727608919e9	2019.193968367679
78.69272140926341	80.27653124548202	79.48462632737272	1.4960377319595546e7	118.97316201936968	4.1366031049285145e9	1908.927565373086
80.27653124548202	81.892017278425	81.08427426195351	1.5433922000155851e7	115.63134993192827	4.152037026928671e9	1804.8782038171391
81.892017278425	83.53981303202684	82.71591515522593	1.444118955116728e7	101.92886884068848	4.1664782164798384e9	1706.082425952119
83.53981303202683	85.2205647007007	84.38018886636377	1.4735618223449662e7	97.98500087271603	4.181213834703288e9	1612.8001175995814
85.2205647007007	86.93493140274806	86.07774805172438	1.4287993866298765e7	89.5079312283912	4.1955018285695868e9	1524.4470986918793
86.93493140274805	88.68358543883635	87.80925842079219	1.4428886530007578e7	85.15773237394721	4.209930715099594e9	1440.9755429654786
88.68358543883637	90.46721255564644	89.57539899724141	1.4072402142403461e7	78.24605581563061	4.2240031172419977e9	1361.9526001530671
90.46721255564643	92.2865122147927	91.37686238521957	1.407109671379298e7	73.7101027686505	4.2380742139557905e9	1287.2569614960298
92.2865122147927	94.1421978671219	93.21435504095729	1.3939097109903187e7	68.79239487148686	4.252013311065694e9	1216.6145509811536
94.1421978671219	96.03499723249767	95.08859754980978	1.3207708263600916e7	61.41038182734032	4.2652210193292947e9	1149.6465672293048
96.03499723249767	97.96565258518096	97.00032490883932	1.3676078797105804e7	59.908198757814866	4.2788970981264005e9	1086.4799735400347
97.96565258518095	99.93492104491791	98.95028681504942	1.3221323839220881e7	54.56469157638345	4.2921184219656215e9	1026.6709307432777
99.93492104491794	101.94357487384964	100.93924795938379	1.2995749557861567e7	50.53030407358098	4.305114171523483e9	970.0999609632925
101.94357487384961	103.99240177935995	102.96798832660478	1.3197550723704726e7	48.34587473408933	4.318311722247188e9	916.685905422682
103.99240177935995	106.08220522298049	105.03730350117021	1.245983859353137e7	43.00269342067328	4.330771560840719e9	866.0621309965638
106.0822052229805	108.21380473547346	107.14800497922698	1.2354643232956097e7	40.172811865557065	4.343126204073675e9	818.2119904685994
108.21380473547346	110.38803623821627	109.30092048684486	1.2759576430594057e7	39.089368136009384	4.35588578050427e9	773.0753958403924
110.38803623821627	112.60575237101395	111.49689430461511	1.2341958956555426e7	35.622830060779656	4.368227739460825e9	730.3565578827979
112.60575237101396	114.86782282646759	113.73678759874078	1.1948726445645869e7	32.49296897282675	4.380176465906471e9	689.9344474735049
114.86782282646759	117.17513469103028	116.02147875874894	1.2000597436214417e7	30.74649381994986	4.392177063342686e9	651.7557121656507
117.17513469103028	119.52859279288424	118.35186374195726	1.1780051805185914e7	28.43585898944316	4.403957115147872e9	615.657326624271
119.52859279288423	121.92912005677526	120.72885642482974	1.189908749120742e7	27.062048553280437	4.415856202639079e9	581.5726769542794
121.92912005677526	124.37765786594412	123.1533889613597	1.1292903975147307e7	24.198136156139306	4.427149106614226e9	549.2985045798803
124.37765786594412	126.87516643129635	125.62641214862023	1.1003501228261694e7	22.214565794542963	4.438152607842488e9	518.7806242404031
126.87516643129636	129.42262516795563	128.148895799626	1.15950851661174e7	22.05529557961576	4.449747693008606e9	490.0226597639395
129.4226251679556	132.02103307934806	130.72182912365184	1.1525386269951507e7	20.655121986375516	4.461273079278558e9	462.85058597211173
132.02103307934806	134.67140914896837	133.3462211141582	1.0089935102317303e7	17.037084780505005	4.471363014380875e9	437.0439448472364
134.6714091489684	137.3747927399811	136.02310094447475	1.0688075912887514e7	17.003657740529746	4.482051090293762e9	412.7309553853732
137.37479273998113	140.1322440028141	138.7535183713976	1.1237586162962884e7	16.844302177149974	4.493288676456725e9	389.81763477070734
140.13224400281408	142.94484429090372	141.5385441468589	1.0234779116404355e7	14.454293001750598	4.50352345557313e9	368.09365548109685
142.9448442909037	145.81369658475512	144.3792704378294	9.830654768290222e6	13.080984084117649	4.51335411034142e9	347.5488368071483
145.81369658475515	148.7399259244836	147.27681125461936	1.0706154154120848e7	13.422463626516516	4.524060264495541e9	328.21399062865135
148.7399259244836	151.7246798510066	150.2323028877451	9.873115137917235e6	11.662586320848602	4.533933379633458e9	309.89733094949923
151.72467985100664	154.76912885606012	153.24690435353338	9.568827485652149e6	10.649824543322879	4.543502207119108e9	292.58302096378173
154.76912885606012	157.87446684121468	156.3217978486374	1.018190776316072e7	10.677192059814335	4.553684114882269e9	276.2730998903038
157.87446684121466	161.0419115860723	159.4581892136435	9.548811463287905e6	9.43457782429707	4.563232926345557e9	260.83584719057234
161.04191158607233	164.27270522582714	162.65730840594972	9.218778763838932e6	8.582086124031951	4.572451705109396e9	246.24322502535784
164.27270522582714	167.56811473837703	165.9204099821021	9.128582553677097e6	8.00700669753757	4.581580287663074e9	232.46230595509172
167.56811473837703	170.92943244117794	169.2487735897775	1.0044268522212103e7	8.301059989688559	4.591624556185286e9	219.4963024996725
170.92943244117794	174.35797649803484	172.6437044696064	8.728034037120074e6	6.796433427569373	4.600352590222405e9	207.19394008726852
174.35797649803484	177.8550914360289	176.10653396703188	8.430731575558007e6	6.185577907515095	4.608783321797963e9	195.5684414404028
177.8550914360289	181.42214867278287	179.6386200544059	9.161194658946782e6	6.333131108566086	4.61794451645691e9	184.62443648181787
181.42214867278287	185.0605470542719	183.24134786352738	9.344683762346566e6	6.086719265364061	4.627289200219256e9	174.29964758599598
185.0605470542719	188.7717134033907	186.9161302288313	7.971916003601491e6	4.8925424166117875	4.635261116222857e9	164.50338600264436
188.77171340339066	192.55710307949184	190.66440824144127	7.943762028245613e6	4.593590142478861	4.643204878251103e9	155.25679153220628
192.55710307949187	196.41820054911506	194.48765181430346	8.79118943165578e6	4.7899246300495335	4.651996067682759e9	146.55665550060982
196.41820054911506	200.35651996813073	198.3873602586229	8.658966559502944e6	4.445319716176586	4.660655034242262e9	138.34004436430183
200.3565199681307	204.37360577552667	202.36506287182868	7.423499819563523e6	3.5908924363459107	4.668078534061826e9	130.5494729053317
204.37360577552673	208.47103329907063	206.42231953729868	7.530257606454268e6	3.432109392909943	4.67560879166828e9	123.20048010230552
208.47103329907057	212.65040937308535	210.56072133607796	8.271984248597652e6	3.552379907095025	4.683880775916878e9	116.28362270033527
212.65040937308538	216.91337296858046	214.78189117083292	8.341150340019077e6	3.3751639991655686	4.692221926256897e9	109.75667766091512
216.91337296858043	221.26159583598542	219.08748440228294	6.907653341224089e6	2.6336586294414452	4.699129579598121e9	103.56444699071979
221.26159583598547	225.69678316073856	223.47918949836202	6.899253198894337e6	2.478516546747134	4.706028832797015e9	97.72144200187289
225.6967831607385	230.22067423198666	227.95872869636258	7.51964537270166e6	2.545356693891022	4.713548478169717e9	92.22027317964528
230.22067423198664	234.83504312465973	232.52785867832318	8.476207123082057e6	2.703430126522721	4.722024685292799e9	87.04642303696623
234.83504312465976	239.54169939518633	237.18837125992303	6.6655415203666985e6	2.0031434667571837	4.728690226813166e9	82.13133394043788
239.54169939518636	244.34248879112346	241.9420940931549	6.1485964688081145e6	1.7410704827152064	4.734838823281974e9	77.48535216608936
244.34248879112346	249.23929397497932	246.7908913830514	6.653078347558871e6	1.7751188916429728	4.741491901629533e9	73.1100139510171
249.23929397497932	254.2340352625123	251.7366646187458	7.902290871018752e6	1.986657287519648	4.749394192500551e9	68.99991175953726
254.2340352625123	259.3286713757959	256.7813533191541	7.134003436815634e6	1.6899313691180455	4.7565281959373665e9	65.11032470256953
259.32867137579586	264.5252002113452	261.9269357935705	5.649204495264888e6	1.2609257707435053	4.7621774004326315e9	61.42084756289578
264.5252002113452	269.8256596236055	267.1754299174753	5.831770851071566e6	1.2265063352128436	4.768009171283703e9	57.942700272191516
269.8256596236055	275.23212822411097	272.5288939238582	6.384715191036254e6	1.2652566537613117	4.774393886474739e9	54.66788234980759
275.23212822411097	280.7467261966266	277.9894272103688	7.268307742761493e6	1.3571841752493599	4.781662194217501e9	51.587701764669106
280.7467261966266	286.3716161285925	283.5591711626096	5.849624560473472e6	1.0292063645535736	4.787511818777974e9	48.66663724018806
286.3716161285925	292.10900385919774	289.24030999389515	5.827424231130466e6	0.9660969134297569	4.793339243009106e9	45.91078582126549
292.10900385919774	297.9611393444151	295.0350716018064	5.351936201665327e6	0.8360363549783152	4.798691179210771e9	43.30672215476598
297.9611393444151	303.9303175393368	300.94572844187593	5.900464407871008e6	0.8685027187257475	4.804591643618642e9	40.855055128424006
303.9303175393368	310.0188792981569	306.97459841874684	6.82227329081291e6	0.9462053867224088	4.811413916909454e9	38.54958302299167
310.0188792981569	316.2292122921534	313.12404579515515	5.0787823328475505e6	0.6637243839740509	4.816492699242302e9	36.36104350237163
316.2292122921534	322.56375194602987	319.3964821190916	5.294459284578487e6	0.6519618711365327	4.82178715852688e9	34.29831152575964
322.56375194602987	329.0249823929839	325.79436716950687	5.0171352287557125e6	0.5821425379982025	4.826804293755636e9	32.35075773832588
329.0249823929838	335.6154374488769	332.3202099209303	5.139127832348064e6	0.5618707360577494	4.831943421587984e9	30.51458331593951
335.61543744887695	342.3377016058879	338.9765695273824	6.111500020324215e6	0.6296058952100895	4.838054921608308e9	28.788430811243103
342.3377016058879	349.1944110460391	345.7660563259635	5.142915575818628e6	0.4992347873095682	4.843197837184127e9	27.154496101082238
349.1944110460391	356.1882546749933	352.6913328605162	4.230502177684918e6	0.3869566684015853	4.847428339361812e9	25.60849198413025
356.18825467499323	363.3219751765265	359.75511492575987	4.496786170584917e6	0.38756816603276595	4.851925125532396e9	24.151854370622804
363.3219751765265	370.59837008809046	366.9601726323085	5.077936445299536e6	0.4123908712479887	4.857003061977695e9	22.780814786755407
370.5983700880904	378.0202928978856	374.309331492988	5.123508375465319e6	0.3920718086529315	4.862126570353161e9	21.48781756138114
378.02029289788567	385.59065416387676	381.8054735308812	4.831786410185218e6	0.3484036776940241	4.866958356763346e9	20.267002629278366
385.5906541638768	393.3124226551878	389.4515384095323	4.309468013130739e6	0.29280328577690107	4.871267824776477e9	19.113508217105643
393.31242265518773	401.1886265163249	397.25052458575635	3.772697814177692e6	0.24153608493547374	4.875040522590655e9	18.023693075316327
401.1886265163249	409.2223544546848	405.20549048550487	3.807482469609827e6	0.22969210058838382	4.878848005060266e9	16.99615291596594
409.2223544546848	417.4167569518119	413.3195557032484	4.223473528580993e6	0.24008027919736813	4.883071478588846e9	16.028572041558306
417.4167569518119	425.7750474988816	421.5959022253468	5.319513537382096e6	0.2849296233695137	4.888390992126228e9	15.1194748751795
425.7750474988816	434.30050385689265	430.0377756778871	4.1616791543920487e6	0.21004563361698023	4.892552671280621e9	14.258567662242719
434.3005038568926	442.99646934206385	438.64848659947825	3.271662588980809e6	0.15559417803769557	4.895824333869601e9	13.444245132547145
442.9964693420639	451.8663541369386	447.43141173950124	3.6014708607453704e6	0.16139307601750735	4.899425804730347e9	12.677293957195845
451.8663541369386	460.9136366277108	456.3899953823247	2.9998187378982455e6	0.12667197605474542	4.902425623468245e9	11.952637050833124
460.91363662771073	470.1418647682984	465.5277506980045	2.999827934666708e6	0.11936109302602864	4.905425451402911e9	11.269412970921596
470.14186476829843	479.55465747169785	474.84826111999814	3.2593175398249924e6	0.12220089611388964	4.908684768942737e9	10.625813619612728
479.5546574716979	489.1557060291653	484.3551817504316	3.974404035646692e6	0.14041107495302424	4.912659172978383e9	10.020436813363041
489.15570602916523	498.94877555778197	494.05224079347363	3.515997506626323e6	0.11704689305573857	4.916175170485009e9	9.44867380510124
498.948775557782	508.93770647697113	503.9432410173766	2.51448211224629e6	0.07887551505990917	4.918689652597256e9	8.90772758613396
508.9377064769711	519.1264160145439	514.0320612457575	2.6928893027348667e6	0.07959665584789759	4.921382541899991e9	8.398063009913276
519.1264160145439	529.5188997428683	524.3226578787061	3.2790930452149212e6	0.09132991506925466	4.924661634945206e9	7.918508547910506
529.5188997428683	540.119233145759	534.8190664443136	2.3034286811228544e6	0.060452936363041485	4.926965063626328e9	7.46486479865034
540.119233145759	550.9315732167076	545.5254031812333	2.5666542818709016e6	0.06347367434012659	4.929531717908199e9	7.037591754061403
550.9315732167076	561.9601600890752	556.4458666528915	3.391928557082951e6	0.07904181530141227	4.932923646465282e9	6.635890352659375
561.9601600890753	573.2093186988902	567.5847393939828	2.851185775299415e6	0.062606579275449	4.9357748322405815e9	6.256435958717892
573.2093186988902	584.6834604809015	578.946389589896	2.4467905668244213e6	0.050626255449010414	4.938221622807405e9	5.898200632586497
584.6834604809014	596.3870850985529	590.5352727897272	2.0833663265210688e6	0.04061902468290508	4.940304989133926e9	5.560072584564311
596.3870850985529	608.3247822085574	602.3559336535552	1.8935170169404447e6	0.034787097369509724	4.9421985061508665e9	5.241131398420716
608.3247822085575	620.5012332607621	614.4130077346598	1.842844726496756e6	0.03190238381798441	4.944041350877363e9	4.940438962737845
620.5012332607622	632.9212133340109	626.7112232973866	1.9403052498860955e6	0.03165119690201443	4.94598165612725e9	4.6570932724271925
632.9212133340109	645.5895930087246	639.2554031713678	2.25615903048034e6	0.03467973303988901	4.94823781515773e9	4.390281745923253
645.5895930087245	658.5113402769324	652.0504666428285	2.942420932783857e6	0.0426183922430076	4.951180236090514e9	4.13933286487439
658.5113402769324	671.6915224905046	665.1014313837185	2.478976865625143e6	0.033833834316598387	4.95365921295614e9	3.902365249030956
671.6915224905047	685.1353083483482	678.4134154194264	1.8727329976380467e6	0.02408470582496141	4.955531945953777e9	3.6785157737746275
685.1353083483482	698.8479699233486	691.9916391358483	2.0666018021527529e6	0.0250443218320855	4.95759854775593e9	3.46764494118841
698.8479699233486	712.834884729849	705.8414273265988	1.3757665739902705e6	0.01571029933647356	4.95897431432992e9	3.2684091249700042
712.8348847298491	727.1015378324796	719.9682112811644	1.4571919211617261e6	0.0156799233667963	4.960431506251081e9	3.0806733979887504
727.1015378324796	741.6535239971627	734.3775309148211	1.3877548516155481e6	0.014071086911891064	4.961819261102697e9	2.903682568671078
741.6535239971627	756.4965498851394	749.075036941151	1.586419490680039e6	0.015157265900318968	4.963405680593378e9	2.7369717134771325
756.4965498851394	771.6364362908757	764.0664930880075	1.7693113156512976e6	0.0159292473195949	4.965174991909029e9	2.579929094136898
771.6364362908756	787.0791204247266	779.3577783578012	2.2879288735308945e6	0.01940983792849161	4.96746292078256e9	2.4321527656911934
787.0791204247266	802.8306582412547	794.9548893329907	1.97869343759799e6	0.01581781569053778	4.969441614220159e9	2.292699502103872
802.8306582412547	818.8972268141133	810.863942527684	1.8485913605301827e6	0.01392508123120745	4.971290205580688e9	2.1611867981421526
818.8972268141133	835.2851267584291	827.0911767862713	1.051523878971681e6	0.007463885833052842	4.972341729459661e9	2.0368925231085035
835.2851267584291	852.0007847016312	843.6429557300302	1.0487902385150343e6	0.007014936112840487	4.973390519698175e9	1.919746871839711
852.0007847016312	869.0507558036974	860.5257702526643	1.1337055359580964e6	0.007145371068503775	4.974524225234134e9	1.8093705447609705
869.0507558036974	886.4417263278049	877.7462410657511	1.0124515109035224e6	0.006012960987514692	4.975536676745037e9	1.7052998352527948
886.4417263278048	904.1805162623943	895.3111212950996	1.1643911193349212e6	0.006516326920188574	4.976701067864372e9	1.607265092464937
904.1805162623945	922.2740819956759	913.2272991290351	1.1499264489315897e6	0.006064067952964019	4.977850994313304e9	1.5148626946054282
922.2740819956759	940.729519043623	931.5018005196495	1.2960752649685442e6	0.006440423418447908	4.979147069578273e9	1.4278152928072732
940.7295190436231	959.5540648325291	950.141791938076	1.4971272020389736e6	0.007010246407513669	4.980644196780312e9	1.3458249030514102
959.5540648325291	978.7551015372132	969.1545831848712	1.941631953507647e6	0.0085670648690105	4.982585828733819e9	1.2686565410518384
978.755101537213	998.3401589759908	988.5476302566019	1.6411654512356073e6	0.006823516535075466	4.984226994185055e9	1.1958413867812698
998.340158975991	1018.3169175635444	1008.3285382697677	1.1773510105782002e6	0.004612673899340712	4.985404345195633e9	1.1271011734848282
1018.3169175635442	1038.6932113228486	1028.5050644431963	895328.1445664614	0.0033053701881067903	4.9862996733401985e9	1.0622528059141239
1038.6932113228488	1059.4770309573394	1049.085121140094	721936.6618838757	0.00251147123550599	4.987021610002083e9	1.0011012493794804
1059.4770309573394	1080.6765269845198	1070.0767789709296	841929.2310735434	0.0027599175214229623	4.987863539233156e9	0.9434932528835005
1080.6765269845198	1102.3000129322438	1091.4882699583818	737303.3115224689	0.0022774993545935126	4.988600842544679e9	0.8891820948968614
1102.3000129322436	1124.3559685989221	1113.3279907655829	841315.378452301	0.002448852478496082	4.989442157923131e9	0.8380151960851263
1124.3559685989223	1146.8530433789344	1135.6045059889284	777040.705459252	0.0021312747337900164	4.990219198628591e9	0.7897828506178373
1146.8530433789342	1169.8000596545464	1158.3265515167404	886598.2266291827	0.0022914719447883415	4.99110579685522e9	0.7443432406481874
1169.8000596545464	1193.2060162556709	1181.5030379551085	866349.3735679984	0.002109953663840461	4.991972146228787e9	0.7015154508590671
1193.2060162556709	1217.080091988818	1205.1430541222444	1.0036959486811608e6	0.002303426363292284	4.992975842177468e9	0.6611703652691067
1217.080091988818	1241.431649236628	1229.255870612723	1.097979876159355e6	0.0023744279336730323	4.994073822053628e9	0.6231576186214361
1241.431649236628	1266.2702376293942	1253.850943433011	1.7050227724597305e6	0.0034744605480982516	4.995778844826088e9	0.5874019680243606
1266.2702376293942	1291.6055977900157	1278.9379177097048	1.1121746926063448e6	0.0021356148550968454	4.996891019518694e9	0.5536324184655227
1291.6055977900155	1317.4476651538494	1304.5266314719324	944615.3922619373	0.0017092193425250674	4.997835634910955e9	0.5217869866137504
1317.4476651538496	1343.8065738649602	1330.627119509405	672158.6465827227	0.0011460605330388177	4.998507793557538e9	0.4917467296518166
1343.80657386496	1370.6926607502928	1357.2496173076265	502762.9040918946	0.0008077781605488821	4.99901055646163e9	0.4634204369681524
1370.692660750293	1398.1164693733326	1384.4045650618127	620942.1566706896	0.0009400982961350016	4.9996314986183e9	0.43673634120969207
1398.1164693733326	1426.088754168833	1412.1026117710828	468157.14858549833	0.0006678933823572439	5.000099655766888e9	0.4115763254874925
1426.088754168833	1454.6204846602434	1440.3546194145383	614859.7483450174	0.000826580252458498	5.000714515515233e9	0.3878772920745712
1454.6204846602432	1483.7228497614817	1469.1716672108623	452310.28288426995	0.0005729794191537374	5.001166825798118e9	0.365531137069167
1483.7228497614817	1513.4072621647451	1498.5650559631135	526903.5171871781	0.0006289662960230225	5.001693729315305e9	0.34447764599454794
1513.407262164745	1543.6853628160734	1528.546312490409	549558.3839623481	0.0006181643306792334	5.002243287699267e9	0.32463836483457764
1543.6853628160736	1574.5690254804288	1559.1271941482512	512746.21958594024	0.0005434836829903263	5.002756033918854e9	0.30593953591794987
1574.5690254804288	1606.070361398071	1590.31969343925	604368.0367472917	0.0006036421787595865	5.003360401955601e9	0.28832312393690673
1606.0703613980709	1638.201724034066	1622.1360427160685	538846.7887295187	0.0005071513003998862	5.00389924874433e9	0.27171762602900973
1638.201724034066	1670.975713922781	1654.5887189784235	666583.6629080474	0.0005911819539186318	5.004565832407238e9	0.25607511923956516
1670.9757139227813	1704.4051836092706	1687.6904487660258	615249.587323755	0.0005141764664652877	5.005181081994562e9	0.24133074081110112
1704.4051836092708	1738.50324268949	1721.4542131493804	737582.6242445558	0.0005808526876066889	5.005918664618807e9	0.22744095196956576
1738.5032426894898	1773.2832629513132	1755.8932528204014	1.0362745450480878e6	0.0007689971256877505	5.006954939163855e9	0.2143634453216721
1773.283262951313	1808.758883618373	1791.021073284843	947040.8208211511	0.0006622366956133555	5.007901979984675e9	0.20203433341127033
1808.758883618373	1844.9440166987742	1826.8514501585737	892005.75911282	0.0005877693735078089	5.008793985743788e9	0.19041229294368492
1844.9440166987745	1881.8528524407836	1863.398434569779	484290.45315788686	0.0003007045826561526	5.009278276196945e9	0.17944425719713095
1881.8528524407836	1919.4998648976332	1900.6763586692084	323254.3870242983	0.0001891356959131862	5.009601530583969e9	0.16910261205255298
1919.4998648976332	1957.8998176036196	1938.6998412506264	478355.22644376755	0.00026373916208953833	5.010079885810413e9	0.15936195308353485
1957.8998176036198	1997.067769363726	1977.4837934836728	263296.57787178457	0.00013679317359148723	5.010343182388285e9	0.1501759737145588
1997.0677693637258	2037.019080159034	2017.0434247613798	305209.88440592587	0.00014942146941228357	5.010648392272691e9	0.14152071965701513
2037.019080159034	2077.7694171702487	2057.3942486646415	406875.85804128647	0.0001877031721592325	5.011055268130732e9	0.13336704685302198
2077.7694171702483	2119.334760921687	2098.5520890459675	248856.99801400304	0.00010818197670296613	5.011304125128746e9	0.12567921702929394
2119.334760921687	2161.7314115481545	2140.533086234921	284808.2615735978	0.00011666835724090919	5.01158893339032e9	0.11843542766060275
2161.731411548155	2204.975995187152	2183.3537033676535	377323.5379385501	0.00014564980988861264	5.011966256928258e9	0.11161123962106195
2204.9759951871515	2249.0854704989283	2227.03073284304	240595.80265295506	8.75144308556361e-5	5.012206852730911e9	0.10517741597943397
2249.0854704989288	2294.077135316941	2271.581302907935	270428.53114643693	9.269147937047995e-5	5.012477281262057e9	0.09911508522757356
2294.077135316941	2339.9686334313137	2317.0228843741274	366097.88015446067	0.00011824431544100542	5.012843379142212e9	0.09340398789245127
2339.9686334313137	2386.777961507974	2363.373297469644	240257.48376952112	7.312330420961981e-5	5.013083636625981e9	0.0880197810052148
2386.777961507974	2434.5234761461675	2410.6507188270707	266127.68321190774	7.632465223422547e-5	5.013349764309194e9	0.08294639110997797
2434.5234761461675	2483.2239010771245	2458.873688611646	342076.3759801388	9.244721482326542e-5	5.013691840685174e9	0.07816663003139582
2483.2239010771245	2532.898334506701	2508.0611177919127	263327.38594411314	6.705988649909783e-5	5.013955168071118e9	0.07366116137386604
2532.898334506701	2583.5662566048686	2558.2322955557847	264705.40921109915	6.352222575720684e-5	5.0142198734803295e9	0.06941541964552157
2583.566256604869	2635.2475371450005	2609.406896874935	286997.42625410855	6.489885936061065e-5	5.014506870906584e9	0.06541470286980455
2635.247537145	2687.962443295934	2661.604990220467	313866.16849668324	6.68805450166264e-5	5.01482073707508e9	0.061644908830872695
2687.9624432959345	2741.731647569887	2714.847045432911	347479.0795086473	6.977185343120963e-5	5.015168216154589e9	0.05809276661954106
2741.731647569887	2796.576235929319	2769.1539417496033	392081.8025306463	7.418645958874313e-5	5.015560297957119e9	0.054745806489617695
2796.5762359293185	2852.5177160559388	2824.5469759926286	458260.21042203903	8.170648603749837e-5	5.0160185581675415e9	0.05159236949035198
2852.517716055939	2909.578025785092	2881.0478709205154	599110.8862476647	0.00010065794910488565	5.016617669053789e9	0.04862194971391884
2909.578025785092	2967.7795417088278	2938.67878374696	635583.0820375085	0.000100625890624049	5.017253252135827e9	0.045822892902373284
2967.7795417088278	3027.1450879510385	2997.4623148299333	739836.2689142376	0.00011037472295387722	5.017993088404741e9	0.04318587658026826
3027.145087951038	3087.697945118093	3057.4215165345654	592336.1801491827	8.327198657435847e-5	5.01858542458489e9	0.04069942610395183
3087.697945118093	3149.461859428489	3118.579902273291	179012.83890973032	2.3714368118241277e-5	5.0187644374238e9	0.038352982533137056
3149.461859428489	3212.4610520250926	3180.9614557267905	216564.91800545156	2.7034120726780626e-5	5.018981002341805e9	0.03614209553892742
3212.461052025093	3276.720228473629	3244.590640249361	342943.22443158925	4.034067772816052e-5	5.019323945566237e9	0.03405952052429084
3276.720228473629	3342.2645884511358	3309.4924084623826	130389.19853553176	1.4453048201728613e-5	5.019454334764773e9	0.03209559383572113
3342.2645884511353	3409.119835628192	3375.692212039664	147045.0479067862	1.535907855430646e-5	5.01960137981268e9	0.030245015953704733
3409.1198356281916	3477.3121877487897	3443.2160116884907	175253.87536980212	1.724961324261015e-5	5.01977663368805e9	0.028501304311743584
3477.3121877487906	3546.8683869118004	3512.0902873302957	301107.04170656204	2.7927346060726694e-5	5.020077740729757e9	0.026858800471535924
3546.8683869118004	3617.8157100580706	3582.3420484849357	104123.79543174803	9.100302226767708e-6	5.020181864525189e9	0.02530996357980218
3617.8157100580706	3690.181979667266	3653.998844862668	114976.32290120423	9.469157909664267e-6	5.020296840848087e9	0.023850497170044546
3690.181979667266	3763.9955746686455	3727.088777167956	130752.9019125849	1.0147322069382836e-5	5.02042759375e9	0.022475263192044823
3763.9955746686455	3839.2854415700526	3801.640508119349	160795.8980924189	1.175905128276365e-5	5.020588389648092e9	0.021179456048613682
3839.2854415700526	3916.081105809488	3877.6832736897704	227045.4185668677	1.5646143763746722e-5	5.020815435066659e9	0.019958624804132546
3916.081105809488	3994.412683333712	3955.2468945716	89674.24074271321	5.8231714927609786e-6	5.020905109307402e9	0.018807653204729838
3994.412683333712	4074.3108924084204	4034.361787871066	98438.54516328871	6.023576080082525e-6	5.021003547852565e9	0.017723089227679727
4074.3108924084204	4155.807065664623	4115.058979036522	110982.62417753041	6.399434323781005e-6	5.021114530476743e9	0.0167011119416431
4155.807065664623	4238.93316238595	4197.370114025287	133892.3099233061	7.2751115306165605e-6	5.021248422786666e9	0.015738139570458554
4238.93316238595	4323.721781041703	4281.3274717138265	202324.3925626725	1.0359283816758993e-5	5.021450747179229e9	0.014830895547045093
4323.721781041703	4410.2061720705715	4366.963976556137	75980.33831454813	3.6658966259067516e-6	5.021526727517544e9	0.013975600936327335
4410.206172070571	4498.420250920017	4454.313211495293	82292.01000213623	3.7414005424962808e-6	5.021609019527546e9	0.013169649283869884
4498.420250920017	4588.398611346452	4543.409431133234	90886.85867467523	3.893814063680383e-6	5.021699906386221e9	0.012410198490546762
4588.398611346452	4680.176538981415	4634.287575163933	104867.68987193704	4.2336352265727324e-6	5.021804774076093e9	0.011694576798563708
4680.176538981415	4773.790025169078	4726.983282075247	147142.221547395	5.5976623616349485e-6	5.02195191629764e9	0.011020314858885326
4773.790025169078	4869.275781080494	4821.532903124786	108597.77580195665	3.893032348191495e-6	5.0220605140734415e9	0.010384849693316687
4869.275781080495	4966.67125211014	4917.973516595317	63608.04621438682	2.148705345921697e-6	5.022124122119656e9	0.009785940905845421
4966.671252110139	5066.014632560376	5016.342942335257	66462.76941880584	2.1156362665310102e-6	5.022190584889075e9	0.009221578352386952
5066.014632560376	5167.344880619618	5116.679756589998	69494.46590866148	2.0845416918866786e-6	5.022260079354984e9	0.008689769259447477
5167.3448806196175	5270.701733640044	5219.023307129831	72720.07621529698	2.055476507045925e-6	5.0223327994312e9	0.008188635821213187
5270.701733640046	5376.125723720881	5323.4137286804635	76159.01733085513	2.028511079860774e-6	5.022408958448531e9	0.00771640856739619
5376.12572372088	5483.658193603333	5429.891958662107	79833.69294932485	2.00373444533437e-6	5.02248879214148e9	0.00727142011394219
5483.658193603333	5593.341312883434	5538.499753243383	83770.14230050147	1.981258402190824e-6	5.022572562283781e9	0.006852099274558213
5593.341312883434	5705.218094549137	5649.279703716285	87998.87522163987	1.961222844943901e-6	5.022660561159002e9	0.006456965512310053
5705.218094549137	5819.332411848155	5762.275253198646	92555.96132521331	1.943802795190073e-6	5.022753117120328e9	0.006084623711763004
5819.332411848155	5935.7290154931525	5877.530713670654	97484.47174373269	1.929217809966677e-6	5.022850601592072e9	0.005733759253305851
5935.729015493152	6054.45355121105	5995.091283352101	102836.41940942407	1.917744779259883e-6	5.022953438011481e9	0.005403133372415996
6054.453551211051	6175.552577643306	6115.003064427178	108675.41933996975	1.909735659895248e-6	5.023062113430821e9	0.005091578787707964
6175.552577643307	6299.073584604208	6237.313081123757	115080.41406409442	1.9056425755944627e-6	5.023177193844886e9	0.004797995582680264
6299.073584604207	6425.065011704326	6362.069298154267	122151.0186265558	1.9060542172738094e-6	5.023299344863512e9	0.004521347327173068
6425.065011704326	6553.576267346448	6489.320639525387	130015.40767332911	1.9117501426412724e-6	5.023429360271185e9	0.004260657425737087
6553.576267346447	6684.657748101411	6619.117007723929	138842.3437142372	1.923784510563289e-6	5.023568202614899e9	0.004015005681518166
6684.657748101412	6818.360858471475	6751.509303286443	148860.25654432178	1.9436204265214094e-6	5.023717062871443e9	0.003783525066141193
6818.360858471474	6954.738031048938	6886.549444760206	160388.98952114582	1.9733561426544663e-6	5.023877451860964e9	0.0035653986890052465
6954.738031048939	7093.8427470779525	7024.290389063446	173895.86591726542	2.016129535167562e-6	5.024051347726881e9	0.0033598569647671174
7093.842747077953	7235.729557427548	7164.786152252751	190102.60236254334	2.0768996553795543e-6	5.024241450329244e9	0.003166174989328073
7235.729557427547	7380.454103984132	7308.09183070584	210211.36211006343	2.164122996843009e-6	5.024451661691354e9	0.002983670163902099
7380.454103984132	7528.07314147185	7454.263622727991	236459.16507786512	2.2939303649428267e-6	5.024688120856432e9	0.002811700197090645
7528.073141471851	7678.644559709323	7603.358850590587	273841.84340019524	2.5033538149648226e-6	5.024961962699832e9	0.0026496619851755793
7678.644559709323	7832.227406311545	7755.435983010434	338736.44542863965	2.9179827593538833e-6	5.025300699145261e9	0.002496994459508728
7832.227406311545	7988.881909845811	7910.554658078678	494715.0535143763	4.0158206894783506e-6	5.025795414198775e9	0.00235319648922575
7988.881909845811	8148.669503450762	8068.775706648286	330386.90219169855	2.5272047097864618e-6	5.026125801100967e9	0.0022176072539876047
8148.669503450762	8311.652848927812	8230.161176189287	528898.5469844043	3.8123117563267012e-6	5.026654699647952e9	0.0020899132339333016
8311.652848927812	8477.895861314404	8394.774355121108	83802.52378939092	5.692087757050115e-7	5.0267385021717415e9	0.0019693978123604926
8477.895861314404	8647.463733948727	8562.679797631565	94760.51785415411	6.065133847137992e-7	5.026833262689595e9	0.0018558361189475556
8647.463733948725	8820.422964035735	8733.94334899223	111339.56172069907	6.715231145018658e-7	5.026944602251316e9	0.0017488286367016823
8820.422964035737	8996.841378724488	8908.632171380112	143552.500793159	8.158695703050285e-7	5.02708815475211e9	0.0016480018730441657
8996.841378724486	9176.78816170701	9086.814770215748	256263.2772181332	1.372444786350532e-6	5.027344418029327e9	0.0015530230818361064
9176.788161707012	9360.333880349188	9268.561021028101	40387.34594261646	2.0382261638018952e-7	5.02738480537527e9	0.0014634554232547837
9360.33388034919	9547.55051336421	9453.9421968567	43191.54451081157	2.054018554176187e-7	5.027427996919779e9	0.0013790542647836202
9547.550513364207	9738.511479039527	9643.030996201867	46418.874980822206	2.0801699888176278e-7	5.02747441579476e9	0.00129952164742868
9738.511479039527	9933.291664028353	9835.901571533941	50205.90622216463	2.1201062775611442e-7	5.027524621700982e9	0.0012245768195975628
9933.291664028353	10131.967452716955	10032.629558372653	54766.87729921937	2.1793120654317007e-7	5.027579388578281e9	0.0011539552563349298
10131.967452716955	10334.61675717933	10233.292104948143	60463.97155512869	2.2672361326779866e-7	5.027639852549836e9	0.001087407746127958
10334.616757179332	10541.319047730954	10437.967902455144	67976.73610794544	2.401922821040022e-7	5.027707829285944e9	0.0010246995571078486
10541.319047730954	10752.155384093609	10646.737215912282	78797.34890034795	2.62366884925321e-7	5.027786626634845e9	0.0009656097301256722
10752.155384093609	10967.208447183517	10859.681915638563	97236.1402118355	3.0508707736305703e-7	5.027883862775057e9	0.0009099307347399739
10967.208447183517	11186.562571535223	11076.88550935937	148892.27916234732	4.402171758740923e-7	5.028032755054219e9	0.0008574711568040025
11186.562571535223	11410.303778373964	11298.433174954593	128430.65952074528	3.5781804421119343e-7	5.02816118571374e9	0.000808032746320351
11410.303778373964	11638.519809349478	11524.41179386172	24451.984676226974	6.419576435064195e-8	5.028185637698417e9	0.0007614290527827149
11638.519809349478	11871.300160944504	11754.909985146991	25912.484248638153	6.4106203737839e-8	5.028211550182665e9	0.0007175134951195182
11871.300160944504	12108.73611957143	11990.018140257966	27535.49040788412	6.419224840056307e-8	5.028239085673073e9	0.0006761310267259946
12108.736119571431	12350.920797370896	12229.828458471164	29356.114493474364	6.448921974123729e-8	5.028268441787566e9	0.0006371355466239056
12350.920797370896	12597.94916872635	12474.434983048624	31422.101586818695	6.50462957531433e-8	5.028299863889153e9	0.0006003893842321978
12597.94916872635	12849.918107508915	12723.933638117633	33800.56621029973	6.593410595559141e-8	5.028333664455363e9	0.0005657628142979604
12849.918107508915	13106.92642506713	12978.422266288022	36589.77647523582	6.725811959570232e-8	5.028370254231839e9	0.0005331336005818815
13106.92642506713	13369.074908976509	13238.000667021819	39941.205975323915	6.918388881116221e-8	5.028410195437815e9	0.0005023865673231453
13369.074908976505	13636.466362564071	13502.770635770288	44104.52854055166	7.19889475817209e-8	5.028454299966355e9	0.0004734131984186798
13636.466362564071	13909.20564522339	13772.836003893732	49530.722839966416	7.618266544572641e-8	5.028503830689196e9	0.00044611126663754767
13909.205645223394	14187.399713535899	14048.302679379645	57150.97808417678	8.283312270117246e-8	5.02856098166728e9	0.00042038450307873925
14187.399713535897	14471.157663214652	14329.278688375274	69359.36119969189	9.472930097565388e-8	5.02863034102848e9	0.0003961423527315175
14471.157663214652	14760.590771886982	14615.874217550816	95941.14876444638	1.2347614307120384e-7	5.028726282177244e9	0.00037330015337686814
14760.59077188698	15055.812542732756	14908.201657309868	149788.63296864927	1.8165857496501936e-7	5.028876070810213e9	0.0003517788521948937
15055.812542732756	15356.938748995448	15206.375645864102	12693.010447233915	1.4505763728519551e-8	5.028888763820661e9	0.0003314892612491479
15356.93874899545	15664.087479383395	15510.513114189424	13329.875649750233	1.4354926960731483e-8	5.02890209369631e9	0.0003123699669368451
15664.087479383394	15977.379184379099	15820.733331881245	14016.53126399219	1.4223758739974993e-8	5.028916110227574e9	0.0002943534666758339
15977.379184379099	16296.936723474717	16137.157953926908	14759.628490015864	1.4113937899861262e-8	5.028930869856065e9	0.000277376151656892
16296.936723474719	16622.88541335225	16459.911068413487	15567.222418159246	1.402758361077989e-8	5.028946437078483e9	0.0002613780822637067
16622.88541335225	16955.353077027332	16789.11924518979	16449.19236844778	1.396739080379213e-8	5.028962886270851e9	0.000246302776455569
16955.353077027332	17294.470093975917	17124.911585501624	17417.82945996523	1.3936820898295113e-8	5.028980304100311e9	0.00023209701036818516
17294.470093975917	17640.369451263472	17467.419772619694	18488.676754310727	1.3940376529230202e-8	5.028998792777065e9	0.00021871063043262507
17640.369451263472	17993.18679569678	17816.778123480126	19681.7620729208	1.398400760529895e-8	5.029018474539136e9	0.00020609637635553312
17993.18679569678	18353.060487018753	18173.123641357764	21023.462021633983	1.4075729675818288e-8	5.029039498001158e9	0.00019420971434629838
18353.060487018753	18720.131652167165	18536.59606959296	22549.420936346054	1.42265991502438e-8	5.029062047422094e9	0.00018300868002065092
18720.131652167165	19094.544240618547	18907.337946392858	24309.31601448357	1.4452316635413663e-8	5.029086356738109e9	0.00017245373045871954
19094.544240618547	19476.445080838956	19285.49466072875	26375.037596285343	1.4775998974693002e-8	5.029112731775705e9	0.00016250760495687062
19476.445080838952	19865.98393786377	19671.21450935136	28855.63260397315	1.523327947540722e-8	5.029141587408309e9	0.0001531351941061073
19865.983937863773	20263.31357202909	20064.64875494643	31926.84641881287	1.588246426860091e-8	5.029173514254727e9	0.00014430341700833732
20263.31357202909	20668.589798877707	20465.951685453398	35895.94582340121	1.6826985756203683e-8	5.029209410200551e9	0.00013598110687035764
20668.589798877707	21081.9715502633	20875.280674570502	41366.243513822556	1.8272841231972635e-8	5.029250776444065e9	0.0001281389065101935
21081.9715502633	21503.620936676605	21292.79624346995	49758.374370232224	2.071215361590354e-8	5.029300534818436e9	0.00012074918047860341
21503.620936676605	21933.703310818175	21718.66212374739	65781.13234697282	2.580236454702717e-8	5.029366315950783e9	0.00011378598296067795
21933.70331081817	22372.387332442573	22153.045321630372	149859.8532088548	5.539142768439902e-8	5.029516175803991e9	0.0001072261248817882
22372.387332442577	22819.845034499467	22596.116183471022	4959.420568972826	1.7273776539527102e-9	5.029521135224561e9	0.00010104153971485089
22819.845034499467	23276.251890597494	23048.048462548482	5169.0595648139715	1.6965513318425399e-9	5.029526304284125e9	9.521367527494859e-5
23276.251890597494	23741.786883817484	23509.01938720749	5390.266132250428	1.6671120578022985e-9	5.029531694550258e9	8.972195605637368e-5
23741.786883817484	24216.632576901873	23979.20973035968	5623.959860473871	1.6390640356653725e-9	5.0295373185101185e9	8.454699335920495e-5
24216.632576901873	24700.97518384795	24458.80388037491	5871.1666914224625	1.6124165634650599e-9	5.029543189676808e9	7.967051683296555e-5
24700.975183847946	25195.004642932945	24947.989913390447	6133.035782396793	1.587184730050348e-9	5.029549322712591e9	7.507530996906278e-5
25195.004642932945	25698.914691199643	25446.959667066294	6410.8598165512085	1.5633902653033924e-9	5.029555733572408e9	7.074514931423459e-5
25698.914691199643	26212.902940431675	25955.90881581566	6706.099636033177	1.5410625841405729e-9	5.029562439672044e9	6.666474719037263e-5
26212.902940431675	26737.170954648347	26475.03694754001	7020.4143375605345	1.5202400763179135e-9	5.029569460086381e9	6.281969771847312e-5
26737.170954648347	27271.924329149355	27004.54764189885	7355.698334276676	1.5009717111973876e-9	5.029576815784716e9	5.919642595614002e-5
27271.92432914936	27817.372771140384	27544.64855014487	7714.12738981843	1.483319050294692e-9	5.029584529912106e9	5.578213996906196e-5
27817.372771140384	28373.730181971234	28095.55147655581	8098.216328889132	1.4673587930027589e-9	5.029592628128434e9	5.256478566725215e-5
28373.73018197123	28941.214741018695	28657.472461494963	8510.892121687531	1.4531860281003966e-9	5.0296011390205555e9	4.953300424661064e-5
28941.2147410187	29520.048991247113	29230.631866132906	8955.587462499738	1.440918430795235e-9	5.029610094608018e9	4.667609208557959e-5
29520.048991247113	30110.459926480096	29815.254458863605	9436.362048119307	1.430701744629095e-9	5.029619530970066e9	4.39839629553484e-5
30110.459926480096	30712.67908041774	30411.569503448918	9958.061861619353	1.4227170354982154e-9	5.029629489031928e9	4.144711241025747e-5
30712.679080417736	31326.94261743413	31019.810848925932	10526.531479597092	1.417190431372408e-9	5.029640015563408e9	3.905658423278406e-5
31326.94261743413	31953.491425190856	31640.217021312492	11148.90173624456	1.4144064135762699e-9	5.029651164465144e9	3.6803938814800503e-5
31953.491425190852	32592.57120910271	32273.03131714678	11833.986731648445	1.414726289700388e-9	5.029662998451876e9	3.4681223363714124e-5
32592.571209102713	33244.432588692805	32918.50189889776	12592.843237608671	1.418614403913268e-9	5.029675591295114e9	3.268094382867091e-5
33244.432588692805	33909.3311958747	33576.88189228375	13439.577780604362	1.4266762131761727e-9	5.029689030872894e9	3.079603844828976e-5
33909.33119587471	34587.527775200244	34248.429485537476	14392.543089672923	1.4397151206593893e-9	5.029703423415984e9	2.9019852827474884e-5
34587.52777520024	35279.288286112285	34933.40803065626	15476.168537810445	1.4588200220814553e-9	5.029718899584522e9	2.7346116456877415e-5
35279.288286112285	35984.884007242574	35632.08614667743	16723.866290658712	1.4855052581891972e-9	5.029735623450813e9	2.5768920594812903e-5
35984.88400724258	36704.59164279547	36344.73782501902	18182.854259938	1.521944485249831e-9	5.029753806305073e9	2.4282697438462982e-5
36704.59164279547	37438.69343105942	37071.64253692745	19922.603550195694	1.5713831714787078e-9	5.029773728908623e9	2.2882200520294873e-5
37438.69343105942	38187.477255088656	37813.08534307404	22050.663264513016	1.6389168421889146e-9	5.029795779571887e9	2.1562486280121626e-5
38187.47725508865	38951.23675559847	38569.357005343554	24744.983915254474	1.7330923187374154e-9	5.029820524555802e9	2.0318896792459043e-5
38951.236755598475	39730.27144611849	39340.75410085848	28328.072859734297	1.869609117256899e-9	5.029848852628662e9	1.914704370367326e-5
39730.27144611848	40524.88683044889	40127.57913828369	33467.89094787836	2.0814280402856133e-9	5.02988232051961e9	1.804279367869328e-5
40524.886830448886	41335.394522465904	40930.14067645739	41887.343608021736	2.454794539339416e-9	5.029924207863218e9	1.7002256764935855e-5
41335.39452246591	42162.11236832327	41748.75344539459	60669.15330900252	3.350422224287984e-9	5.029984877016527e9	1.602178818490621e-5
42162.11236832327	43005.36457109778	42583.73846971053	98015.33052259684	5.100642640410213e-9	5.03008289234705e9	1.5097972557525993e-5
