-0.0	9.953897499377266e-5	4.976948749688633e-5	5.674378508163343e-7	137356.81117125103	5.674378508163343e-7	137356.81117125103
9.953897499377266e-5	0.0002010687294874207	0.00015030385224059668	3.640297268251986e-6	121670.63105971675	4.20773511906832e-6	123573.73754407596
0.00020106872948742058	0.0003046290790709416	0.00025284890427918107	9.497925860007674e-6	112583.35518088177	1.3705660979075994e-5	115743.68442972293
0.0003046290790709413	0.00041026063564613265	0.000357444857358537	1.8213836921791415e-5	106618.0214798436	3.191949790086741e-5	110353.95338137345
0.0004102606356461331	0.0005180048233528283	0.0004641327294994807	2.9939294010946847e-5	102189.78701219759	6.185879191181426e-5	106245.71262177096
0.0005180048233528287	0.0006279038948136577	0.0005729543590832433	4.4874137345821705e-5	98678.53122800794	0.00010673292925763596	102927.23081750722
0.0006279038948136573	0.0007400009477037028	0.0006839524212586801	6.32830693447814e-5	95820.98164559492	0.00017001599860241737	100162.31499553092
0.000740000947703703	0.0008543399416515495	0.0007971704446776262	8.530578055711806e-5	93266.98724090176	0.0002553217791595354	97747.82902804967
0.0008543399416515493	0.0009709657154783526	0.0009126528285649509	0.00011166248018946583	91348.42629521352	0.00036698425934900125	95707.75772402619
0.0009709657154783523	0.0010899240047816917	0.001030444860130022	0.00014206969936206954	89405.72139265282	0.0005090539587110708	93861.29820915635
0.0010899240047816917	0.0012112614598710977	0.0011505927323263946	0.00017725542794724066	87730.22550895125	0.0006863093866583115	92197.17891083461
0.0012112614598710973	0.0013350256640622914	0.0012731435619666943	0.0002171599936563371	86075.2456952606	0.0009034693803146485	90647.53225283987
0.0013350256640622922	0.00146126515233731	0.0013981454081998012	0.00026374545083323177	84992.43297406114	0.0011672148311478803	89304.86233796358
0.0014612651523373099	0.0015900294303778282	0.001525647291357569	0.0003144922634709267	83452.37392114368	0.001481707094618807	87995.05404514
0.0015900294303778277	0.0017213689939791564	0.001655699212178492	0.00037314936010171703	82430.26724401215	0.001854856454720524	86815.99925706975
0.0017213689939791568	0.0018553353488525118	0.0017883521714158342	0.0004383104954218246	81370.52725669404	0.0022931669501423486	85719.53519241576
0.0018553353488525112	0.0019919810308233333	0.0019236581898379223	0.0005104797715707139	80303.48098479658	0.0028036467217130625	84679.65581928086
0.0019919810308233333	0.002131359626433572	0.0020616703286284524	0.00059066347591826	79310.43842407201	0.0033943101976313225	83693.68981504017
0.0021313596264335728	0.002273525793956016	0.0022024427101947942	0.0006791945991103626	78348.03242381985	0.004073504796741685	82752.27943263839
0.0022735257939560153	0.0024185352848289073	0.002346030539392461	0.0007769293606118208	77440.77160871428	0.004850434157353506	81853.02249889163
0.002418535284828908	0.002566444965519258	0.002492490125174083	0.0008878201863563376	76864.22113219778	0.0057382543437098435	81039.23217732467
0.002566444965519257	0.002717312839823414	0.0026418789026713355	0.0010056060080071583	75976.17101404975	0.006743860351717002	80241.86914177098
0.002717312839823413	0.0028711980716136527	0.002794255455718533	0.0011325644765983883	74991.86634524705	0.00787642482831539	79442.16335612292
0.002871198071613654	0.0030281610080396984	0.002949679539826676	0.0012812862393893065	74642.6486571218	0.009157711067704697	78733.84100190058
0.003028161008039698	0.0031882632031942633	0.0031082121056169804	0.0014326272360284768	73690.03198851491	0.010590338303733174	78011.51710690973
0.003188263203194263	0.0033515674422519193	0.0032699153227230913	0.001606085109678525	73180.93665941371	0.012196423413411699	77339.25688755223
0.0033515674422519197	0.0035181377660907292	0.0034348526041713245	0.0017875845114499241	72369.86727688595	0.013984007924861623	76666.30390920825
0.0035181377660907292	0.003688039496406315	0.003603088631248522	0.0019951834901419056	71968.8926766512	0.01597919141500353	76046.54710398719
0.0036880394964063155	0.003861339261328213	0.0037746893788672643	0.0022044488213083246	71031.90578575764	0.018183640236311853	75401.21401097198
0.003861339261328213	0.004038105021548549	0.003949722141438381	0.0024554833477934274	70847.31776083584	0.02063912358410528	74828.97788217358
0.004038105021548548	0.00421840609697329	0.004128255559260919	0.002707414592209398	70104.2594977569	0.023346538176314678	74248.67795069714
0.00421840609697329	0.004402313193906526	0.004310359645439908	0.002977879439987341	69343.5169313481	0.02632441761630202	73659.26035433408
0.004402313193906526	0.004589898432778427	0.004496105813342477	0.003297401787125856	69187.44670329084	0.029621819403427875	73133.08509084475
0.004589898432778428	0.004781235376427767	0.004685566904603098	0.003619800326827592	68563.23266426829	0.03324161973025547	72606.11432511431
0.0047812353764277666	0.0049763990589500925	0.00487881721768893	0.00396592950284716	67928.04532486919	0.03720754923310263	72077.02586598223
0.004976399058950093	0.005175466015122866	0.0050759325370364795	0.004339970595791304	67327.17692384121	0.04154751982889393	71549.748428548
0.005175466015122865	0.005378514310419092	0.005276990162770979	0.004770733091102923	67135.1183517766	0.046318252919996854	71068.40606749749
0.005378514310419092	0.005585623571621245	0.005482068941020169	0.0052130323088002	66640.82968568997	0.051531285228797054	70593.93199964386
0.005585623571621245	0.00579687501804744	0.0056912492948343425	0.005685875323348834	66118.45504537855	0.05721716055214589	70122.25625875298
0.005796875018047441	0.00601235149340216	0.0059046132557248	0.0061953921569527365	65618.75194887888	0.06341255270909862	69655.19943444661
0.00601235149340216	0.006232137498263974	0.006122244495833067	0.006744104471674728	65139.79861916541	0.07015665718077335	69194.12133338292
0.006232137498263972	0.006456319223223022	0.006344228360743497	0.00733467901517007	64679.7362246005	0.07749133619594342	68740.00420584205
0.006456319223223021	0.006684984582681251	0.006570651902952136	0.007969954795977077	64236.94325412005	0.0854612909919205	68293.53760314321
0.006684984582681254	0.006918223249328648	0.0068016039160049505	0.008672557816557	63954.566344130886	0.0941338488084775	67869.3186264691
0.006918223249328647	0.00715612668930899	0.007037174969318818	0.00941182236514039	63566.02829728026	0.10354567117361789	67454.24358345728
0.00715612668930899	0.007398788198088939	0.007277457443698964	0.010199490223570598	63149.23916568833	0.11374516139718849	67044.4043314002
0.007398788198088939	0.007646302937044488	0.0075225455675667135	0.011044451479044343	62742.871197855035	0.12478961287623283	66640.05202432898
0.007646302937044487	0.007898767970779146	0.007772535453911817	0.011950358052764481	62345.65771894581	0.1367399709289973	66241.29353103483
0.007898767970779147	0.0081562823051885	0.008027525137983823	0.012921084885059886	61956.53439795785	0.1496610558140572	65848.13027878614
0.0081562823051885	0.00841894692628604	0.008287614615737269	0.013960706927816924	61574.44673093761	0.16362176274187412	65460.47354836616
0.00841894692628604	0.00868686483980553	0.008552905883045785	0.015073518110787304	61198.40646058969	0.17869528085266143	65078.162373425956
0.008686864839805528	0.008960141111595408	0.008823502975700469	0.016264053091745168	60827.53369446666	0.1949593339444066	64700.98243427479
0.008960141111595408	0.009238882908821085	0.009099512010208246	0.017537080867529614	60460.97977545191	0.2124964148119362	64328.67538903589
0.009238882908821085	0.009523199541991274	0.00938104122540618	0.01889757582176213	60097.80825377817	0.23139399063369834	63960.936476316005
0.009523199541991274	0.009813202507824869	0.009668201024908072	0.020350804165603337	59737.26936597497	0.2517447947993017	63597.435989035665
0.00981320250782487	0.010109005532975137	0.009961104020400003	0.021902296094963747	59378.64819822276	0.2736470908942654	63237.82487290278
0.010109005532975134	0.010410724618628405	0.01025986507580177	0.023557808680061132	59021.147227682435	0.29720489957432655	62881.729640314414
0.010410724618628405	0.010718478085994741	0.010564601352311572	0.025323432300554893	58664.15397840053	0.32252833187488145	62528.77031785993
0.010718478085994743	0.011032386622708406	0.010875432354351573	0.027235693168418396	58371.68479143329	0.34976402504329984	62183.9219811766
0.011032386622708406	0.011352573330156341	0.011192479976432374	0.029302976715369133	58132.13969035888	0.379067001758669	61850.67212042028
0.011352573330156343	0.011679163771753237	0.01151586855095479	0.031462295894702674	57803.55806363437	0.41052929765337165	61520.56307202628
0.011679163771753237	0.01201228602218207	0.011845724896967653	0.03376257065308791	57473.82419067458	0.44429186830645956	61193.14323345424
0.012012286022182067	0.012352070717619476	0.012182178369900772	0.03621174228894625	57142.29524480396	0.4805036105954058	60867.95878421551
0.01235207071761948	0.012698651106965636	0.012525360912292557	0.0388181794174467	56808.471937755676	0.5193217900128525	60544.5648936776
0.012698651106965634	0.013052163104098714	0.012875407105532175	0.041590633640203434	56471.88627534779	0.5609124236530559	60222.52676287253
0.013052163104098714	0.013412745341174455	0.013232454222636584	0.04453815880519396	56131.98404490338	0.6054505824582499	59901.411349152135
0.013412745341174457	0.013780539222991713	0.013596642282083085	0.04767019053682242	55788.24490017117	0.6531207729950723	59580.78941493362
0.013780539222991713	0.014155688982445314	0.013968114102718514	0.050996584928090005	55440.21481664009	0.7041173579231623	59260.2398754377
0.014155688982445312	0.014538341737087986	0.014347015359766648	0.05466138813072374	55222.62892401633	0.7587787460538861	58949.74472625748
0.014538341737087988	0.014928647546823513	0.01473349464195575	0.05861903569169058	55053.74330714803	0.8173977817455766	58652.08442369544
0.014928647546823513	0.01532675947275375	0.01512770350978863	0.06265993422347504	54727.27328617945	0.8800577159690517	58354.119424448385
0.01532675947275375	0.01573283363720259	0.01552979655497817	0.06694768309936483	54395.635076285056	0.9470053990684165	58055.44985777026
0.01573283363720259	0.01614702928494041	0.015939931461071498	0.07149500026840283	54058.369407231134	1.0185003993368194	57755.67920620969
0.016147029284940405	0.016569508845632977	0.01635826906528669	0.076315252029856	53715.16842580793	1.0948156513666754	57454.4249747097
0.016569508845632984	0.01700043799753941	0.016784973421586198	0.08142209457911287	53365.595731293084	1.1762377459457882	57151.307522926625
0.017000437997539405	0.01743998573248396	0.017220211865011683	0.08714982865884013	53204.70840414027	1.2633875746046284	56860.36144999516
0.01743998573248396	0.017888324422127407	0.017664155077305684	0.09324584694062721	53040.103642796224	1.3566334215452556	56580.25687088649
0.017888324422127403	0.018345629885563715	0.01811697715384556	0.09942497294930086	52708.99014417168	1.4560583944945564	56297.91363439833
0.01834562988556372	0.018812081458268758	0.018578855671916236	0.10596599994981792	52370.820834525235	1.5620243944443744	56012.97642754139
0.018812081458268758	0.0192878620624279	0.01904997176034833	0.1128868657490616	52025.41711874845	1.674911260193436	55725.1079466059
0.019287862062427896	0.019773158278670218	0.019530510170549055	0.1202056636730251	51672.40084239044	1.795116923866461	55433.97271128917
0.019773158278670218	0.020268160419237388	0.020020659348953803	0.12860915985510135	51579.37608811271	1.9237260837215626	55158.39559900633
0.020268160419237388	0.0207730626026159	0.020520611510926642	0.137290545570655	51383.18395935035	2.061016629292218	54889.755571472386
0.0207730626026159	0.02128806282966198	0.021030562716138942	0.14611983659864558	51046.78614128644	2.2071364658908634	54617.541441960704
0.02128806282966198	0.021813363061248984	0.021550712945455484	0.15544997585085962	50702.388193288134	2.362586441741723	54341.4490011243
0.021813363061248984	0.022349169297467726	0.022081266179358357	0.16530420575188298	50349.71543417155	2.527890647493606	54061.17961415144
0.02234916929746773	0.022895691658410846	0.022622430477939288	0.176231074343991	50137.77334919226	2.704121721837597	53786.87645157002
0.022895691658410842	0.02345314446657282	0.023174418062491833	0.18839516779137666	50074.10231402385	2.8925168896289737	53528.374830101835
0.02345314446657282	0.024021746330898038	0.02373744539873543	0.20025513591686916	49736.68054752136	3.092772025545843	53265.44622270424
0.024021746330898045	0.02460172023250977	0.024311733281703905	0.21277276097236664	49390.710438263086	3.3055447865182095	52997.8205241315
0.02460172023250977	0.025193293612153726	0.024897506922331746	0.22597746618272918	49035.93863280898	3.5315222527009387	52725.23128168096
0.025193293612153722	0.02579669845939056	0.02549499603577214	0.2407960735947432	48854.05001695324	3.772318326295682	52459.88601509851
0.02579669845939056	0.026412171403572132	0.026104434931481346	0.25707947971350276	48775.29116495327	4.029397806009184	52208.25952938036
0.026412171403572136	0.02703995380663734	0.02672606260510474	0.2729390710472348	48434.71803699479	4.302336877056419	51951.48519175215
0.02703995380663734	0.027680291857763845	0.027360122832200594	0.28965933954101253	48085.313661262815	4.5919962165974315	51689.331729929625
0.027680291857763845	0.028333436669912882	0.028006864263838364	0.3072776670903963	47726.87459934054	4.899273883687828	51421.57141879017
0.028333436669912882	0.0289996443783049	0.028666540524108892	0.3281375280460299	47694.27676241165	5.227411411733858	51170.546557714435
0.028999644378304903	0.02967917624086476	0.029339410309584833	0.34903952595854193	47482.409118942836	5.5764509376924	50922.972677337966
0.02967917624086476	0.030372298740675815	0.03002573749077029	0.37016135128181116	47137.284398911295	5.946612288974211	50669.664176175356
0.030372298740675818	0.031079283690483094	0.030725791215579456	0.39240445524266043	46783.05581481081	6.339016744216871	50410.41671453044
0.031079283690483087	0.03180040833928651	0.031439846014884795	0.41674797575019884	46523.61300956121	6.75576471996707	50151.94919604909
0.03180040833928651	0.032535955481066	0.03216818191017626	0.4450976832882745	46533.20906261455	7.2008624032553445	49912.02700313941
0.032535955481066005	0.03328621356568108	0.032911084523373546	0.47172315559192945	46191.64744416501	7.672585558847274	49666.08698677002
0.03328621356568108	0.03405147681198846	0.03366884518883477	0.4997470948912941	45841.03562468262	8.172332653738568	49413.949938955804
0.03405147681198846	0.03483204532322199	0.03444176106760523	0.5292277736515487	45481.25588581098	8.701560427390117	49155.44145483059
0.03483204532322199	0.03562822520468019	0.03523013526395109	0.5654157734639504	45530.22030176402	9.266976200854067	48917.794913575905
0.03562822520468018	0.036440328683767544	0.03603427694422386	0.5996230498383053	45248.80125554975	9.866599250692373	48677.92115736093
0.036440328683767544	0.037268674232436655	0.036854501458102096	0.6348608094092523	44901.17930421322	10.501460060101625	48431.64768643769
0.037268674232436655	0.03811358669207914	0.0376911304622579	0.6719121901078857	44544.53492383237	11.17337225020951	48178.82434837115
0.03811358669207915	0.03897539740091449	0.03854449204649682	0.7157588565237418	44483.836353359824	11.889131106733252	47939.09717622614
0.038975397400914484	0.03985444432392653	0.0394149208624205	0.7604114060817011	44308.53405436864	12.649542512814953	47704.125048972455
0.03985444432392653	0.040751072185398814	0.040302758254662674	0.8046413469318097	43963.55467598926	13.454183859746763	47462.61141854317
0.040751072185398814	0.04166563260410055	0.04120835239474968	0.8511255393256043	43609.69300611461	14.305309399072367	47214.425089041004
0.04166563260410054	0.042598484231176306	0.042132058417638424	0.9048493713502772	43482.12444107287	15.210158770422645	46974.55775556107
0.04259848423117632	0.0435499928907936	0.04307423856098496	0.9622211256361624	43370.99650365574	16.172379896058807	46743.48192607535
0.043549992890793594	0.04452053172360322	0.04403526230719841	1.0176448925850465	43028.35281652368	17.190024788643854	46505.772824718675
0.044520531723603214	0.04551048133306903	0.04501550652833612	1.0758694075063175	42677.09216666889	18.26589419615017	46261.32229294219
0.045510481333069036	0.04652022993472417	0.0460153556338966	1.1423797199258736	42517.17178632673	19.408273916076045	46022.76909234475
0.04652022993472417	0.047550173508412404	0.04703520172156829	1.2151291470511296	42436.129614096644	20.623403063127174	45794.71941176717
0.04755017350841241	0.04860071595357441	0.048075444730993414	1.2844740062250573	42095.72075323828	21.90787706935223	45559.99679754721
0.04860071595357442	0.04967226924763966	0.04913649260060704	1.3572928657983994	41746.91708714154	23.26516993515063	45318.50942350663
0.04967226924763965	0.05076525360758619	0.05021876142761292	1.4403813894554176	41581.921312400336	24.70555132460605	45082.320304011555
0.0507652536075862	0.05188009765473167	0.051322675631158936	1.53161774754847	41504.07612241471	26.23716907215452	44856.56464326055
0.051880097654731665	0.05301723858282005	0.052448668118775854	1.6182522209623436	41165.75797512906	27.855421293116862	44624.13502351591
0.05301723858282006	0.05417712232947021	0.05359718045614513	1.7091969288721884	40819.43045254503	29.56461822198905	44384.963376699314
0.0541771223294702	0.055360203751053355	0.054768663040261775	1.813779818543022	40670.44277397921	31.378398040532073	44151.8716884463
0.055360203751053355	0.05656694680106817	0.05596357527606076	1.9271207181341445	40574.812260107006	33.30551875866622	43927.79239183133
0.05656694680106818	0.057797824712083286	0.057182385756575735	2.0352166329952723	40238.750877445316	35.34073539166149	43697.08760517727
0.05779782471208328	0.059053320181318696	0.05842557244670099	2.148650709214145	39894.97002705204	37.489386100875635	43459.70349170728
0.0590533201813187	0.06033392555993882	0.059693622870628765	2.2810524532049357	39777.50651575955	39.77043855408057	43230.17776302116
0.06033392555993882	0.06164014304613134	0.06098703430303508	2.420722090476083	39648.60801574493	42.19116064455665	43007.27734718345
0.06164014304613134	0.06297248488204772	0.06230631396408953	2.5554160647229267	39314.741508799445	44.74657670927958	42777.82642184764
0.06297248488204771	0.06433147355468241	0.06365197921836506	2.696725302280221	38973.614721817255	47.4433020115598	42541.794038299915
0.06433147355468241	0.06571764200076981	0.06502455777772612	2.8650338975620357	38898.47998750847	50.30833590912184	42316.07966451131
0.06571764200076981	0.06713153381577895	0.06642458790827438	3.0359600525014656	38725.39654968687	53.3442959616233	42093.94878345797
0.06713153381577895	0.06857370346708827	0.0678526186414336	3.2036150984385827	38394.10430242896	56.547911060061885	41865.390041868806
0.06857370346708827	0.07004471651142379	0.06930920998925602	3.3794572296470378	38055.93240496199	59.92736828970892	41630.387272259904
0.07004471651142379	0.071545149816646	0.0707949331640349	3.59392213493674	38029.577044834004	63.52129042464566	41408.55833423624
0.071545149816646	0.07307559178797267	0.07231037080230934	3.8018918909414694	37805.557175676295	67.32318231558713	41186.89039213644
0.07307559178797267	0.07463664259872586	0.07385611719334927	4.010317338935636	37476.81931748776	71.33349965452277	40958.93317330644
0.07463664259872586	0.07622891442569413	0.07543277851221	4.228874483343674	37141.66639992476	75.56237413786644	40724.68937161732
0.07622891442569411	0.07785303168920174	0.07704097305744792	4.502438288946649	37167.29200209561	80.06481242681309	40506.66550771013
0.07785303168920174	0.07950963129797951	0.07868133149359063	4.754272068824832	36889.02427594594	84.81908449563792	40285.221195541555
0.07950963129797951	0.08119936289893284	0.08035449709845618	5.013131838004043	36563.280795548715	89.83221633364197	40057.665920078434
0.08119936289893284	0.08292288913190524	0.08206112601541904	5.286953923674602	36248.23419860167	95.11917025731657	39825.035245591214
0.08292288913190525	0.0846808858895371	0.08380188751072118	5.630857962143821	36293.02024073121	100.75002821946038	39609.59382014303
0.08468088588953708	0.08647404258232155	0.08557746423592932	5.937144354502394	35976.15833532109	106.68717257396277	39388.21586097367
0.08647404258232155	0.08830306240896171	0.08738855249564163	6.258292915185962	35653.54057426341	112.94546548914873	39160.92071334653
0.08830306240896173	0.0901686626321347	0.08923586252054821	6.608968316804038	35400.59416467478	119.55443380595277	38932.3117863738
0.09016866263213469	0.09207157485977112	0.09112011874595291	7.024875510727284	35380.639137585196	126.57930931668005	38716.61654454101
0.09207157485977113	0.09401254533196028	0.09304206009586571	7.404543806694008	35066.71865125071	133.98385312337405	38495.18583562132
0.09401254533196027	0.09599233521359321	0.09500244027277674	7.802598474933745	34747.61937195851	141.7864515983078	38268.06066491079
0.09599233521359321	0.09801172089285881	0.09700202805322601	8.250618466064537	34552.54611096078	150.03707006437233	38043.101980826614
0.0980117208928588	0.1000714942857097	0.09904160758928425	8.752752078365404	34471.82722864234	158.78982214273773	37827.087024023094
0.10007149428570972	0.10217246314641765	0.10112197871606368	9.22295933782948	34161.27518273209	168.0127814805672	37605.56536744699
0.10217246314641763	0.10431545138433972	0.10324395726537867	9.715842569947824	33845.89017149911	177.72862405051504	37378.58394085375
0.10431545138433973	0.10650129938702026	0.10540837538567999	10.286192177106386	33702.25874894109	188.01481622762142	37156.837725179306
0.10650129938702026	0.10873086434975439	0.10761608186838732	10.89195540719328	33566.4933757782	198.9067716348147	36940.471806050235
0.10873086434975437	0.1110050206117432	0.10986794248074878	11.473657606877566	33259.38621391552	210.38042924169227	36718.83233939319
0.1110050206117432	0.11332465999897179	0.11216484030535749	12.083375238764432	32947.99268630832	222.4638044804567	36491.98406330376
0.11332465999897177	0.11569069217394494	0.11450767608645836	12.806437403734435	32848.32037786024	235.27024188419114	36272.971221799125
0.11569069217394495	0.11810404499241757	0.11689736858318125	13.537346026675891	32664.645763847668	248.80758791086706	36056.26152037533
0.11810404499241758	0.12056566486725966	0.11933485492983861	14.256362245318854	32361.440861997446	263.0639501561859	35834.53650706616
0.12056566486725963	0.12307651713959854	0.12182109100342908	15.009910324829661	32054.331842711694	278.0738604810156	35607.86732395694
0.12307651713959855	0.12563758645738424	0.1243570517984914	15.921965404781986	31989.63569219448	293.99582588579756	35391.07875233257
0.12563758645738424	0.12824987716152564	0.12694373180945495	16.80494034826586	31766.38229292471	310.8007662340634	35174.06793735512
0.12824987716152564	0.13091441367974987	0.12958214542063776	17.692718345942808	31467.14845748973	328.4934845800062	34952.29971101304
0.13091441367974987	0.13363224092833859	0.13227332730404423	18.62307769039137	31164.48159298075	347.1165622703976	34725.85702286675
0.13363224092833859	0.13640442472189906	0.13501833282511883	19.76728005798782	31125.353481818416	366.8838423283854	34510.766199939295
0.13640442472189906	0.13923205219133075	0.1378182384566149	20.8362046117677	30871.514367360403	387.7200469401531	34293.51283759925
0.1392320521913308	0.14211623221015113	0.14067414220074098	21.931299426989142	30576.54230564885	409.65134636714225	34071.77212145252
0.1421162322101511	0.14505809582934784	0.14358716401974947	23.078821352477178	30278.530809947468	432.73016771961943	33845.63348303525
0.14505809582934784	0.1480587967209285	0.14655844627513817	24.505643601294253	30254.96578249536	457.2358113209137	33631.712489917445
0.1480587967209285	0.1511195116303408	0.14958915417563465	25.80357990764452	29980.015676867948	483.0393912285582	33414.29594686914
0.1511195116303408	0.1542414408379413	0.15268047623414105	27.1529272593844	29689.412121985217	510.1923184879426	33192.66216344244
0.1542414408379413	0.15742580862969385	0.15583362473381757	28.569774298774234	29399.25097492026	538.7620927867168	32967.09075204079
0.15742580862969385	0.16067386377728143	0.15904983620348764	30.33179162770614	29375.36421971747	569.093884414423	32753.641938547105
0.16067386377728143	0.16398688002782077	0.16233037190255112	31.91666136181061	29091.71898625569	601.0105457762336	32536.15090580031
0.16398688002782077	0.1673661566033709	0.16567651831559582	33.57748211798457	28805.64137987039	634.5880278942182	32314.715434126538
0.1673661566033709	0.17081301871043203	0.16908958765690146	35.32987473433445	28527.22681446983	669.9179026285526	32090.026147103752
0.170813018710432	0.17432881805963435	0.1725709183850332	37.48122757911153	28485.87859114312	707.3991302076641	31876.33300541543
0.17432881805963435	0.17791493339582073	0.17612187572772753	39.429749481845306	28206.441018042362	746.8288796895094	31658.861083991098
0.17791493339582073	0.18157277103873085	0.1797438522172758	41.4714697306033	27924.92786211687	788.3003494201128	31437.713021009244
0.18157277103873087	0.1853037654344992	0.18343826823661502	43.622354438778984	27649.022787669513	831.9227038588917	31213.43998015062
0.18530376543449914	0.1891093797181828	0.187206572576341	46.25801659302283	27599.12002479638	878.1807204519146	30999.599191100977
0.18910937971818284	0.19299110628754018	0.1910502430028615	48.65064235108093	27323.960303210544	926.8313628029955	30782.24036770145
0.19299110628754018	0.19695046738828467	0.1949707868379124	51.157449203137276	27047.04927441155	977.9888120061328	30561.469299925746
0.19695046738828464	0.20098901571104402	0.19896974154966435	53.7834826689641	26768.54659308078	1031.7722946750969	30337.394744998262
0.20098901571104408	0.20510833500025866	0.20304867535565135	57.01002421309613	26711.648399192305	1088.782318888193	30123.298319234873
0.20510833500025863	0.2093100406752575	0.20720918783775805	59.95083276478749	26443.980667800315	1148.7331516529805	29906.139797025626
0.2093100406752575	0.21359578046375632	0.2114529105695069	63.02432341523354	26171.603210669047	1211.757475068214	29685.822818574634
0.21359578046375632	0.21796723504802512	0.21578150775589072	66.24347020370783	25897.863674289103	1278.0009452719219	29462.45419593297
0.21796723504802512	0.2224261187239793	0.2201966768860022	70.12947235818001	25812.389155197237	1348.1304176301019	29247.311299834833
0.22242611872397927	0.22697418007345255	0.2247001493987159	73.77708301771077	25566.05700299248	1421.9075006478126	29030.42327721888
0.22697418007345255	0.23161320264991528	0.22929369136168393	77.53945326456119	25298.068175689954	1499.4469539123738	28810.617153577143
0.23161320264991528	0.23634500567790726	0.23397910416391127	81.47963081654939	25029.004814482316	1580.9265847289232	28588.002073977437
0.23634500567790728	0.2411714447664591	0.2387582252221832	86.1255227103577	24909.42510523011	1667.052107439281	28371.540032890807
0.24117144476645908	0.24609441263678192	0.2436329287016205	90.66621123333061	24690.043433738356	1757.7183186726115	28154.992047565327
0.24609441263678195	0.25111583986451125	0.2486051262506466	95.26491919009504	24426.4887257938	1852.9832378627066	27935.76427953315
0.25111583986451125	0.25623769563679516	0.2536767677506532	100.0802420414393	24162.117608899152	1953.0634799041459	27713.966640908555
0.2562376956367951	0.2614619885245247	0.25884984208065986	105.59159287238163	24003.877956567703	2058.6550727765275	27495.985995843625
0.2614619885245247	0.26679076727000883	0.2641263778972668	111.26218448289774	23816.160466586294	2169.9172572594252	27279.862459397587
0.26679076727000883	0.27222612159040266	0.2695084444302057	116.87410312320299	23557.0602280982	2286.791360382628	27061.293156217816
0.2722261215904027	0.2777701829972044	0.27499815229380353	122.7497052826966	23297.445322873446	2409.541065665325	26840.391623073858
0.2777701829972044	0.28342512563214217	0.2805976543146733	129.23452056949145	23097.112893127978	2538.7755862348163	26620.772904748632
0.28342512563214217	0.28919316711977866	0.2863091463759604	136.33565628985343	22944.89532014525	2675.1112425246697	26405.181361884217
0.28919316711977866	0.29507656943716787	0.29213486827847324	143.17315315814494	22690.376788566555	2818.2843956828146	26187.378758207222
0.2950765694371678	0.3010776398009048	0.2980771046190363	150.33056486247733	22435.554070666236	2968.614960545292	25967.476895146374
0.30107763980090485	0.3071987315719166	0.3041381856864107	157.8933234285546	22190.569614296044	3126.5082839738466	25746.17518223308
0.30719873157191663	0.3134422451783486	0.3103204883751326	166.80606507657967	22076.86292038625	3293.3143490504262	25531.24473078175
0.31344224517834857	0.31981062905690916	0.31662643711762883	175.12218730267296	21826.95163285681	3468.436536353099	25314.331451946688
0.3198106290569092	0.326306380613041	0.3230585048349751	183.82611633653005	21576.994598194076	3652.2626526896292	25095.548642423877
0.326306380613041	0.33293204720029546	0.32961921390666826	192.93567750966668	21327.18033605305	3845.198330199296	24875.013891901603
0.3329320472002955	0.33969022711929503	0.33631113715979527	203.39322704782398	21173.84649458867	4048.59155724712	24658.47411345948
0.33969022711929503	0.34658357063667455	0.3431368988779848	213.86428491590914	20967.614775865863	4262.455842163029	24442.598191812307
0.3465835706366745	0.35361478102440164	0.35009917583053807	224.42995303622683	20722.59252243588	4486.885795199256	24225.07754135399
0.35361478102440164	0.3607866156198833	0.35720069832214246	235.48547529327152	20477.871266464666	4722.371270492527	24006.025626220948
0.3607866156198833	0.3681018869072746	0.36444425126357893	247.44367593394963	20265.59078029681	4969.814946426477	23787.427495476597
0.36810188690727463	0.37556346362041376	0.3718326752638442	260.75222860105714	20113.047560080708	5230.567175027534	23572.745515058632
0.3755634636204137	0.3831742718678156	0.37936886774411466	273.55332029814235	19872.99868319498	5504.1204953256765	23356.63646120525
0.38317427186781555	0.3909372962801655	0.38705578407399055	286.9454071982527	19633.45719918267	5791.065902523929	23139.212942290946
0.39093729628016555	0.3988555811807625	0.394896438730464	300.9543808629587	19394.504858508473	6092.020283386888	22920.585682550256
0.3988555811807624	0.40693223177937127	0.40289390648006684	316.9032837020259	19234.88694727508	6408.923567088914	22705.455148810568
0.40693223177937127	0.4151704153899523	0.4110513235846618	332.8657930302743	19029.229209861678	6741.789360119188	22490.927951036934
0.4151704153899523	0.4235733626727449	0.4193718890313486	349.05426369856104	18794.824846771033	7090.843623817749	22275.290489608455
0.423573362672745	0.43214436890119345	0.4278588657869692	365.9855003736302	18561.223958210816	7456.829124191379	22058.653923054426
0.4321443689011934	0.4408867952542109	0.43651558207770214	383.8352980970758	18335.343285095187	7840.664422288455	21841.52621311136
0.4408867952542108	0.44980407013428864	0.44534543269424975	404.3301651069378	18192.21623829717	8244.994587395393	21628.760062784164
0.4498040701342887	0.45889969051196805	0.45435188032312834	423.8573621604464	17962.97965386148	8668.85194955584	21415.07906881621
0.4588996905119681	0.468177223297201	0.46353845690458456	444.27570917796584	17734.7131460227	9113.127658733805	21200.592576257462
0.4681772232972011	0.4776403067381387	0.4729087650176699	465.6211651229587	17507.372071835915	9578.748823856764	20985.400896962186
0.47764030673813856	0.4872926518478949	0.4824664792930167	488.62693583474174	17305.57060753675	10067.375759691506	20771.03234539699
0.48729265184789494	0.4971380438598464	0.49221534785387067	513.7502015048594	17138.955294243253	10581.125961196365	20559.487179419648
0.49713804385984633	0.5071803437120368	0.5021591937859415	538.3152570749698	16915.94753857274	11119.441218271335	20347.315209877135
0.5071803437120368	0.517423489561271	0.5123019166366539	563.9879730908979	16693.99168546492	11683.429191362233	20134.61361204707
0.5174234895612712	0.5278714983274901	0.5226474939443806	590.8189107455291	16473.230984617876	12274.248102107762	19921.482198039266
0.5278714983274901	0.5385284672690335	0.5331999827982619	619.821058563226	16279.01235152339	12894.069160670988	19709.49011906833
0.5385284672690335	0.5493985755894076	0.5439635214292206	651.0038746229966	16105.930937189889	13545.073035293985	19499.799885597775
0.5493985755894077	0.5604860860761894	0.5549423308327985	681.8058511342097	15889.369401193122	14226.878886428194	19289.746380494715
0.5604860860761894	0.5717953467727067	0.5661407164244481	713.9838823309092	15674.045628892929	14940.862768759103	19079.422143941974
0.5717953467727067	0.5833307926831544	0.5775630697279306	747.5969337116403	15460.017873619023	15688.459702470744	18868.917685952143
0.5833307926831544	0.595096947511811	0.5892138700974827	783.3914156638602	15260.685084003277	16471.851118134604	18659.097374688678
0.5950969475118111	0.6070984254370408	0.601097686474426	822.5689326785796	15094.654196895202	17294.420050813183	18451.85674576412
0.6070984254370407	0.619339932920775	0.6132191791789079	861.0530523392408	14884.671793451875	18155.473103152424	18244.489376773312
0.619339932920775	0.631826270554184	0.6255831017374796	901.2402361207351	14676.118127107931	19056.71333927316	18037.08507580473
0.631826270554184	0.6445623349402613	0.6381943027472227	943.1906660051718	14468.853700154707	19999.90400527833	17829.7202956489
0.6445623349402613	0.65755312061406	0.6510577277771606	986.9824885891321	14262.996002533466	20986.886493867463	17622.473851530554
0.65755312061406	0.6708037220013348	0.6641784213076973	1035.691294506305	14099.41016355972	22022.57778837377	17417.794102863274
0.6708037220013346	0.6843193354163548	0.6775615287088448	1084.1121462074261	13903.26198132304	23106.689934581194	17213.639122915985
0.6843193354163548	0.6981052610996754	0.6912122982580151	1134.1007256242483	13701.512836828684	24240.790660205443	17009.65240625746
0.6981052610996754	0.7121669052966624	0.7051360831981689	1186.25422287533	13501.173949349484	25427.044883080773	16805.905473409766
0.7121669052966624	0.7265097823775891	0.7193383438371257	1240.6692038571055	13302.370884216607	26667.714086937878	16602.47296651216
0.7265097823775891	0.7411395170001344	0.7338246496888617	1298.0656687068076	13111.469696506741	27965.779755644686	16399.794773254212
0.7411395170001344	0.7560618463151305	0.7486006816576325	1360.5576082841217	12946.597144812013	29326.337363928807	16199.33734329792
0.7560618463151304	0.7712826222164265	0.7636722342657785	1422.4899686387907	12751.878866388211	30748.8273325676	15999.238384220787
0.7712826222164265	0.7868078136357485	0.7790452179260875	1487.049347592325	12558.531180597676	32235.876680159923	15799.556048751227
0.7868078136357485	0.8026435088834569	0.7947256612596028	1554.3796890631966	12366.912025184134	33790.25636922312	15600.36587675906
0.8026435088834569	0.8187959180361195	0.8107197134597882	1624.5406776621967	12176.643368915336	35414.79704688532	15401.717076846091
0.8187959180361196	0.8352713753718355	0.8270336467039776	1697.964770910141	11990.03947686487	37112.76181779546	15203.790259299594
0.8352713753718353	0.8520763418542654	0.8436738586130503	1778.120834838046	11829.059382058098	38890.8826526335	15008.029305150876
0.8520763418542654	0.8692174076663441	0.8606468747603048	1857.704642887773	11642.99289442896	40748.587295521276	14812.852615949923
0.8692174076663441	0.8867012947946644	0.8779593512305043	1940.6128170373922	11458.502585929382	42689.20011255867	14618.317158376856
0.8867012947946645	0.9045348596655512	0.8956180772301079	2026.9629778998496	11275.55001534737	44716.16309045852	14424.474360323587
0.9045348596655511	0.9227250958338555	0.9136299777497033	2116.9144175109395	11094.304226882152	46833.07750796946	14231.38246538996
0.9227250958338556	0.9412791367255261	0.9320021162796909	2210.5737472512774	10914.61684815939	49043.651255220735	14039.08773255
0.9412791367255261	0.96020425843503	0.950741697580278	2309.795158788089	10744.48238967746	51353.446414008824	13848.09718476497
0.9602042584350299	0.9795078825787238	0.9698560705068768	2414.050474869604	10579.58702968747	53767.49688887843	13658.63826608469
0.9795078825787238	0.9991975792052916	0.9893527308920077	2519.826775387286	10404.115139177724	56287.323664265714	13470.008524494076
0.9991975792052917	1.0192810697643908	1.0092393244848412	2629.931775241741	10230.40347379609	58917.255439507455	13282.261396247426
1.0192810697643908	1.039766230134672	1.0295236499495313	2744.4799243632588	10058.28280557728	61661.73536387071	13095.437411329427
1.039766230134672	1.0606610937123586	1.0502136619235154	2863.6504508690123	9887.829020898398	64525.385814739726	12909.579149005249
1.0606610937123588	1.0819738545615993	1.071317474136979	2987.6298650273675	9719.110409701714	67513.0156797671	12724.730678405842
1.0819738545615993	1.1037128706278245	1.0928433625947118	3116.589667479173	9552.11891952045	70629.60534724627	12540.933049163908
1.1037128706278245	1.1258866670153744	1.1147997688215994	3254.3549690883083	9397.383374599765	73883.96031633457	12358.834843271325
1.1258866670153742	1.148503939330675	1.1371953031730246	3394.436877755754	9234.92166454627	77278.39719409033	12177.889504631867
1.1485039393306753	1.171573557092282	1.1600387482114787	3539.421628458411	9072.411336144043	80817.81882254874	11998.026950497073
1.171573557092282	1.195104567209121	1.1833390621507016	3690.114608587217	8911.620992880518	84507.93343113596	11819.28361089779
1.195104567209121	1.2191061975282966	1.2071053823687088	3846.728619070229	8752.583469817557	88354.66205020619	11641.695709930933
1.2191061975282966	1.2435878604538557	1.2313470289910762	4009.456313907722	8595.268902371676	92364.1183641139	11465.29564728659
1.243587860453856	1.2685591566379264	1.2560735085458912	4178.533147371316	8439.728693199513	96542.65151148522	11290.1169262717
1.268559156637926	1.2940298787456777	1.2812945176918018	4354.191025886481	8285.984554871193	100896.8425373717	11116.192370718545
1.2940298787456779	1.3200100152955847	1.3070199470206312	4536.625254479761	8133.975917053031	105433.46779185146	10943.549401147427
1.3200100152955847	1.3465097545764897	1.3332598849360373	4729.380101155548	7989.301905408981	110162.84789300701	10772.537969881207
1.3465097545764895	1.3735394886430126	1.360024621609751	4926.6587087892985	7841.389092304454	115089.50660179631	10602.875692335036
1.3735394886430126	1.401109817390866	1.3873246530169392	5130.908841467899	7694.350919131006	120220.41544326421	10434.53467829972
1.401109817390866	1.4292315527136765	1.4151706850522712	5342.896328025716	7549.0591550030385	125563.31177128993	10267.53912083967
1.4292315527136763	1.457915722742943	1.4435736377283095	5562.97668870246	7405.645413189395	131126.2884599924	10101.91943448758
1.4579157227429431	1.487173576172795	1.4725446494578691	5791.416825778608	7264.090871470504	136917.705285771	9937.70318832728
1.487173576172795	1.5170165866712442	1.5020950814220195	6028.471550640243	7124.355573084608	142946.17683641124	9774.914048471037
1.5170165866712444	1.5474564573796623	1.5322365220254532	6274.481696925446	6986.493932303207	149220.65853333668	9613.577465113822
1.5474564573796623	1.5785051255022486	1.5629807914409555	6529.738836589939	6850.486414597133	155750.39736992662	9453.716290451446
1.5785051255022486	1.6101747669872868	1.5943399462447676	6794.590252522961	6716.362467095266	162544.98762244958	9295.353763285028
1.6101747669872866	1.6424778013020254	1.626326284144656	7069.325320140226	6584.080695281297	169614.3129425898	9138.509388395167
1.6424778013020256	1.6754268963030592	1.6589523488025424	7354.337575778656	6453.690092188505	176968.65051836846	8983.204381880998
1.6754268963030592	1.7090349732041135	1.6922309347535864	7651.067520862067	6326.084285994773	184619.71803923053	8829.510427351317
1.709034973204113	1.7433152116431883	1.7261750924236505	7958.994601709972	6200.411993560879	192578.7126409405	8677.445821522118
1.7433152116431885	1.7782810548510453	1.7607981332471168	8276.922743982112	6075.494361708066	200855.6353849226	8526.959628573453
1.7782810548510457	1.8139462149230596	1.7961136348870528	8606.643028305552	5952.478830858933	209462.27841322817	8378.070234904993
1.8139462149230594	1.8503246781965137	1.8321354465597866	8948.639242196165	5831.407140863068	218410.91765542433	8230.797382732899
1.8503246781965135	1.8874307107354367	1.868877694465975	9303.344007913198	5712.269211992684	227714.26166333753	8085.159094770058
1.887430710735437	1.9252788639251386	1.9063547873302877	9671.200245473534	5595.05158250315	237385.46190881106	7941.171578371388
1.9252788639251386	1.9638839801786343	1.9445814220518864	10052.73492508175	5479.7781210434205	247438.1968338928	7798.851489258619
1.9638839801786343	2.0032611987571998	1.983572589467917	10448.445265741408	5366.440429556538	257886.64209963422	7658.214039818675
2.0032611987571998	2.0434259617073365	2.023343580232268	10858.912351999024	5255.060534056678	268745.55445163324	7519.274841718767
2.0434259617073365	2.084394019916476	2.063909990811906	11284.673427075497	5145.623251547694	280030.22787870874	7382.047731502991
2.084394019916476	2.1261814392897986	2.1052877296031376	11726.305786022742	5038.121336832666	291756.5336647315	7246.545332332446
2.126181439289799	2.1688046070505878	2.1474930231701936	12184.519766546611	4932.590355369795	303941.0534312781	7112.78159902084
2.1688046070505878	2.2122802381665925	2.19054242260859	12659.918563120184	4829.0039512350495	316600.9719943983	6980.768161363987
2.212280238166592	2.2566253819049167	2.234452810035754	13153.232440805703	4727.373707586332	329754.204435204	6850.5166518073775
2.256625381904917	2.3018574285180082	2.2792414052114625	13665.21034585149	4627.701241958884	343419.4147810555	6722.0381291758085
2.3018574285180082	2.347994116063361	2.3249257722906846	14196.648946062487	4529.988853801279	357616.06372711796	6595.34315123266
2.347994116063361	2.395053537359621	2.371523826711491	14748.418453676277	4434.2458642479905	372364.48218079424	6470.442209436009
2.395053537359621	2.4430541470818063	2.4190538422207135	15321.359454295598	4340.4560654246925	387685.84163508983	6347.344257282943
2.4430541470818063	2.4920147689984353	2.467534458040121	15916.44912267971	4248.627883668645	403602.29075776954	6226.05822295274
2.4920147689984353	2.5419546033533966	2.516984686175916	16534.675347079814	4158.754817279487	420136.96610484936	6106.592147999167
2.5419546033533966	2.5928932343954574	2.567423918874427	17177.098983043747	4070.832874979409	437314.0650878931	5988.953383680548
2.5928932343954574	2.6448506380583594	2.6188719362269084	17844.856341103732	3984.859215263825	455158.92142899684	5873.148697280574
2.644850638058359	2.6978471897945187	2.6713489139264386	18539.11407527956	3900.8210112788265	473698.0355042764	5759.183728854397
2.697847189794519	2.751903672565402	2.7248754311799606	19261.193980638694	3818.721684766917	492959.2294849151	5647.063995253408
2.7519036725654016	2.807041284991702	2.779472478778552	20012.47509327723	3738.556821989723	512971.7045781923	5536.794444432005
2.8070412849917026	2.863281649666529	2.835161467329116	20794.49789206905	3660.3331054726323	533766.2024702614	5428.380129381366
2.8632816496665288	2.920646821634852	2.8919642356506903	21608.87184502976	3584.0483057795473	555375.0743152911	5321.825687058085
2.920646821634852	2.9791592970425413	2.9499030593386966	22457.40685217909	3509.7125114743008	577832.4811674702	5217.136074004284
2.979159297042542	3.038842021958385	3.0090006595004635	23342.02423593297	3437.329809622296	601174.5054034032	5114.3162010301485
3.038842021958385	3.099718401372545	3.069280211665465	24264.881478947704	3366.9152082724786	625439.3868823509	5013.371566647517
3.099718401372545	3.1618123083749885	3.130765354873767	25228.324541495997	3298.483254292913	650667.7114238469	4914.308196306687
3.161812308374988	3.2251480935174803	3.193480200946234	26234.992589250207	3232.058642471141	676902.7040130971	4817.133197991905
3.2251480935174803	3.2897505943628222	3.2574493439401513	27287.794232953805	3167.6680275802273	704190.4982460509	4721.854812685398
3.2897505943628227	3.3556451452250715	3.322697869793947	28390.015985670965	3105.348392684704	732580.5142317219	4628.482945283535
3.355645145225072	3.422857587104566	3.389251366164819	29545.350034560775	3045.1438233458093	762125.8642662826	4537.029478458401
3.422857587104566	3.4914142778216495	3.4571359324631077	30758.042729654582	2987.114308601189	792883.9069959372	4447.509076687636
3.491414277821649	3.5613421023530742	3.5263781900873616	32033.133626419585	2931.3490776726558	824917.0406223568	4359.940714032188
3.5613421023530742	3.632668483375128	3.597005292864101	33375.98831779626	2877.913241720133	858293.0289401531	4274.346031775863
3.6326684833751277	3.7054213920176227	3.669044937696375	34793.544915675186	2826.950228751993	893086.5738558283	4190.753707142181
3.705421392017622	3.779629358832967	3.7425253754252945	36294.217046936974	2778.64649955319	929380.7909027652	4109.2015314291775
3.7796293588329672	3.8553214849846187	3.817475421908793	37888.48916078289	2733.253997325884	967269.2800635481	4029.739664384722
3.855321484984619	3.932527453659304	3.8939244693219615	39590.094085691264	2691.141414854536	1.0068593741492394e6	3952.4366609239305
3.9325274536593033	4.011277541707481	3.9719024976833923	41417.61667378177	2652.8506934735915	1.0482769908230212e6	3877.3884118344827
4.011277541707481	4.091602631516623	4.051440086612052	43399.131007051095	2619.3098863546807	1.0916761218300723e6	3804.738859303673
4.091602631516623	4.173534223121948	4.132568427319285	45589.198053937405	2592.664762821492	1.1372653198840097e6	3734.747534991342
4.173534223121948	4.257104446559379	4.215319334840663	48140.64460431738	2579.736142577455	1.185405964488327e6	3668.0528301646127
4.257104446559379	4.342346074465558	4.299725260512469	50881.42669602623	2569.2244396317988	1.2362873911843533e6	3604.6037690461444
4.342346074465559	4.429292534929862	4.38581930469771	53620.69277315936	2551.2613920990707	1.2899080839575126e6	3543.7825223784284
4.4292925349298615	4.517977924603451	4.473635229766656	56355.38585183513	2526.6094887420154	1.3462634698093478e6	3485.0510052040313
4.51797792460345	4.608437022070511	4.5632074733369805	59101.27346697217	2496.7788238362577	1.40536474327632e6	3427.9894298757026
4.608437022070511	4.700705301486913	4.654571161778712	61877.969778366154	2463.2029704658917	1.467242713054686e6	3372.2850464579847
4.700705301486913	4.794818946491643	4.747762123989277	64570.88634833787	2422.044768427251	1.531813599403024e6	3317.4216400363694
4.794818946491643	4.890814864396467	4.842816905444055	67328.8181552994	2379.731951903362	1.5991424175583234e6	3263.2839389574237
4.890814864396468	4.988730700659389	4.939772782527928	70100.54575943504	2334.6965001431954	1.6692429633177584e6	3209.672806635768
4.988730700659389	5.088604853647568	5.038667777153478	72874.18608071492	2286.99427001499	1.7421171493984733e6	3156.403840724545
5.088604853647569	5.190476489695512	5.13954067167154	75604.60520177544	2235.745019988005	1.8177217546002488e6	3103.252478174542
5.190476489695511	5.294385558464413	5.242431024079962	78321.49844613811	2182.4183419778115	1.8960432530463869e6	3050.091974070748
5.294385558464413	5.400372808608692	5.347379183536552	81209.46085200598	2132.2933827062907	1.9772527138983929e6	2997.107671765681
5.400372808608693	5.508479803755858	5.454426306182276	83883.10601289826	2075.3840228088256	2.0611358199112911e6	2943.8977193195965
5.508479803755859	5.618748938805967	5.563614371280913	86313.0312587351	2012.260860662057	2.147448851170026e6	2890.1164236453424
5.618748938805966	5.731223456557077	5.6749861976815215	89430.27681562817	1964.6117454303571	2.2368791279856544e6	2836.6900345117933
5.7312234565570765	5.845947464663209	5.788585460610143	91817.61301111383	1900.6524437089074	2.328696740996768e6	2782.6565163012897
5.845947464663211	5.962965952931467	5.904456708797339	94647.96448997455	1846.1748514842063	2.423344705486743e6	2728.5982481406004
5.962965952931466	6.082324810965086	6.022645381948276	97357.42215136485	1789.4342595746011	2.5207021276381076e6	2674.386012919313
6.082324810965086	6.204070846159379	6.143197828562233	100104.39829162136	1733.7451235071346	2.620806525929729e6	2620.0893791281396
6.20407084615938	6.328251802057558	6.266161324108468	103057.15976312058	1681.8836535440182	2.7238636856928496e6	2565.934145361627
6.328251802057558	6.4549163770737	6.3915840895656295	104854.49524085922	1612.4668409080075	2.828718180933709e6	2510.898812671212
6.454916377073701	6.584114243590166	6.519515310331934	108293.56171210669	1569.2516708863684	2.9370117426458155e6	2456.5465601276164
6.584114243590165	6.71589606743696	6.650005155513563	110060.36048575724	1502.8214210729054	3.0470721031315727e6	2401.4979605080416
6.715896067436961	6.850313527760691	6.783104797598826	113885.95733316895	1465.3229837941828	3.1609580604647417e6	2347.4631182755443
6.85031352776069	6.987419337290895	6.9188664325257925	115460.8614028776	1399.8611699362716	3.2764189218676193e6	2292.769489370802
6.987419337290895	7.127267263011704	7.057343300151299	117744.0043356577	1345.1670154066264	3.394162926203277e6	2238.076578890452
7.127267263011705	7.269912147246929	7.198589705129317	120402.79280131776	1296.1684413785022	3.5145657190045947e6	2183.713058909076
7.269912147246929	7.4154099291668585	7.342661038206893	122985.54711199412	1247.5750194607522	3.637551266116589e6	2129.6832789929476
7.415409929166858	7.5638176667251855	7.489613797946022	125546.44502244378	1200.0655083547522	3.7630977111390326e6	2076.0305125110626
7.5638176667251855	7.71519355903468	7.639505612879933	128160.01774112973	1154.3599761302028	3.8912577288801624e6	2022.8370923413443
7.715193559034678	7.869596969190362	7.79239526411252	130893.33066889457	1110.9502478896507	4.022151059549057e6	1970.208982045252
7.869596969190363	8.027088447549161	7.948342708369762	131924.94749050587	1055.097584750683	4.154076007039563e6	1917.3954137530561
8.027088447549161	8.187729755475134	8.107409101512147	133858.67197580542	1008.7906115852469	4.287934679015368e6	1864.9579836717026
8.187729755475134	8.351583889559627	8.26965682251738	137730.1153217014	978.0756816524454	4.42566479433707e6	1813.7748012206846
8.351583889559627	8.51871510632581	8.435149497942719	141304.55205138493	945.5596641044793	4.566969346388455e6	1763.6695001274143
8.51871510632581	8.689188947427317	8.603952026876563	138780.18132069986	875.0838562064805	4.705749527709154e6	1712.389178726778
8.689188947427317	8.863072265350853	8.776130606389085	145324.59113432746	863.4773788997077	4.851074118843482e6	1663.398976166396
8.863072265350853	9.04043324963286	8.951752757491857	144127.65405105613	806.9544097638185	4.995201772894538e6	1613.9745955037044
9.04043324963286	9.221341453600507	9.130887351616684	149394.6037888322	788.1821742158163	5.14459637668337e6	1566.3196173385088
9.221341453600507	9.405867821647508	9.313604637624007	148302.85081560258	737.2782107934243	5.292899227498973e6	1518.4776424477188
9.405867821647508	9.594084717055448	9.499976269351478	154423.2422935702	723.4107370656711	5.447322469792543e6	1472.5967204877063
9.594084717055447	9.786065950371546	9.690075333713496	151477.42763173394	668.6683505595086	5.598799897424277e6	1426.2048925985807
9.786065950371546	9.981886808353966	9.883976379362757	158091.1426917147	657.5989672069433	5.756891040115992e6	1381.851830075037
9.981886808353966	10.181624083496034	10.081755445925001	156996.52310462855	615.367460162379	5.91388756322062e6	1337.6216176007977
10.181624083496034	10.385356104140945	10.28349009381849	157855.3273062259	583.0352511226359	6.071742890526846e6	1294.0783921200946
10.385356104140945	10.593162765198754	10.48925943466985	163340.19974267203	568.4861588953713	6.235083090269518e6	1252.2086518172928
10.593162765198754	10.805125559477718	10.699144162338236	164100.75216678344	538.1815295622841	6.3991838424363015e6	1211.0066393950044
10.805125559477718	11.021327609642261	10.91322658455999	162643.0731787756	502.62646433088986	6.561826915615077e6	1170.1308386465978
11.021327609642261	11.241853700810095	11.131590655226178	165663.90938101523	482.42455319959595	6.727490824996092e6	1130.4483318492964
11.241853700810095	11.466790313801287	11.35432200730569	169626.08772721142	465.4639101354374	6.897116912723304e6	1092.0772643611042
11.466790313801285	11.696225659052299	11.581507986426793	173604.86061752867	448.89758406707404	7.070721773340832e6	1054.9646881419073
11.6962256590523	11.930249711208337	11.813237685130318	169085.03032230772	411.9862421582729	7.23980680366314e6	1017.8640269260723
11.930249711208337	12.168954244407493	12.049601977807914	171147.85030605644	392.95363634400377	7.410954653969197e6	981.8062042473651
12.168954244407491	12.41243286827063	12.290693556339061	173119.19401279	374.5480457317137	7.584073847981987e6	946.7672047314466
12.41243286827063	12.660781064611031	12.53660696644083	175040.82602269296	356.85702981399146	7.75911467400468e6	912.7294520134499
12.66078106461103	12.914096224878238	12.787438644744633	176880.50738964323	339.8033072078499	7.935995181394323e6	879.6719257507531
12.91409622487824	13.172477688350792	13.043286956614516	178604.5112465201	323.32025050262035	8.114599692640843e6	847.5709751331924
13.172477688350792	13.436026781092796	13.304252234721794	180235.6002237443	307.44968038124244	8.294835292864587e6	816.4067280059024
13.436026781092798	13.704846855689642	13.570436818391219	181626.32784544304	291.94791964845433	8.47646162071003e6	786.146399993769
13.70484685568964	13.97904333177842	13.84194509373403	182826.3266977761	276.9226984579288	8.659287947407806e6	756.7653152685743
13.979043331778422	14.258723737388978	14.1188835345837	183561.96781972237	261.996739937583	8.842849915227529e6	728.2184548015983
14.258723737388976	14.543997751111744	14.401360744250361	183987.87763291225	247.45479500772228	9.02683779286044e6	700.4798276463862
14.543997751111744	14.834977245108966	14.689487498110356	184383.26073496416	233.68011309669552	9.211221053595405e6	673.5470555677905
14.834977245108968	15.131776328986135	14.98337678704755	185076.40175652504	221.02684532292537	9.39629745535193e6	647.4383311738277
15.131776328986136	15.434511394540847	15.283143861763492	185960.63023447804	209.270886901015	9.582258085586408e6	622.1578675378958
15.434511394540843	15.743301161406647	15.588906277973745	187053.17855333164	198.3566827557659	9.76931126413974e6	597.706429672704
15.743301161406647	16.058266723609766	15.900783942508205	188199.09269717522	188.0586512807443	9.957510356836915e6	574.0717238315502
16.05826672360977	16.37953159705695	16.218899160333358	189481.8242742233	178.4175219833868	1.0146992181111138e7	551.2445160124145
16.37953159705695	16.707221767973074	16.54337668251501	190791.02211538702	169.2864271799311	1.0337783203226525e7	529.2076320108288
16.707221767973074	17.041465742307523	16.8743437551403	192164.6992844604	160.66903172834745	1.0529947902510986e7	507.9451005414344
17.041465742307526	17.382394596128663	17.211930169218093	193717.74760963768	152.62386182722116	1.0723665650120623e7	487.4452489522138
17.382394596128663	17.730142027026222	17.55626831157744	195338.9803479798	145.02287285538276	1.0919004630468603e7	467.6896911776403
17.730142027026222	18.084844406541734	17.907493216783976	197029.5092481561	137.8394463737965	1.111603413971676e7	448.65956679038874
18.08484440654173	18.44664083364755	18.265742620094642	183308.7196996212	120.84261650609979	1.129934285941638e7	429.7468497611221
18.446640833647553	18.81567318929549	18.631157011471522	190780.94711183012	118.51323165893626	1.149012380652821e7	411.7909667015821
18.81567318929549	19.192086192056387	19.003879690675937	194611.72625077143	113.91889943156504	1.1684735532778982e7	394.60603389525596
19.192086192056387	19.5760274548725	19.38405682346444	197324.18749233708	108.84340596775905	1.188205972027132e7	378.1198050009306
19.5760274548725	19.967647542944935	19.771837498908717	199911.41563782282	103.90932097140457	1.2081971135909142e7	362.3001201566715
19.967647542944935	20.36710003277882	20.167373787861877	194849.00529356487	95.43557689439126	1.2276820141202707e7	346.9043093063954
20.367100032778815	20.774541572409376	20.570820802594096	185826.19492177293	85.76583615952092	1.246264633612448e7	331.8389146836039
20.77454157240938	21.19013194283255	20.982336757620963	195973.20820388198	85.23136789460483	1.2658619544328362e7	317.61189230336333
21.19013194283255	21.614034120664186	21.40208303174837	200272.4520613551	82.07661113403763	1.2858891996389717e7	304.0237007308729
21.61403412066419	22.046414342052458	21.830224231358322	203903.41658039764	78.74413714719728	1.3062795412970114e7	291.0272260456231
22.046414342052458	22.48744216786849	22.266928254960476	181987.00960613228	66.22618171990273	1.3244782422576247e7	278.05841361419914
22.48744216786849	22.937290550200846	22.712366359034668	195115.91234529205	66.90794555522929	1.3439898334921539e7	265.87715718636514
22.937290550200842	23.396135900179843	23.166713225190342	201501.44557626918	65.11168355551351	1.3641399780497808e7	254.29505869844112
23.396135900179846	23.86415815715843	23.630147028669136	206268.06718530506	62.807077241364034	1.3847667847683113e7	243.2482210511868
23.86415815715842	24.341540859276574	24.102849508217496	177210.24197820015	50.846527776650824	1.4024878089661313e7	232.14871635844952
24.341540859276574	24.828471215437087	24.58500603735683	198063.54919229634	53.55166862741042	1.422294163885361e7	221.84563146758782
24.82847121543709	25.325140178720815	25.076805697078953	205008.6186602898	52.23199415578665	1.44279502575139e7	212.06082823012898
25.32514017872082	25.83174252127022	25.57844134999552	182958.92183055542	43.92524420208529	1.4610909179344455e7	202.3613287164172
25.831742521270215	26.348476910670602	26.090109715970407	194080.2563823741	43.90744040223877	1.4804989435726829e7	193.220386125506
26.348476910670605	26.875545987859	26.612011449264802	204068.85936267488	43.504054694842544	1.5009058295089504e7	184.5835300883927
26.875545987858995	27.413156446591156	27.144351217225076	184840.38850545697	37.131814449731294	1.519389868359496e7	176.07734579122715
27.41315644659116	27.961519114497964	27.68733778054456	191645.72045636736	36.2781211468237	1.5385544404051328e7	168.01264600386529
27.961519114497964	28.520849035762904	28.241184075130434	204166.81531910598	36.41893478220504	1.5589711219370434e7	160.42132962236656
28.52084903576291	29.09136555545315	28.80610729560803	181020.06246604212	30.42743044115809	1.5770731281836476e7	152.92232760076558
29.091365555453145	29.67329240553719	29.382328980495167	192806.8790044114	30.539198499156257	1.5963538160840888e7	145.86239386157843
29.67329240553719	30.266857792622915	29.970075099080052	205871.23891181126	30.727511378826957	1.6169409399752699e7	139.2206122130815
30.266857792622922	30.87229448745036	30.56957614003664	172939.19941528141	24.323261605341226	1.634234859916798e7	132.59255400548292
30.872294487450354	31.48983991617434	31.181067201812347	196902.69316675514	26.096167723552114	1.6539251292334735e7	126.44913941622842
31.489839916174343	32.11973625347281	31.804788084823578	194396.60125708207	24.27786614917987	1.6733647893591817e7	120.55524380228961
32.11973625347281	32.762230517517246	32.44098338549503	177520.02709308267	20.89132668113412	1.69111679206849e7	114.80600572632017
32.762230517517246	33.41757466684257	33.08990259217991	202611.75217857584	22.468815031398332	1.7113779672863476e7	109.47943460759161
33.41757466684257	34.0860256991544	33.75180018299848	171756.49517083913	17.94839543740527	1.7285536168034315e7	104.19938232965504
34.086025699154405	34.76784575211247	34.42693572563344	193685.78919563442	19.07248099766972	1.747922195722995e7	99.2887724213746
34.767845752112464	35.46330220612969	35.11557397912108	185873.0622793287	17.247371186763957	1.766509501950928e7	94.55616494926943
35.4633022061297	36.17266778922727	35.81798499767848	179221.4434730485	15.67088407180447	1.7844316462982327e7	90.00563244919135
36.17266778922727	36.89622068398679	36.53444423660703	204006.40397065133	16.809099419058498	1.8048322866952978e7	85.78326906423904
36.8962206839868	37.63424463664151	37.265232660314155	160193.07605395094	12.437742199901832	1.820851594300693e7	81.55232189604162
37.634244636641505	38.387029068349314	38.01063685249541	198126.20317420363	14.495624725963	1.8406642146181133e7	77.68415659719099
38.387029068349314	39.15486918869128	38.7709491285203	164488.7398682423	11.340401963702373	1.8571130886049375e7	73.85712692262423
39.15486918869128	39.93806611144008	39.54646765006568	191671.3170589134	12.452217580772148	1.876280220310829e7	70.31500246223001
39.93806611144008	40.73692697264386	40.33749654204197	168584.09226301312	10.320565792157302	1.89313862953713e7	66.85424899984804
40.736926972643865	41.55176505107172	41.14434601185779	184927.74885237217	10.668082887110122	1.9116314044223674e7	63.61318160935663
41.55176505107172	42.38289989106813	41.96733247106992	172136.17115078866	9.35737127990744	1.9288450215374462e7	60.48347291175851
42.38289989106812	43.23065742786446	42.80677865946629	178183.77111434191	9.12740526935094	1.9466633986488804e7	57.52104054142826
43.23065742786446	44.09537011539672	43.66301377163059	174272.47905562818	8.412120823555819	1.9640906465544432e7	54.68823931266477
44.09537011539672	44.97737705667963	44.536373586038174	172477.57835254073	7.845251707325489	1.9813384043896973e7	51.98615208011907
44.977377056679636	45.8770241367882	45.42720059673392	174001.55094781145	7.458043928389431	1.9987385594844785e7	49.41760163585764
45.8770241367882	46.79466415849894	46.33584414764357	168746.48041862622	6.8156010319216955	2.015613207526341e7	46.960161516560795
46.79466415849895	47.7306569806439	47.26266056957142	170419.5819543302	6.48614402044957	2.032655165721774e7	44.62547606409184
47.73065698064389	48.685369659231746	48.20801331993782	168174.1177155748	6.031480683662111	2.0494725774933316e7	42.39924144358182
48.685369659231746	49.65917659139136	49.17227312531155	164143.17585410178	5.547347113381003	2.0658868950787418e7	40.27350139049833
49.65917659139135	50.65245966219415	50.15581812679275	170260.08460366726	5.422169823854186	2.0829129035391085e7	38.26316433597887
50.652459662194154	51.665608394413006	51.15903402830358	156269.8410167098	4.6895723007050965	2.0985398876407795e7	36.32653507046692
51.66560839441301	52.69902010127625	52.18231424784463	174014.75254513696	4.920870791114187	2.115941362895293e7	34.5149619784472
52.69902010127624	53.753100042276735	53.22606007177649	147601.97045430914	3.9331989012803463	2.130701559940724e7	32.750917185809335
53.753100042276735	54.82826158209724	54.29068081218699	178750.93819037825	4.488487045495824	2.148576653759762e7	31.120661145152607
54.82826158209724	55.92492635271416	55.3765939674057	138564.0542935133	3.2786884568295473	2.1624330591891132e7	29.51466106869887
55.92492635271416	57.04352441874341	56.484225385728784	184165.42219332233	4.10634672379661	2.1808496014084455e7	28.049043476222213
57.04352441874342	58.184494446093254	57.614009432418335	129403.90095478669	2.7188977570482713	2.193789991503924e7	26.587937303442978
58.184494446093254	59.348283873990084	58.76638916004167	170880.33306492865	3.3832617846194304	2.210878024810417e7	25.249435769677053
59.348283873990084	60.53534909044485	59.94181648221747	139272.01135916263	2.598396433620633	2.2248052259463333e7	23.942871409442446
60.535349090444846	61.74615561122871	61.14075235083678	144243.22529653832	2.5359171405670367	2.239229548475987e7	22.708070705817335
61.74615561122872	62.981178262428266	62.363666936828494	162204.43463958427	2.6872028808203763	2.2554499919399455e7	21.553224338301618
62.98117826242826	64.2409013666518	63.61103981454003	127560.07554218173	1.9913638832475122	2.2682059994941637e7	20.424856208964364
64.2409013666518	65.5258189329598	64.8833601498058	176678.7526006177	2.5990721463450748	2.2858738747542255e7	19.39663004861792
65.5258189329598	66.83643485059396	66.18112689177687	113843.22164835781	1.578117611049791	2.2972581969190612e7	18.368824830347826
66.83643485059396	68.1732630865808	67.50484896858738	137840.92396075279	1.8005640242798011	2.3110422893151365e7	17.413137839035407
68.17326308658079	69.53682788728737	68.85504548693407	153296.83612189442	1.8869561750301276	2.326371972927326e7	16.51756109783431
69.53682788728739	70.9276639840081	70.23224593564774	116052.31500359625	1.3461104135580138	2.3379772044276856e7	15.642447050774608
70.92766398400809	72.34631680266321	71.63699039333565	158408.9855805412	1.7314301131555088	2.3538181029857397e7	14.840037962449086
72.34631680266322	73.79334267769146	73.06982974017734	118973.4392818883	1.2253875725313041	2.3657154469139285e7	14.054724795832586
73.79334267769144	75.26930907022023	74.53132587395584	116520.9552660957	1.130904198368877	2.377367542440538e7	13.30926067955562
75.26930907022025	76.77479479059961	76.02205193040993	166327.8590540737	1.5211958249547612	2.3940003283459455e7	12.62930941321752
76.7747947905996	78.31039022538656	77.54259250799308	97773.0700827986	0.8426316148119909	2.4037776353542253e7	11.949439001242581
78.31039022538656	79.87669756886925	79.0935438971279	113989.66271800548	0.9257257781292302	2.415176601626026e7	11.313578123102015
79.87669756886925	81.4743310592216	80.67551431404542	160429.64227998257	1.2277216573810346	2.431219565854024e7	10.731814633904783
81.47433105922158	83.10391721938097	82.28912413930128	92928.48951973394	0.6701354830570733	2.4405124148059975e7	10.151446400714535
83.10391721938097	84.76609510274355	83.93500616106226	107736.50973797962	0.7321078988183923	2.4512860657797955e7	9.608129676984783
84.76609510274358	86.4615165437734	85.61380582325849	160876.47664741427	1.0301565108540325	2.467373713444537e7	9.113344293026973
86.4615165437734	88.19084641362383	87.32618147869862	86306.25051278993	0.5207765374573544	2.476004338495816e7	8.617717628085325
88.19084641362382	89.95476288087124	89.07280464724752	98589.58035072312	0.5605814109465602	2.4858632965308882e7	8.152975616815583
89.95476288087124	91.75395767746362	90.85436027916742	128121.1168908216	0.6864784737151588	2.4986754082199704e7	7.722302594069717
91.75395767746362	93.58913636998784	92.67154702372574	117520.74004807696	0.5933613810498762	2.510427482224778e7	7.311100473267256
93.58913636998786	95.46101863636257	94.52507750317521	87942.67462833971	0.41841090898126954	2.519221749687612e7	6.913525912734218
95.46101863636258	97.37033854806478	96.41567859221368	104584.29233291	0.468887202354669	2.529680178920903e7	6.541795572700352
97.37033854806477	99.31784485800101	98.34409170303289	143774.1028758362	0.6074089534014689	2.5440575892084867e7	6.199497192953348
99.31784485800102	101.304301294136	100.31107307606851	76956.23940728232	0.3063677046459161	2.551753213149215e7	5.859578872500507
101.304301294136	103.33048685899367	102.31739407656482	87430.36168784648	0.3279895904211092	2.5604962493179996e7	5.5405146526518765
103.33048685899367	105.39719613514849	104.36384149707108	108670.91166942939	0.3841578855242345	2.5713633404849425e7	5.243094265459202
105.39719613514849	107.50523959682641	106.45121786598745	124626.11007720232	0.41514915095193766	2.5838259514926627e7	4.964617025255152
107.50523959682641	109.65544392773789	108.58034176228216	73207.1766884774	0.2297986436351732	2.5911466691615105e7	4.691511604369762
109.65544392773788	111.84865234526758	110.75204813650274	83404.04796716198	0.24670595707754436	2.5994870739582267e7	4.435134408828601
111.84865234526758	114.08572493114788	112.96718863820773	104374.68561019376	0.29092859303057206	2.609924542519246e7	4.196096070507313
114.0857249311479	116.36753896874579	115.22663194994684	119852.80187405273	0.3148024850198842	2.6219098227066513e7	3.9722227320423795
116.36753896874578	118.69498928709564	117.5312641279207	67058.37185732648	0.165974632079595	2.628615659892384e7	3.7526782039347886
118.69498928709562	121.06898861181249	119.88198894945405	75670.40792164207	0.17648733634938402	2.636182700684548e7	3.5464035515589116
121.06898861181249	123.49046792302367	122.27972826741808	90952.34354221076	0.1998941778346645	2.6452779350387692e7	3.353377077898683
123.49046792302369	125.9603768204591	124.72542237174139	132319.32959400862	0.2740364510137248	2.65850986799817e7	3.175761020214942
125.9603768204591	128.47968389584324	127.22003035815118	59089.203555971384	0.11531664113028339	2.6644187883537672e7	2.999235030267471
128.4796838958432	131.04937711273502	129.7645305042891	65587.93767302856	0.12061647760399305	2.67097758212107e7	2.833196851363504
131.04937711273502	133.67046419396465	132.35992065334983	75287.78451184928	0.13046860388107706	2.678506360572255e7	2.6773041061110803
133.67046419396468	136.3439730168189	135.00721860539178	96047.54184351489	0.15684352576290497	2.6881111147566065e7	2.5319246221236753
136.3439730168189	139.0709520161302	137.70746251647455	109174.04661422223	0.16799587070173796	2.6990285194180287e7	2.3955739473215525
139.0709520161302	141.85247059542775	140.46171130577898	54804.59740190208	0.07946850810573118	2.704508979158219e7	2.261981798178914
141.85247059542775	144.68961954631123	143.2710450708695	60835.03535092622	0.08312481929398978	2.7105924826933116e7	2.13630617682737
144.68961954631123	147.58351147621238	146.1365655112618	69753.59398893267	0.08981366764843482	2.717567842092205e7	2.0182653645429594
147.5835114762124	150.5352812447116	149.05939636046202	87851.46181537956	0.10659178613329906	2.7263529882737428e7	1.9080009219711167
150.53528124471157	153.54608640858072	152.04068382664616	111118.2162543647	0.1270453940272001	2.7374648098991793e7	1.8052763010106567
153.54608640858075	156.61710767572728	155.08159704215402	48144.45278413221	0.05187031022047469	2.7422792551775925e7	1.7041407865343765
156.61710767572728	159.74954936821675	158.18332852197202	52934.462373785675	0.05374153108939782	2.747572701414971e7	1.6089467032946718
159.74954936821675	162.94463989455602	161.34709463138637	59484.4658466652	0.05690809445825938	2.7535211479996376e7	1.5194260593893498
162.94463989455602	166.20363223142206	164.57413606298906	70051.099882707	0.0631516054276103	2.7605262579879083e7	1.435429083061585
166.20363223142203	169.5278044150254	167.86571832322372	100436.3389165327	0.08532165681534375	2.7705698918795615e7	1.3575557976092325
169.5278044150254	172.91846004230084	171.22313222866313	77000.81228712201	0.061640008942638845	2.7782699731082737e7	1.2828082914288792
172.91846004230084	176.37692878212178	174.6476944122113	43379.19000005722	0.032722600823318265	2.7826078921082795e7	1.2107042727813566
176.37692878212178	179.90456689673914	178.14074783943045	47608.04635569826	0.03384119852335901	2.7873686967438493e7	1.1428237173393372
179.90456689673914	183.50275777364885	181.703662335194	53282.28711340949	0.035690057106536624	2.7926969254551902e7	1.0789651347329343
183.50275777364885	187.17291246809674	185.3378351208728	61996.26033113152	0.03913171626898452	2.7988965514883034e7	1.0189884074243425
187.17291246809674	190.9164702564336	189.04469136226516	81230.77274237573	0.048315114681808234	2.807019628762541e7	0.9630008072986028
190.91647025643357	194.73489920053714	192.82568472848536	96112.90763739496	0.05386952948376199	2.8166309195262805e7	0.9105629239031012
194.73489920053717	198.6296967235228	196.68229796203	36219.93344178423	0.019129700007941515	2.820252912870459e7	0.8591458737725687
198.6296967235228	202.60239019696817	200.6160434602455	39321.24878234789	0.01956982162755247	2.8241850377486937e7	0.8107199210324307
202.6023901969682	206.65453753988248	204.62846386842534	43203.94438689947	0.020261986698139306	2.8285054321873836e7	0.7651270764061417
206.65453753988243	210.78772782965498	208.7211326847687	48409.428610146046	0.021393786360772084	2.8333463750483982e7	0.7222292836622057
210.787727829655	215.00358192522302	212.89565487743903	56333.67337562144	0.023459829316409747	2.8389797423859604e7	0.6819249783073599
215.00358192522305	219.30375310270242	217.15366751396272	72883.72050645202	0.02860134108989613	2.8462681144366056e7	0.6442419578340876
219.30375310270236	223.6899277037313	221.49684040321682	98700.79962729663	0.036498551465708906	2.8561381943993352e7	0.609187972442647
223.6899277037313	228.16382579678083	225.92687675025607	29915.59188041836	0.010424414207311744	2.859129753587377e7	0.5746519497933061
228.16382579678083	232.72720185169135	230.4455138242361	32232.603945873678	0.010583969047434466	2.8623530139819644e7	0.5421171434856973
232.72720185169135	237.38184542770006	235.0545236396957	35012.50922385603	0.010833667998843674	2.86585426490435e7	0.5114733231405711
237.38184542770009	242.12958187522898	239.75571365146453	38485.08898040652	0.01122131891144941	2.8697027738023907e7	0.4826193740256721
242.12958187522898	246.97227305170844	244.55092746346872	43107.878660954535	0.011844239843045926	2.874013561668486e7	0.45546562694472637
246.97227305170844	251.9118180517175	249.44204555171297	49997.618663065135	0.012944908927600546	2.8790133235347927e7	0.42994157070561434
251.91181805171752	256.95015395172675	254.43098600172215	63235.846803463995	0.015428089980241151	2.885336908215139e7	0.40603294689330854
256.95015395172675	262.08925656973616	259.5197052607315	105695.92597722635	0.024299997218682073	2.8959065008128617e7	0.3840150716803341
262.08925656973616	267.33114124010575	264.71019890492096	23702.12831907347	0.005134929426659504	2.898276713644769e7	0.36216175077866464
267.3311412401058	272.6778636038828	270.0045024219943	25349.992028158158	0.005175164103559119	2.900811712847585e7	0.3415712294645004
272.67786360388277	278.1315204149353	275.404692009409	27256.468841023743	0.005243425000135633	2.9035373597316872e7	0.3221722866040024
278.1315204149353	283.6942503622089	280.91288538857214	29513.46188010648	0.005350135741462526	2.906488705919698e7	0.3038984103259574
283.6942503622089	289.36823490842795	286.53124263531845	32272.880054451525	0.005512918260095081	2.909715993925143e7	0.286687941576523
289.36823490842795	295.15569914557136	292.2619670269996	35811.545923784375	0.005764558985679705	2.9132971485175215e7	0.2704846688729312
295.15569914557136	301.05891266745766	298.1073059065145	40712.17901447415	0.0061754208600333215	2.917368366418969e7	0.25523968144573933
301.05891266745766	307.0801904597817	304.0695515636197	48536.608764160424	0.006937625339072843	2.922222027295385e7	0.24091797099044662
307.08019045978165	313.22189380795214	310.1510421338669	66527.80475238338	0.008960738682426106	2.9288748077706233e7	0.22753901095949525
313.2218938079522	319.48643122308613	316.3541625155192	82620.22471868247	0.010486394758520463	2.9371368302424915e7	0.2150197316036461
319.4864312230861	325.87625938652263	322.6813453048044	18357.99495658651	0.002195655973967376	2.93897262973815e7	0.2027443519961014
325.87625938652263	332.39388411322795	329.1350717498753	19531.1121622324	0.0022012290905716447	2.9409257409543734e7	0.19117732307130467
332.39388411322795	339.04186133446734	335.7178727238477	20856.54462038353	0.0022150312396405614	2.9430113954164118e7	0.18027826238748249
339.04186133446734	345.82279810013154	342.43232971729947	22375.753348454833	0.002239310905309385	2.9452489707512572e7	0.17000924643739102
345.8227981001316	352.7393536011091	349.28107585062037	24149.876850832254	0.0022774606746008823	2.9476639584363405e7	0.16033473480644622
352.73935360110903	359.79424021210605	356.2667969066075	26274.191438313574	0.002334880016337768	2.950291377580172e7	0.15122154846933142
359.7942402121061	366.99022455532304	363.3922323837146	28908.376989021897	0.0024207958417012355	2.953182215279074e7	0.14263895434570384
366.9902245553231	374.3301285854044	370.6601765703638	32348.40477465093	0.002552622395946009	2.956417055756539e7	0.13455899645057354
374.33012858540434	381.81683069608727	378.0734796407458	37231.92307601124	0.0027685248828304286	2.9601402480641402e7	0.12695753259398512
381.81683069608727	389.45326684898384	385.6350487725356	45335.50810316205	0.0031766598249926012	2.9646737988744564e7	0.11981805138901983
389.4532668489838	397.2424317249383	393.34784928696104	65903.66517150402	0.004351520723579957	2.971264165391607e7	0.11315812966963511
397.24243172493834	405.1873798984119	401.2149058116751	69864.4953347668	0.004346976411105791	2.9782506149250835e7	0.1068820808075928
405.18737989841185	413.2912270353549	409.23930346688337	12844.862153485417	0.0007531118455730095	2.979535101140432e7	0.1007607373819993
413.29122703535495	421.55715111503685	417.4241890751959	13574.615005083382	0.0007499923429930797	2.9808925626409404e7	0.09499228432983335
421.5571511150369	429.98839367631246	425.7727723956747	14377.952932290733	0.0007485583298564107	2.9823303579341695e7	0.08955646455551566
429.98839367631246	438.5882610888135	434.288327382563	15268.989259406924	0.0007490971851928651	2.98385725686011e7	0.08443420595275669
438.58826108881357	447.36012584956467	442.9741934691891	16266.32498653233	0.0007519978691308776	2.9854838893587634e7	0.07960755891372205
447.3601258495646	456.3074279055307	451.8337768775476	17395.143850374967	0.0007577997942190507	2.987223403743801e7	0.07505964026151421
456.3074279055307	465.4336760026161	460.8705519540734	18690.66116566211	0.0007672738907735377	2.989092469860367e7	0.07077458509236466
465.43367600261604	474.74244906164313	470.0880625321296	20204.10701213032	0.0007815643051970034	2.99111288056158e7	0.06673750956850856
474.74244906164324	484.23739758185087	479.489923321747	22013.80424189195	0.0008024527338875605	2.9933142609857693e7	0.0629344911035113
484.2373975818509	493.9222450724627	489.0798213271568	24247.45992171392	0.0008328943555398663	2.9957390069779407e7	0.05935258060217382
493.9222450724626	503.80078951288664	498.86151729267465	27132.27987577021	0.0008782320223402374	2.9984522349655177e7	0.05597988402689197
503.80078951288675	513.8769048421193	508.838847177503	31126.75755878538	0.0009494151947095863	3.0015649107213963e7	0.05280582492179036
513.8769048421193	524.1545424779365	519.0157236600279	37363.34221575782	0.0010739086260001282	3.005301244942972e7	0.04982202098806571
524.1545424779364	534.6377328664698	529.3961376722032	50031.0186779052	0.0013550654745560751	3.0103043468107626e7	0.047026534633051204
534.6377328664698	545.330587062774	539.984159964622	91491.16720525175	0.002335067435564893	3.0194534635312878e7	0.04444881207840934
545.330587062774	556.2372983430043	550.7839427028891	7443.272520914674	0.00017901256151589326	3.0201977907833792e7	0.04189541099667823
556.2372983430042	567.3621438488391	561.7997210959217	7804.1711803637445	0.0001768665500316667	3.0209782079014156e7	0.03948916205584608
567.3621438488391	578.7094862647906	573.0358150568148	8191.272091481835	0.00017493213787666702	3.0217973351105638e7	0.03722158993883374
578.7094862647906	590.2837755290611	584.4966308969258	8607.733647413552	0.00017322334005001835	3.022658108475305e7	0.035084708983295826
590.2837755290612	602.0895505786173	596.1866630538393	9057.310179710388	0.00017175768147914547	3.023563839493276e7	0.03307099514117224
602.0895505786171	614.1314411291643	608.1104958538907	9544.510643921793	0.00017055715267373	3.0245182905576684e7	0.031173359610724958
614.1314411291643	626.4141694907223	620.2728053099434	10074.81305886805	0.0001696495110615626	3.025525771863555e7	0.02938512406452831
626.4141694907223	638.9425524195115	632.6783609551169	10654.959604173899	0.00016907008519039058	3.0265912678239726e7	0.027699997410362786
638.9425524195115	651.7215030068764	645.332027713194	11293.371119856834	0.00016886432749018204	3.0277206049359582e7	0.026112054039769288
651.7215030068764	664.7560326059887	658.2387678064326	12000.743028983474	0.00016909151076726164	3.0289206792388566e7	0.024615713544423923
664.7560326059887	678.0512527970832	671.403642701536	12790.925262913108	0.00016983022516107362	3.030199771765148e7	0.023205721919516715
678.0512527970831	691.6123773919994	684.8318150945413	13682.262354135513	0.00017118680884017492	3.0315679980005614e7	0.02187713433757644
691.6123773919994	705.4447244788141	698.5285509354068	14699.709809489548	0.00017330875593129475	3.0330379689815104e7	0.020625299689235824
705.4447244788141	719.5537185073651	712.4992214930896	15878.324236355722	0.00017640698313043854	3.034625801405146e7	0.019445847299972684
719.5537185073651	733.9448924164872	726.7493054619262	17269.32934167981	0.00018079480389035597	3.036352734339314e7	0.018334676660978103
733.944892416487	748.6238898037915	741.2843911101393	18951.369929000735	0.00018696075351192298	3.038247871332214e7	0.017287951952753712
748.6238898037917	763.5964671388422	756.1101784713169	21053.210704203695	0.0001957165483705454	3.0403531924026344e7	0.01630210541858732
763.5964671388421	778.8684960205935	771.2324815797178	23804.918185491115	0.0002085332332185923	3.0427336842211835e7	0.015373859931773379
778.8684960205936	794.4459654799801	786.6572307502869	27673.016563020647	0.00022843595506467297	3.0455009858774856e7	0.014500301869980973
794.4459654799801	810.3349843285544	802.3904749042672	33817.54950398579	0.00026305676189767934	3.048882740827884e7	0.013679125865702108
810.3349843285545	826.5417835541002	818.4383839413274	46590.2896816507	0.00034150897785084486	3.0535417697960492e7	0.012909838720158235
826.5417835541001	843.0727187641568	834.8072511591284	86342.8913394399	0.0005963932003593638	3.0621760589299932e7	0.012199623819021024
843.0727187641568	859.9342726784146	851.5034957212856	2948.082752853632	1.9188682140687167e-5	3.0624708672052786e7	0.011497080770362295
859.9342726784146	877.1330576709574	868.533665174686	3065.637829184532	1.880293784785465e-5	3.062777430988197e7	0.010835036819212102
877.1330576709573	894.6758183633511	885.9044380171542	3188.9681221209466	1.8431234685758593e-5	3.063096327800409e7	0.01021115685893332
894.6758183633511	912.5694342695928	903.622626316472	3318.4583742916584	1.8073406409696276e-5	3.0634281736378383e7	0.009623240458558491
912.5694342695929	930.8209224939593	921.695178381776	3454.5294022001326	1.7729313701869026e-5	3.0637736265780583e7	0.009069214096430796
930.8209224939593	949.437440482813	940.1291814883862	3597.642692640424	1.7398846320404808e-5	3.0641333908473223e7	0.00854712384192456
949.437440482813	968.4262888314439	958.9318646571285	3748.3057519719005	1.7081925669917614e-5	3.0645082214225195e7	0.008055128459424753
968.4262888314439	987.7949141470474	978.1106014892457	3907.0783603191376	1.677850788031615e-5	3.0648989292585514e7	0.007591492910239161
987.7949141470475	1007.5509119689631	997.6729130580053	4074.5799192413688	1.6488587500632164e-5	3.0653063872504756e7	0.007154582229526135
1007.5509119689629	1027.7020297473166	1017.6264708581398	4251.498128999025	1.621220194402131e-5	3.0657315370633755e7	0.006742855756650728
1027.7020297473166	1048.2561698812374	1037.979099814277	4438.599292051047	1.5949436853397863e-5	3.0661753969925806e7	0.006354861698636668
1048.2561698812376	1069.2213928178369	1058.7387813495372	4636.740619845688	1.5700432607148104e-5	3.066639071054565e7	0.005989232007567406
1069.2213928178369	1090.6059202131682	1079.9136565155027	4846.885024137795	1.546539224325589e-5	3.067123759556979e7	0.005644677553909561
1090.605920213168	1112.4181381564058	1101.512029184787	5070.119014076889	1.524459116519717e-5	3.0676307714583866e7	0.005319983578793036
1112.418138156406	1134.6666004585086	1123.5423693074572	5307.674507305026	1.5038389103532352e-5	3.068161538909117e7	0.005014005409287895
1134.6666004585088	1157.3600320066535	1146.013316232581	5560.955617066473	1.4847244958312554e-5	3.0687176344708238e7	0.0047256644216748305
1157.3600320066535	1180.507332185761	1168.9336820962071	5831.571826715022	1.4671735358651735e-5	3.0693007916534953e7	0.004453944238619439
1180.507332185761	1204.1175783684507	1192.312455277106	6121.379447024316	1.4512578065528458e-5	3.0699129295981977e7	0.004197887147038405
1204.1175783684507	1228.2000294747943	1216.1588039216226	6432.5339357331395	1.4370661759416685e-5	3.070556182991771e7	0.003956590724296513
1228.2000294747943	1252.7641296032646	1240.4820795390294	6767.556635651737	1.4247084346724115e-5	3.0712329386553362e7	0.0037292046612095566
1252.7641296032646	1277.8195117343043	1265.2918206687846	7129.420908175409	1.4143202785337501e-5	3.0719458807461537e7	0.0035149277711659316
1277.8195117343043	1303.376001507965	1290.5977566211345	7521.664741382003	1.4060698717771188e-5	3.072698047220292e7	0.003313005175543581
1303.376001507965	1329.4436210770987	1316.4098112925317	7948.540081303567	1.4001666147268735e-5	3.0734929012284223e7	0.0031227256565251275
1329.4436210770984	1356.0325930376148	1342.7381070573565	8415.214022353292	1.3968730410465135e-5	3.0743344226306576e7	0.0029434191694609818
1356.0325930376152	1383.153344437342	1369.5929687374787	8928.044706162065	1.3965212480160046e-5	3.075227227101274e7	0.002774454508192421
1383.1533444373417	1410.816510865063	1396.9849276512023	9494.967284038663	1.3995360414227406e-5	3.0761767238296777e7	0.002615237118384958
1410.816510865063	1439.0329406213386	1424.9247257432007	10126.04619641602	1.4064682826658746e-5	3.0771893284493193e7	0.002465207056219306
1439.0329406213386	1467.8136989727398	1453.4233197970393	10834.28615898639	1.4180441932675926e-5	3.078272757065218e7	0.002323837093259862
1467.8136989727395	1497.1700724911686	1482.491885731954	11636.85923730582	1.4352404675126463e-5	3.0794364429889485e7	0.0021906309739548983
1497.1700724911689	1527.1135734799666	1512.1418229855676	12557.027740098536	1.4594027869956132e-5	3.0806921457629584e7	0.002065121841998183
1527.1135734799666	1557.6559444885402	1542.3847589842535	13627.28566892445	1.4924407767626984e-5	3.082054874329851e7	0.001946870869902232
1557.6559444885404	1588.8091629172854	1573.2325537029128	14894.756085820496	1.5371652985047292e-5	3.083544349938433e7	0.001835466162159155
1588.8091629172857	1620.5854457146056	1604.6973043159455	16431.06024740264	1.597909559562568e-5	3.085187455963173e7	0.001730522079907891
1620.5854457146054	1652.9972541678717	1636.7913499412384	18351.85082007572	1.6817673198919334e-5	3.0870226410451807e7	0.0016316793187247844
1652.9972541678717	1686.0572987902035	1669.5272764790375	20859.738450985402	1.801334348731049e-5	3.0891086148902792e7	0.0015386065631405412
1686.0572987902035	1719.7785443049818	1702.9179215475926	24353.47731371969	1.981736399756568e-5	3.0915439626216512e7	0.0014510060993116834
1719.778544304982	1754.1742147300558	1736.976379517519	29775.1038851887	2.2831667229411816e-5	3.09452147301017e7	0.001368632103110992
1754.1742147300558	1789.2577985636312	1771.7160066468437	40267.19633774832	2.909612600153558e-5	3.098548192643945e7	0.0012913705844946428
1789.2577985636312	1825.043054073878	1807.1504263187546	94460.99707372114	6.431847501654081e-5	3.107994292351317e7	0.0012205968942383858
