-0.0	9.953897499377266e-5	4.976948749688633e-5	0.0008322961797000112	2.014697275289997e8	0.0008322961797000112	2.014697275289997e8
9.953897499377266e-5	0.0002010687294874207	0.00015030385224059668	0.0054212634403333695	1.8119634066123012e8	0.006253559620033381	1.8365598435610297e8
0.00020106872948742058	0.0003046290790709416	0.00025284890427918107	0.014193049745525078	1.68236853409075e8	0.02044660936555846	1.7267068736618963e8
0.0003046290790709413	0.00041026063564613265	0.000357444857358537	0.02731120464742152	1.598711252462887e8	0.04775781401297998	1.6511110536740232e8
0.0004102606356461331	0.0005180048233528283	0.0004641327294994807	0.044966787838522815	1.5348212520178926e8	0.0927246018515028	1.592593566218898e8
0.0005180048233528287	0.0006279038948136577	0.0005729543590832433	0.06737861855294072	1.4816603746022713e8	0.16010322040444352	1.543945363048812e8
0.0006279038948136573	0.0007400009477037028	0.0006839524212586801	0.09525594695383574	1.4423318020446098e8	0.25535916735827924	1.5044093243100706e8
0.000740000947703703	0.0008543399416515495	0.0007971704446776262	0.12868395710980265	1.4069345485717204e8	0.38404312446808186	1.470277302370196e8
0.0008543399416515493	0.0009709657154783526	0.0009126528285649509	0.16767661746901072	1.371722632912074e8	0.5517197419370926	1.4388589714051238e8
0.0009709657154783523	0.0010899240047816917	0.001030444860130022	0.21405259440610644	1.347051954412476e8	0.7657723363431991	1.411960056333184e8
0.0010899240047816917	0.0012112614598710977	0.0011505927323263946	0.2672541416812389	1.322738964297047e8	1.033026478024438	1.3877433248842633e8
0.0012112614598710973	0.0013350256640622914	0.0012731435619666943	0.3277118866540645	1.2989446484164989e8	1.3607383646785025	1.3652656912059736e8
0.0013350256640622922	0.00146126515233731	0.0013981454081998012	0.3964725653840208	1.2776397785439883e8	1.7572109300625234	1.344460985418345e8
0.0014612651523373099	0.0015900294303778282	0.001525647291357569	0.4740985840987362	1.2580485090168229e8	2.2313095141612598	1.3251215574463306e8
0.0015900294303778277	0.0017213689939791564	0.001655699212178492	0.5605635333293707	1.2383084844897507e8	2.7918730474906304	1.306727794487469e8
0.0017213689939791568	0.0018553353488525118	0.0017883521714158342	0.6596864242610736	1.2246805113472512e8	3.451559471751704	1.2902072986407302e8
0.0018553353488525112	0.0019919810308233333	0.0019236581898379223	0.7690463710657212	1.2097854621208647e8	4.220605842817426	1.274766351090946e8
0.0019919810308233333	0.002131359626433572	0.0020616703286284524	0.8868385964774725	1.19078901549942e8	5.1074444392948966	1.2593453331053747e8
0.0021313596264335728	0.002273525793956016	0.0022024427101947942	1.023686026790135	1.180866074668719e8	6.131130466085032	1.2455245467570385e8
0.0022735257939560153	0.0024185352848289073	0.002346030539392461	1.1683367364211326	1.164544718660269e8	7.299467202506165	1.2318143773807201e8
0.002418535284828908	0.002566444965519258	0.002492490125174083	1.332741096109731	1.1538384449644674e8	8.632208298615895	1.2190946769053413e8
0.002566444965519257	0.002717312839823414	0.0026418789026713355	1.5074149144855078	1.1388914984611432e8	10.139623213101403	1.2064637708658902e8
0.002717312839823413	0.0028711980716136527	0.002794255455718533	1.708234227079264	1.1310938625609978e8	11.847857440180668	1.1949830623651075e8
0.002871198071613654	0.0030281610080396984	0.002949679539826676	1.9125952545449019	1.114202051185043e8	13.76045269472557	1.183061232846087e8
0.003028161008039698	0.0031882632031942633	0.0031082121056169804	2.1563530990429394	1.1091631155045898e8	15.91680579376851	1.1724782833710095e8
0.003188263203194263	0.0033515674422519193	0.0032699153227230913	2.4070161466559816	1.0967519411338997e8	18.32382194042449	1.1619396311330885e8
0.0033515674422519197	0.0035181377660907292	0.0034348526041713245	2.676735980988506	1.0836691996300611e8	21.000557921412998	1.1513402770628874e8
0.0035181377660907292	0.003688039496406315	0.003603088631248522	2.985799796205149	1.0770172575544515e8	23.986357717618148	1.1415344085015658e8
0.0036880394964063155	0.003861339261328213	0.0037746893788672643	3.315914885542475	1.0684564389372198e8	27.302272603160624	1.132130020602716e8
0.003861339261328213	0.004038105021548549	0.003949722141438381	3.6643276144767896	1.0572573547115852e8	30.966600217637414	1.1227216278486924e8
0.004038105021548548	0.00421840609697329	0.004128255559260919	4.044054976659073	1.0471446830592242e8	35.01065519429649	1.1134391072169484e8
0.00421840609697329	0.004402313193906526	0.004310359645439908	4.45738469451061	1.0379558248155348e8	39.4680398888071	1.104368829054186e8
0.004402313193906526	0.004589898432778427	0.004496105813342477	4.924969508547809	1.0333774510536419e8	44.39300939735491	1.0960156395119089e8
0.004589898432778428	0.004781235376427767	0.004685566904603098	5.406708217104278	1.0240934857365903e8	49.799717614459176	1.0877219641565414e8
0.0047812353764277666	0.0049763990589500925	0.00487881721768893	5.927248173003781	1.0152131606436814e8	55.72696578746296	1.0795212362232597e8
0.004976399058950093	0.005175466015122866	0.0050759325370364795	6.4905705609853355	1.0069003530113974e8	62.21753634844829	1.0714596423345703e8
0.005175466015122865	0.005378514310419092	0.005276990162770979	7.097914746916288	9.988388314444168e7	69.31545109536458	1.0635415445625293e8
0.005378514310419092	0.005585623571621245	0.005482068941020169	7.751587931108528	9.909247066023737e7	77.06703902647311	1.0557596784736246e8
0.005585623571621245	0.00579687501804744	0.0056912492948343425	8.455729684165146	9.832783014121078e7	85.52276871063826	1.0481207815302052e8
0.005796875018047441	0.00601235149340216	0.0059046132557248	9.213656518218597	9.75868236093274e7	94.73642522885686	1.0406274958358105e8
0.00601235149340216	0.006232137498263974	0.006122244495833067	10.033386085866457	9.691023498326369e7	104.76981131472331	1.0333238964774016e8
0.006232137498263972	0.006456319223223022	0.006344228360743497	10.923600250644052	9.63280848927858e7	115.69341156536737	1.0262780315830824e8
0.006456319223223021	0.006684984582681251	0.006570651902952136	11.863948773576949	9.562209870032512e7	127.55736033894432	1.0193320606037828e8
0.006684984582681254	0.006918223249328648	0.0068016039160049505	12.87310185899857	9.4930891705825e7	140.4304621979429	1.0124859340624535e8
0.006918223249328647	0.00715612668930899	0.007037174969318818	13.955436253271715	9.425291100499095e7	154.38589845121462	1.0057382295120494e8
0.00715612668930899	0.007398788198088939	0.007277457443698964	15.11549574102026	9.358625134536113e7	169.50139419223487	9.990860153846633e7
0.007398788198088939	0.007646302937044488	0.0075225455675667135	16.358192114411978	9.29299153345665e7	185.85958630664686	9.925259174398932e7
0.007646302937044487	0.007898767970779146	0.007772535453911817	17.688611509236793	9.22824331964823e7	203.54819781588367	9.860537359801209e7
0.007898767970779147	0.0081562823051885	0.008027525137983823	19.112201570643236	9.16429065024886e7	222.6603993865269	9.796650776636739e7
0.0081562823051885	0.00841894692628604	0.008287614615737269	20.634604977650923	9.10100320549447e7	243.2950043641778	9.733550067392747e7
0.00841894692628604	0.00868686483980553	0.008552905883045785	22.26182072709225	9.038287832980306e7	265.55682509127007	9.671184432067087e7
0.008686864839805528	0.008960141111595408	0.008823502975700469	24.000113316481695	8.976038710610612e7	289.5569384077518	9.609500610514285e7
0.008960141111595408	0.009238882908821085	0.009099512010208246	25.87953213573561	8.922248125992033e7	315.43647054348736	9.549154199807881e7
0.009238882908821085	0.009523199541991274	0.00938104122540618	27.90058844298993	8.872906399367131e7	343.3370589864773	9.490376029065783e7
0.009523199541991274	0.009813202507824869	0.009668201024908072	30.030947713241808	8.815213385491544e7	373.3680066997191	9.432269662365663e7
0.00981320250782487	0.010109005532975137	0.009961104020400003	32.30364295923807	8.757742304646567e7	405.67164965895716	9.374772687405282e7
0.010109005532975134	0.010410724618628405	0.01025986507580177	34.727057533223785	8.700430516643795e7	440.39870719218095	9.317825001965386e7
0.010410724618628405	0.010718478085994741	0.010564601352311572	37.30986871113261	8.643188083693658e7	477.70857590331354	9.261366171427673e7
0.010718478085994743	0.011032386622708406	0.010875432354351573	40.061373550686156	8.585975230195734e7	517.7699494539997	9.20533955344875e7
0.011032386622708406	0.011352573330156341	0.011192479976432374	42.991342239187894	8.528753705809353e7	560.7612916931877	9.149691909194393e7
0.011352573330156343	0.011679163771753237	0.01151586855095479	46.113038010407585	8.472038019876246e7	606.8743297035952	9.094418033191757e7
0.011679163771753237	0.01201228602218207	0.011845724896967653	49.4572795325023	8.419083422310771e7	656.3316092360975	9.039777010936597e7
0.012012286022182067	0.012352070717619476	0.012182178369900772	52.992063512028494	8.362171901792389e7	709.323672748126	8.98538182137733e7
0.01235207071761948	0.012698651106965636	0.012525360912292557	56.750028739268856	8.305084018578728e7	766.0737014873948	8.931186756460863e7
0.012698651106965634	0.013052163104098714	0.012875407105532175	60.7435519334995	8.247777579982278e7	826.8172534208943	8.877147674472494e7
0.013052163104098714	0.013412745341174455	0.013232454222636584	65.21442646196141	8.219053602263972e7	892.0316798828558	8.825486033259004e7
0.013412745341174457	0.013780539222991713	0.013596642282083085	69.79623916124513	8.168227648326099e7	961.8279190441009	8.774252644755912e7
0.013780539222991713	0.014155688982445314	0.013968114102718514	74.68019825400313	8.11875195091867e7	1036.508117298104	8.723505957174101e7
0.014155688982445312	0.014538341737087986	0.014347015359766648	79.82305689425928	8.064264741887665e7	1116.3311741923633	8.672809839606346e7
0.014538341737087988	0.014928647546823513	0.01473349464195575	85.2814857741238	8.009454559018525e7	1201.6126599664872	8.622128509625973e7
0.014928647546823513	0.01532675947275375	0.01512770350978863	91.07237096146874	7.95427348623252e7	1292.685030927956	8.571426089924698e7
0.01532675947275375	0.01573283363720259	0.01552979655497817	97.21406472029858	7.89873606373973e7	1389.8990956482546	8.520671300728026e7
0.01573283363720259	0.01614702928494041	0.015939931461071498	103.80726813789644	7.849012696114312e7	1493.706363786151	8.470298649983865e7
0.016147029284940405	0.016569508845632977	0.01635826906528669	111.09803245926767	7.819733757795598e7	1604.8043962454187	8.421793538306484e7
0.016569508845632984	0.01700043799753941	0.016784973421586198	118.66187502324487	7.77732590145399e7	1723.4662712686636	8.374017175878555e7
0.017000437997539405	0.01743998573248396	0.017220211865011683	126.52105242706165	7.72407221558426e7	1849.9873236957253	8.326102774611123e7
0.01743998573248396	0.017888324422127407	0.017664155077305684	134.87749133946576	7.67210160499776e7	1984.864815035191	8.278150847909757e7
0.017888324422127403	0.018345629885563715	0.01811697715384556	143.80268321262028	7.623531580968605e7	2128.667498247811	8.230407477188173e7
0.01834562988556372	0.018812081458268758	0.018578855671916236	153.16358899083843	7.569694884406972e7	2281.8310872386496	8.182468299196666e7
0.018812081458268758	0.0192878620624279	0.01904997176034833	163.0729267465235	7.51543324235975e7	2444.904013985173	8.134313938678706e7
0.019287862062427896	0.019773158278670218	0.019530510170549055	174.20274519749714	7.488394309086007e7	2619.1067591826704	8.087912864403795e7
0.019773158278670218	0.020268160419237388	0.020020659348953803	185.84592945742543	7.45344818419571e7	2804.952688640096	8.04255300927241e7
0.020268160419237388	0.0207730626026159	0.020520611510926642	197.78446158053984	7.402400020665497e7	3002.7371502206356	7.997000406425232e7
0.0207730626026159	0.02128806282966198	0.021030562716138942	210.39345210064684	7.350069507953626e7	3213.1306023212824	7.951175495615795e7
0.02128806282966198	0.021813363061248984	0.021550712945455484	223.72930014429983	7.297273456647009e7	3436.8599024655823	7.905063019669163e7
0.021813363061248984	0.022349169297467726	0.022081266179358357	238.01546319791964	7.249670863750105e7	3674.8753656635017	7.859046331760184e7
0.02234916929746773	0.022895691658410846	0.022622430477939288	253.4759604554115	7.211395778008872e7	3928.351326118913	7.81376613818751e7
0.022895691658410842	0.02345314446657282	0.023174418062491833	270.35017541384235	7.185716333912618e7	4198.701501532755	7.770038217567179e7
0.02345314446657282	0.024021746330898038	0.02373744539873543	287.26362006437245	7.134667901849642e7	4485.965121597128	7.725979540932603e7
0.024021746330898045	0.02460172023250977	0.024311733281703905	305.3988324172558	7.089190003067778e7	4791.363954014384	7.681996865881778e7
0.02460172023250977	0.025193293612153726	0.024897506922331746	324.416613915329	7.03967233553819e7	5115.780567929713	7.637803030240878e7
0.025193293612153722	0.02579669845939056	0.02549499603577214	344.4327039090256	6.988042742160945e7	5460.213271838738	7.593266025883533e7
0.02579669845939056	0.026412171403572132	0.026104434931481346	366.20196382999416	6.947893091619436e7	5826.415235668733	7.549192544257708e7
0.026412171403572136	0.02703995380663734	0.02672606260510474	390.5664764622138	6.930842509856758e7	6216.981712130946	7.507116308756901e7
0.02703995380663734	0.027680291857763845	0.027360122832200594	414.5452489771526	6.881717798376153e7	6631.5269611080985	7.464709917001641e7
0.027680291857763845	0.028333436669912882	0.028006864263838364	439.8414325339854	6.831689752437568e7	7071.368393642084	7.421934015424623e7
0.028333436669912882	0.0289996443783049	0.028666540524108892	466.66907774358094	6.782962096075629e7	7538.0374713856645	7.378900702506529e7
0.028999644378304903	0.02967917624086476	0.029339410309584833	495.3553295907003	6.738682203478621e7	8033.392800976366	7.335924706973694e7
0.02967917624086476	0.030372298740675815	0.03002573749077029	526.7597693233122	6.7078923746402375e7	8560.152570299679	7.293901720112462e7
0.030372298740675818	0.031079283690483094	0.030725791215579456	560.0055389870118	6.6764711860448755e7	9120.15810928669	7.252717406228343e7
0.031079283690483087	0.03180040833928651	0.031439846014884795	594.1057123612376	6.632292382202582e7	9714.263821647928	7.211459928738895e7
0.03180040833928651	0.032535955481066	0.03216818191017626	630.0444914766488	6.586866915153839e7	10344.308313124577	7.170049459910019e7
0.032535955481066005	0.03328621356568108	0.032911084523373546	667.6717450278677	6.5379147682622984e7	11011.980058152445	7.128261461146161e7
0.03328621356568108	0.03405147681198846	0.03366884518883477	707.3946674636527	6.488822943326074e7	11719.374725616097	7.086111402263325e7
0.03405147681198846	0.03483204532322199	0.03444176106760523	753.953331112938	6.47939244414724e7	12473.328056729035	7.04622983608169e7
0.03483204532322199	0.03562822520468019	0.03523013526395109	799.2798117516772	6.436216960991196e7	13272.607868480713	7.006241255036516e7
0.03562822520468018	0.036440328683767544	0.03603427694422386	846.6158660208698	6.388739237376503e7	14119.223734501582	6.965869822907597e7
0.036440328683767544	0.037268674232436655	0.036854501458102096	897.1722121518824	6.345342123429269e7	15016.395946653465	6.925406503915548e7
0.037268674232436655	0.03811358669207914	0.0376911304622579	950.5112586891687	6.3014308389578685e7	15966.907205342633	6.884822239933158e7
0.03811358669207915	0.03897539740091449	0.03854449204649682	1008.1695589930966	6.265692596037093e7	16975.07676433573	6.844653720056306e7
0.038975397400914484	0.03985444432392653	0.0394149208624205	1071.1983074017505	6.241782580177776e7	18046.27507173748	6.80563555415684e7
0.03985444432392653	0.040751072185398814	0.040302758254662674	1135.272850303003	6.202841827203789e7	19181.54792204048	6.766715580227752e7
0.040751072185398814	0.04166563260410055	0.04120835239474968	1201.6246101024333	6.156845016856242e7	20383.172532142915	6.727430674503732e7
0.04166563260410054	0.042598484231176306	0.042132058417638424	1271.5853566625633	6.110545519121962e7	21654.757888805478	6.6877847265372045e7
0.04259848423117632	0.0435499928907936	0.04307423856098496	1346.6757212865714	6.069983961416666e7	23001.43361009205	6.6481686872145325e7
0.043549992890793594	0.04452053172360322	0.04403526230719841	1431.8343277697488	6.054122914485904e7	24433.267937861798	6.61015921765478e7
0.044520531723603214	0.04551048133306903	0.04501550652833612	1516.0257306216263	6.013701047857034e7	25949.293668483424	6.572077034832105e7
0.045510481333069036	0.04652022993472417	0.0460153556338966	1604.6053954549993	5.972032071109753e7	27553.899063938425	6.533846027198887e7
0.04652022993472417	0.047550173508412404	0.04703520172156829	1698.6353714915722	5.932168688952736e7	29252.534435429996	6.495589512812659e7
0.04755017350841241	0.04860071595357441	0.048075444730993414	1796.4501826584751	5.887457813065694e7	31048.98461808847	6.457000079419515e7
0.04860071595357442	0.04967226924763966	0.04913649260060704	1903.8507865917009	5.855766499397352e7	32952.83540468017	6.418923162740234e7
0.04967226924763965	0.05076525360758619	0.05021876142761292	2021.8494941124072	5.836814276077589e7	34974.68489879258	6.382128155824045e7
0.0507652536075862	0.05188009765473167	0.051322675631158936	2138.020481131667	5.793649554022438e7	37112.70537992424	6.345000344292675e7
0.051880097654731665	0.05301723858282005	0.052448668118775854	2260.4554261628314	5.750238422762632e7	39373.16080608707	6.307545039886334e7
0.05301723858282006	0.05417712232947021	0.05359718045614513	2392.55031681808	5.7139431748226166e7	41765.71112290515	6.270229991379304e7
0.0541771223294702	0.055360203751053355	0.054768663040261775	2529.42534656262	5.671738529490505e7	44295.13646946777	6.23267376268198e7
0.055360203751053355	0.05656694680106817	0.05596357527606076	2685.9408470323606	5.655148874929213e7	46981.07731650013	6.1964956188132994e7
0.05656694680106818	0.057797824712083286	0.057182385756575735	2842.709309361524	5.620388014815262e7	49823.786625861656	6.160467078242032e7
0.05779782471208328	0.059053320181318696	0.05842557244670099	3005.895145522274	5.5811815396897316e7	52829.68177138393	6.124299552859234e7
0.0590533201813187	0.06033392555993882	0.059693622870628765	3176.637369232696	5.539491802361743e7	56006.31914061663	6.087846200159471e7
0.06033392555993882	0.06164014304613134	0.06098703430303508	3359.22850803427	5.502024989748916e7	59365.5476486509	6.051387384438692e7
0.06164014304613134	0.06297248488204772	0.06230631396408953	3559.40657234214	5.476100398998075e7	62924.95422099304	6.01563955776336e7
0.06297248488204771	0.06433147355468241	0.06365197921836506	3770.847757436516	5.449704778929248e7	66695.80197842955	5.980526124202419e7
0.06433147355468241	0.06571764200076981	0.06502455777772612	3986.5916872074667	5.412583672924922e7	70682.393665637	5.9453403639437824e7
0.06571764200076981	0.06713153381577895	0.06642458790827438	4215.8039934667	5.3774976811119504e7	74898.19765910371	5.910211840650717e7
0.06713153381577895	0.06857370346708827	0.0678526186414336	4453.8926342175655	5.337820340318502e7	79352.09029332128	5.874852224406557e7
0.06857370346708827	0.07004471651142379	0.06930920998925602	4706.528023845353	5.3000023425721854e7	84058.61831716663	5.839390138404699e7
0.07004471651142379	0.071545149816646	0.0707949331640349	4997.531367651285	5.2882059500550225e7	89056.14968481792	5.8054342797410645e7
0.071545149816646	0.07307559178797267	0.07231037080230934	5281.8914401732945	5.252249526425602e7	94338.04112499121	5.771400617115923e7
0.07307559178797267	0.07463664259872586	0.07385611719334927	5580.354918171033	5.214897857715556e7	99918.39604316224	5.737207519800086e7
0.07463664259872586	0.07622891442569413	0.07543277851221	5902.235756572496	5.183858550254059e7	105820.63179973474	5.703251662381092e7
0.07622891442569411	0.07785303168920174	0.07704097305744792	6234.430430095261	5.146475784708901e7	112055.06222983	5.6691282807143606e7
0.07785303168920174	0.07950963129797951	0.07868133149359063	6593.055802169181	5.115638987799924e7	118648.11803199918	5.63524790178515e7
0.07950963129797951	0.08119936289893284	0.08035449709845618	6993.755689938298	5.1008962335307784e7	125641.87372193747	5.602578238116158e7
0.08119936289893284	0.08292288913190524	0.08206112601541904	7388.512413361592	5.065686824686052e7	133030.38613529908	5.56979187501415e7
0.08292288913190525	0.0846808858895371	0.08380188751072118	7804.182124963045	5.03009206994453e7	140834.56826026214	5.536871942579461e7
0.08468088588953708	0.08647404258232155	0.08557746423592932	8251.640142373988	5.000085808306388e7	149086.2084026361	5.504166636702369e7
0.08647404258232155	0.08830306240896171	0.08738855249564163	8718.568785735557	4.966975022812471e7	157804.77718837166	5.4714727509400204e7
0.08830306240896173	0.0901686626321347	0.08923586252054821	9230.025011057964	4.94401476725901e7	167034.80219942963	5.439405960433461e7
0.09016866263213469	0.09207157485977112	0.09112011874595291	9772.696412329291	4.921998185416943e7	176807.49861175893	5.407983471315152e7
0.09207157485977113	0.09401254533196028	0.09304206009586571	10329.648051002374	4.891953797929762e7	187137.1466627613	5.376677166387725e7
0.09401254533196027	0.09599233521359321	0.09500244027277674	10911.423654777856	4.859227309728056e7	198048.57031753915	5.345316578612291e7
0.09599233521359321	0.09801172089285881	0.09700202805322601	11530.960087396248	4.829020172998636e7	209579.53040493542	5.314057015954742e7
0.0980117208928588	0.1000714942857097	0.09904160758928425	12191.527464551487	4.8015095669172905e7	221771.05786948692	5.283054664484623e7
0.10007149428570972	0.10217246314641765	0.10112197871606368	12915.063251313932	4.783660141717118e7	234686.12112080085	5.252876710252926e7
0.10217246314641763	0.10431545138433972	0.10324395726537867	13657.63434153025	4.757742713490774e7	248343.7554623311	5.222984175636901e7
0.10431545138433973	0.10650129938702026	0.10540837538567999	14447.72055571858	4.733732445568585e7	262791.47601804964	5.1934738048205525e7
0.10650129938702026	0.10873086434975439	0.10761608186838732	15265.576747035146	4.704498518405439e7	278057.0527650848	5.1640065512702756e7
0.10873086434975437	0.1110050206117432	0.10986794248074878	16129.684704101142	4.6756093955672644e7	294186.7374691859	5.134599985626128e7
0.1110050206117432	0.11332465999897179	0.11216484030535749	17063.983776924364	4.6528722444845386e7	311250.7212461103	5.10561993935632e7
0.11332465999897177	0.11569069217394494	0.11450767608645836	18085.66702113287	4.638946537811018e7	329336.38826724316	5.077569197973302e7
0.11569069217394495	0.11810404499241757	0.11689736858318125	19128.430840513658	4.615553271611715e7	348464.81910775683	5.049821331373792e7
0.11810404499241758	0.12056566486725966	0.11933485492983861	20235.754905073787	4.593445188820493e7	368700.5740128306	5.02243434411849e7
0.12056566486725963	0.12307651713959854	0.12182109100342908	21406.350252441356	4.571421412145295e7	390106.924265272	4.995390640949177e7
0.12307651713959855	0.12563758645738424	0.1243570517984914	22634.1057308273	4.5475340395496294e7	412741.0299960993	4.9685570374679476e7
0.12563758645738424	0.12824987716152564	0.12694373180945495	23943.34481663631	4.526010976855825e7	436684.3748127356	4.942061775767004e7
0.12824987716152564	0.13091441367974987	0.12958214542063776	25402.411153104542	4.517911986748117e7	462086.78596584016	4.916686812289916e7
0.13091441367974987	0.13363224092833859	0.13227332730404423	26903.26451415805	4.502082339350167e7	488990.05047999823	4.891900999337863e7
0.13363224092833859	0.13640442472189906	0.13501833282511883	28472.249794273797	4.483210824502347e7	517462.30027427204	4.867486218175853e7
0.13640442472189906	0.13923205219133075	0.1378182384566149	30175.8989583987	4.470947159522966e7	547638.1992326707	4.8438139229474e7
0.1392320521913308	0.14211623221015113	0.14067414220074098	31964.19597189661	4.456437219574838e7	579602.3952045674	4.820704461388305e7
0.1421162322101511	0.14505809582934784	0.14358716401974947	33869.1165309498	4.443498533680496e7	613471.5117355172	4.798216876789866e7
0.14505809582934784	0.1480587967209285	0.14655844627513817	35960.994632846996	4.4397881558345325e7	649432.5063683642	4.776862790490769e7
0.1480587967209285	0.1511195116303408	0.14958915417563465	38264.300973181635	4.44575654675157e7	687696.8073415458	4.757149222092036e7
0.1511195116303408	0.1542414408379413	0.15268047623414105	40701.22759345575	4.45033240191511e7	728398.0349350015	4.7388933580512606e7
0.1542414408379413	0.15742580862969385	0.15583362473381757	43341.805530498415	4.460016397651343e7	771739.8404654999	4.722310217854081e7
0.15742580862969385	0.16067386377728143	0.15904983620348764	46154.53366456005	4.469918076152221e7	817894.37413006	4.707311079501936e7
0.16067386377728143	0.16398688002782077	0.16233037190255112	49054.53388883339	4.4712719125542656e7	866948.9080188933	4.693292105630293e7
0.16398688002782077	0.1673661566033709	0.16567651831559582	52085.3544309104	4.4683280169975534e7	919034.2624498038	4.679938694057477e7
0.1673661566033709	0.17081301871043203	0.16908958765690146	55341.909642584316	4.468601206744806e7	974376.172092388	4.667401291542516e7
0.170813018710432	0.17432881805963435	0.1725709183850332	58743.341010579825	4.4645167411700904e7	1.0331195131029679e6	4.65537208455364e7
0.17432881805963435	0.17791493339582073	0.17612187572772753	62175.61980613452	4.4477912638766386e7	1.0952951329091024e6	4.6430711775845e7
0.17791493339582073	0.18157277103873085	0.1797438522172758	65828.98508655833	4.4326127617849596e7	1.1611241179956608e6	4.630606447171101e7
0.18157277103873087	0.1853037654344992	0.18343826823661502	69606.3080054595	4.411835218361409e7	1.2307304260011204e6	4.617656196367862e7
0.18530376543449914	0.1891093797181828	0.187206572576341	73675.1268565382	4.395710881521871e7	1.3044055528576586e6	4.6045248295163415e7
0.18910937971818284	0.19299110628754018	0.1910502430028615	77703.73169298146	4.364122604730983e7	1.38210928455064e6	4.5903086493322305e7
0.19299110628754018	0.19695046738828467	0.1949707868379124	82195.99796982578	4.345719424792924e7	1.4643052825204658e6	4.5758520330790535e7
0.19695046738828464	0.20098901571104402	0.19896974154966435	86766.39257160525	4.318445193596252e7	1.551071675092071e6	4.560645205139136e7
0.20098901571104408	0.20510833500025866	0.20304867535565135	91392.36177559933	4.282125236426052e7	1.6424640368676705e6	4.544198900263401e7
0.20510833500025863	0.2093100406752575	0.20720918783775805	96418.11500055579	4.2529497114809304e7	1.7388821518682262e6	4.52700896195895e7
0.2093100406752575	0.21359578046375632	0.2114529105695069	101650.11846894195	4.221142604513261e7	1.8405322703371681e6	4.5089645406167045e7
0.21359578046375632	0.21796723504802512	0.21578150775589072	106841.57629153345	4.17696803780883e7	1.9473738466287015e6	4.489387349118766e7
0.21796723504802512	0.2224261187239793	0.2201966768860022	112535.43112479843	4.1420650181212604e7	2.0599092777535e6	4.468915403732474e7
0.22242611872397927	0.22697418007345255	0.2247001493987159	118581.85078338542	4.109230444798968e7	2.178491128536885e6	4.4477238876846135e7
0.22697418007345255	0.23161320264991528	0.22929369136168393	124361.87937069192	4.057438078705931e7	2.302853007907577e6	4.424739147902259e7
0.23161320264991528	0.23634500567790726	0.23397910416391127	130836.57911603624	4.0190527813983895e7	2.433689587023613e6	4.400857296809772e7
0.23634500567790728	0.2411714447664591	0.2387582252221832	137965.9750560799	3.990284197504401e7	2.5716555620796927e6	4.3766975492100984e7
0.24117144476645908	0.24609441263678192	0.2436329287016205	144151.77149303743	3.9255125484994605e7	2.71580733357273e6	4.350158558807267e7
0.24609441263678195	0.25111583986451125	0.2486051262506466	152098.94610150938	3.8999069371382214e7	2.8679062796742395e6	4.323684756975042e7
0.25111583986451125	0.25623769563679516	0.2536767677506532	158710.0398708714	3.831696017966504e7	3.0266163195451107e6	4.2947679160341136e7
0.2562376956367951	0.2614619885245247	0.25884984208065986	167609.73591756803	3.8102310381475165e7	3.194226055462679e6	4.266299685168028e7
0.2614619885245247	0.26679076727000883	0.2641263778972668	175295.76680490718	3.752283069707917e7	3.369521822267586e6	4.236110458031577e7
0.26679076727000883	0.27222612159040266	0.2695084444302057	183486.45727173	3.6983398455978274e7	3.553008279539316e6	4.204537427629374e7
0.2722261215904027	0.2777701829972044	0.27499815229380353	192548.47567755193	3.65449967783568e7	3.7455567552168677e6	4.1722555215597235e7
0.2777701829972044	0.28342512563214217	0.2805976543146733	201990.28497592564	3.610020290898507e7	3.947547040192793e6	4.139269097180663e7
0.28342512563214217	0.28919316711977866	0.2863091463759604	212008.1801317219	3.5680361488081895e7	4.159555220324515e6	4.10576607923729e7
0.28919316711977866	0.29507656943716787	0.29213486827847324	222805.10712925775	3.5310613195726715e7	4.382360327453773e6	4.072070580448581e7
0.2950765694371678	0.3010776398009048	0.2980771046190363	231896.41397330276	3.460856106841012e7	4.614256741427075e6	4.036246091654529e7
0.30107763980090485	0.3071987315719166	0.3041381856864107	242858.0546568929	3.413164313242696e7	4.857114796083968e6	3.999737632591548e7
0.30719873157191663	0.3134422451783486	0.3103204883751326	252930.90204143303	3.3475526505195215e7	5.110045698125403e6	3.9615358109357476e7
0.31344224517834857	0.31981062905690916	0.31662643711762883	265236.31060982414	3.3058633015770085e7	5.375282008735227e6	3.923141420943582e7
0.3198106290569092	0.326306380613041	0.3230585048349751	277726.01409280987	3.2598701562557563e7	5.653008022828037e6	3.8843136790400274e7
0.326306380613041	0.33293204720029546	0.32961921390666826	290730.221273622	3.2137424960878383e7	5.943738244101658e6	3.8450701029039636e7
0.3329320472002955	0.33969022711929503	0.33631113715979527	304357.7785024772	3.1684559879322775e7	6.248096022604136e6	3.805484249355932e7
0.33969022711929503	0.34658357063667455	0.3431368988779848	318685.2920271914	3.124444289792397e7	6.566781314631327e6	3.765650672537698e7
0.3465835706366745	0.35361478102440164	0.35009917583053807	333848.6297964265	3.0825694279444844e7	6.900629944427754e6	3.725708723560857e7
0.35361478102440164	0.3607866156198833	0.35720069832214246	343452.66898566054	2.986672334186641e7	7.244082613413414e6	3.682506581866586e7
0.3607866156198833	0.3681018869072746	0.36444425126357893	362217.0113672932	2.9665505486554034e7	7.606299624780707e6	3.640664748763773e7
0.36810188690727463	0.37556346362041376	0.3718326752638442	380440.06644305494	2.9345134234064244e7	7.986739691223762e6	3.5994066405474395e7
0.3755634636204137	0.3831742718678156	0.37936886774411466	395119.1906462965	2.870447029069469e7	8.381858881870058e6	3.5568267616819225e7
0.38317427186781555	0.3909372962801655	0.38705578407399055	410445.1911022115	2.8083593220044017e7	8.79230407297227e6	3.513118303647844e7
0.39093729628016555	0.3988555811807625	0.394896438730464	433256.2826671025	2.792048102131698e7	9.225560355639372e6	3.4710200682951674e7
0.3988555811807624	0.40693223177937127	0.40289390648006684	448501.7827560501	2.7222441453385305e7	9.674062138395421e6	3.42731476964572e7
0.40693223177937127	0.4151704153899523	0.4110513235846618	468008.3623476259	2.6755042379602466e7	1.0142070500743046e7	3.3834426547927074e7
0.4151704153899523	0.4235733626727449	0.4193718890313486	494242.07688319194	2.6612461823259573e7	1.0636312577626238e7	3.3413083826736227e7
0.423573362672745	0.43214436890119345	0.4278588657869692	504949.10538839735	2.5608865441510648e7	1.1141261683014639e7	3.2957874136408783e7
0.4321443689011934	0.4408867952542109	0.43651558207770214	536116.8445396656	2.5609646726838294e7	1.1677378527554303e7	3.252935663015649e7
0.4408867952542108	0.44980407013428864	0.44534543269424975	552424.8322769762	2.48555088674371e7	1.222980335983128e7	3.2081947378013164e7
0.4498040701342887	0.45889969051196805	0.45435188032312834	581902.4389114224	2.466089445142515e7	1.2811705798742702e7	3.1649368830268636e7
0.4588996905119681	0.468177223297201	0.46353845690458456	604177.081282336	2.411769764718634e7	1.3415882880025038e7	3.1210433743634935e7
0.4681772232972011	0.4776403067381387	0.4729087650176699	631776.6439564168	2.3754823879451293e7	1.4047659523981456e7	3.0776020145821504e7
0.47764030673813856	0.4872926518478949	0.4824664792930167	658326.6813720237	2.3315781492574178e7	1.470598620535348e7	3.034142386592703e7
0.48729265184789494	0.4971380438598464	0.49221534785387067	688702.4259919589	2.2975446151725568e7	1.539468863134544e7	2.991240296240815e7
0.49713804385984633	0.5071803437120368	0.5021591937859415	716785.2863205685	2.252416616557265e7	1.6111473917666009e7	2.948216838088822e7
0.5071803437120368	0.517423489561271	0.5123019166366539	754072.5567382253	2.232047772833681e7	1.6865546474404234e7	2.9065204749065492e7
0.5174234895612712	0.5278714983274901	0.5226474939443806	777740.5829469222	2.1684986780178066e7	1.7643287057351157e7	2.863559756198513e7
0.5278714983274901	0.5385284672690335	0.5331999827982619	824867.2935112114	2.1664357275248874e7	1.846815435086237e7	2.8229870738246355e7
0.5385284672690335	0.5493985755894076	0.5439635214292206	840974.9575200761	2.0805843273311425e7	1.9309129308382444e7	2.7797868383396022e7
0.5493985755894077	0.5604860860761894	0.5549423308327985	901198.655267627	2.1002281387853786e7	2.021032796365007e7	2.740250365505898e7
0.5604860860761894	0.5717953467727067	0.5661407164244481	907793.8172483426	1.9928743582733717e7	2.1118121780898415e7	2.6967757256122682e7
0.5717953467727067	0.5833307926831544	0.5775630697279306	956611.3823579783	1.9782356511197492e7	2.2074733163256392e7	2.6549854536149587e7
0.5833307926831544	0.595096947511811	0.5892138700974827	1.0059498031972917e6	1.959618506146102e7	2.308068296645368e7	2.61454956007488e7
0.5950969475118111	0.6070984254370408	0.601097686474426	1.025923776207231e6	1.8826342716096994e7	2.410660674266091e7	2.5719952038584575e7
0.6070984254370407	0.619339932920775	0.6132191791789079	1.0865719247178906e6	1.8783124263327155e7	2.51931786673788e7	2.53167008071156e7
0.619339932920775	0.631826270554184	0.6255831017374796	1.1145976766932341e6	1.8150506947804045e7	2.6307776344072036e7	2.4900180404947463e7
0.631826270554184	0.6445623349402613	0.6381943027472227	1.1525116132730227e6	1.7679905581344258e7	2.746028795734506e7	2.4480580176195934e7
0.6445623349402613	0.65755312061406	0.6510577277771606	1.2305153791772276e6	1.778231745463818e7	2.869080333652229e7	2.409137399799684e7
0.65755312061406	0.6708037220013348	0.6641784213076973	1.2318852137109404e6	1.6770301145395245e7	2.992268855023323e7	2.3666040968519755e7
0.6708037220013346	0.6843193354163548	0.6775615287088448	1.2882501830278477e6	1.6521242617547968e7	3.121093873326108e7	2.3251008152307834e7
0.6843193354163548	0.6981052610996754	0.6912122982580151	1.36526331641748e6	1.6494278182609288e7	3.2576202049678557e7	2.2858572616226207e7
0.6981052610996754	0.7121669052966624	0.7051360831981689	1.3857027734896615e6	1.5771167618381694e7	3.396190482316822e7	2.244698763775298e7
0.7121669052966624	0.7265097823775891	0.7193383438371257	1.4332473315646648e6	1.5367180481319362e7	3.539515215473288e7	2.2035899098017287e7
0.7265097823775891	0.7411395170001344	0.7338246496888617	1.5063032597786635e6	1.5214830821319673e7	3.690145541451155e7	2.1639886351112004e7
0.7411395170001344	0.7560618463151305	0.7486006816576325	1.5669094114587884e6	1.4910169763524722e7	3.846836482597034e7	2.1249227652527604e7
0.7560618463151304	0.7712826222164265	0.7636722342657785	1.5909013933190834e6	1.426159924022958e7	4.005926621928942e7	2.0843648533566903e7
0.7712826222164265	0.7868078136357485	0.7790452179260875	1.659568042004276e6	1.4015497895600371e7	4.1718834261293694e7	2.044737503930055e7
0.7868078136357485	0.8026435088834569	0.7947256612596028	1.7668087095188107e6	1.405703383136518e7	4.348564297081251e7	2.0076555007989954e7
0.8026435088834569	0.8187959180361195	0.8107197134597882	1.760162310061263e6	1.3193186859355994e7	4.524580528087376e7	1.9677173101613883e7
0.8187959180361196	0.8352713753718355	0.8270336467039776	1.829356839562213e6	1.2917853832660273e7	4.7075162120435975e7	1.9285034479930505e7
0.8352713753718353	0.8520763418542654	0.8436738586130503	1.906068597677622e6	1.2680239827603398e7	4.89812307181136e7	1.8901904402265526e7
0.8520763418542654	0.8692174076663441	0.8606468747603048	2.0243713483195864e6	1.2687561133255133e7	5.100560206643319e7	1.8541464039439417e7
0.8692174076663441	0.8867012947946644	0.8779593512305043	2.0057886190547142e6	1.1843338288032813e7	5.30113906854879e7	1.8153006381094247e7
0.8867012947946645	0.9045348596655512	0.8956180772301079	2.0855772597574275e6	1.1601608396237759e7	5.509696794524533e7	1.7773099177808117e7
0.9045348596655511	0.9227250958338555	0.9136299777497033	2.171248338589806e6	1.1379056905262563e7	5.726821628383514e7	1.7402356035800632e7
0.9227250958338556	0.9412791367255261	0.9320021162796909	2.2613048475402724e6	1.1165099566787727e7	5.952952113137542e7	1.7040741226441685e7
0.9412791367255261	0.96020425843503	0.950741697580278	2.3377316420647986e6	1.0874434628712205e7	6.186725277344021e7	1.6683276173014695e7
0.9602042584350299	0.9795078825787238	0.9698560705068768	2.3748173182051796e6	1.040764754470091e7	6.424207009164539e7	1.631950988270278e7
0.9795078825787238	0.9991975792052916	0.9893527308920077	2.4389780366948787e6	1.0070298706068423e7	6.668104812834027e7	1.5957310247478798e7
0.9991975792052917	1.0192810697643908	1.0092393244848412	2.547507727247527e6	9.909774902795674e6	6.92285558555878e7	1.5606833144200508e7
1.0192810697643908	1.039766230134672	1.0295236499495313	2.6465714952117577e6	9.699456836141886e6	7.187512735079956e7	1.5264510901281307e7
1.039766230134672	1.0606610937123586	1.0502136619235154	2.7265453656396605e6	9.41442220540102e6	7.460167271643922e7	1.4925539559672948e7
1.0606610937123588	1.0819738545615993	1.071317474136979	2.748210281354539e6	8.940250419312736e6	7.734988299779376e7	1.457876557939182e7
1.0819738545615993	1.1037128706278245	1.0928433625947118	2.859823961644642e6	8.765150849203432e6	8.020970695943841e7	1.4241967797015196e7
1.1037128706278245	1.1258866670153744	1.1147997688215994	2.93239909478347e6	8.467692910810372e6	8.314210605422187e7	1.390747806217291e7
1.1258866670153742	1.148503939330675	1.1371953031730246	3.0710471821038797e6	8.355106068022041e6	8.621315323632574e7	1.3585869946564551e7
1.1485039393306753	1.171573557092282	1.1600387482114787	3.189049748928033e6	8.17432171998775e6	8.940220298525378e7	1.3272444820691051e7
1.171573557092282	1.195104567209121	1.1833390621507016	3.187506711824037e6	7.697823710389851e6	9.258970969707781e7	1.2949601225927714e7
1.195104567209121	1.2191061975282966	1.2071053823687088	3.2948024967673905e6	7.496768481809396e6	9.58845121938452e7	1.263383604615692e7
1.2191061975282966	1.2435878604538557	1.2313470289910762	3.3738321550199725e6	7.232650098537076e6	9.925834434886517e7	1.2321086192082064e7
1.243587860453856	1.2685591566379264	1.2560735085458912	3.5057517598940916e6	7.080856529240695e6	1.0276409610875925e8	1.201767967552133e7
1.268559156637926	1.2940298787456777	1.2812945176918018	3.602801420514662e6	6.856097205467618e6	1.0636689752927391e8	1.1718849322504444e7
1.2940298787456779	1.3200100152955847	1.3070199470206312	3.729965998829808e6	6.687670218285971e6	1.1009686352810372e8	1.1427590215564432e7
1.3200100152955847	1.3465097545764897	1.3332598849360373	3.8660870320403688e6	6.530948206935249e6	1.139629505601441e8	1.1144140112111043e7
1.3465097545764895	1.3735394886430126	1.360024621609751	3.873751553190224e6	6.165556611683358e6	1.1783670211333433e8	1.0855967163238289e7
1.3735394886430126	1.401109817390866	1.3873246530169392	3.96573901471455e6	5.947053158748561e6	1.2180244112804888e8	1.057184664656219e7
1.401109817390866	1.4292315527136765	1.4151706850522712	4.094335649416443e6	5.784948859246094e6	1.2589677677746533e8	1.0294807157561844e7
1.4292315527136763	1.457915722742943	1.4435736377283095	4.236264642688807e6	5.6394760531528e6	1.3013304142015414e8	1.0025400059975957e7
1.4579157227429431	1.487173576172795	1.4725446494578691	4.308618142245028e6	5.404237798326065e6	1.3444165956239918e8	9.757987881032005e6
1.487173576172795	1.5170165866712442	1.5020950814220195	4.445143514811613e6	5.253202691077756e6	1.3888680307721078e8	9.497326844217135e6
1.5170165866712444	1.5474564573796623	1.5322365220254532	4.616599468007162e6	5.14047944181763e6	1.4350340254521793e8	9.245241848116217e6
1.5474564573796623	1.5785051255022486	1.5629807914409555	4.777181441722825e6	5.011841573694308e6	1.4828058398694074e8	9.000314580678336e6
1.5785051255022486	1.6101747669872868	1.5943399462447676	4.731310277612254e6	4.676837541003675e6	1.53011894264553e8	8.750190996249124e6
1.6101747669872866	1.6424778013020254	1.626326284144656	4.864190459773704e6	4.530308205385042e6	1.5787608472432673e8	8.506075091343652e6
1.6424778013020256	1.6754268963030592	1.6589523488025424	5.00149261640425e6	4.388985821231433e6	1.6287757734073097e8	8.267919556325864e6
1.6754268963030592	1.7090349732041135	1.6922309347535864	5.184212498452529e6	4.286429982782724e6	1.680617898391835e8	8.037621016781514e6
1.709034973204113	1.7433152116431883	1.7261750924236505	5.230525751978971e6	4.0748129918610114e6	1.7329231559116247e8	7.80841588982948e6
1.7433152116431885	1.7782810548510453	1.7607981332471168	5.36617907437662e6	3.9389265453752102e6	1.786584946655391e8	7.584620508133942e6
1.7782810548510457	1.8139462149230596	1.7961136348870528	5.50910952016183e6	3.810179844545366e6	1.8416760418570092e8	7.366334093903097e6
1.8139462149230594	1.8503246781965137	1.8321354465597866	5.661489252150312e6	3.6893261600303906e6	1.8982909343785125e8	7.153693699047653e6
1.8503246781965135	1.8874307107354367	1.868877694465975	5.830083788238823e6	3.579681467069e6	1.9565917722609007e8	6.94702020272911e6
1.887430710735437	1.9252788639251386	1.9063547873302877	6.025987824500568e6	3.486197354810926e6	2.0168516505059063e8	6.746902222235226e6
1.9252788639251386	1.9638839801786343	1.9445814220518864	6.100939511026517e6	3.325641738241753e6	2.0778610456161714e8	6.549081717142744e6
1.9638839801786343	2.0032611987571998	1.983572589467917	6.123874461194247e6	3.145291635094729e6	2.1390997902281138e8	6.352280952872728e6
2.0032611987571998	2.0434259617073365	2.023343580232268	6.268636315638289e6	3.033642987145108e6	2.2017861533844966e8	6.16041268618208e6
2.0434259617073365	2.084394019916476	2.063909990811906	6.416668762337476e6	2.925894151419875e6	2.2659528410078713e8	5.973416568764193e6
2.084394019916476	2.1261814392897986	2.1052877296031376	6.5728908612342775e6	2.8239943846704517e6	2.3316817496202144e8	5.79134845309469e6
2.126181439289799	2.1688046070505878	2.1474930231701936	6.759007593560934e6	2.7362108894439484e6	2.3992718255558237e8	5.614738877557111e6
2.1688046070505878	2.2122802381665925	2.19054242260859	6.8544103946556e6	2.6145487993582017e6	2.46781592950238e8	5.441313322652053e6
2.212280238166592	2.2566253819049167	2.234452810035754	6.970123440148026e6	2.505116399172262e6	2.5375171639038602e8	5.271594221321357e6
2.256625381904917	2.3018574285180082	2.2792414052114625	7.115189546102047e6	2.40954735901781e6	2.6086690593648806e8	5.10616818057057e6
2.3018574285180082	2.347994116063361	2.3249257722906846	7.264754211679935e6	2.3181002594026634e6	2.68131660148168e8	4.945024812241855e6
2.347994116063361	2.395053537359621	2.371523826711491	7.420589622067302e6	2.2310676188965524e6	2.755522497702353e8	4.788171249245814e6
2.395053537359621	2.4430541470818063	2.4190538422207135	7.577010940539241e6	2.146525130015939e6	2.8312926071077454e8	4.635503013114526e6
2.4430541470818063	2.4920147689984353	2.467534458040121	7.736124250015974e6	2.0650280063603392e6	2.908653849607905e8	4.4869537742399005e6
2.4920147689984353	2.5419546033533966	2.516984686175916	7.895820115853682e6	1.9859343624172257e6	2.987612050766442e8	4.342423962266876e6
2.5419546033533966	2.5928932343954574	2.567423918874427	8.077115753232017e6	1.9142107975117806e6	3.068383208298762e8	4.202106784302966e6
2.5928932343954574	2.6448506380583594	2.6188719362269084	8.239059104770154e6	1.8398293587336317e6	3.1507737993464637e8	4.0656048170955516e6
2.644850638058359	2.6978471897945187	2.6713489139264386	8.324228152537316e6	1.7515035480252113e6	3.234016080871837e8	3.93189149960965e6
2.697847189794519	2.751903672565402	2.7248754311799606	8.48621272485426e6	1.6824753743989512e6	3.3188782081203794e8	3.8019204252024777e6
2.7519036725654016	2.807041284991702	2.779472478778552	8.64252285465099e6	1.6145210738231777e6	3.405303436666889e8	3.6755370679258304e6
2.8070412849917026	2.863281649666529	2.835161467329116	8.79752510385406e6	1.5485765778526086e6	3.49327868770543e8	3.552649929308343e6
2.8632816496665288	2.920646821634852	2.8919642356506903	8.96069922831352e6	1.4862219146912128e6	3.582885679988565e8	3.4332640997732175e6
2.920646821634852	2.9791592970425413	2.9499030593386966	9.126212353743434e6	1.4262724940211289e6	3.674147803525999e8	3.3173159473954146e6
2.979159297042542	3.038842021958385	3.0090006595004635	9.29689158950758e6	1.369053612250434e6	3.767116719421075e8	3.2047643231940824e6
3.038842021958385	3.099718401372545	3.069280211665465	9.493611492942661e6	1.3173023303143382e6	3.8620528343505013e8	3.095728582930667e6
3.099718401372545	3.1618123083749885	3.130765354873767	9.619988207687184e6	1.2577676316696794e6	3.958252716427373e8	2.98955571728395e6
3.161812308374988	3.2251480935174803	3.193480200946234	9.713882394199774e6	1.196716082053939e6	4.055391540369371e8	2.8859924925917927e6
3.2251480935174803	3.2897505943628222	3.2574493439401513	9.870601332387298e6	1.1458158906752178e6	4.1540975536932445e8	2.7854743247923525e6
3.2897505943628227	3.3556451452250715	3.322697869793947	1.0032463065137729e7	1.0973679292649333e6	4.254422184344622e8	2.687966733994565e6
3.355645145225072	3.422857587104566	3.389251366164819	1.0199113058763817e7	1.0511896490706757e6	4.35641331493226e8	2.593426697206342e6
3.422857587104566	3.4914142778216495	3.4571359324631077	1.0362435178257734e7	1.0063637229778178e6	4.4600376667148376e8	2.5017607029303247e6
3.491414277821649	3.5613421023530742	3.5263781900873616	1.0526048604348391e7	963237.7284015031	4.565298152758322e8	2.4129007291315133e6
3.5613421023530742	3.632668483375128	3.597005292864101	1.0689855066007823e7	921754.7403721128	4.6721967034184e8	2.3267794058158677e6
3.6326684833751277	3.7054213920176227	3.669044937696375	1.0853678630568594e7	881853.4978786622	4.7807334897240865e8	2.243329726525957e6
3.705421392017622	3.779629358832967	3.7425253754252945	1.1016982166368246e7	843448.3899357887	4.890903311387769e8	2.162483620702393e6
3.7796293588329672	3.8553214849846187	3.817475421908793	1.1051337605141968e7	797237.1914031738	5.001416687439189e8	2.0836397494361892e6
3.855321484984619	3.932527453659304	3.8939244693219615	1.1230540609303653e7	763397.3508495906	5.1137220935322255e8	2.0073967820314118e6
3.9325274536593033	4.011277541707481	3.9719024976833923	1.1420849504679918e7	731519.8449776276	5.227930588579023e8	1.9337176776260657e6
4.011277541707481	4.091602631516623	4.051440086612052	1.1614506842363149e7	700981.60703709	5.344075657002654e8	1.8625315615744286e6
4.091602631516623	4.173534223121948	4.132568427319285	1.1712759046247542e7	666106.4232517671	5.461203247465129e8	1.7934438877145506e6
4.173534223121948	4.257104446559379	4.215319334840663	1.187698515996918e7	636457.7818569705	5.579973099064821e8	1.7266351555015035e6
4.257104446559379	4.342346074465558	4.299725260512469	1.2039509009997487e7	607927.1513836805	5.700368189164796e8	1.6620381964690075e6
4.342346074465559	4.429292534929862	4.38581930469771	1.2201384424580634e7	580539.3291780362	5.822382033410602e8	1.5995911604264579e6
4.4292925349298615	4.517977924603451	4.473635229766656	1.2362849037380248e7	554269.857504895	5.946010523784404e8	1.5392343636720062e6
4.51797792460345	4.608437022070511	4.5632074733369805	1.2459346791595489e7	526354.7027539463	6.070603991700358e8	1.4807519838583614e6
4.608437022070511	4.700705301486913	4.654571161778712	1.2631078182107836e7	502810.764635537	6.196914773521436e8	1.424288077152101e6
4.700705301486913	4.794818946491643	4.747762123989277	1.2799306773076385e7	480100.1776867064	6.324907841252201e8	1.3697741129849604e6
4.794818946491643	4.890814864396467	4.842816905444055	1.2961346398728639e7	458117.80170560384	6.454521305239487e8	1.3171394541085847e6
4.890814864396468	4.988730700659389	4.939772782527928	1.3124018044797927e7	437095.01352750673	6.585761485687466e8	1.2663309066516259e6
4.988730700659389	5.088604853647568	5.038667777153478	1.3283569158432603e7	416875.27757819684	6.718597177271792e8	1.2172893161601727e6
5.088604853647569	5.190476489695512	5.13954067167154	1.3442236456395984e7	397507.7065038728	6.853019541835752e8	1.1699617844347854e6
5.190476489695511	5.294385558464413	5.242431024079962	1.3600005412425458e7	378962.377532734	6.989019595960007e8	1.1242967449192083e6
5.294385558464413	5.400372808608692	5.347379183536552	1.3759360311240196e7	361275.55378548393	7.126613199072409e8	1.0802477064519578e6
5.400372808608693	5.508479803755858	5.454426306182276	1.3920133511712909e7	344403.34959857684	7.265814534189539e8	1.0377683328564127e6
5.508479803755859	5.618748938805967	5.563614371280913	1.4078324883235425e7	328215.3544265933	7.406597783021894e8	996807.4389470952
5.618748938805966	5.731223456557077	5.6749861976815215	1.423618934872201e7	312741.7894761814	7.548959676509113e8	957318.5433836328
5.7312234565570765	5.845947464663209	5.788585460610143	1.439461314094621e7	297972.8588595757	7.692905807918575e8	919257.2866544141
5.845947464663211	5.962965952931467	5.904456708797339	1.4552051638188183e7	283847.96140828024	7.838426324300456e8	882578.3755914123
5.962965952931466	6.082324810965086	6.022645381948276	1.4708582234932184e7	270344.4727617927	7.985512146649778e8	847237.8293665459
6.082324810965086	6.204070846159379	6.143197828562233	1.4863232999075025e7	257421.83332071928	8.134144476640528e8	813191.8682543415
6.20407084615938	6.328251802057558	6.266161324108468	1.5015067913054734e7	245044.5688379737	8.284295155771075e8	780397.1954286671
6.328251802057558	6.4549163770737	6.3915840895656295	1.474087962532717e7	226687.27313079705	8.431703952024348e8	748436.3619052671
6.454916377073701	6.584114243590166	6.519515310331934	1.4982012411097884e7	217100.14554565438	8.581524076135327e8	717767.4213481952
6.584114243590165	6.71589606743696	6.650005155513563	1.5234143354572356e7	208014.9189399529	8.733865509681051e8	688344.7289381356
6.715896067436961	6.850313527760691	6.783104797598826	1.542402260976559e7	198454.4483085987	8.888105735778706e8	660068.8780731946
6.85031352776069	6.987419337290895	6.9188664325257925	1.5596392854581118e7	189092.5157055471	9.044069664324517e8	632885.0943849208
6.987419337290895	7.127267263011704	7.057343300151299	1.576022003120625e7	180052.7191269405	9.20167186463658e8	606748.9020014409
7.127267263011705	7.269912147246929	7.198589705129317	1.5918434415791512e7	171366.22702722368	9.360856208794495e8	581620.1937889534
7.269912147246929	7.4154099291668585	7.342661038206893	1.5801185175657809e7	160288.45962747865	9.518868060551074e8	557302.7748729987
7.415409929166858	7.5638176667251855	7.489613797946022	1.6060553851295233e7	153518.61789927984	9.679473599064027e8	533998.4257442992
7.5638176667251855	7.71519355903468	7.639505612879933	1.6253646907992661e7	146399.476119281	9.842010068143954e8	511628.48662732914
7.715193559034678	7.869596969190362	7.79239526411252	1.642345804915893e7	139393.23491639347	1.0006244648635544e9	490145.5164514448
7.869596969190363	8.027088447549161	7.948342708369762	1.6585469421757579e7	132645.78884984646	1.0172099342853119e9	469513.2345959816
8.027088447549161	8.187729755475134	8.107409101512147	1.6742702174554467e7	126176.96348661852	1.0339526364598664e9	449698.6004803182
8.187729755475134	8.351583889559627	8.26965682251738	1.6323130978485227e7	115916.96863967212	1.0502757674383516e9	430435.609075031
8.351583889559627	8.51871510632581	8.435149497942719	1.6580614354361534e7	110951.55755389086	1.0668563817927132e9	411997.9616399321
8.51871510632581	8.689188947427317	8.603952026876563	1.6870610575170934e7	106378.29420731845	1.0837269923678842e9	394360.63553690707
8.689188947427317	8.863072265350853	8.776130606389085	1.7071559570928037e7	101434.35049068701	1.1007985519388123e9	377456.031262826
8.863072265350853	9.04043324963286	8.951752757491857	1.7247254638569593e7	96565.425133354	1.1180458065773818e9	361246.17392175976
9.04043324963286	9.221341453600507	9.130887351616684	1.74080967789824e7	91842.35052834869	1.1354539033563643e9	345699.36943376175
9.221341453600507	9.405867821647508	9.313604637624007	1.7185928920253336e7	85438.7549225337	1.1526398322766175e9	330680.3586989456
9.405867821647508	9.594084717055448	9.499976269351478	1.750143631920153e7	81987.18508521206	1.170141268595819e9	316329.0229644055
9.594084717055447	9.786065950371546	9.690075333713496	1.7706800641892612e7	78163.31029653655	1.1878480692377117e9	302585.33240132016
9.786065950371546	9.981886808353966	9.883976379362757	1.7879471793396413e7	74371.79582205239	1.2057275410311081e9	289416.0750195719
9.981886808353966	10.181624083496034	10.081755445925001	1.744363953851801e7	68372.52154719479	1.223171180569626e9	276660.68988724594
10.181624083496034	10.385356104140945	10.28349009381849	1.7583405121430576e7	64943.92806064001	1.2407545856910567e9	264443.62487282394
10.385356104140945	10.593162765198754	10.48925943466985	1.7938899987689793e7	62434.210101836914	1.2586934856787465e9	252786.82736605863
10.593162765198754	10.805125559477718	10.699144162338236	1.815681972021699e7	59546.74113304255	1.2768503053989635e9	241636.15789525205
10.805125559477718	11.021327609642261	10.91322658455999	1.8335703147271395e7	56664.01564980051	1.2951860085462348e9	230962.6739432955
11.021327609642261	11.241853700810095	11.131590655226178	1.8071814892562866e7	52626.35209820507	1.3132578234387977e9	220672.18735973365
11.241853700810095	11.466790313801287	11.35432200730569	1.8385980038829803e7	50452.20505414596	1.3316438034776275e9	210850.11902909074
11.466790313801285	11.696225659052299	11.581507986426793	1.8620610760774076e7	48148.11725104931	1.3502644142384017e9	201461.9330726515
11.6962256590523	11.930249711208337	11.813237685130318	1.8791396970466554e7	45786.41295453274	1.3690558112088683e9	192479.26068669689
11.930249711208337	12.168954244407493	12.049601977807914	1.7911021013295352e7	41123.512946392	1.3869668322221637e9	183745.91460112509
12.168954244407491	12.41243286827063	12.290693556339061	1.854354103000605e7	40119.451187032966	1.4055103732521696e9	175458.6194673047
12.41243286827063	12.660781064611031	12.53660696644083	1.8826095239668608e7	38380.89994703571	1.4243364684918382e9	167549.25000977554
12.66078106461103	12.914096224878238	12.787438644744633	1.9023799805058062e7	36546.4243902168	1.4433602682968962e9	159990.4583790052
12.91409622487824	13.172477688350792	13.043286956614516	1.8640440811561823e7	33744.00764354077	1.462000709108458e9	152706.1609444842
13.172477688350792	13.436026781092796	13.304252234721794	1.9060937673339665e7	32514.548669408916	1.4810616467817976e9	145771.27216308916
13.436026781092798	13.704846855689642	13.570436818391219	1.927941997108245e7	30989.92651206434	1.50034106675288e9	139148.5953890024
13.70484685568964	13.97904333177842	13.84194509373403	1.8901579015030146e7	28629.77318693554	1.5192426457679102e9	132771.90304523666
13.979043331778422	14.258723737388978	14.1188835345837	1.874217767138374e7	26750.58187465081	1.5379848234392939e9	126654.7484544132
14.258723737388976	14.543997751111744	14.401360744250361	1.9252728214070916e7	25893.988097724978	1.5572375516533647e9	120841.15354874128
14.543997751111744	14.834977245108966	14.689487498110356	1.949896151795131e7	24712.219073577395	1.576736513171316e9	115294.83764133885
14.834977245108968	15.131776328986135	14.98337678704755	1.9027474288463056e7	22723.494602918992	1.595763987459779e9	109953.81722401595
15.131776328986136	15.434511394540847	15.283143861763492	1.9554151132263184e7	22005.273615632777	1.6153181385920422e9	104879.54713027393
15.434511394540843	15.743301161406647	15.588906277973745	1.978786495056677e7	20983.63300089242	1.635106003542609e9	100039.12712877576
15.743301161406647	16.058266723609766	15.900783942508205	1.9122046487349033e7	19107.77687926935	1.654228050029958e9	95369.77761104378
16.05826672360977	16.37953159705695	16.218899160333358	1.9273942071837306e7	18148.48994873417	1.6735019921017952e9	90914.50739453975
16.37953159705695	16.707221767973074	16.54337668251501	1.9708584947482586e7	17487.174676980892	1.6932105770492778e9	86678.1535616135
16.707221767973074	17.041465742307523	16.8743437551403	1.934049987896967e7	16170.604696216247	1.7125510769282475e9	82610.27851289057
17.041465742307526	17.382394596128663	17.211930169218093	1.974828045536101e7	15559.02267466937	1.7322993573836083e9	78741.83316318845
17.382394596128663	17.730142027026222	17.55626831157744	2.001408315960467e7	14858.784622515424	1.752313440543213e9	75056.19418524893
17.730142027026222	18.084844406541734	17.907493216783976	1.9869454085884094e7	13900.428222141874	1.772182894629097e9	71527.92081995957
18.08484440654173	18.44664083364755	18.265742620094642	1.9084817914222956e7	12581.285473360676	1.79126771254332e9	68127.11731309154
18.446640833647553	18.81567318929549	18.631157011471522	1.986962387243867e7	12343.021526095752	1.8111373364157586e9	64908.78663711486
18.81567318929549	19.192086192056387	19.003879690675937	1.9368585731871128e7	11337.692813420212	1.8305059221476297e9	61818.14555700627
19.192086192056387	19.5760274548725	19.38405682346444	1.9987579090382338e7	11025.086244592603	1.8504935012380126e9	58887.79035926519
19.5760274548725	19.967647542944935	19.771837498908717	2.0246200532107472e7	10523.505837973511	1.8707397017701201e9	56097.569768127876
19.967647542944935	20.36710003277882	20.167373787861877	1.9672234061583996e7	9635.31224416657	1.8904119358317041e9	53417.09329953727
20.367100032778815	20.774541572409376	20.570820802594096	1.9515507604336143e7	9007.146858213295	1.9099274434360404e9	50855.02973129667
20.77454157240938	21.19013194283255	20.982336757620963	1.9437717046228528e7	8453.722974595454	1.9293651604822688e9	48408.858281826884
21.19013194283255	21.614034120664186	21.40208303174837	1.9876608884635568e7	8145.926617944423	1.9492417693669043e9	46086.06219793312
21.61403412066419	22.046414342052458	21.830224231358322	2.020073347723961e7	7801.190161904608	1.9694425028441439e9	43877.39150304578
22.046414342052458	22.48744216786849	22.266928254960476	2.0415185779381037e7	7429.210503524337	1.989857688623525e9	41774.68942589489
22.48744216786849	22.937290550200846	22.712366359034668	1.9060194041825175e7	6536.0042135656995	2.00891788266535e9	39741.77202487249
22.937290550200842	23.396135900179843	23.166713225190342	1.9223380665981174e7	6211.7007409596035	2.0281412633313313e9	37807.43251472618
23.396135900179846	23.86415815715843	23.630147028669136	1.9786575755791903e7	6024.863706701073	2.0479278390871232e9	35973.91338228057
23.86415815715842	24.341540859276574	24.102849508217496	2.0142344696196556e7	5779.396707826986	2.0680701837833197e9	34232.01509739999
24.341540859276574	24.828471215437087	24.58500603735683	2.0388312159737587e7	5512.514246578674	2.0884584959430573e9	32575.21584428579
24.82847121543709	25.325140178720815	25.076805697078953	1.9129618745912433e7	4873.834773720496	2.1075881146889696e9	30977.15705917129
25.32514017872082	25.83174252127022	25.57844134999552	1.890280379640138e7	4538.233306982507	2.126490918485371e9	29451.933653549764
25.831742521270215	26.348476910670602	26.090109715970407	1.974039482948482e7	4465.937059484342	2.146231313314856e9	28010.532859457555
26.348476910670605	26.875545987859	26.612011449264802	2.0070426920966506e7	4278.6780562476615	2.1663017402358227e9	26641.486400261325
26.875545987858995	27.413156446591156	27.144351217225076	2.0305644314276814e7	4079.1161664200267	2.1866073845500994e9	25339.90995838223
27.41315644659116	27.961519114497964	27.68733778054456	1.8188730369392753e7	3443.0873920713125	2.2047961149194922e9	24076.73199195495
27.961519114497964	28.520849035762904	28.241184075130434	1.9163065683779955e7	3418.275581533177	2.2239591806032724e9	22884.99663386667
28.52084903576291	29.09136555545315	28.80610729560803	1.9689968797073483e7	3309.6616352892697	2.243649149400346e9	21755.74766408833
29.091365555453145	29.67329240553719	29.382328980495167	2.0002499299244523e7	3168.249492617356	2.26365164869959e9	20683.487897312014
29.67329240553719	30.266857792622915	29.970075099080052	1.9222242350603342e7	2869.0344201394264	2.282873891050194e9	19655.8261875742
30.266857792622922	30.87229448745036	30.56957614003664	1.8159981833992124e7	2554.1345767176254	2.301033872884186e9	18669.28466293854
30.872294487450354	31.48983991617434	31.181067201812347	1.9291809450470805e7	2556.8075632359837	2.3203256823346567e9	17739.810618426887
31.489839916174343	32.11973625347281	31.804788084823578	1.9678953756430745e7	2457.6715959282783	2.3400046360910873e9	16858.238633698016
32.11973625347281	32.762230517517246	32.44098338549503	1.955081157384479e7	2300.824296609208	2.3595554476649323e9	16018.475927073587
32.762230517517246	33.41757466684257	33.08990259217991	1.765295178555274e7	1957.6401870222717	2.377208399450485e9	15207.361348056376
33.41757466684257	34.0860256991544	33.75180018299848	1.883861495613551e7	1968.617899366311	2.396047014406621e9	14443.672241748904
34.086025699154405	34.76784575211247	34.42693572563344	1.9326600332894206e7	1903.1144160316655	2.4153736147395153e9	13720.2606462279
34.767845752112464	35.46330220612969	35.11557397912108	1.8999409699399352e7	1762.976664808449	2.434373024438915e9	13030.497542904937
35.4633022061297	36.17266778922727	35.81798499767848	1.7780034941052675e7	1554.6625501639248	2.4521530593799677e9	12368.508899153794
36.17266778922727	36.89622068398679	36.53444423660703	1.837593546214485e7	1514.0844605340517	2.470528994842111e9	11742.368255368212
36.8962206839868	37.63424463664151	37.265232660314155	1.8983288542152405e7	1473.9042086570794	2.4895122833842635e9	11150.030443676878
37.634244636641505	38.387029068349314	38.01063685249541	1.84151111696527e7	1347.3156832641052	2.507927394553916e9	10584.560883275097
38.387029068349314	39.15486918869128	38.7709491285203	1.7627351937853456e7	1215.288394154091	2.5255547464917693e9	10044.095785346066
39.15486918869128	39.93806611144008	39.54646765006568	1.7981635185419083e7	1168.204180065626	2.5435363816771884e9	9532.092541634032
39.93806611144008	40.73692697264386	40.33749654204197	1.843338878037429e7	1128.4754043309333	2.5619697704575624e9	9047.33347531611
40.736926972643865	41.55176505107172	41.14434601185779	1.790585251589811e7	1032.9500033900404	2.5798756229734607e9	8585.02827240133
41.55176505107172	42.38289989106813	41.96733247106992	1.715715796668172e7	932.6679926070094	2.5970327809401426e9	8143.607189951342
42.38289989106812	43.23065742786446	42.80677865946629	1.7667564879415274e7	905.0152197839242	2.614700345819558e9	7726.054987213585
43.23065742786446	44.09537011539672	43.66301377163059	1.7266290637043357e7	833.4426858475823	2.6319666364566016e9	7328.461215880961
44.09537011539672	44.97737705667963	44.536373586038174	1.7887611602579474e7	813.6293239128994	2.649854248059181e9	6952.6601626735455
44.977377056679636	45.8770241367882	45.42720059673392	1.6287926890311122e7	698.1321349645344	2.6661421749494925e9	6591.875224551411
45.8770241367882	46.79466415849894	46.33584414764357	1.6637091136467814e7	671.9652773591665	2.6827792660859604e9	6250.3930406018
46.79466415849895	47.7306569806439	47.26266056957142	1.707954264202118e7	650.0448605093195	2.6998588087279816e9	5927.345015382184
47.73065698064389	48.685369659231746	48.20801331993782	1.6227051764723778e7	581.9751017647378	2.7160858604927053e9	5619.0056624899435
48.685369659231746	49.65917659139136	49.17227312531155	1.5986814820541859e7	540.286920765542	2.732072675313247e9	5326.048243506417
49.65917659139135	50.65245966219415	50.15581812679275	1.6342620771966815e7	520.4535484563153	2.7484152960852137e9	5048.84606355563
50.652459662194154	51.665608394413006	51.15903402830358	1.5649345787486672e7	469.62829200873176	2.7640646418727e9	4784.702532526457
51.66560839441301	52.69902010127625	52.18231424784463	1.5650618946431398e7	442.5755432222682	2.779715260819132e9	4534.235599364736
52.69902010127624	53.753100042276735	53.22606007177649	1.5713548227907658e7	418.72415683199836	2.7954288090470395e9	4296.840962864466
53.753100042276735	54.82826158209724	54.29068081218699	1.4673426887634277e7	368.45393464749793	2.810102235934674e9	4070.240608578117
54.82826158209724	55.92492635271416	55.3765939674057	1.5195652622991323e7	359.55797557321927	2.825297888557665e9	3856.198426329989
55.92492635271416	57.04352441874341	56.484225385728784	1.5733017030424833e7	350.7999610833776	2.84103090558809e9	3653.9979344135754
57.04352441874342	58.184494446093254	57.614009432418335	1.3656481466342688e7	286.9355294086824	2.854687387054433e9	3459.777351609681
58.184494446093254	59.348283873990084	58.76638916004167	1.4839677909390211e7	293.8109627152021	2.8695270649638233e9	3277.1567903374907
59.348283873990084	60.53534909044485	59.94181648221747	1.3655690044116497e7	254.77406381211634	2.88318275500794e9	3102.8187613014125
60.535349090444846	61.74615561122871	61.14075235083678	1.4947049287553787e7	262.7816898248297	2.8981298042954936e9	2938.9991104471333
61.74615561122872	62.981178262428266	62.363666936828494	1.341182016187346e7	222.19048360861476	2.911541624457367e9	2782.2877929675524
62.98117826242826	64.2409013666518	63.61103981454003	1.3661436104909658e7	213.27120054593036	2.925203060562277e9	2634.101660401711
64.2409013666518	65.5258189329598	64.8833601498058	1.4462842148897529e7	212.7588611130691	2.9396659027111745e9	2494.4338623037884
65.5258189329598	66.83643485059396	66.18112689177687	1.2124414184071183e7	168.071065369579	2.9517903168952456e9	2360.2448927892983
66.83643485059396	68.1732630865808	67.50484896858738	1.4565258299995303e7	190.26047813479187	2.966355575195241e9	2235.076300822393
68.17326308658079	69.53682788728737	68.85504548693407	1.1487187897266626e7	141.39770059731055	2.9778427630925064e9	2114.3093345141833
69.53682788728739	70.9276639840081	70.23224593564774	1.4455630986358643e7	167.67330668661177	2.992298394078865e9	2002.024190007208
70.92766398400809	72.34631680266321	71.63699039333565	1.1029684484489202e7	120.555837063542	3.0033280785633545e9	1893.4981697623332
72.34631680266322	73.79334267769146	73.06982974017734	1.395616749343133e7	143.74396764387362	3.0172842460567856e9	1792.569760004286
73.79334267769144	75.26930907022023	74.53132587395584	1.089445311423707e7	105.73705594575168	3.0281786991710224e9	1695.2708814292573
75.26930907022025	76.77479479059961	76.02205193040993	1.3577072165691853e7	124.17273697273689	3.0417557713367143e9	1604.6478499104146
76.7747947905996	78.31039022538656	77.54259250799308	1.0659193226858139e7	91.86346704398608	3.0524149645635724e9	1517.3885424787834
78.31039022538656	79.87669756886925	79.0935438971279	1.3332492441391706e7	108.27501060550006	3.065747457004964e9	1436.1091995167346
79.87669756886925	81.4743310592216	80.67551431404542	1.0315889991155982e7	78.94452282826484	3.07606334699612e9	1357.8264220045842
81.47433105922158	83.10391721938097	82.28912413930128	1.3208075771000266e7	95.24743469734415	3.0892714227671204e9	1284.9995384257238
83.10391721938097	84.76609510274355	83.93500616106226	9.873462501953363e6	67.09368907482875	3.0991448852690735e9	1214.7495292825738
84.76609510274358	86.4615165437734	85.61380582325849	1.1921322938298225e7	76.33700525277402	3.1110662082073717e9	1149.0848475570028
86.4615165437734	88.19084641362383	87.32618147869862	1.0668888818987131e7	64.3766464729716	3.1217350970263586e9	1086.5179498110222
88.19084641362382	89.95476288087124	89.07280464724752	1.0804411900683403e7	61.434001911627824	3.132539508927042e9	1027.3902941740582
89.95476288087124	91.75395767746362	90.85436027916742	1.127967387991786e7	60.43697945350546	3.14381918280696e9	971.6157189048965
91.75395767746362	93.58913636998784	92.67154702372574	1.0075175706871629e7	50.86949051974879	3.1538943585138316e9	918.5064575827012
93.58913636998786	95.46101863636257	94.52507750317521	1.1612244924720407e7	55.24837599946814	3.165506603438553e9	868.7132021036842
95.46101863636258	97.37033854806478	96.41567859221368	9.533326285829782e6	42.74116687683838	3.1750399297243824e9	821.0706763839985
97.37033854806477	99.31784485800101	98.34409170303289	1.0027127380935669e7	42.36205843925302	3.185067057105318e9	776.1543749501349
99.31784485800102	101.304301294136	100.31107307606851	1.092467546850276e7	43.49183085172971	3.195991732573821e9	733.8940747237838
101.304301294136	103.33048685899367	102.31739407656482	8.676782865682602e6	32.55041387623285	3.2046685154395037e9	693.4402997627501
103.33048685899367	105.39719613514849	104.36384149707108	1.210994369929552e7	42.809343308818505	3.216778459138799e9	655.9116880457094
105.39719613514849	107.50523959682641	106.45121786598745	7.724831764604688e6	25.732628149394824	3.2245032909034038e9	619.5627815705744
107.50523959682641	109.65544392773789	108.58034176228216	9.526741433695197e6	29.904612617996786	3.234030032337099e9	585.5511618143793
109.65544392773788	111.84865234526758	110.75204813650274	1.0300079149351358e7	30.467236860202156	3.24433011148645e9	553.5338203910421
111.84865234526758	114.08572493114788	112.96718863820773	8.021548726643443e6	22.35884947892608	3.2523516602130938e9	522.8955779754103
114.0857249311479	116.36753896874579	115.22663194994684	1.0447777291246533e7	27.441880396546367	3.26279943750434e9	494.3177672819568
116.36753896874578	118.69498928709564	117.5312641279207	8.353561168921471e6	20.67570689780552	3.2711529986732616e9	466.99807610366435
118.69498928709562	121.06898861181249	119.88198894945405	8.639248178113699e6	20.149460547317595	3.2797922468513756e9	441.2238525648739
121.06898861181249	123.49046792302367	122.27972826741808	1.0424778032684565e7	22.911475975165406	3.29021702488406e9	417.0956180601303
123.49046792302369	125.9603768204591	124.72542237174139	7.0426173699400425e6	14.585426602655405	3.2972596422539997e9	393.8788706954435
125.9603768204591	128.47968389584324	127.22003035815118	8.500504011616468e6	16.58931770176228	3.3057601462656164e9	372.11686374827974
128.4796838958432	131.04937711273502	129.7645305042891	9.78040231357646e6	17.986198658883136	3.315540548579193e9	351.69067332055215
131.04937711273502	133.67046419396465	132.35992065334983	7.174948165095091e6	12.43369659618184	3.3227154967442884e9	332.12240873573336
133.67046419396468	136.3439730168189	135.00721860539178	7.57082458608079e6	12.362990225694901	3.330286321330369e9	313.6787720347458
136.3439730168189	139.0709520161302	137.70746251647455	9.103696919695139e6	14.008672739164368	3.339390018250064e9	296.3938939552378
139.0709520161302	141.85247059542775	140.46171130577898	8.099565932713747e6	11.74464281265621	3.3474895841827774e9	279.97542501677043
141.85247059542775	144.68961954631123	143.2710450708695	6.37074440482235e6	8.704967036909785	3.3538603285875998e9	264.3286507257914
144.68961954631123	147.58351147621238	146.1365655112618	7.938725222070456e6	10.221781959513237	3.3617990538096704e9	249.67187526158327
147.5835114762124	150.5352812447116	149.05939636046202	8.861970636101246e6	10.75239112979123	3.3706610244457717e9	235.89111057723778
150.53528124471157	153.54608640858072	152.04068382664616	5.921399165930033e6	6.770145486369481	3.376582423611702e9	222.67552831043827
153.54608640858075	156.61710767572728	155.08159704215402	7.103289234441519e6	7.653006626293529	3.3836857128461437e9	210.27314490993842
156.61710767572728	159.74954936821675	158.18332852197202	9.48657021309328e6	9.631207821450992	3.393172283059237e9	198.70023296298814
159.74954936821675	162.94463989455602	161.34709463138637	5.416766731267214e6	5.1821575332947685	3.3985890497905045e9	187.53822795798845
162.94463989455602	166.20363223142206	164.57413606298906	6.350109785573959e6	5.7246728212981335	3.4049391595760784e9	177.05133872818905
166.20363223142203	169.5278044150254	167.86571832322372	8.171996633792162e6	6.942191439932963	3.4131111562098703e9	167.23955788222653
169.5278044150254	172.91846004230084	171.22313222866313	6.83692328749156e6	5.473033336449585	3.419948079497362e9	157.90897915249192
172.91846004230084	176.37692878212178	174.6476944122113	5.602584329652071e6	4.226246054800494	3.425550663827014e9	149.04467270025964
176.37692878212178	179.90456689673914	178.14074783943045	7.020585533237219e6	4.990438528088566	3.432571249360251e9	140.73573545575735
179.90456689673914	183.50275777364885	181.703662335194	7.517793298740625e6	5.035641048517714	3.440089042658992e9	132.90866271859636
183.50275777364885	187.17291246809674	185.3378351208728	5.555421836671114e6	3.506553297021539	3.4456444644956627e9	125.44485660107507
187.17291246809674	190.9164702564336	189.04469136226516	6.425400232532501e6	3.82175299619396	3.452069864728195e9	118.4297406587766
190.91647025643357	194.73489920053714	192.82568472848536	5.257438244572639e6	2.94669812293632	3.457327302972768e9	111.76878149212313
194.73489920053717	198.6296967235228	196.68229796203	7.388721228844643e6	3.9023821172197124	3.4647160242016125e9	105.54714658398588
198.6296967235228	202.60239019696817	200.6160434602455	5.5707377060444355e6	2.7725046029085165	3.4702867619076567e9	99.61920242366267
202.6023901969682	206.65453753988248	204.62846386842534	5.47877463752389e6	2.569461200891494	3.4757655365451803e9	94.02146776834819
206.65453753988243	210.78772782965498	208.7211326847687	4.904019768883228e6	2.1672544844394555	3.4806695563140635e9	88.72340856237928
210.787727829655	215.00358192522302	212.89565487743903	6.23928933191061e6	2.5983156079017973	3.486908845645974e9	83.75580154469478
215.00358192522305	219.30375310270242	217.15366751396272	7.451501462040663e6	2.924150049788114	3.494360347108015e9	79.09351687496516
219.30375310270236	223.6899277037313	221.49684040321682	3.8833231620128155e6	1.4360133942370397	3.498243670270028e9	74.61431567915795
223.6899277037313	228.16382579678083	225.92687675025607	4.407731562380552e6	1.5359221273162271	3.502651401832409e9	70.39923441682788
228.16382579678083	232.72720185169135	230.4455138242361	5.324119605349064e6	1.7482396768960795	3.507975521437758e9	66.43952230245662
232.72720185169135	237.38184542770006	235.0545236396957	8.209228014491081e6	2.54012216797092	3.516184749452249e9	62.75387833228018
237.38184542770009	242.12958187522898	239.75571365146453	3.40957974511981e6	0.9941507915828558	3.5195943291973686e9	59.191649654045584
242.12958187522898	246.97227305170844	244.55092746346872	3.827116064410925e6	1.0515312277501265	3.52342144526178e9	55.8381971108375
246.97227305170844	251.9118180517175	249.44204555171297	4.491920927554846e6	1.1630055365043994	3.527913366189335e9	52.68459862875808
251.91181805171752	256.95015395172675	254.43098600172215	5.961629376019478e6	1.4545002414206465	3.5338749955653543e9	49.72971004933994
256.95015395172675	262.08925656973616	259.5197052607315	6.097716359564781e6	1.401894057956998	3.539972711924919e9	46.94222255914337
262.08925656973616	267.33114124010575	264.71019890492096	3.211901383088112e6	0.6958399138475435	3.5431846133080072e9	44.27479049348398
267.3311412401058	272.6778636038828	270.0045024219943	3.6814248062598705e6	0.7515575344617739	3.5468660381142673e9	41.76442710910369
272.67786360388277	278.1315204149353	275.404692009409	5.148388296867609e6	0.9904139844252622	3.5520144264111347e9	39.41263596873533
278.1315204149353	283.6942503622089	280.91288538857214	3.8582827275002003e6	0.6994210440280572	3.5558727091386347e9	37.179709710475045
283.6942503622089	289.36823490842795	286.53124263531845	6.345919566048861e6	1.0840227396420377	3.5622186287046833e9	35.09775965218011
289.36823490842795	295.15569914557136	292.2619670269996	2.9061586580438614e6	0.46780228481874137	3.565124787362727e9	33.10035154124913
295.15569914557136	301.05891266745766	298.1073059065145	3.4727479898529053e6	0.5267632658657735	3.56859753535258e9	31.221552568265377
301.05891266745766	307.0801904597817	304.0695515636197	4.0317690549447536e6	0.5762846616001794	3.572629304407525e9	29.45397697639999
307.08019045978165	313.22189380795214	310.1510421338669	3.145496772389412e6	0.4236720978349507	3.5757748011799145e9	27.779550683276707
313.2218938079522	319.48643122308613	316.3541625155192	3.8383053346292973e6	0.4871686694112354	3.5796131065145435e9	26.20536576581981
319.4864312230861	325.87625938652263	322.6813453048044	5.722733920681238e6	0.6844513766391116	3.5853358404352245e9	24.73335696638323
325.87625938652263	332.39388411322795	329.1350717498753	3.0745069436821938e6	0.346508384539645	3.5884103473789067e9	23.32675982735441
332.39388411322795	339.04186133446734	335.7178727238477	3.1246496812229156e6	0.33184771412602315	3.59153499706013e9	22.00044789436569
339.04186133446734	345.82279810013154	342.43232971729947	2.374553552830696e6	0.23763953701528068	3.593909550612961e9	20.745202206386043
345.8227981001316	352.7393536011091	349.28107585062037	2.725815033539057e6	0.2570587247076231	3.5966353656464996e9	19.563477576742617
352.73935360110903	359.79424021210605	356.2667969066075	3.3090391529507637e6	0.29406078621462256	3.5999444047994504e9	18.452047531108146
359.7942402121061	366.99022455532304	363.3922323837146	5.122372106309891e6	0.42894892021473324	3.6050667769057603e9	17.412503459617394
366.9902245553231	374.3301285854044	370.6601765703638	3.83509159510231e6	0.3026282366737851	3.6089018685008626e9	16.425632938645375
374.33012858540434	381.81683069608727	378.0734796407458	1.591489071082592e6	0.11834137831262612	3.610493357571945e9	15.485054413353419
381.81683069608727	389.45326684898384	385.6350487725356	1.7773438672685623e6	0.12453851505317587	3.6122707014392138e9	14.599084617687566
389.4532668489838	397.2424317249383	393.34784928696104	2.0319977799100876e6	0.13416978291778694	3.614302699219124e9	13.764771852577638
397.24243172493834	405.1873798984119	401.2149058116751	2.42914293184042e6	0.1511415343847758	3.6167318421509643e9	12.979559983131145
405.18737989841185	413.2912270353549	409.23930346688337	3.3466930386419296e6	0.1962211926279064	3.620078535189606e9	12.242238141340849
413.29122703535495	421.55715111503685	417.4241890751959	4.1579475367105007e6	0.22972502821862958	3.6242364827263165e9	11.549376410288376
421.5571511150369	429.98839367631246	425.7727723956747	2.2665396222536564e6	0.11800268940769612	3.62650302234857e9	10.890033980219407
429.98839367631246	438.5882610888135	434.288327382563	922154.0762095451	0.04524091353179249	3.6274251764247794e9	10.264524675914268
438.58826108881357	447.36012584956467	442.9741934691891	1.0388670541744232e6	0.04802718571627289	3.628464043478954e9	9.675254525309605
447.3601258495646	456.3074279055307	451.8337768775476	1.2215330725822449e6	0.05321470859895397	3.629685576551536e9	9.120271798115944
456.3074279055307	465.4336760026161	460.8705519540734	1.6505527118678093e6	0.06775715368957978	3.6313361292634044e9	8.598138413949329
465.43367600261604	474.74244906164313	470.0880625321296	1.780810577630043e6	0.06888787418108937	3.6331169398410344e9	8.106186099223004
474.74244906164324	484.23739758185087	479.489923321747	695660.2084579468	0.025358381041272166	3.6338126000494924e9	7.640098125691899
484.2373975818509	493.9222450724627	489.0798213271568	760206.2506737709	0.026112899960514836	3.634572806300166e9	7.200936895301045
493.9222450724626	503.80078951288664	498.86151729267465	842492.6617174149	0.02727024921955221	3.6354152989618835e9	6.787172543631178
503.80078951288675	513.8769048421193	508.838847177503	956018.5597996712	0.029160073784877758	3.636371317521683e9	6.397382460655155
513.8769048421193	524.1545424779365	519.0157236600279	1.138758708958149e6	0.03273055160378997	3.6375100762306414e9	6.030280780245126
524.1545424779364	534.6377328664698	529.3961376722032	1.6021922512321472e6	0.04339458721044892	3.6391122684818735e9	5.684968010248913
534.6377328664698	545.330587062774	539.984159964622	1.5598861682031155e6	0.039811923990298745	3.640672154650077e9	5.359365673146831
545.330587062774	556.2372983430043	550.7839427028891	570231.3879482746	0.013714207175211646	3.641242386038025e9	5.051038271967596
556.2372983430042	567.3621438488391	561.7997210959217	619861.3587412834	0.014047967104355883	3.641862247396766e9	4.760513932088974
567.3621438488391	578.7094862647906	573.0358150568148	680984.229380846	0.014543043592675433	3.6425432316261473e9	4.486775103238417
578.7094862647906	590.2837755290611	584.4966308969258	760302.048346281	0.015300433965099178	3.643303533674494e9	4.228868751592295
590.2837755290612	602.0895505786173	596.1866630538393	872679.0719199181	0.016548989831894033	3.6441762127464137e9	3.985910012917394
602.0895505786171	614.1314411291643	608.1104958538907	1.0624193159651756e6	0.01898507113007281	3.645238632062379e9	3.757105225613811
614.1314411291643	626.4141694907223	620.2728053099434	1.6415457196741104e6	0.02764194502674008	3.646880177782053e9	3.541996814873853
626.4141694907223	638.9425524195115	632.6783609551169	1.1578282774617672e6	0.01837211334237446	3.648038006059514e9	3.3387608163359936
638.9425524195115	651.7215030068764	645.332027713194	448734.0122487545	0.00670970309893771	3.648486740071763e9	3.1465744482770948
651.7215030068764	664.7560326059887	658.2387678064326	486174.5413072109	0.006850241479854451	3.6489729146130705e9	2.965481156807598
664.7560326059887	678.0512527970832	671.403642701536	531167.6911036968	0.0070525256558245	3.6495040823041744e9	2.794844672196598
678.0512527970831	691.6123773919994	684.8318150945413	587223.7193808556	0.007347100354765746	3.6500913060235553e9	2.6340671856598203
691.6123773919994	705.4447244788141	698.5285509354068	660973.9283237457	0.007792845621133186	3.650752279951879e9	2.482588765298358
705.4447244788141	719.5537185073651	712.4992214930896	767206.285267353	0.008523603889687717	3.6515194862371464e9	2.3398894950857994
719.5537185073651	733.9448924164872	726.7493054619262	950221.3588991165	0.00994798818388176	3.6524697075960455e9	2.205503015029714
733.944892416487	748.6238898037915	741.2843911101393	1.5248463629837036e6	0.015043051034378727	3.653994553959029e9	2.079161574686418
748.6238898037917	763.5964671388422	756.1101784713169	1.0194941204800606e6	0.009477503129942165	3.6550140480795093e9	1.9597862665134387
763.5964671388421	778.8684960205935	771.2324815797178	307392.4653131962	0.002692785757939051	3.6553214405448227e9	1.8469049764021066
778.8684960205936	794.4459654799801	786.6572307502869	331765.56048083305	0.0027386671956565723	3.655653206105304e9	1.7405371157749836
794.4459654799801	810.3349843285544	802.3904749042672	360294.36761283875	0.0028026238170519953	3.6560135004729166e9	1.6403080436637367
810.3349843285545	826.5417835541002	818.4383839413274	394439.1458621025	0.002891257179299735	3.6564079396187787e9	1.5458651085928097
826.5417835541001	843.0727187641568	834.8072511591284	436556.83526563644	0.00301541359206141	3.6568444964540443e9	1.4568766250816219
843.0727187641568	859.9342726784146	851.5034957212856	490787.63978099823	0.003194472071457221	3.6573352840938253e9	1.3730311565019078
859.9342726784146	877.1330576709574	868.533665174686	565343.2495672703	0.003467504831497073	3.6579006273433914e9	1.2940374830141363
877.1330576709573	894.6758183633511	885.9044380171542	679963.827426672	0.003929977472710632	3.6585805911708183e9	1.2196266881466642
894.6758183633511	912.5694342695928	903.622626316472	903472.5322375298	0.004920606020442177	3.659484063703056e9	1.1495649025600614
912.5694342695929	930.8209224939593	921.695178381776	1.8373657781264782e6	0.009429716894213257	3.661321429481182e9	1.08380422207962
930.8209224939593	949.437440482813	940.1291814883862	130810.53478765488	0.000632623244247188	3.6614522400159698e9	1.0213290919444806
949.437440482813	968.4262888314439	958.9318646571285	140492.0212008953	0.000640255737437551	3.6615927320371704e9	0.9624578461389898
968.4262888314439	987.7949141470474	978.1106014892457	151550.3036046028	0.0006508157064672829	3.661744282340775e9	0.9069827880172083
987.7949141470475	1007.5509119689631	997.6729130580053	164349.41983032227	0.0006650721898356933	3.6619086317606053e9	0.8547082448891251
1007.5509119689629	1027.7020297473166	1017.6264708581398	179409.21572875977	0.0006841396486038074	3.662088040976334e9	0.8054498944193953
1027.7020297473166	1048.2561698812374	1037.979099814277	197504.53784060478	0.0007097027569462395	3.6622855455141745e9	0.7590341428440808
1048.2561698812376	1069.2213928178369	1058.7387813495372	219855.14861392975	0.0007444498683781047	3.6625054006627884e9	0.7152975640525827
1069.2213928178369	1090.6059202131682	1079.9136565155027	248524.9458067417	0.0007929909106558381	3.662753925608595e9	0.6740864239649498
1090.605920213168	1112.4181381564058	1101.512029184787	287375.1363904476	0.0008640658045998115	3.6630413007449856e9	0.6352563597195733
1112.418138156406	1134.6666004585086	1123.5423693074572	344807.1206510067	0.0009769520792734755	3.663386107865637e9	0.5986724469429091
1134.6666004585088	1157.3600320066535	1146.013316232581	444542.484156847	0.001186887939978786	3.6638306503497934e9	0.564210729488816
1157.3600320066535	1180.507332185761	1168.9336820962071	714708.1899492741	0.001798144605466278	3.6645453585397425e9	0.5317719505110762
1180.507332185761	1204.1175783684507	1192.312455277106	713104.5957889557	0.0016906297354765544	3.6652584631355324e9	0.5011979735524359
