-0.0	9.953897499377266e-5	4.976948749688633e-5	1.0758021939318966e-5	2.604139970517233e6	1.0758021939318966e-5	2.604139970517233e6
9.953897499377266e-5	0.0002010687294874207	0.00015030385224059668	6.974249324630109e-5	2.3310220401396356e6	8.050051518562005e-5	2.3641577366954964e6
0.00020106872948742058	0.0003046290790709416	0.00025284890427918107	0.00018289277671872721	2.167913578694279e6	0.00026339329190434727	2.2243443862813227e6
0.0003046290790709413	0.00041026063564613265	0.000357444857358537	0.00035155642647726945	2.0578997599723774e6	0.0006149497183816167	2.126040101411793e6
0.0004102606356461331	0.0005180048233528283	0.0004641327294994807	0.0005797353694834384	1.9787719078909783e6	0.001194685087865055	2.0519341648278094e6
0.0005180048233528287	0.0006279038948136577	0.0005729543590832433	0.0008687868785335839	1.9104682160946832e6	0.002063471966398639	1.9898962470925855e6
0.0006279038948136573	0.0007400009477037028	0.0006839524212586801	0.0012307362529359964	1.8635372323778323e6	0.0032942082193346354	1.940732190136201e6
0.000740000947703703	0.0008543399416515495	0.0007971704446776262	0.0016611665158358362	1.8161957516318203e6	0.004955374735170472	1.897124185715084e6
0.0008543399416515493	0.0009709657154783526	0.0009126528285649509	0.0021692630799742506	1.7746226685966973e6	0.007124637815144722	1.8580718178292136e6
0.0009709657154783523	0.0010899240047816917	0.001030444860130022	0.0027701820336865877	1.7433001141187719e6	0.00989481984883131	1.824444384851882e6
0.0010899240047816917	0.0012112614598710977	0.0011505927323263946	0.00345309054654273	1.709061414137289e6	0.01334791039537404	1.7931266958188643e6
0.0012112614598710973	0.0013350256640622914	0.0012731435619666943	0.004251067875909221	1.684986749747208e6	0.01759897827128326	1.765753201184954e6
0.0013350256640622922	0.00146126515233731	0.0013981454081998012	0.00514245964831421	1.6571666187998906e6	0.02274143791959747	1.7399718788525998e6
0.0014612651523373099	0.0015900294303778282	0.001525647291357569	0.00615471893811281	1.6331909107532525e6	0.02889615685771028	1.716073908011633e6
0.0015900294303778277	0.0017213689939791564	0.001655699212178492	0.007295150282425961	1.611529461558457e6	0.03619130714013624	1.6939232606352074e6
0.0017213689939791568	0.0018553353488525118	0.0017883521714158342	0.008569587165153714	1.5909083475851323e6	0.044760894305289955	1.6731808621296107e6
0.0018553353488525112	0.0019919810308233333	0.0019236581898379223	0.009981811023445829	1.570236895477214e6	0.054742705328735784	1.653415678213999e6
0.0019919810308233333	0.002131359626433572	0.0020616703286284524	0.011542880194808071	1.5499026539664606e6	0.06628558552354386	1.6344072612712826e6
0.0021313596264335728	0.002273525793956016	0.0022024427101947942	0.013353117847833357	1.5403398546918351e6	0.07963870337137721	1.6178412850557202e6
0.0022735257939560153	0.0024185352848289073	0.002346030539392461	0.015244770160634219	1.519529089887062e6	0.09488347353201143	1.6011966850460821e6
0.002418535284828908	0.002566444965519258	0.002492490125174083	0.01736521033897953	1.5034163313861913e6	0.11224868387099096	1.5852464197220192e6
0.002566444965519257	0.002717312839823414	0.0026418789026713355	0.019749112795952484	1.4920972619630198e6	0.13199779666694345	1.5705766986195506e6
0.002717312839823413	0.0028711980716136527	0.002794255455718533	0.022258670721031992	1.4738403810332527e6	0.15425646738797544	1.5558413554484441e6
0.002871198071613654	0.0030281610080396984	0.002949679539826676	0.025132467065882402	1.4641177368606348e6	0.17938893445385784	1.5423045931859112e6
0.003028161008039698	0.0031882632031942633	0.0031082121056169804	0.028186828892311916	1.449845619637497e6	0.20757576334616976	1.5290635434706847e6
0.003188263203194263	0.0033515674422519193	0.0032699153227230913	0.03146518859351244	1.4337048264517195e6	0.2390409519396822	1.5157927010289552e6
0.0033515674422519197	0.0035181377660907292	0.0034348526041713245	0.035302226446706414	1.4292009279351404e6	0.2743431783863886	1.50406647383226e6
0.0035181377660907292	0.003688039496406315	0.003603088631248522	0.03916267881681096	1.412649334070405e6	0.31350585720319957	1.4920052784894768e6
0.0036880394964063155	0.003861339261328213	0.0037746893788672643	0.04338712385474064	1.3980229725341806e6	0.3568929810579402	1.4799107161186142e6
0.003861339261328213	0.004038105021548549	0.003949722141438381	0.048373569056382015	1.395707945339138e6	0.4052665501143222	1.469329915648356e6
0.004038105021548548	0.00421840609697329	0.004128255559260919	0.053381239131845226	1.3822235616144817e6	0.45864778924616745	1.4586313285233031e6
0.00421840609697329	0.004402313193906526	0.004310359645439908	0.058814097933052145	1.3695572564347682e6	0.5174618871792196	1.4479279438104278e6
0.004402313193906526	0.004589898432778427	0.004496105813342477	0.06470348740336285	1.3576353065967301e6	0.5821653745825824	1.4373036745799824e6
0.004589898432778428	0.004781235376427767	0.004685566904603098	0.07137375070944385	1.3519019377242464e6	0.6535391252920264	1.427455606313303e6
0.0047812353764277666	0.0049763990589500925	0.00487881721768893	0.07847007488509516	1.3440276231874428e6	0.7320092001771216	1.4180199218378826e6
0.004976399058950093	0.005175466015122866	0.0050759325370364795	0.08597287146241006	1.3337211853954883e6	0.8179820716395316	1.4086619775597106e6
0.005175466015122865	0.005378514310419092	0.005276990162770979	0.09407756393679267	1.3238863437827039e6	0.9120596355763243	1.3994185974775406e6
0.005378514310419092	0.005585623571621245	0.005482068941020169	0.10282622951957898	1.3144797198107224e6	1.0148858650959034	1.3903162599162753e6
0.005585623571621245	0.00579687501804744	0.0056912492948343425	0.1122632838047064	1.305458607755101e6	1.1271491489006098	1.3813730128920143e6
0.005796875018047441	0.00601235149340216	0.0059046132557248	0.12243617593191236	1.2967878149616772e6	1.2495853248325222	1.3726007122100652e6
0.00601235149340216	0.006232137498263974	0.006122244495833067	0.1333944702057117	1.2884273905609527e6	1.3829797950382339	1.3640055781579893e6
0.006232137498263972	0.006456319223223022	0.006344228360743497	0.14519155210758505	1.280349320390974e6	1.528171347145819	1.3555903148247683e6
0.006456319223223021	0.006684984582681251	0.006570651902952136	0.157883469630141	1.2725230868955762e6	1.68605481677596	1.347354418520728e6
0.006684984582681254	0.006918223249328648	0.0068016039160049505	0.17160417206308454	1.2654709993614329e6	1.8576589888390445	1.3393487189645984e6
0.006918223249328647	0.00715612668930899	0.007037174969318818	0.18633822125190935	1.2585002335822408e6	2.0439972100909536	1.3315504562445811e6
0.00715612668930899	0.007398788198088939	0.007277457443698964	0.20202325579704272	1.2508090716020456e6	2.2460204658879963	1.3238638233214265e6
0.007398788198088939	0.007646302937044488	0.0075225455675667135	0.21884582843219125	1.2432501198961288e6	2.4648662943201876	1.3162859816660003e6
0.007646302937044487	0.007898767970779146	0.007772535453911817	0.23687738739875108	1.2358020111961674e6	2.7017436817189386	1.3088125955452498e6
0.007898767970779147	0.0081562823051885	0.008027525137983823	0.2561933331439885	1.2284456915700722e6	2.957937014862927	1.3014382455856176e6
0.0081562823051885	0.00841894692628604	0.008287614615737269	0.27717845024388765	1.2225104221262336e6	3.235115465106815	1.2942788708591398e6
0.00841894692628604	0.00868686483980553	0.008552905883045785	0.2995014053574696	1.215974174434247e6	3.5346168704642844	1.2872548705613983e6
0.008686864839805528	0.008960141111595408	0.008823502975700469	0.32335677925028605	1.2093538599652017e6	3.8579736497145705	1.2803423169944559e6
0.008960141111595408	0.009238882908821085	0.009099512010208246	0.34887305008294156	1.2027775081039625e6	4.206846699797512	1.2735314899416834e6
0.009238882908821085	0.009523199541991274	0.00938104122540618	0.37615075862227965	1.1962294200805617e6	4.582997458419792	1.2668125412692393e6
0.009523199541991274	0.009813202507824869	0.009668201024908072	0.40529620148055123	1.1896968868567736e6	4.988293659900343	1.2601757545094017e6
0.00981320250782487	0.010109005532975137	0.009961104020400003	0.4364199761352934	1.1831649119004046e6	5.424713636035636	1.2536113202600034e6
0.010109005532975134	0.010410724618628405	0.01025986507580177	0.4696386238335668	1.1766209131559678e6	5.894352259869203	1.2471095387079183e6
0.010410724618628405	0.010718478085994741	0.010564601352311572	0.5050745079740544	1.170053425408117e6	6.3994267678432575	1.2406608877004501e6
0.010718478085994743	0.011032386622708406	0.010875432354351573	0.5428561915553445	1.163452323559372e6	6.942282959398602	1.234256101281575e6
0.011032386622708406	0.011352573330156341	0.011192479976432374	0.5831193093087697	1.1568098857036536e6	7.525402268707372	1.2278863265244428e6
0.011352573330156343	0.011679163771753237	0.01151586855095479	0.6260036613775197	1.1501143816581962e6	8.151405930084891	1.2215427388836397e6
0.011679163771753237	0.01201228602218207	0.011845724896967653	0.6716526047668925	1.1433502537535736e6	8.823058534851784	1.2152162197754236e6
0.012012286022182067	0.012352070717619476	0.012182178369900772	0.7225300305876292	1.1401556987131918e6	9.545588565439413	1.20919068777087e6
0.01235207071761948	0.012698651106965636	0.012525360912292557	0.7762005198825044	1.1359307961773803e6	10.321789085321917	1.2033545310695702e6
0.012698651106965634	0.013052163104098714	0.012875407105532175	0.8319730933856935	1.1296555450506567e6	11.15376217870761	1.197526945363951e6
0.013052163104098714	0.013412745341174455	0.013232454222636584	0.8912860874712276	1.1232987124637254e6	12.045048266178839	1.1916998873521173e6
0.013412745341174457	0.013780539222991713	0.013596642282083085	0.9543333541780576	1.1168527392010747e6	12.999381620356896	1.185865541062321e6
0.013780539222991713	0.014155688982445314	0.013968114102718514	1.0213076928947338	1.1103001890776178e6	14.02068931325163	1.1800155223739664e6
0.014155688982445312	0.014538341737087986	0.014347015359766648	1.0924254702275071	1.1036420484830253e6	15.113114783479137	1.1741423480006822e6
0.014538341737087988	0.014928647546823513	0.01473349464195575	1.1691305232228544	1.0980223567066737e6	16.28224530670199	1.1683266674599976e6
0.014928647546823513	0.01532675947275375	0.01512770350978863	1.2565385536679337	1.097462512104628e6	17.538783860369925	1.1629467810763514e6
0.01532675947275375	0.01573283363720259	0.01552979655497817	1.3430337431017634	1.0912278065914698e6	18.88181760347169	1.157535549618044e6
0.01573283363720259	0.01614702928494041	0.015939931461071498	1.434804649699636	1.0848758583046652e6	20.316622253171325	1.1520862614996964e6
0.016147029284940405	0.016569508845632977	0.01635826906528669	1.5321163053126838	1.0783936788363203e6	21.84873855848401	1.1465918565682245e6
0.016569508845632984	0.01700043799753941	0.016784973421586198	1.6352624741455593	1.0717822546927265e6	23.484001032629568	1.1410459913487565e6
0.017000437997539405	0.01743998573248396	0.017220211865011683	1.7445463394632164	1.0650402957417134e6	25.228547372092784	1.1354427978163732e6
0.01743998573248396	0.017888324422127407	0.017664155077305684	1.8740094031499837	1.0659740485164952e6	27.102556775242768	1.1303492895334559e6
0.017888324422127403	0.018345629885563715	0.01811697715384556	1.9996441872550825	1.0600880506311415e6	29.10220096249785	1.1252249240500724e6
0.01834562988556372	0.018812081458268758	0.018578855671916236	2.1320747955542103	1.0537201288777008e6	31.23427575805206	1.120036766384445e6
0.018812081458268758	0.0192878620624279	0.01904997176034833	2.272274135462201	1.0472078299024547e6	33.50654989351426	1.1147791253840995e6
0.019287862062427896	0.019773158278670218	0.019530510170549055	2.42063728897638	1.0405511393394817e6	35.92718718249064	1.1094467927904837e6
0.019773158278670218	0.020268160419237388	0.020020659348953803	2.5859890052880417	1.0371244133291463e6	38.51317618777868	1.1042762407369837e6
0.020268160419237388	0.0207730626026159	0.020520611510926642	2.7676030389775406	1.0358197317021672e6	41.28077922675622	1.0994049486804497e6
0.0207730626026159	0.02128806282966198	0.021030562716138942	2.946946687900372	1.0295122198926484e6	44.227725914656595	1.094454144706647e6
0.02128806282966198	0.021813363061248984	0.021550712945455484	3.136614161569426	1.0230547027233815e6	47.36434007622602	1.0894191320367851e6
0.021813363061248984	0.022349169297467726	0.022081266179358357	3.3371130277741017	1.0164453502912686e6	50.70145310400012	1.0842954641536803e6
0.02234916929746773	0.022895691658410846	0.022622430477939288	3.5559807945237196	1.0116771958270143e6	54.25743389852384	1.0792183909886868e6
0.022895691658410842	0.02345314446657282	0.023174418062491833	3.807382055816575	1.0119752053442225e6	58.06481595434042	1.0745365892205706e6
0.02345314446657282	0.024021746330898038	0.02373744539873543	4.049218433508798	1.0056904796597371e6	62.114034387849216	1.069762572550837e6
0.024021746330898045	0.02460172023250977	0.024311733281703905	4.304734891037896	999253.4455308096	66.41876927888711	1.064892549038457e6
0.02460172023250977	0.025193293612153726	0.024897506922331746	4.574584474497428	992661.1150718384	70.99335375338454	1.0599228118261483e6
0.025193293612153722	0.02579669845939056	0.02549499603577214	4.874163611933227	988897.490450599	75.86751736531777	1.0550544702152256e6
0.02579669845939056	0.026412171403572132	0.026104434931481346	5.209971402116437	988479.7976972173	81.0774887674342	1.0505079863913984e6
0.026412171403572136	0.02703995380663734	0.02672606260510474	5.5348646104098975	982195.7909857125	86.6123533778441	1.0458596159514233e6
0.02703995380663734	0.027680291857763845	0.027360122832200594	5.877823939099159	975756.5842866398	92.49017731694326	1.0411061402480701e6
0.027680291857763845	0.028333436669912882	0.028006864263838364	6.239707201124276	969161.6248734791	98.72988451806754	1.0362445391791863e6
0.028333436669912882	0.0289996443783049	0.028666540524108892	6.661284496053241	968207.2886931683	105.39116901412078	1.0316623843119824e6
0.028999644378304903	0.02967917624086476	0.029339410309584833	7.095727155636183	965283.8568212148	112.48689616975696	1.027206587884277e6
0.02967917624086476	0.030372298740675815	0.03002573749077029	7.530755519458978	958985.489517397	120.01765168921594	1.0226417682520163e6
0.030372298740675818	0.031079283690483094	0.030725791215579456	7.9896146040510985	952534.0015036468	128.00726629326704	1.0179653874898631e6
0.031079283690483087	0.03180040833928651	0.031439846014884795	8.479281704019684	946583.6513944393	136.48654799728672	1.0132185925411276e6
0.03180040833928651	0.032535955481066	0.03216818191017626	9.072856402881854	948531.3890455478	145.55940440016857	1.008929835917666e6
0.032535955481066005	0.03328621356568108	0.032911084523373546	9.623674629640135	942360.7476971982	155.1830790298087	1.0045292089420808e6
0.03328621356568108	0.03405147681198846	0.03366884518883477	10.204478303482176	936041.1660681699	165.38755733329089	1.0000146622586142e6
0.03405147681198846	0.03483204532322199	0.03444176106760523	10.816651918819105	929571.2323508371	176.20420925211	995384.1916356888
0.03483204532322199	0.03562822520468019	0.03523013526395109	11.53384417884115	928765.1513003602	187.73805343095114	991017.0692315826
0.03562822520468018	0.036440328683767544	0.03603427694422386	12.269658697186827	925893.9395544357	200.00771212813797	986759.4086335711
0.036440328683767544	0.037268674232436655	0.036854501458102096	13.00368815588834	919699.1290845727	213.0114002840263	982386.5474617518
0.037268674232436655	0.03811358669207914	0.0376911304622579	13.777151180254549	913358.6217586389	226.78855146428086	977896.8730782453
0.03811358669207915	0.03897539740091449	0.03854449204649682	14.632357121963793	909389.2080338735	241.42090858624465	973452.1634246502
0.038975397400914484	0.03985444432392653	0.0394149208624205	15.61019901530915	909593.1874948526	257.0311076015538	969319.1738814773
0.03985444432392653	0.040751072185398814	0.040302758254662674	16.536583013319216	903516.7956907213	273.567690614873	965070.5781693064
0.040751072185398814	0.04166563260410055	0.04120835239474968	17.51249620688185	897299.5734072309	291.08018682175486	960705.0985203428
0.04166563260410054	0.042598484231176306	0.042132058417638424	18.540238992808213	890942.740944273	309.6204258145631	956221.6143995888
0.04259848423117632	0.0435499928907936	0.04307423856098496	19.82067404349698	893393.7966413532	329.44109985806006	952192.8247971957
0.043549992890793594	0.04452053172360322	0.04403526230719841	20.989969886361507	887503.918566654	350.43106974442156	948053.7649383411
0.044520531723603214	0.04551048133306903	0.04501550652833612	22.219865333804307	881407.3847305386	372.65093507822587	943798.5803100483
0.045510481333069036	0.04652022993472417	0.0460153556338966	23.51479106592069	875175.2099855244	396.16572614414656	939426.3403058673
0.04652022993472417	0.047550173508412404	0.04703520172156829	25.070579536973298	875543.4476354895	421.23630568111986	935364.4675260116
0.04755017350841241	0.04860071595357441	0.048075444730993414	26.597286884000653	871665.7215611134	447.8335925651205	931322.417891595
0.04860071595357442	0.04967226924763966	0.04913649260060704	28.14556799482955	865686.9295187002	475.97916055995006	927165.6357273546
0.04967226924763965	0.05076525360758619	0.05021876142761292	29.77546929394606	859578.7409394182	505.7546298538961	922893.479231989
0.0507652536075862	0.05188009765473167	0.051322675631158936	31.673772880081344	858302.0683869224	537.4284027339775	918818.3306691371
0.051880097654731665	0.05301723858282005	0.052448668118775854	33.65026208443783	856009.0490367779	571.0786648184153	914862.8979524096
0.05301723858282006	0.05417712232947021	0.05359718045614513	35.59740851689003	850145.420168073	606.6760733353053	910794.6226235983
0.0541771223294702	0.055360203751053355	0.054768663040261775	37.646915397730254	844157.9857968342	644.3229887330356	906613.0746289312
0.055360203751053355	0.05656694680106817	0.05596357527606076	39.971606590519855	841587.3577009123	684.2945953235554	902539.6402331601
0.05656694680106818	0.057797824712083286	0.057182385756575735	42.51303168962215	840535.2351538185	726.8076270131776	898662.0170105268
0.05779782471208328	0.059053320181318696	0.05842557244670099	44.9593904251426	834781.3470815886	771.7670174383202	894673.6458233246
0.0590533201813187	0.06033392555993882	0.059693622870628765	47.533984252574896	828908.3250454026	819.3010016908952	890574.2363478324
0.06033392555993882	0.06164014304613134	0.06098703430303508	50.390112012007876	825331.3368329095	869.6911137029031	886513.8185817415
0.06164014304613134	0.06297248488204772	0.06230631396408953	53.63948664569648	825236.4776335972	923.3306003485995	882706.0985762877
0.06297248488204771	0.06433147355468241	0.06365197921836506	56.710447736167225	819590.7602833285	980.0410480847668	878790.1062734438
0.06433147355468241	0.06571764200076981	0.06502455777772612	59.9420608411848	813831.5766612515	1039.9831089259515	874765.7280207757
0.06571764200076981	0.06713153381577895	0.06642458790827438	63.46098451074022	809480.9378624933	1103.4440934366917	870727.0068377869
0.06713153381577895	0.06857370346708827	0.0678526186414336	67.5965230808074	810118.53106542	1171.040616517499	866982.9043428852
0.06857370346708827	0.07004471651142379	0.06930920998925602	71.44866829878038	804580.5898502	1242.4892848162795	863133.3493317697
0.07004471651142379	0.071545149816646	0.0707949331640349	75.50214919001633	798936.2851687986	1317.9914340062958	859178.4709382785
0.071545149816646	0.07307559178797267	0.07231037080230934	79.84768272707674	793995.7845398486	1397.8391167333725	855168.2274444209
0.07307559178797267	0.07463664259872586	0.07385611719334927	85.09201623247668	795193.4593165236	1482.9311329658492	851483.208729866
0.07463664259872586	0.07622891442569413	0.07543277851221	89.92151558940122	789769.2275691389	1572.8526485552504	847696.1751210901
0.07622891442569411	0.07785303168920174	0.07704097305744792	95.00324750434879	784244.7168704176	1667.8558960595992	843807.3961455163
0.07785303168920174	0.07950963129797951	0.07868133149359063	100.37798686834867	778846.0443056579	1768.233882927948	839830.9593033525
0.07950963129797951	0.08119936289893284	0.08035449709845618	107.01090921822447	780484.1461122887	1875.2447921461724	836202.5614860267
0.08119936289893284	0.08292288913190524	0.08206112601541904	113.06301840034757	775178.8325267142	1988.30781054652	832476.0237067835
0.08292288913190525	0.0846808858895371	0.08380188751072118	119.43154883586817	769781.7363575918	2107.739359382388	828651.8761266114
0.08468088588953708	0.08647404258232155	0.08557746423592932	126.13171296511655	764295.7970690312	2233.8710723475047	824730.7889072502
0.08647404258232155	0.08830306240896171	0.08738855249564163	134.41301428435145	765751.926834152	2368.284086631856	821141.2909903926
0.08830306240896173	0.0901686626321347	0.08923586252054821	142.041848763095	760839.7561351988	2510.325935394951	817475.2611922825
0.09016866263213469	0.09207157485977112	0.09112011874595291	150.02093429841216	755577.3097174756	2660.3468696933633	813716.1609224797
0.09207157485977113	0.09401254533196028	0.09304206009586571	158.4166559867499	750235.5918452732	2818.763525680113	809864.9443064665
0.09401254533196027	0.09599233521359321	0.09500244027277674	168.6659562170653	751126.751743786	2987.4294818971784	806305.0549376232
0.09599233521359321	0.09801172089285881	0.09700202805322601	178.32088655330244	746785.3083405677	3165.750368450481	802701.386138301
0.0980117208928588	0.1000714942857097	0.09904160758928425	188.31739429167828	741668.9770314139	3354.067762742159	799009.7314402761
0.10007149428570972	0.10217246314641765	0.10112197871606368	198.83780091320114	736483.0077765164	3552.9055636553603	795231.2987203375
0.10217246314641763	0.10431545138433972	0.10324395726537867	211.51019626465768	736812.1520483084	3764.415759920018	791704.3820158659
0.10431545138433973	0.10650129938702026	0.10540837538567999	223.73234412971533	733049.2394599571	3988.1481040497333	788166.4588962706
0.10650129938702026	0.10873086434975439	0.10761608186838732	236.2567114330027	728088.6712097335	4224.404815482736	784545.974483903
0.10873086434975437	0.1110050206117432	0.10986794248074878	249.44099827698847	723069.7292471091	4473.8458137597245	780844.4679947647
0.1110050206117432	0.11332465999897179	0.11216484030535749	265.0790035779646	722796.4785171843	4738.924817337689	777352.3846512912
0.11332465999897177	0.11569069217394494	0.11450767608645836	280.57098301160113	719660.3745557475	5019.49580034929	773884.6411508092
0.11569069217394495	0.11810404499241757	0.11689736858318125	296.2676896578241	714872.7021438704	5315.763490007114	770340.4875450274
0.11810404499241758	0.12056566486725966	0.11933485492983861	312.7930217229632	710029.1575332906	5628.556511730078	766721.2238010011
0.12056566486725963	0.12307651713959854	0.12182109100342908	332.03187210298347	709068.84720956	5960.588383833061	763264.2635920707
0.12307651713959855	0.12563758645738424	0.1243570517984914	351.7149579394136	706648.5252252942	6312.303341772475	759872.0968373916
0.12563758645738424	0.12824987716152564	0.12694373180945495	371.39141636805743	702041.2728734219	6683.694758140532	756409.7616102127
0.12824987716152564	0.13091441367974987	0.12958214542063776	392.1136766438549	697388.5546532618	7075.808434784387	752878.7897467809
0.13091441367974987	0.13363224092833859	0.13227332730404423	415.6845185076236	695620.3878267586	7491.4929532920105	749455.7778582203
0.13363224092833859	0.13640442472189906	0.13501833282511883	440.7784889584573	694045.2219914732	7932.271442250468	746145.6013997417
0.13640442472189906	0.13923205219133075	0.1378182384566149	465.45155235215225	689626.2804807723	8397.72299460262	742771.5528118153
0.1392320521913308	0.14211623221015113	0.14067414220074098	491.44635415511584	685172.8183642671	8889.169348757736	739335.4253214948
0.1421162322101511	0.14505809582934784	0.14358716401974947	520.1704836722092	682443.7771647176	9409.339832429945	735943.7613605266
0.14505809582934784	0.1480587967209285	0.14655844627513817	552.2895585414062	681863.4094073421	9961.629390971351	732721.8194926544
0.1480587967209285	0.1511195116303408	0.14958915417563465	583.2452905193259	677646.3969655819	10544.874681490677	729442.7115639868
0.1511195116303408	0.1542414408379413	0.15268047623414105	615.8831031698355	673415.6908499354	11160.757784660513	726109.0557618844
0.1542414408379413	0.15742580862969385	0.15583362473381757	650.6521889551586	669542.8112393122	11811.409973615671	722745.4004710331
0.15742580862969385	0.16067386377728143	0.15904983620348764	691.9608518487948	670141.820118442	12503.370825464466	719619.2794507568
0.16067386377728143	0.16398688002782077	0.16233037190255112	730.8232225678839	666138.089399729	13234.19404803235	716442.8938718501
0.16398688002782077	0.1673661566033709	0.16567651831559582	771.815383520765	662129.3720310901	14006.009431553115	713218.9534842231
0.1673661566033709	0.17081301871043203	0.16908958765690146	815.0538572885835	658117.992993726	14821.063288841699	709950.1395628753
0.170813018710432	0.17432881805963435	0.1725709183850332	865.482555438035	657770.1049124646	15686.545844279734	706856.338500427
0.17432881805963435	0.17791493339582073	0.17612187572772753	915.781946087407	655113.2022686545	16602.32779036714	703790.1231198214
0.17791493339582073	0.18157277103873085	0.1797438522172758	967.3027020049703	651335.9268380714	17569.63049237211	700683.4409126993
0.18157277103873087	0.1853037654344992	0.18343826823661502	1021.6896219942319	647574.3917052696	18591.320114366343	697539.629402841
0.18530376543449914	0.1891093797181828	0.187206572576341	1081.6732453270633	645363.3753483379	19672.993359693406	694452.6278439059
0.18910937971818284	0.19299110628754018	0.1910502430028615	1147.7324612222328	644608.0605232881	20820.72582091564	691505.0704705846
0.19299110628754018	0.19695046738828467	0.1949707868379124	1212.55053173751	641077.9757487816	22033.27635265315	688524.5419598588
0.19695046738828464	0.20098901571104402	0.19896974154966435	1281.0135115564299	637572.5068144752	23314.28986420958	685514.4477712145
0.20098901571104408	0.20510833500025866	0.20304867535565135	1353.3448644483688	634100.2776436838	24667.634728657948	682478.4962710141
0.20510833500025863	0.2093100406752575	0.20720918783775805	1437.108687387794	633900.6915202009	26104.74341604574	679611.3656529925
0.2093100406752575	0.21359578046375632	0.2114529105695069	1520.4544869660385	631386.8896391559	27625.19790301178	676766.3886131194
0.21359578046375632	0.21796723504802512	0.21578150775589072	1606.7492258467464	628158.1004405094	29231.947128858526	673900.0518960339
0.21796723504802512	0.2224261187239793	0.2201966768860022	1697.959187926157	624963.8255446027	30929.906316784683	671015.6426200726
0.22242611872397927	0.22697418007345255	0.2247001493987159	1795.483913918888	622191.0953051213	32725.390230703568	668139.0525590864
0.22697418007345255	0.23161320264991528	0.22929369136168393	1907.443006964113	622323.4908141348	34632.833237667684	665440.8792192827
0.23161320264991528	0.23634500567790726	0.23397910416391127	2016.3967588076703	619399.0286692983	36649.229996475355	662730.4982214366
0.23634500567790728	0.2411714447664591	0.2387582252221832	2131.6222097395657	616512.7608539573	38780.85220621492	660010.8634686595
0.24117144476645908	0.24609441263678192	0.2436329287016205	2253.5857087819604	613692.0058155458	41034.43791499688	657286.3586274305
0.24609441263678195	0.25111583986451125	0.2486051262506466	2385.1031885605335	611554.5642669912	43419.541103557414	654597.4300304775
0.25111583986451125	0.25623769563679516	0.2536767677506532	2532.47995736375	611410.1777118647	45952.021060921164	652059.0814729683
0.2562376956367951	0.2614619885245247	0.25884984208065986	2678.4308946428355	608881.1292752397	48630.451955564	649522.2262456613
0.2614619885245247	0.26679076727000883	0.2641263778972668	2833.0268188220944	606421.8641472089	51463.478774386094	646990.8555040972
0.26679076727000883	0.27222612159040266	0.2695084444302057	2996.8544353656544	604043.8261531036	54460.33320975175	644469.3940630441
0.2722261215904027	0.2777701829972044	0.27499815229380353	3171.188076580125	601879.9039274618	57631.521286331874	641969.8021338957
0.2777701829972044	0.28342512563214217	0.2805976543146733	3370.191180573529	602328.8965371628	61001.7124669054	639644.064322613
0.28342512563214217	0.28919316711977866	0.2863091463759604	3567.0286148506057	600320.564692958	64568.74108175601	637337.726921309
0.28919316711977866	0.29507656943716787	0.29213486827847324	3776.1216186221354	598447.5471553429	68344.86270037814	635057.557872489
0.2950765694371678	0.3010776398009048	0.2980771046190363	3998.2259926587285	596701.1134901145	72343.08869303687	632809.4108287097
0.30107763980090485	0.3071987315719166	0.3041381856864107	4234.42578011383	595112.6875399759	76577.5144731507	630600.6329015119
0.30719873157191663	0.3134422451783486	0.3103204883751326	4495.4323401914735	594972.6318207646	81072.94681334216	628513.7180220622
0.31344224517834857	0.31981062905690916	0.31662643711762883	4772.419599099361	594826.808445475	85845.36641244152	626541.1046740067
0.3198106290569092	0.326306380613041	0.3230585048349751	5059.701095038967	593893.5411999316	90905.06750748049	624629.9240819332
0.326306380613041	0.33293204720029546	0.32961921390666826	5366.8874553809	593257.7016424269	96271.95496286139	622793.9397283526
0.3329320472002955	0.33969022711929503	0.33631113715979527	5695.9971752688725	592970.4325621206	101967.95213813026	621049.0914302637
0.33969022711929503	0.34658357063667455	0.3431368988779848	6049.703763668498	593123.1485172157	108017.65590179876	619415.7214985472
0.3465835706366745	0.35361478102440164	0.35009917583053807	6446.08351310232	595194.8935534881	114463.73941490108	617999.4520846002
0.35361478102440164	0.3607866156198833	0.35720069832214246	6872.389218735581	597624.5521684116	121336.12863363666	616808.3885242102
0.3607866156198833	0.3681018869072746	0.36444425126357893	7344.170566946399	601486.1958733774	128680.29920058306	615912.9304263298
0.36810188690727463	0.37556346362041376	0.3718326752638442	7847.845049129566	605341.2527445103	136528.14424971264	615295.2619377745
0.3755634636204137	0.3831742718678156	0.37936886774411466	8373.333870397299	608302.8083848392	144901.47812010994	614886.8197956195
0.38317427186781555	0.3909372962801655	0.38705578407399055	8917.93302010963	610185.2542791506	153819.41114021957	614612.2611866847
0.39093729628016555	0.3988555811807625	0.394896438730464	9494.383520381321	611849.7653583817	163313.7946606009	614450.9784165794
0.3988555811807624	0.40693223177937127	0.40289390648006684	10106.807978216035	613446.8112409796	173420.60263881693	614392.3661869954
0.40693223177937127	0.4151704153899523	0.4110513235846618	10722.389438113925	612976.1921096904	184142.99207693085	614309.724950736
0.4151704153899523	0.4235733626727449	0.4193718890313486	11360.456095654197	611703.6939610176	195503.44817258505	614157.6843038237
0.423573362672745	0.43214436890119345	0.4278588657869692	12035.069863965677	610367.4240365507	207538.51803655073	613936.6034578811
0.4321443689011934	0.4408867952542109	0.43651558207770214	12725.92406539101	607901.8462236001	220264.44210194174	613584.6819703258
0.4408867952542108	0.44980407013428864	0.44534543269424975	13451.90489145642	605247.8487170473	233716.34699339815	613098.6185968494
0.4498040701342887	0.45889969051196805	0.45435188032312834	14234.144842078997	603239.8561749994	247950.49183547715	612523.9441977862
0.4588996905119681	0.468177223297201	0.46353845690458456	15002.473665887228	598872.6402295623	262952.9655013644	611728.3656144544
0.4681772232972011	0.4776403067381387	0.4729087650176699	15829.70075686957	595197.3013579687	278782.66625823395	610765.1554639549
0.47764030673813856	0.4872926518478949	0.4824664792930167	16698.06036026939	591390.7756229072	295480.72661850334	609636.5007659561
0.48729265184789494	0.4971380438598464	0.49221534785387067	17497.626903007564	583729.2995069668	312978.3535215109	608127.5726476496
0.49713804385984633	0.5071803437120368	0.5021591937859415	18481.87521617365	580772.0057388245	331460.22873768455	606534.5929956846
0.5071803437120368	0.517423489561271	0.5123019166366539	19403.308975551976	574336.1457393448	350863.5377132365	604659.954428006
0.5174234895612712	0.5278714983274901	0.5226474939443806	20354.862099186284	567534.8891538114	371218.3998124228	602498.8807402288
0.5278714983274901	0.5385284672690335	0.5331999827982619	21407.9549438206	562259.6362878536	392626.3547562434	600156.9530243856
0.5385284672690335	0.5493985755894076	0.5439635214292206	22498.46599386743	556615.3345858195	415124.82075011084	597623.2768239272
0.5493985755894077	0.5604860860761894	0.5549423308327985	23433.694658890076	546118.268493088	438558.5154090009	594626.7345620036
0.5604860860761894	0.5717953467727067	0.5661407164244481	24660.843039433064	541378.0179254712	463219.358448434	591529.2725640684
0.5717953467727067	0.5833307926831544	0.5775630697279306	25958.48049176566	536811.4210718294	489177.83894019964	588346.8837479901
0.5833307926831544	0.595096947511811	0.5892138700974827	26837.902051087294	522809.87936266325	516015.74099128693	584535.878145974
0.5950969475118111	0.6070984254370408	0.601097686474426	28248.056368014775	518369.4954550405	544263.7973593017	580688.8922133715
0.6070984254370407	0.619339932920775	0.6132191791789079	29598.031588553917	511649.06126396713	573861.8289478556	576675.4731473743
0.619339932920775	0.631826270554184	0.6255831017374796	30711.547302447376	500117.8132226654	604573.376250303	572225.7153084265
0.631826270554184	0.6445623349402613	0.6381943027472227	32163.23179933417	493394.5088746012	636736.6080496372	567644.5057200795
0.6445623349402613	0.65755312061406	0.6510577277771606	33622.775339960936	485886.5438975167	670359.3833895981	562893.9151294932
0.65755312061406	0.6708037220013348	0.6641784213076973	35099.276601968915	477824.907750426	705458.659991567	557951.6533392299
0.6708037220013346	0.6843193354163548	0.6775615287088448	36573.93667574669	469044.66947456676	742032.5966673137	552787.1526659199
0.6843193354163548	0.6981052610996754	0.6912122982580151	38048.64365325926	459680.4919175916	780081.240320573	547379.4536032962
0.6981052610996754	0.7121669052966624	0.7051360831981689	39588.98693218955	450576.09805970575	819670.2272527625	541757.8181782482
0.7121669052966624	0.7265097823775891	0.7193383438371257	41228.49661029503	442049.13864532264	860898.7238630576	535968.2402190637
0.7265097823775891	0.7411395170001344	0.7338246496888617	42965.17548608058	433981.58503957785	903863.8993491381	530047.1712857288
0.7411395170001344	0.7560618463151305	0.7486006816576325	44800.91769201646	426310.08752941707	948664.8170411546	524025.25437322026
0.7560618463151304	0.7712826222164265	0.7636722342657785	46739.85651892633	418998.37728350266	995404.6735600809	517929.23641635914
0.7712826222164265	0.7868078136357485	0.7790452179260875	47827.30908736226	403914.47226026247	1.0432319826474432e6	511312.3599902782
0.7868078136357485	0.8026435088834569	0.7947256612596028	50021.46293943492	397979.3585155688	1.093253445586878e6	504735.8493177044
0.8026435088834569	0.8187959180361195	0.8107197134597882	52430.437379506184	392989.074650458	1.1456838829663843e6	498252.1571870083
0.8187959180361196	0.8352713753718355	0.8270336467039776	53766.59621929657	379668.42554717284	1.1994504791856809e6	491372.5796394729
0.8352713753718353	0.8520763418542654	0.8436738586130503	55854.3586515123	371574.5928457598	1.2553048378371932e6	484423.3534484343
0.8520763418542654	0.8692174076663441	0.8606468747603048	58848.616855719825	368828.29061191663	1.314153454692913e6	477718.6825626986
0.8692174076663441	0.8867012947946644	0.8779593512305043	59255.801502203336	349880.588638425	1.3734092561951163e6	470304.7150654918
0.8867012947946645	0.9045348596655512	0.8956180772301079	63018.51839477802	350558.1817728278	1.4364277745898943e6	463360.76651106385
0.9045348596655511	0.9227250958338555	0.9136299777497033	63848.38462476246	334615.9852106723	1.5002761592146568e6	455895.8104313521
0.9227250958338556	0.9412791367255261	0.9320021162796909	67492.51546022017	333241.51582039084	1.567768674674877e6	448784.73369702976
0.9412791367255261	0.96020425843503	0.950741697580278	68421.1962498352	318275.1229649043	1.6361898709247122e6	441219.0014010921
0.9602042584350299	0.9795078825787238	0.9698560705068768	72446.95859040366	317499.1208436685	1.7086368295151158e6	434047.58883771056
0.9795078825787238	0.9991975792052916	0.9893527308920077	72956.99934222596	301232.22309548216	1.7815938288573418e6	426349.7089510713
0.9991975792052917	1.0192810697643908	1.0092393244848412	77989.12903778767	303376.78875839885	1.8595829578951295e6	419222.97212452383
1.0192810697643908	1.039766230134672	1.0295236499495313	77595.88843898848	284382.2552830109	1.937178846334118e6	411409.1857295296
1.039766230134672	1.0606610937123586	1.0502136619235154	82001.01444875915	283139.3091861118	2.019179860782877e6	403976.85189662897
1.0606610937123588	1.0819738545615993	1.071317474136979	84505.93628888298	274907.7235708208	2.10368579707176e6	396498.8814408419
1.0819738545615993	1.1037128706278245	1.0928433625947118	86081.57617777819	263833.7221643217	2.1897673732495382e6	388813.2446182026
1.1037128706278245	1.1258866670153744	1.1147997688215994	92114.25077482546	265992.16650221817	2.2818816240243637e6	381698.51754654763
1.1258866670153742	1.148503939330675	1.1371953031730246	90822.19780132314	247091.3180308362	2.372703821825687e6	373901.71145553456
1.1485039393306753	1.171573557092282	1.1600387482114787	94827.66723340005	243066.71922641285	2.467531489059087e6	366324.0327227311
1.171573557092282	1.195104567209121	1.1833390621507016	101048.18926947098	244031.21862145758	2.568579678328558e6	359241.6766420241
1.195104567209121	1.2191061975282966	1.2071053823687088	99575.9772056425	226568.37494600622	2.6681556555342004e6	351558.7692566809
1.2191061975282966	1.2435878604538557	1.2313470289910762	103647.5097189825	222194.26958353937	2.771803165253183e6	344068.05725609313
1.243587860453856	1.2685591566379264	1.2560735085458912	109936.28277647402	222047.39497064793	2.881739448029657e6	337003.12566445244
1.268559156637926	1.2940298787456777	1.2812945176918018	110101.88703702716	209522.8551129637	2.991841335066684e6	329622.64216494287
1.2940298787456779	1.3200100152955847	1.3070199470206312	112639.67472991114	201958.14072433248	3.104481009796595e6	322232.0389072777
1.3200100152955847	1.3465097545764897	1.3332598849360373	117302.47354858508	198158.07894187153	3.2217834833451803e6	315049.81551294145
1.3465097545764895	1.3735394886430126	1.360024621609751	124124.48042757949	197559.52349132075	3.34590796377276e6	308249.18157501856
1.3735394886430126	1.401109817390866	1.3873246530169392	122041.85308707226	183014.91480100396	3.467949816859832e6	301000.8116608497
1.401109817390866	1.4292315527136765	1.4151706850522712	126289.28457187116	178436.04317666995	3.594239101431703e6	293907.4325374695
1.4292315527136763	1.457915722742943	1.4435736377283095	131091.53994896356	174514.02654671477	3.7253306413806668e6	286998.05697266833
1.4579157227429431	1.487173576172795	1.4725446494578691	139470.45587048074	174935.78787473697	3.8648010972511475e6	280513.36462469125
1.487173576172795	1.5170165866712442	1.5020950814220195	136094.29160638154	160834.15451599058	4.000895388857529e6	273588.3491851792
1.5170165866712444	1.5474564573796623	1.5322365220254532	140386.4816545737	156317.18277824926	4.1412818705121027e6	266803.0985679187
1.5474564573796623	1.5785051255022486	1.5629807914409555	145020.73654227238	152144.30628538405	4.286302607054375e6	260169.4086588483
1.5785051255022486	1.6101747669872868	1.5943399462447676	150364.81547464803	148633.62844442824	4.436667422529023e6	253716.79450516263
1.6101747669872866	1.6424778013020254	1.626326284144656	158640.2164871134	147751.01435667562	4.5953076390161365e6	247586.78246644782
1.6424778013020256	1.6754268963030592	1.6589523488025424	155233.61150965095	136222.9582544561	4.7505412505257875e6	241144.87426461015
1.6754268963030592	1.7090349732041135	1.6922309347535864	159734.64519260637	132072.39723431985	4.910275895718394e6	234835.87063655167
1.709034973204113	1.7433152116431883	1.7261750924236505	164425.61660839897	128094.89342389062	5.074701512326793e6	228662.07188597939
1.7433152116431885	1.7782810548510453	1.7607981332471168	169531.4499295121	124440.85803843166	5.244232962256305e6	222634.34464408574
1.7782810548510457	1.8139462149230596	1.7961136348870528	175605.41504884046	121451.24553495189	5.419838377305145e6	216782.6442588165
1.8139462149230594	1.8503246781965137	1.8321354465597866	183130.8002312146	119337.7258013351	5.60296917753636e6	211147.43043548602
1.8503246781965135	1.8874307107354367	1.868877694465975	180031.44596917275	110539.61727369299	5.783000623505533e6	205329.60801253392
1.887430710735437	1.9252788639251386	1.9063547873302877	184764.37112776935	106891.19869609404	5.967764994633302e6	199637.5236322871
1.9252788639251386	1.9638839801786343	1.9445814220518864	189598.8285111161	103350.93086543596	6.157363823144418e6	194070.14210612533
1.9638839801786343	2.0032611987571998	1.983572589467917	194612.76951691043	99955.33382060635	6.351976592661329e6	188628.6002503562
2.0032611987571998	2.0434259617073365	2.023343580232268	199961.88999442197	96769.52924586643	6.551938482655751e6	183317.73449293987
2.0434259617073365	2.084394019916476	2.063909990811906	205986.06482940726	93926.21696414445	6.757924547485158e6	178149.77316320007
2.084394019916476	2.1261814392897986	2.1052877296031376	217415.29854298942	93410.88954450662	6.975339846028147e6	173251.01778441545
2.126181439289799	2.1688046070505878	2.1474930231701936	211241.53718810994	85515.71903952683	7.186581383216257e6	168179.2678064924
2.1688046070505878	2.2122802381665925	2.19054242260859	216141.37202556618	82445.04372858937	7.402722755241823e6	163223.41334476747
2.212280238166592	2.2566253819049167	2.234452810035754	221133.21281728428	79476.99098690052	7.623855968059108e6	158382.6727838812
2.256625381904917	2.3018574285180082	2.2792414052114625	226191.0904656984	76599.24463481965	7.850047058524806e6	153655.5982918735
2.3018574285180082	2.347994116063361	2.3249257722906846	231336.63749624975	73816.88406294875	8.081383696021056e6	149041.1198438401
2.347994116063361	2.395053537359621	2.371523826711491	236557.9395836098	71123.29152772168	8.317941635604666e6	144537.84727113153
2.395053537359621	2.4430541470818063	2.4190538422207135	241924.0333883753	68535.73543685625	8.55986566899304e6	140145.4692491373
2.4430541470818063	2.4920147689984353	2.467534458040121	247597.87336856127	66092.07999991521	8.807463542361602e6	135865.88100955
2.4920147689984353	2.5419546033533966	2.516984686175916	253525.39063786156	63765.98980542301	9.060988932999464e6	131699.34648776724
2.5419546033533966	2.5928932343954574	2.567423918874427	260656.37625452504	61773.44303466895	9.321645309253989e6	127658.59521373105
2.5928932343954574	2.6448506380583594	2.6188719362269084	268967.00532712415	60061.88165891464	9.590612314581113e6	123752.58304212306
2.644850638058359	2.6978471897945187	2.6713489139264386	265016.0453327093	55762.11213556954	9.855628359913822e6	119823.96006271637
2.697847189794519	2.751903672565402	2.7248754311799606	270207.70758222044	53571.34315622357	1.0125836067496043e7	115995.88943358054
2.7519036725654016	2.807041284991702	2.779472478778552	275418.74662672915	51451.33869278932	1.0401254814122772e7	112266.6403545816
2.8070412849917026	2.863281649666529	2.835161467329116	280680.08372033946	49406.46356651049	1.0681934897843111e7	108634.83464190966
2.8632816496665288	2.920646821634852	2.8919642356506903	285969.3950372413	47430.89473334859	1.0967904292880353e7	105098.83770172331
2.920646821634852	2.9791592970425413	2.9499030593386966	291265.58069556206	45519.87945259361	1.1259169873575915e7	101656.83519918061
2.979159297042542	3.038842021958385	3.0090006595004635	296579.89423173666	43674.143299364514	1.1555749767807651e7	98307.15993668363
3.038842021958385	3.099718401372545	3.069280211665465	301886.54073685966	41888.78425231778	1.1857636308544511e7	95047.95822538527
3.099718401372545	3.1618123083749885	3.130765354873767	307198.4855953399	40164.738598225005	1.216483479413985e7	91877.53792905858
3.161812308374988	3.2251480935174803	3.193480200946234	312551.80164850876	38505.28062096394	1.247738659578836e7	88794.49415464052
3.2251480935174803	3.2897505943628222	3.2574493439401513	317907.15666512214	36903.83793245274	1.2795293752453482e7	85797.12383968497
3.2897505943628227	3.3556451452250715	3.322697869793947	323271.1017148923	35359.94472910576	1.3118564854168374e7	82883.79572556895
3.355645145225072	3.422857587104566	3.389251366164819	328653.2489228826	33873.22911420456	1.3447218103091257e7	80052.9516154405
3.422857587104566	3.4914142778216495	3.4571359324631077	333981.65325360186	32435.138477854587	1.3781199756344859e7	77302.62963238986
3.491414277821649	3.5613421023530742	3.5263781900873616	339271.0417480618	31046.661463335022	1.412047079809292e7	74631.03864051684
3.5613421023530742	3.632668483375128	3.597005292864101	344608.5901054889	29714.584486065498	1.446507938819841e7	72036.88320598008
3.6326684833751277	3.7054213920176227	3.669044937696375	349945.0531971492	28432.781154777367	1.4815024441395558e7	69518.58914542709
3.705421392017622	3.779629358832967	3.7425253754252945	355201.69568947144	27193.862512215364	1.517022613708503e7	67074.2467294643
3.7796293588329672	3.8553214849846187	3.817475421908793	360434.7875451632	26001.55998969811	1.5530660924630193e7	64702.27229586004
3.855321484984619	3.932527453659304	3.8939244693219615	365684.06144426577	24857.418130272963	1.5896344986074459e7	62401.26308675781
3.9325274536593033	4.011277541707481	3.9719024976833923	370901.9004114643	23756.735484494584	1.6267246886485923e7	60169.62608383707
4.011277541707481	4.091602631516623	4.051440086612052	376101.67760661244	22699.229675117836	1.6643348564092536e7	58005.84419175897
4.091602631516623	4.173534223121948	4.132568427319285	381310.80718234554	21685.204734135572	1.702465937127488e7	55908.50570157276
4.173534223121948	4.257104446559379	4.215319334840663	386440.4332187511	20708.371496095333	1.7411099804493632e7	53875.91747247388
4.257104446559379	4.342346074465558	4.299725260512469	391613.1868184693	19774.252331149415	1.78027129913121e7	51906.80322821571
4.342346074465559	4.429292534929862	4.38581930469771	396756.37141790986	18877.585501366724	1.819946936273001e7	49999.65675564263
4.4292925349298615	4.517977924603451	4.473635229766656	401887.6943620108	18018.03406427466	1.8601357057092022e7	48153.03955262051
4.51797792460345	4.608437022070511	4.5632074733369805	407065.6199523024	17196.800681065863	1.9008422677044325e7	46365.665801184674
4.608437022070511	4.700705301486913	4.654571161778712	412209.776141569	16409.011942114223	1.9420632453185894e7	44636.04271599097
4.700705301486913	4.794818946491643	4.747762123989277	417407.75580239296	15656.905587268107	1.9838040208988287e7	42962.89307710624
4.794818946491643	4.890814864396467	4.842816905444055	422621.2313081473	14937.515246100895	2.0260661440296434e7	41344.84230099035
4.890814864396468	4.988730700659389	4.939772782527928	427815.7899148278	14248.391600941435	2.068847723021126e7	39780.45391578613
4.988730700659389	5.088604853647568	5.038667777153478	432959.7265289761	13587.4781863404	2.1121436956740238e7	38268.25581442419
5.088604853647569	5.190476489695512	5.13954067167154	438116.1349963024	12955.771204415645	2.155955309173654e7	36806.918545671826
5.190476489695511	5.294385558464413	5.242431024079962	443290.5935693607	12352.234589808297	2.20028436853059e7	35395.12973844743
5.294385558464413	5.400372808608692	5.347379183536552	448493.01527740806	11775.951701105107	2.245133670058331e7	34031.6000042524
5.400372808608693	5.508479803755858	5.454426306182276	453638.30312942713	11223.6388374097	2.2904975003712736e7	32714.924956961062
5.508479803755859	5.618748938805967	5.563614371280913	458729.62155293673	10694.603695590564	2.3363704625265673e7	31443.741450646874
5.618748938805966	5.731223456557077	5.6749861976815215	463890.36913555115	10190.78214053414	2.3827594994401224e7	30216.87690736704
5.7312234565570765	5.845947464663209	5.788585460610143	469052.10816535726	9709.520933673053	2.429664710256658e7	29033.073389921312
5.845947464663211	5.962965952931467	5.904456708797339	474202.4195787795	9249.650388752274	2.477084952214536e7	27891.078168965847
5.962965952931466	6.082324810965086	6.022645381948276	479349.81522797793	8810.473436284114	2.525019933737334e7	26789.67069963561
6.082324810965086	6.204070846159379	6.143197828562233	484497.40994683653	8391.189959507221	2.5734696747320175e7	25727.654809931966
6.20407084615938	6.328251802057558	6.266161324108468	489642.4459841214	7990.9210371689705	2.6224339193304297e7	24703.852740167
6.328251802057558	6.4549163770737	6.3915840895656295	494803.1937083937	7609.15152752805	2.671914238701269e7	23717.125073590163
6.454916377073701	6.584114243590166	6.519515310331934	500024.65013459325	7245.717153472851	2.7219167037147284e7	22766.388769834302
6.584114243590165	6.71589606743696	6.650005155513563	505116.81317657605	6897.127754584026	2.772428385032386e7	21850.421936085004
6.715896067436961	6.850313527760691	6.783104797598826	481570.0606690161	6196.160569130574	2.8205853910992876e7	20946.877658284688
6.85031352776069	6.987419337290895	6.9188664325257925	501592.2542191744	6081.363946975762	2.870744616521205e7	20088.87088462872
6.987419337290895	7.127267263011704	7.057343300151299	509379.1978660524	5819.405405564184	2.9216825363078102e7	19265.278060114382
7.127267263011705	7.269912147246929	7.198589705129317	515655.58762348443	5551.17106295837	2.9732480950701587e7	18473.7495659069
7.269912147246929	7.4154099291668585	7.342661038206893	521372.63237883896	5288.844805430789	3.0253853583080426e7	17712.774717749406
7.415409929166858	7.5638176667251855	7.489613797946022	526803.8615657166	5035.579811280923	3.0780657444646142e7	16981.11209312557
7.5638176667251855	7.71519355903468	7.639505612879933	531969.5912088528	4791.544316498405	3.1312627035854995e7	16277.601701033089
7.715193559034678	7.869596969190362	7.79239526411252	536992.2663400993	4557.693568929312	3.1849619302195095e7	15601.205696869541
7.869596969190363	8.027088447549161	7.948342708369762	542152.0757305659	4335.975541790955	3.239177137792566e7	14951.058617638017
8.027088447549161	8.187729755475134	8.107409101512147	547377.9899644218	4125.169995443545	3.2939149367890082e7	14326.274579142477
8.187729755475134	8.351583889559627	8.26965682251738	552444.7766507156	3923.1274891181642	3.3491594144540798e7	13725.894828231709
8.351583889559627	8.51871510632581	8.435149497942719	557443.1874847598	3730.2109908231632	3.404903733202556e7	13149.036942558314
8.51871510632581	8.689188947427317	8.603952026876563	562396.6738399938	3546.214202763791	3.461143400586555e7	12594.857567932024
8.689188947427317	8.863072265350853	8.776130606389085	528911.9263842627	3142.6442028722786	3.5140345932249814e7	12049.375873022662
8.863072265350853	9.04043324963286	8.951752757491857	552611.077901423	3094.0068311867635	3.569295701015124e7	11532.57235080786
9.04043324963286	9.221341453600507	9.130887351616684	561724.0784774795	2963.566917782154	3.625468108862872e7	11038.07063793016
9.221341453600507	9.405867821647508	9.313604637624007	568436.5166659951	2825.946066797115	3.682311760529471e7	10564.168786429791
9.405867821647508	9.594084717055448	9.499976269351478	574250.7725188136	2690.1337417758846	3.7397368377813525e7	10109.781885216022
9.594084717055447	9.786065950371546	9.690075333713496	579597.9985711053	2558.5253443460333	3.797696637638463e7	9674.025906332026
9.786065950371546	9.981886808353966	9.883976379362757	585080.831748791	2433.7135157588327	3.856204720813342e7	9256.217485214987
9.981886808353966	10.181624083496034	10.081755445925001	590184.6643163562	2313.3024268639683	3.915223187244978e7	8855.574471116144
10.181624083496034	10.385356104140945	10.28349009381849	595161.3569842577	2198.2156519472724	3.9747393229434036e7	8471.41317554176
10.385356104140945	10.593162765198754	10.48925943466985	600068.9441048503	2088.468666280493	4.0347462173538886e7	8103.090284622401
10.593162765198754	10.805125559477718	10.699144162338236	553319.6963289008	1814.6561583372381	4.090078186986779e7	7740.224319293691
10.805125559477718	11.021327609642261	10.91322658455999	587257.1777853817	1814.8390408164155	4.148803904765317e7	7398.310645638642
11.021327609642261	11.241853700810095	11.131590655226178	596479.4425479621	1736.9886394635632	4.208451849020113e7	7071.637102374848
11.241853700810095	11.466790313801287	11.35432200730569	603227.3054790869	1655.29102316092	4.268774579568022e7	6759.101990034498
11.466790313801285	11.696225659052299	11.581507986426793	609028.1484138817	1574.7903801734392	4.32967739440941e7	6459.958273807209
11.6962256590523	11.930249711208337	11.813237685130318	614623.6897496581	1497.5690266532513	4.391139763384376e7	6173.622202310891
11.930249711208337	12.168954244407493	12.049601977807914	619878.7347552404	1423.2349543321852	4.4531276368599e7	5899.521109379372
12.168954244407491	12.41243286827063	12.290693556339061	624886.8101364374	1351.9594685892284	4.5156163178735435e7	5637.12527674084
12.41243286827063	12.660781064611031	12.53660696644083	578117.2012764663	1178.6118245645791	4.57342803800119e7	5379.86953709154
12.66078106461103	12.914096224878238	12.787438644744633	606463.633726649	1165.0709933098701	4.634074401373855e7	5136.677958532466
12.91409622487824	13.172477688350792	13.043286956614516	617876.1249110773	1118.5152160580167	4.695862013864963e7	4904.833875899001
13.172477688350792	13.436026781092796	13.304252234721794	625173.9936671853	1066.4349567845213	4.758379413231681e7	4683.363599406122
13.436026781092798	13.704846855689642	13.570436818391219	631536.0780357197	1015.1372124991086	4.821533021035253e7	4471.713548111884
13.70484685568964	13.97904333177842	13.84194509373403	637299.6598342359	965.3026712031153	4.885262987018677e7	4269.40137225463
13.979043331778422	14.258723737388978	14.1188835345837	642546.3561966941	917.1020150951956	4.949517622638346e7	4075.9824148595617
14.258723737388976	14.543997751111744	14.401360744250361	599936.4026264474	806.8854396255151	5.009511262900991e7	3887.365284003357
14.543997751111744	14.834977245108966	14.689487498110356	617489.1596056744	782.5815428009467	5.0712601788615584e7	3708.229714188794
14.834977245108968	15.131776328986135	14.98337678704755	632150.4461380914	754.9434587732694	5.1344752234753676e7	3537.836138049071
15.131776328986136	15.434511394540847	15.283143861763492	640289.4104743674	720.5500036988784	5.198504164522804e7	3375.2902880495194
15.434511394540843	15.743301161406647	15.588906277973745	647020.132836923	686.1191465353003	5.2632061778064966e7	3220.1371090667726
15.743301161406647	16.058266723609766	15.900783942508205	652894.8711891919	652.407655872815	5.328495664925416e7	3071.991473945474
16.05826672360977	16.37953159705695	16.218899160333358	658193.9553003162	619.7604173325549	5.3943150604554474e7	2930.5103834165184
16.37953159705695	16.707221767973074	16.54337668251501	590626.3448229432	524.0551814484693	5.453377694937742e7	2791.6711345793506
16.707221767973074	17.041465742307523	16.8743437551403	636669.5743691772	532.3198507618243	5.5170446523746595e7	2661.319720274946
17.041465742307526	17.382394596128663	17.211930169218093	647604.2690570056	510.2261702858948	5.58180507928036e7	2537.2148435474037
17.382394596128663	17.730142027026222	17.55626831157744	655080.7464342639	486.34272397095566	5.6473131539237864e7	2418.892778534055
17.730142027026222	18.084844406541734	17.907493216783976	661574.8311476707	462.82969900401486	5.7134706370385535e7	2306.0411911874894
18.08484440654173	18.44664083364755	18.265742620094642	663713.0122859553	437.53956246711886	5.779841938267149e7	2198.24187653318
18.446640833647553	18.81567318929549	18.631157011471522	596435.2141380236	370.50589051354865	5.8394854596809514e7	2092.794997661932
18.81567318929549	19.192086192056387	19.003879690675937	643551.3976214603	376.71248468457406	5.9038405994430974e7	1993.7902036041723
19.192086192056387	19.5760274548725	19.38405682346444	654623.7374865115	361.0884105028589	5.9693029731917486e7	1899.5963068288634
19.5760274548725	19.967647542944935	19.771837498908717	662497.7984899431	344.35100250030985	6.035552753040743e7	1809.8714713359125
19.967647542944935	20.36710003277882	20.167373787861877	668894.5729962289	327.61952959033596	6.102442210340366e7	1724.3581609178223
20.367100032778815	20.774541572409376	20.570820802594096	617450.4306087121	284.9767896851429	6.164187253401237e7	1641.3185072467265
20.77454157240938	21.19013194283255	20.982336757620963	634353.0436240211	275.8886183050722	6.227622557763639e7	1562.5455668336601
21.19013194283255	21.614034120664186	21.40208303174837	652564.8645877317	267.437244010447	6.292879044222412e7	1487.8298813096842
21.61403412066419	22.046414342052458	21.830224231358322	661867.0083876327	255.60212455356827	6.3590657450611755e7	1416.742133302774
22.046414342052458	22.48744216786849	22.266928254960476	669299.4346702248	243.5621426025392	6.425995688528198e7	1349.0611699276844
22.48744216786849	22.937290550200846	22.712366359034668	628548.1032776535	215.53783987909898	6.488850498855963e7	1283.66828457354
22.937290550200842	23.396135900179843	23.166713225190342	626286.7250800058	202.37365018303726	6.551479171363964e7	1221.2887293468182
23.396135900179846	23.86415815715843	23.630147028669136	650369.0532747507	198.03249199850043	6.616516076691439e7	1162.2576327760867
23.86415815715842	24.341540859276574	24.102849508217496	660914.6259505376	189.63471586773642	6.682607539286493e7	1106.1477698806295
24.341540859276574	24.828471215437087	24.58500603735683	668790.9777633995	180.82515923924683	6.749486637062833e7	1052.7668348092427
24.82847121543709	25.325140178720815	25.076805697078953	616202.504573822	156.99576841212726	6.811106887520215e7	1001.0908978420292
25.32514017872082	25.83174252127022	25.57844134999552	628015.6565561891	150.77559924905788	6.873908453175834e7	952.0374338006009
25.831742521270215	26.348476910670602	26.090109715970407	649532.982971102	146.9460689649114	6.938861751472944e7	905.5930453119474
26.348476910670605	26.875545987859	26.612011449264802	660121.2798399925	140.72677405595937	7.004873879456943e7	861.4693360989617
26.875545987858995	27.413156446591156	27.144351217225076	667908.1370829642	134.17327899036601	7.07166469316524e7	819.5131318352692
27.41315644659116	27.961519114497964	27.68733778054456	587329.5246753097	111.18021106100488	7.13039764563277e7	778.6510142514269
27.961519114497964	28.520849035762904	28.241184075130434	634603.0603896677	113.19943171370149	7.193857951671737e7	740.2627550199221
28.52084903576291	29.09136555545315	28.80610729560803	649863.012574926	109.23464140950888	7.25884425292923e7	703.8604228377391
29.091365555453145	29.67329240553719	29.382328980495167	659871.7519553602	104.5188559713664	7.324831428124766e7	669.2861168833283
29.67329240553719	30.266857792622915	29.970075099080052	603098.1312671155	90.01599635293381	7.385141241251478e7	635.8697831615497
30.266857792622922	30.87229448745036	30.56957614003664	615800.1414268613	86.61002240772572	7.446721255394164e7	604.1847560820587
30.872294487450354	31.48983991617434	31.181067201812347	639437.460496515	84.74676983573468	7.510665001443815e7	574.2201440015072
31.489839916174343	32.11973625347281	31.804788084823578	651380.2831467837	81.34979327925043	7.575803029758494e7	545.7882148939027
32.11973625347281	32.762230517517246	32.44098338549503	611061.5532053709	71.9123737154503	7.63690918507903e7	518.4520925731908
32.762230517517246	33.41757466684257	33.08990259217991	597502.8074468076	66.26061872971212	7.696659465823711e7	492.3669363475918
33.41757466684257	34.0860256991544	33.75180018299848	629672.3821173757	65.80018356228315	7.759626704035449e7	467.7600404229391
34.086025699154405	34.76784575211247	34.42693572563344	643184.7930592	63.33520799102705	7.823945183341369e7	444.4304870359348
34.767845752112464	35.46330220612969	35.11557397912108	602287.4907353669	55.88693588233192	7.884173932414906e7	422.01711908078
35.4633022061297	36.17266778922727	35.81798499767848	587644.5682054907	51.38285757172068	7.942938389235455e7	400.6369169203892
36.17266778922727	36.89622068398679	36.53444423660703	621347.593449831	51.195909877385425	8.005073148580438e7	380.4793103745732
36.8962206839868	37.63424463664151	37.265232660314155	635618.2823188603	49.3507992215836	8.068634976812324e7	361.3781150261031
37.634244636641505	38.387029068349314	38.01063685249541	575233.712124005	42.086164712603136	8.126158348024724e7	342.9597601931406
38.387029068349314	39.15486918869128	38.7709491285203	587536.1287584901	40.50669896101059	8.184911960900573e7	325.5128000852385
39.15486918869128	39.93806611144008	39.54646765006568	614531.1379687637	39.92394666852787	8.24636507469745e7	309.0386895597826
39.93806611144008	40.73692697264386	40.33749654204197	628265.696132645	38.46185820294656	8.309191644310714e7	293.43058057614377
40.736926972643865	41.55176505107172	41.14434601185779	539994.4637758285	31.151115686483024	8.363191090688297e7	278.30113716219466
41.55176505107172	42.38289989106813	41.96733247106992	588158.3228425235	31.972453909086166	8.42200692297255e7	264.09183832832036
42.38289989106812	43.23065742786446	42.80677865946629	608923.8306962252	31.1919236312691	8.482899306042172e7	250.65719899514897
43.23065742786446	44.09537011539672	43.66301377163059	578763.073921606	27.936854587849414	8.540775613434333e7	237.8097882002825
44.09537011539672	44.97737705667963	44.536373586038174	542169.9688690603	24.66094384301138	8.594992610321239e7	225.5145269368014
44.977377056679636	45.8770241367882	45.42720059673392	586114.5235211104	25.122005175681238	8.65360406267335e7	213.95512497338788
45.8770241367882	46.79466415849894	46.33584414764357	602069.5296237469	24.3173410029788	8.713811015635724e7	203.0161199535068
46.79466415849895	47.7306569806439	47.26266056957142	507168.5888314992	19.30276129119263	8.764527874518874e7	192.41887924385088
47.73065698064389	48.685369659231746	48.20801331993782	559401.361379236	20.06265025441949	8.820468010656798e7	182.4767781409577
48.685369659231746	49.65917659139136	49.17227312531155	581706.7948632091	19.659236471620275	8.878638690143119e7	173.08491984000034
49.65917659139135	50.65245966219415	50.15581812679275	506632.27712875605	16.13441136971515	8.929301917855994e7	164.03150900259436
50.652459662194154	51.665608394413006	51.15903402830358	532622.3603200912	15.983705182282643	8.982564153888004e7	155.49165097155748
51.66560839441301	52.69902010127625	52.18231424784463	564203.8599253446	15.954821381137535	9.038984539880538e7	147.44274732209914
52.69902010127624	53.753100042276735	53.22606007177649	488760.4558945	13.024162768264764	9.087860585469988e7	139.68909350176122
53.753100042276735	54.82826158209724	54.29068081218699	517173.3944646716	12.986371455334448	9.139577924916455e7	132.38052601629212
54.82826158209724	55.92492635271416	55.3765939674057	552959.1193589419	13.084062031704475	9.19487383685235e7	125.4991842225671
55.92492635271416	57.04352441874341	56.484225385728784	455214.756077677	10.149948888240433	9.240395312460117e7	118.84554060458194
57.04352441874342	58.184494446093254	57.614009432418335	514480.56525975466	10.809720917288399	9.291843368986093e7	112.61376425491487
58.184494446093254	59.348283873990084	58.76638916004167	548246.6512553543	10.854742090378725	9.346668034111628e7	106.74405893922261
59.348283873990084	60.53534909044485	59.94181648221747	414565.05139271915	7.7345357515132	9.3881245392509e7	101.03296054759336
60.535349090444846	61.74615561122871	61.14075235083678	519322.41223716736	9.130124509940911	9.440056780474617e7	95.73180069182476
61.74615561122872	62.981178262428266	62.363666936828494	437985.64699065685	7.256005638603211	9.483855345173682e7	90.62832808397373
62.98117826242826	64.2409013666518	63.61103981454003	483465.2316738814	7.5474649655792465	9.53220186834107e7	85.83605393826964
64.2409013666518	65.5258189329598	64.8833601498058	484564.2249419242	7.1282899704910045	9.580658290835263e7	81.29603585829342
65.5258189329598	66.83643485059396	66.18112689177687	423683.3696137965	5.873183992997927	9.623026627796642e7	76.94550429761603
66.83643485059396	68.1732630865808	67.50484896858738	506435.19104738533	6.61537197682181	9.673670146901381e7	72.88873615864229
68.17326308658079	69.53682788728737	68.85504548693407	387148.87182600796	4.765479659131046	9.712385034083982e7	68.95927008796771
69.53682788728739	70.9276639840081	70.23224593564774	483950.4987062067	5.6134236179160375	9.760780083954602e7	65.30537823395521
70.92766398400809	72.34631680266321	71.63699039333565	392968.81971786916	4.295198567790566	9.80007696592639e7	61.78621620115544
72.34631680266322	73.79334267769146	73.06982974017734	461618.089815855	4.75451557868934	9.846238774907975e7	58.496543375878915
73.79334267769144	75.26930907022023	74.53132587395584	396428.4774045497	3.847570837588524	9.88588162264843e7	55.34431391621776
75.26930907022025	76.77479479059961	76.02205193040993	441288.272257939	4.035919666001591	9.930010449874224e7	52.38477746349857
76.7747947905996	78.31039022538656	77.54259250799308	396041.1041819602	3.41317660237285	9.96961456029242e7	49.56003388248461
78.31039022538656	79.87669756886925	79.0935438971279	424400.4703473002	3.4466147743817106	1.001205460732715e8	46.90015707195007
79.87669756886925	81.4743310592216	80.67551431404542	389850.21514093876	2.983410954865081	1.0051039628841244e8	44.366990003580725
81.47433105922158	83.10391721938097	82.28912413930128	413307.4955803752	2.9804855285315615	1.0092370378399281e8	41.97977290790531
83.10391721938097	84.76609510274355	83.93500616106226	377188.554807201	2.5631303723300336	1.0130089233880001e8	39.7061821373279
84.76609510274358	86.4615165437734	85.61380582325849	409046.86568298936	2.619290903860923	1.01709939204483e8	37.566976131041265
86.4615165437734	88.19084641362383	87.32618147869862	359272.0912581533	2.1678670383526497	1.0206921129574116e8	35.525125210500946
88.19084641362382	89.95476288087124	89.07280464724752	410639.3861322403	2.3348999524020413	1.024798506818734e8	33.61068667734899
89.95476288087124	91.75395767746362	90.85436027916742	338215.8731817752	1.8121752451308644	1.0281806655505517e8	31.776525252672453
91.75395767746362	93.58913636998784	92.67154702372574	416833.08048790693	2.1045872601244384	1.0323489963554308e8	30.065027925611957
93.58913636998786	95.46101863636257	94.52507750317521	315746.8619463891	1.5022505521158978	1.0355064649748947e8	28.41750941256152
95.46101863636258	97.37033854806478	96.41567859221368	426556.45892366767	1.9123986997433247	1.0397720295641313e8	26.888679906255355
97.37033854806477	99.31784485800101	98.34409170303289	293294.0147768557	1.2390924859978112	1.0427049697118999e8	25.409198912115038
99.31784485800102	101.304301294136	100.31107307606851	394736.8054140657	1.5714724360936612	1.0466523377660406e8	24.034228285180685
101.304301294136	103.33048685899367	102.31739407656482	314492.6628743261	1.1797997594345182	1.0497972643947838e8	22.71597596459041
103.33048685899367	105.39719613514849	104.36384149707108	328357.33695559204	1.1607619584985411	1.0530808377643397e8	21.472663993513578
105.39719613514849	107.50523959682641	106.45121786598745	371520.1737868637	1.2375920632810236	1.0567960395022084e8	20.30549931934832
107.50523959682641	109.65544392773789	108.58034176228216	289861.4259773195	0.9098802268416035	1.0596946537619816e8	19.186755517863922
109.65544392773788	111.84865234526758	110.75204813650274	403342.4145333022	1.1930713056827176	1.0637280779073146e8	18.148876550403866
111.84865234526758	114.08572493114788	112.96718863820773	259513.82767404616	0.7233554028527285	1.066323216184055e8	17.143770191155394
114.0857249311479	116.36753896874579	115.22663194994684	320033.001091063	0.8405909787383035	1.0695235461949657e8	16.20340145133033
116.36753896874578	118.69498928709564	117.5312641279207	341824.2548329979	0.8460413421980517	1.0729417887432957e8	15.317588364639859
118.69498928709562	121.06898861181249	119.88198894945405	269720.6580877453	0.6290739248241141	1.0756389953241731e8	14.470355003173117
121.06898861181249	123.49046792302367	122.27972826741808	391946.7357122302	0.8614167314316178	1.0795584626812954e8	13.685392204180388
123.49046792302369	125.9603768204591	124.72542237174139	235634.44671215117	0.48800449421642456	1.081914807148417e8	12.924168208269647
125.9603768204591	128.47968389584324	127.22003035815118	280850.44811603427	0.5480989484990797	1.0847233116295773e8	12.210318320106385
128.4796838958432	131.04937711273502	129.7645305042891	353248.18507671356	0.6496248138852204	1.0882557934803444e8	11.543499684179853
131.04937711273502	133.67046419396465	132.35992065334983	235495.9895387441	0.4080985139080165	1.0906107533757319e8	10.901212299372393
133.67046419396468	136.3439730168189	135.00721860539178	291170.3037071228	0.47547470923603324	1.0935224564128031e8	10.299858577413872
136.3439730168189	139.0709520161302	137.70746251647455	316697.85655994713	0.4873313192297802	1.0966894349784026e8	9.733875058510083
139.0709520161302	141.85247059542775	140.46171130577898	231937.39354915917	0.33631701559847266	1.0990088089138941e8	9.191827207670308
141.85247059542775	144.68961954631123	143.2710450708695	296247.88375876844	0.40479226586492956	1.1019712877514818e8	8.684994456897343
144.68961954631123	147.58351147621238	146.1365655112618	288105.22053803504	0.3709599039339483	1.1048523399568622e8	8.205444501258269
147.5835114762124	150.5352812447116	149.05939636046202	224122.3776126653	0.2719317817656794	1.1070935637329888e8	7.74784317876721
150.53528124471157	153.54608640858072	152.04068382664616	287819.2434260547	0.32907393964972365	1.1099717561672494e8	7.319932292659187
153.54608640858075	156.61710767572728	155.08159704215402	277415.3302512169	0.2988842620055428	1.1127459094697616e8	6.914962018534123
156.61710767572728	159.74954936821675	158.18332852197202	211922.23679968715	0.21515332293513972	1.1148651318377584e8	6.528520892512778
159.74954936821675	162.94463989455602	161.34709463138637	264923.51111090183	0.25344923216383103	1.1175143669488674e8	6.166578572013659
162.94463989455602	166.20363223142206	164.57413606298906	286662.5037011504	0.2584284523003603	1.120380991985879e8	5.825800263092312
166.20363223142203	169.5278044150254	167.86571832322372	196091.80229729414	0.16658191288529653	1.1223419100088519e8	5.499380366826602
169.5278044150254	172.91846004230084	171.22313222866313	235840.1097151637	0.18879263789671588	1.1247003111060035e8	5.193069422426479
172.91846004230084	176.37692878212178	174.6476944122113	308426.768085137	0.23265824039736063	1.1277845787868549e8	4.906956571878491
176.37692878212178	179.90456689673914	178.14074783943045	177972.05053055286	0.12650776401566932	1.1295642992921604e8	4.631223967603808
179.90456689673914	183.50275777364885	181.703662335194	206703.24436965585	0.1384559671764313	1.131631331735857e8	4.372084708459281
183.50275777364885	187.17291246809674	185.3378351208728	305943.9434480965	0.19311022189532526	1.134690771170338e8	4.131044933472575
187.17291246809674	190.9164702564336	189.04469136226516	189622.57051339746	0.11278528975306308	1.1365869968754719e8	3.899275175495276
190.91647025643357	194.73489920053714	192.82568472848536	179808.9523486644	0.10077963405845482	1.1383850863989586e8	3.680181331579849
194.73489920053717	198.6296967235228	196.68229796203	217621.72571973503	0.1149377685886765	1.1405613036561559e8	3.474541355312334
198.6296967235228	202.60239019696817	200.6160434602455	289305.4913240969	0.14398466570638618	1.1434543585693969e8	3.2824379950066853
202.6023901969682	206.65453753988248	204.62846386842534	155104.986911878	0.07274185786093411	1.1450054084385157e8	3.097305844487214
206.65453753988243	210.78772782965498	208.7211326847687	177399.9787413031	0.07839913327961708	1.1467794082259287e8	2.923178323043659
210.787727829655	215.00358192522302	212.89565487743903	223738.24594841897	0.09317448600421419	1.1490167906854129e8	2.7599466046363195
215.00358192522305	219.30375310270242	217.15366751396272	252394.55495902896	0.09904574993501705	1.1515407362350032e8	2.6064686410773783
219.30375310270236	223.6899277037313	221.49684040321682	147219.50100627542	0.054440273579581935	1.153012931245066e8	2.459270392317465
223.6899277037313	228.16382579678083	225.92687675025607	168837.5620856136	0.058833289609262304	1.154701306865922e8	2.3208158237198457
228.16382579678083	232.72720185169135	230.4455138242361	214351.92692355812	0.07038507232076437	1.1568448261351576e8	2.19101351069254
232.72720185169135	237.38184542770006	235.0545236396957	241492.18167449534	0.07472318261598127	1.1592597479519026e8	2.068948316490371
237.38184542770009	242.12958187522898	239.75571365146453	135224.55170071125	0.03942820088226885	1.1606119934689097e8	1.951887975605462
242.12958187522898	246.97227305170844	244.55092746346872	153861.9388860911	0.04227481758534264	1.1621506128577706e8	1.841743770972918
246.97227305170844	251.9118180517175	249.44204555171297	188348.65833993256	0.04876544711613082	1.16403409944117e8	1.7383269642329036
251.91181805171752	256.95015395172675	254.43098600172215	260517.65275508165	0.06356030623956864	1.1666392759687208e8	1.6417284991376666
256.95015395172675	262.08925656973616	259.5197052607315	119935.51086744666	0.027573745662894538	1.1678386310773952e8	1.5486260882330534
262.08925656973616	267.33114124010575	264.71019890492096	134472.22316853702	0.0291326317417995	1.1691833533090806e8	1.4609836535697514
267.3311412401058	272.6778636038828	270.0045024219943	157286.85441824794	0.03210988319218762	1.1707562218532631e8	1.3785680757234449
272.67786360388277	278.1315204149353	275.404692009409	218676.5763706714	0.04206759995851983	1.1729429876169698e8	1.3014804962303277
278.1315204149353	283.6942503622089	280.91288538857214	181770.015367046	0.032950870348318374	1.1747606877706403e8	1.2283134106105469
283.6942503622089	289.36823490842795	286.53124263531845	113442.24203000963	0.019378431875251928	1.1758951101909404e8	1.1585836877357187
289.36823490842795	295.15569914557136	292.2619670269996	128110.84859384596	0.02062191185480847	1.1771762186768788e8	1.0929476242268386
295.15569914557136	301.05891266745766	298.1073059065145	152243.21861456335	0.023092990127026515	1.1786986508630244e8	1.0312399065877695
301.05891266745766	307.0801904597817	304.0695515636197	243191.55722172558	0.034760811531518436	1.1811305664352417e8	0.9737644055874194
307.08019045978165	313.22189380795214	310.1510421338669	124757.41685047746	0.016803780242750036	1.1823781406037465e8	0.9185682910697265
313.2218938079522	319.48643122308613	316.3541625155192	102019.40366873145	0.012948593925298985	1.1833983346404338e8	0.8663334635096996
319.4864312230861	325.87625938652263	322.6813453048044	114798.85858772695	0.01373019222735676	1.184546323226311e8	0.8171565610438507
325.87625938652263	332.39388411322795	329.1350717498753	134805.55932953954	0.01519308866295749	1.1858943788196065e8	0.7709005012634809
332.39388411322795	339.04186133446734	335.7178727238477	184023.33534438908	0.01954386232378589	1.1877346121730503e8	0.7275633808061804
339.04186133446734	345.82279810013154	342.43232971729947	178385.2457140684	0.017852360984368487	1.189518464630191e8	0.6866283285502945
345.8227981001316	352.7393536011091	349.28107585062037	86354.06079012156	0.008143643081758335	1.1903820052380922e8	0.6474943745943866
352.73935360110903	359.79424021210605	356.2667969066075	95962.79057860374	0.008527821020107847	1.1913416331438783e8	0.610639775749078
359.7942402121061	366.99022455532304	363.3922323837146	109486.31956720352	0.009168416034982203	1.1924364963395503e8	0.5759478506999438
366.9902245553231	374.3301285854044	370.6601765703638	132543.66626785696	0.010459060757804438	1.1937619330022289e8	0.5433313523641934
374.33012858540434	381.81683069608727	378.0734796407458	249438.73968939483	0.018547990555365507	1.1962563203991228e8	0.513062686428976
381.81683069608727	389.45326684898384	385.6350487725356	68230.65131609142	0.004780922899897721	1.1969386269122837e8	0.48374581366532304
389.4532668489838	397.2424317249383	393.34784928696104	74708.3874912858	0.0049328834071301255	1.1976857107871966e8	0.4561286624841867
397.24243172493834	405.1873798984119	401.2149058116751	82973.94944344461	0.005162648055191052	1.198515450281631e8	0.4301176823877599
405.18737989841185	413.2912270353549	409.23930346688337	94381.93439874053	0.005533741970481076	1.1994592696256185e8	0.4056283828335919
413.29122703535495	421.55715111503685	417.4241890751959	112750.95282943547	0.006229447483820635	1.2005867791539128e8	0.38259171805570585
421.5571511150369	429.98839367631246	425.7727723956747	159750.75746908784	0.008317092201337781	1.2021842867286037e8	0.36100418646506155
429.98839367631246	438.5882610888135	434.288327382563	152023.32848306	0.0074582701916664955	1.2037045200134343e8	0.3406122565528719
438.58826108881357	447.36012584956467	442.9741934691891	58221.85969462991	0.0026916168503610016	1.2042867386103806e8	0.3211215703914971
447.3601258495646	456.3074279055307	451.8337768775476	64075.13052240014	0.002791360689057307	1.2049274899156046e8	0.30276083074646154
456.3074279055307	465.4336760026161	460.8705519540734	71653.39359809458	0.002941457105548581	1.2056440238515855e8	0.28546776795155837
465.43367600261604	474.74244906164313	470.0880625321296	82324.02717961371	0.003184576337129084	1.2064672641233817e8	0.26918616514536076
474.74244906164324	484.23739758185087	479.489923321747	100050.10109117627	0.003647051471165492	1.2074677651342934e8	0.2538703346757688
484.2373975818509	493.9222450724627	489.0798213271568	149579.03651185334	0.005138003552539044	1.208963555499412e8	0.23952389278816058
493.9222450724626	503.80078951288664	498.86151729267465	124251.79320502281	0.004021847928942259	1.2102060734314622e8	0.2259405530937619
503.80078951288675	513.8769048421193	508.838847177503	43010.736400559545	0.0013118952912849877	1.2106361807954678e8	0.21298437351370092
513.8769048421193	524.1545424779365	519.0157236600279	47189.88908958435	0.0013563462460250923	1.2111080796863636e8	0.20077804934358576
524.1545424779364	534.6377328664698	529.3961376722032	52463.13073581457	0.0014209380305626144	1.2116327109937218e8	0.1892794916449219
534.6377328664698	545.330587062774	539.984159964622	59535.29318848252	0.0015194791873116903	1.2122280639256066e8	0.17844983557583136
545.330587062774	556.2372983430043	550.7839427028891	70071.5194594413	0.001685237528586943	1.212928779120201e8	0.16825437680278307
556.2372983430042	567.3621438488391	561.7997210959217	89718.72598184645	0.002033302598176228	1.2138259663800195e8	0.15866705085328037
567.3621438488391	578.7094862647906	573.0358150568148	176526.67954029143	0.003769889352883909	1.2155912331754224e8	0.1497328688750111
578.7094862647906	590.2837755290611	584.4966308969258	26192.766452670097	0.0005271072126453309	1.2158531608399491e8	0.14112695774252665
590.2837755290612	602.0895505786173	596.1866630538393	28492.087702035904	0.000540307754410884	1.2161380817169695e8	0.1330181822726018
602.0895505786171	614.1314411291643	608.1104958538907	31270.484159186482	0.0005587928957171087	1.2164507865585613e8	0.1253781732334881
614.1314411291643	626.4141694907223	620.2728053099434	34749.0653693825	0.000585138594167063	1.2167982772122552e8	0.11818034627205594
626.4141694907223	638.9425524195115	632.6783609551169	39339.9081697762	0.000624235273781865	1.2171916762939529e8	0.11139993245767396
638.9425524195115	651.7215030068764	645.332027713194	45940.6816059798	0.0006869288382982582	1.2176510831100127e8	0.10501421707114479
651.7215030068764	664.7560326059887	658.2387678064326	57115.605375528336	0.0008047638365399512	1.218222239163768e8	0.09900361497824894
664.7560326059887	678.0512527970832	671.403642701536	87593.86528909206	0.0011630187464161024	1.2190981778166589e8	0.09336035719692316
678.0512527970831	691.6123773919994	684.8318150945413	79983.55155622959	0.0010007211231756606	1.2198980133322212e8	0.08803323142813659
691.6123773919994	705.4447244788141	698.5285509354068	14562.157801032066	0.00017168702545017822	1.2200436349102315e8	0.0829655476169924
705.4447244788141	719.5537185073651	712.4992214930896	15873.974903851748	0.0001763586623747822	1.22020237465927e8	0.07819042809726763
719.5537185073651	733.9448924164872	726.7493054619262	17463.746236249804	0.00018283017907090335	1.2203770121216325e8	0.07369110205375845
733.944892416487	748.6238898037915	741.2843911101393	19458.667368978262	0.0001919653896932752	1.2205715987953223e8	0.06945181581125191
748.6238898037917	763.5964671388422	756.1101784713169	22092.72221788764	0.00020538013879901337	1.2207925260175012e8	0.06545781754268386
763.5964671388421	778.8684960205935	771.2324815797178	25863.941105276346	0.0002265704599541877	1.221051165428554e8	0.06169540792930806
778.8684960205936	794.4459654799801	786.6572307502869	32129.237574204803	0.00026522128709925187	1.221372457804296e8	0.05815223641682754
794.4459654799801	810.3349843285544	802.3904749042672	47465.102498188615	0.0003692170588777677	1.2218471088292779e8	0.054819426691960944
810.3349843285545	826.5417835541002	818.4383839413274	56786.151791229844	0.00041624511860340795	1.2224149703471902e8	0.0516815596642167
826.5417835541001	843.0727187641568	834.8072511591284	5781.696158230305	3.9935705439335334e-5	1.2224727873087725e8	0.04870297411759001
843.0727187641568	859.9342726784146	851.5034957212856	6265.797526061535	4.078325039184142e-5	1.2225354452840331e8	0.04589623662898084
859.9342726784146	877.1330576709574	868.533665174686	6838.436577320099	4.194321218108437e-5	1.2226038296498063e8	0.043251453323173004
877.1330576709573	894.6758183633511	885.9044380171542	7532.658213242888	4.35363998695441e-5	1.2226791562319387e8	0.04075930795620112
894.6758183633511	912.5694342695928	903.622626316472	8402.941821426153	4.576516124240543e-5	1.222763185650153e8	0.038411033301332824
912.5694342695929	930.8209224939593	921.695178381776	9547.719055607915	4.9000742667402767e-5	1.2228586628407091e8	0.036198389224220695
930.8209224939593	949.437440482813	940.1291814883862	11170.360039383173	5.402186772644122e-5	1.2229703664411029e8	0.03411365578339081
949.437440482813	968.4262888314439	958.9318646571285	13794.564751282334	6.286513036091214e-5	1.2231083120886157e8	0.032149675777637915
968.4262888314439	987.7949141470474	978.1106014892457	19572.18997180462	8.405056499817547e-5	1.2233040339883338e8	0.030300196239541263
987.7949141470475	1007.5509119689631	997.6729130580053	31044.047732830048	0.00012562583322991332	1.2236144744656621e8	0.028559789035169075
1007.5509119689629	1027.7020297473166	1017.6264708581398	1601.5468449443579	6.107165071047845e-6	1.2236304899341115e8	0.026912871506579714
1027.7020297473166	1048.2561698812374	1037.979099814277	1721.402746617794	6.185601042115966e-6	1.2236477039615777e8	0.025360949455654862
1048.2561698812376	1069.2213928178369	1058.7387813495372	1859.13997836411	6.2952199250972805e-6	1.2236662953613614e8	0.023898545518235503
1069.2213928178369	1090.6059202131682	1079.9136565155027	2019.8937735706568	6.445056844222845e-6	1.223686494299097e8	0.022520498776319668
1090.605920213168	1112.4181381564058	1101.512029184787	2211.2425408512354	6.648658228490586e-6	1.2237086067245056e8	0.021221946766126275
1112.418138156406	1134.6666004585086	1123.5423693074572	2444.973310664296	6.927414245714659e-6	1.2237330564576122e8	0.019998308716119483
1134.6666004585088	1157.3600320066535	1146.013316232581	2740.726845830679	7.317491029597082e-6	1.2237604637260705e8	0.018845270151679597
1157.3600320066535	1180.507332185761	1168.9336820962071	3134.4873140454292	7.88610167606069e-6	1.223791808599211e8	0.017758769326233794
1180.507332185761	1204.1175783684507	1192.312455277106	3702.112068027258	8.776974350233766e-6	1.2238288297198913e8	0.016734987057527392
1204.1175783684507	1228.2000294747943	1216.1588039216226	4645.799200028181	1.0378990545996143e-5	1.2238752877118915e8	0.01577034687682695
1228.2000294747943	1252.7641296032646	1240.4820795390294	6876.689835518599	1.4476831947998727e-5	1.2239440546102467e8	0.014861581536406154
1252.7641296032646	1277.8195117343043	1265.2918206687846	9417.372814118862	1.8681996073829026e-5	1.2240382283383879e8	0.014005474473757076
1277.8195117343043	1303.376001507965	1290.5977566211345	287.0729250907898	5.36642624806653e-7	1.2240410990676388e8	0.01319769933123665
1303.376001507965	1329.4436210770987	1316.4098112925317	305.8438301682472	5.38755942527178e-7	1.2240441575059405e8	0.012436515125301754
1329.4436210770984	1356.0325930376148	1342.7381070573565	326.82478427886963	5.425087574627451e-7	1.2240474257537833e8	0.011719234676525933
1356.0325930376152	1383.153344437342	1369.5929687374787	350.4877893179655	5.482316241257974e-7	1.2240509306316765e8	0.011043325816119743
1383.1533444373417	1410.816510865063	1396.9849276512023	377.465741366148	5.563757026654834e-7	1.2240547052890901e8	0.010406402452133739
1410.816510865063	1439.0329406213386	1424.9247257432007	408.63206674158573	5.675739869285432e-7	1.2240587916097575e8	0.009806216154481084
1439.0329406213386	1467.8136989727398	1453.4233197970393	445.2349930405617	5.827452655909663e-7	1.224063243959688e8	0.009240648231319981
1467.8136989727395	1497.1700724911686	1482.491885731954	489.1373846977949	6.032811382997454e-7	1.224068135333535e8	0.00870770227324507
1497.1700724911689	1527.1135734799666	1512.1418229855676	543.2773944139481	6.314078139586949e-7	1.224073568107479e8	0.00820549714838631
1527.1135734799666	1557.6559444885402	1542.3847589842535	612.6409333348274	6.709555612442218e-7	1.2240796945168124e8	0.007732260445920133
1557.6559444885404	1588.8091629172854	1573.2325537029128	706.597598105669	7.292212786544555e-7	1.2240867604927935e8	0.007286322405177665
1588.8091629172857	1620.5854457146056	1604.6973043159455	845.6856551021338	8.224236125518713e-7	1.2240952173493445e8	0.006866110509552051
1620.5854457146054	1652.9972541678717	1636.7913499412384	1088.7415589988232	9.977249660995562e-7	1.2241061047649345e8	0.0064701456624025626
1652.9972541678717	1686.0572987902035	1669.5272764790375	1771.032827526331	1.5293682959877895e-6	1.2241238150932097e8	0.006097049896272255
1686.0572987902035	1719.7785443049818	1702.9179215475926	1602.0493853241205	1.3036493886299675e-6	1.224139835587063e8	0.005745460486161
1719.778544304982	1754.1742147300558	1736.976379517519	27.674672037363052	2.1221047794714594e-8	1.2241401123337834e8	0.005414076040700997
1754.1742147300558	1789.2577985636312	1771.7160066468437	29.185954600572586	2.1089082175241483e-8	1.2241404041933294e8	0.0051018051389988515
1789.2577985636312	1825.043054073878	1807.1504263187546	30.82703559100628	2.0990122695261578e-8	1.2241407124636853e8	0.004807545353030661
1825.0430540738782	1861.54401469433	1843.293534384104	32.616549864411354	2.0927660012561728e-8	1.2241410386291839e8	0.004530257840855661
1861.54401469433	1898.7749945271908	1880.1595046107605	34.5772552639246	2.0906079906469323e-8	1.2241413844017366e8	0.004268963679140033
1898.7749945271908	1936.7505939567088	1917.76279424195	36.73731301724911	2.0930948936943212e-8	1.2241417517748667e8	0.004022740407230991
1936.7505939567088	1975.4857053748171	1956.118149665763	39.13209533691406	2.100942047584069e-8	1.2241421430958201e8	0.0037907187705862257
1975.485705374817	2014.9955190212875	1995.240612198052	41.80679926276207	2.115082590834594e-8	1.2241425611638127e8	0.0035720796520708514
2014.9955190212875	2055.2955289406873	2035.1455239809875	44.82033149898052	2.1367559305355022e-8	1.2241430093671277e8	0.003366051180302847
2055.2955289406877	2096.4015390584755	2075.8485339995814	48.25126986205578	2.1676444304141732e-8	1.2241434918798263e8	0.0031719060048629663
2096.4015390584755	2138.329669378619	2117.3656042185476	52.20736266672611	2.210092726810934e-8	1.224144013953453e8	0.0029889587287922495
2138.329669378619	2181.0963623051657	2159.7130158418922	56.84136199951172	2.2674758017001187e-8	1.224144582367073e8	0.002816563489390849
2181.0963623051653	2224.7183890902425	2202.907375697704	62.378905579447746	2.3448517037905477e-8	1.2241452061561288e8	0.002654111678928567
2224.718389090243	2269.2128564110217	2246.965622750632	69.17110455036163	2.4502014228836758e-8	1.2241458978671743e8	0.0025010297975358586
2269.2128564110217	2314.597213078216	2291.905034744619	77.80292083323002	2.5970028446943393e-8	1.2241466758963826e8	0.0023567774314208617
2314.5972130782156	2360.889256878754	2337.743234978485	89.34488661587238	2.8102546414140065e-8	1.2241475693452488e8	0.002220845351173618
2360.8892568787546	2408.1071415553038	2384.498199217029	106.04773442447186	3.143234734309352e-8	1.224148629822593e8	0.002092753729422589
2408.1071415553033	2456.2693839253834	2432.1882627403434	133.87520723044872	3.7391684056981746e-8	1.2241499685746653e8	0.001972050496862294
2456.269383925384	2505.3948711428657	2480.832127534125	199.20697689056396	5.2429880037358185e-8	1.2241519606444342e8	0.0018583100305960846
2505.394871142865	2555.5028681046965	2530.448869623781	283.63290582597256	7.034453839655243e-8	1.2241547969734925e8	0.0017511308990364098
2555.5028681046965	2606.6130250057645	2581.0579465552305	0.8982380479574203	2.0992524472659688e-10	1.224154805955873e8	0.0016501295799445069
2606.613025005764	2658.7453850448533	2632.679205025309	0.9368324279785156	2.0631679755928788e-10	1.2241548153241973e8	0.001554953795333727
2658.7453850448533	2711.920392284724	2685.3328886647887	0.9775831550359726	2.0287373971124382e-10	1.2241548251000288e8	0.0014652675408883696
2711.920392284724	2766.1588996693927	2739.039645977058	1.0206632763147354	1.9959702672761292e-10	1.2241548353066616e8	0.0013807541923207959
2766.1588996693927	2821.4821772017544	2793.8205384355733	1.0662659108638763	1.9648823752368305e-10	1.2241548459693207e8	0.0013011153875703283
2821.482177201754	2877.911920284763	2849.697048743258	1.1146076023578644	1.935496933544906e-10	1.2241548571153967e8	0.0012260699734748038
2877.911920284763	2935.4702582294317	2906.6910892570972	1.1659321635961533	1.9078455993960758e-10	1.2241548687747183e8	0.0011553530131961005
2935.470258229432	2994.1797629329944	2964.825010581213	1.220515251159668	1.8819696170629823e-10	1.2241548809798709e8	0.001088714850895471
2994.1797629329944	3054.063457730628	3024.121610331811	1.2786703556776047	1.8579218834338677e-10	1.2241548937665744e8	0.0010259202303566075
3054.0634577306278	3115.144826424214	3084.604142077421	1.3407557308673859	1.8357687471839847e-10	1.2241549071741317e8	0.0009667474644448334
3115.144826424215	3177.447822491673	3146.296324457944	1.4071832746267319	1.8155927164941212e-10	1.2241549212459645e8	0.0009109876524702903
3177.4478224916725	3240.9968784804796	3209.222350486076	1.478429600596428	1.7974957586003681e-10	1.2241549360302605e8	0.0008584439426921183
3240.9968784804796	3305.816915589063	3273.406897034771	1.5550502091646194	1.7816036728507076e-10	1.2241549515807626e8	0.000808930837359963
3305.816915589063	3371.9333534398174	3338.87513451444	1.6376973986625671	1.7680714089826765e-10	1.2241549679577366e8	0.0007622735378393647
3371.9333534398174	3439.3721200475875	3405.6527367437025	1.7271437644958496	1.7570903374338366e-10	1.2241549852291742e8	0.0007183073275090603
3439.3721200475875	3508.1596619875127	3473.76589101755	1.8243131190538406	1.7488978448129401e-10	1.2241550034723054e8	0.0006768769902516057
3508.159661987512	3578.322954766236	3543.2413083768743	1.9303215891122818	1.743790027115482e-10	1.2241550227755213e8	0.0006378362624843733
3578.3229547662368	3649.889513400535	3614.106234083386	2.0465337932109833	1.7421393995845717e-10	1.2241550432408592e8	0.0006010473167964152
3649.8895134005347	3722.8874032075187	3686.3884583040267	2.1746402084827423	1.7444191973074782e-10	1.2241550649872613e8	0.0005663802753682605
3722.8874032075187	3797.3452508106425	3760.1163270090806	2.31676709651947	1.7512384418696025e-10	1.2241550881549323e8	0.0005337127514568793
3797.3452508106425	3873.2922553658286	3835.3187530882356	2.4756351560354233	1.763392579743442e-10	1.2241551129112838e8	0.0005029294173271699
3873.2922553658286	3950.7582000121183	3912.0252276889732	2.6547963619232178	1.7819398656875783e-10	1.2241551394592474e8	0.0004739215971047211
3950.758200012119	4029.7734635513343	3990.265831781727	2.858997881412506	1.8083193385906251e-10	1.2241551680492263e8	0.0004465868831126855
4029.7734635513343	4110.369032361335	4070.0712479563344	3.09476400911808	1.8445409201076793e-10	1.2241551989968663e8	0.000420828774338659
4110.369032361334	4192.576512547534	4151.472772454434	3.371369317173958	1.8935054112364214e-10	1.2241552327105595e8	0.00039655633575589894
4192.576512547535	4276.428142337459	4234.502327442497	3.7025599777698517	1.9595745358548046e-10	1.2241552697361593e8	0.0003736838772974851
4276.428142337458	4361.9568047231805	4319.192473530319	4.109818205237389	2.0496596953310465e-10	1.2241553108343413e8	0.00035213065135287813
4361.9568047231805	4449.196040356617	4405.576422539899	4.629139348864555	2.175498904977186e-10	1.2241553571257348e8	0.0003318205677253808
4449.196040356617	4538.180060702723	4493.68805052967	5.326932400465012	2.3590397873438024e-10	1.2241554103950588e8	0.00031268192506131947
4538.180060702723	4628.94376145575	4583.561911079236	6.344573184847832	2.6476462406618107e-10	1.2241554738407907e8	0.00029464715785754094
4628.94376145575	4721.522736223838	4675.233248839794	8.065292581915855	3.171590724025627e-10	1.2241555544937165e8	0.0002776525983925972
4721.5227362238375	4815.953290487288	4768.7380133555625	12.301023408770561	4.5582456246495716e-10	1.2241556775039506e8	0.00026163825477820663
4815.953290487288	4912.272455836006	4864.112873161646	15.549792379140854	5.42975883261652e-10	1.2241558330018744e8	0.00024654758737940625
