-0.0	9.953897499377266e-5	4.976948749688633e-5	-3.476710203445214e-30
9.953897499377266e-5	0.0002010687294874207	0.00015030385224059668	-3.4767012533901364e-30
0.00020106872948742058	0.0003046290790709416	0.00025284890427918107	-3.476691754815593e-30
0.0003046290790709413	0.00041026063564613265	0.000357444857358537	-3.4766809497298054e-30
0.0004102606356461331	0.0005180048233528283	0.0004641327294994807	-3.476669042782873e-30
0.0005180048233528287	0.0006279038948136577	0.0005729543590832433	-3.4766562214754474e-30
0.0006279038948136573	0.0007400009477037028	0.0006839524212586801	-3.4766426207838806e-30
0.000740000947703703	0.0008543399416515495	0.0007971704446776262	-3.476628334637624e-30
0.0008543399416515493	0.0009709657154783526	0.0009126528285649509	-3.476613428271826e-30
0.0009709657154783523	0.0010899240047816917	0.001030444860130022	-3.476597947044936e-30
0.0010899240047816917	0.0012112614598710977	0.0011505927323263946	-3.4765819223466684e-30
0.0012112614598710973	0.0013350256640622914	0.0012731435619666943	-3.476565375854964e-30
0.0013350256640622922	0.00146126515233731	0.0013981454081998012	-3.4765483222471894e-30
0.0014612651523373099	0.0015900294303778282	0.001525647291357569	-3.4765307710249194e-30
0.0015900294303778277	0.0017213689939791564	0.001655699212178492	-3.476512727848102e-30
0.0017213689939791568	0.0018553353488525118	0.0017883521714158342	-3.476494195458585e-30
0.0018553353488525112	0.0019919810308233333	0.0019236581898379223	-3.476475174280315e-30
0.0019919810308233333	0.002131359626433572	0.0020616703286284524	-3.476455662876523e-30
0.0021313596264335728	0.002273525793956016	0.0022024427101947942	-3.476435658414861e-30
0.0022735257939560153	0.0024185352848289073	0.002346030539392461	-3.476415156807639e-30
0.002418535284828908	0.002566444965519258	0.002492490125174083	-3.476394152897915e-30
0.002566444965519257	0.002717312839823414	0.0026418789026713355	-3.4763726407074914e-30
0.002717312839823413	0.0028711980716136527	0.002794255455718533	-3.476350613419272e-30
0.002871198071613654	0.0030281610080396984	0.002949679539826676	-3.4763280635702726e-30
0.003028161008039698	0.0031882632031942633	0.0031082121056169804	-3.476304983093258e-30
0.003188263203194263	0.0033515674422519193	0.0032699153227230913	-3.4762813632586206e-30
0.0033515674422519197	0.0035181377660907292	0.0034348526041713245	-3.4762571949369654e-30
0.0035181377660907292	0.003688039496406315	0.003603088631248522	-3.4762324684421065e-30
0.0036880394964063155	0.003861339261328213	0.0037746893788672643	-3.4762071735836054e-30
0.003861339261328213	0.004038105021548549	0.003949722141438381	-3.476181299786552e-30
0.004038105021548548	0.00421840609697329	0.004128255559260919	-3.4761548360533486e-30
0.00421840609697329	0.004402313193906526	0.004310359645439908	-3.4761277709394686e-30
0.004402313193906526	0.004589898432778427	0.004496105813342477	-3.476100092584502e-30
0.004589898432778428	0.004781235376427767	0.004685566904603098	-3.476071788688086e-30
0.0047812353764277666	0.0049763990589500925	0.00487881721768893	-3.476042846621846e-30
0.004976399058950093	0.005175466015122866	0.0050759325370364795	-3.476013253353097e-30
0.005175466015122865	0.005378514310419092	0.005276990162770979	-3.475982995419363e-30
0.005378514310419092	0.005585623571621245	0.005482068941020169	-3.47595205899072e-30
0.005585623571621245	0.00579687501804744	0.0056912492948343425	-3.475920429805576e-30
0.005796875018047441	0.00601235149340216	0.0059046132557248	-3.475888093209257e-30
0.00601235149340216	0.006232137498263974	0.006122244495833067	-3.4758550341597195e-30
0.006232137498263972	0.006456319223223022	0.006344228360743497	-3.4758212371753246e-30
0.006456319223223021	0.006684984582681251	0.006570651902952136	-3.475786686357808e-30
0.006684984582681254	0.006918223249328648	0.0068016039160049505	-3.475751365402358e-30
0.006918223249328647	0.00715612668930899	0.007037174969318818	-3.475715257570312e-30
0.00715612668930899	0.007398788198088939	0.007277457443698964	-3.475678345690124e-30
0.007398788198088939	0.007646302937044488	0.0075225455675667135	-3.4756406124474925e-30
0.007646302937044487	0.007898767970779146	0.007772535453911817	-3.475602041048534e-30
0.007898767970779147	0.0081562823051885	0.008027525137983823	-3.475562614268323e-30
0.0081562823051885	0.00841894692628604	0.008287614615737269	-3.47552231437246e-30
0.00841894692628604	0.00868686483980553	0.008552905883045785	-3.475481122970841e-30
0.008686864839805528	0.008960141111595408	0.008823502975700469	-3.475439021140782e-30
0.008960141111595408	0.009238882908821085	0.009099512010208246	-3.4753959894233e-30
0.009238882908821085	0.009523199541991274	0.00938104122540618	-3.475352007790804e-30
0.009523199541991274	0.009813202507824869	0.009668201024908072	-3.47530705570057e-30
0.00981320250782487	0.010109005532975137	0.009961104020400003	-3.475261112054934e-30
0.010109005532975134	0.010410724618628405	0.01025986507580177	-3.475214155178886e-30
0.010410724618628405	0.010718478085994741	0.010564601352311572	-3.475166162781279e-30
0.010718478085994743	0.011032386622708406	0.010875432354351573	-3.4751171119511446e-30
0.011032386622708406	0.011352573330156341	0.011192479976432374	-3.475066979178064e-30
0.011352573330156343	0.011679163771753237	0.01151586855095479	-3.475015740397176e-30
0.011679163771753237	0.01201228602218207	0.011845724896967653	-3.474963370857167e-30
0.012012286022182067	0.012352070717619476	0.012182178369900772	-3.474909845209286e-30
0.01235207071761948	0.012698651106965636	0.012525360912292557	-3.474855137474861e-30
0.012698651106965634	0.013052163104098714	0.012875407105532175	-3.474799220958193e-30
0.013052163104098714	0.013412745341174455	0.013232454222636584	-3.474742068346386e-30
0.013412745341174457	0.013780539222991713	0.013596642282083085	-3.4746836513839174e-30
0.013780539222991713	0.014155688982445314	0.013968114102718514	-3.4746239411717864e-30
0.014155688982445312	0.014538341737087986	0.014347015359766648	-3.4745629077903704e-30
0.014538341737087988	0.014928647546823513	0.01473349464195575	-3.474500520441232e-30
0.014928647546823513	0.01532675947275375	0.01512770350978863	-3.474436747234617e-30
0.01532675947275375	0.01573283363720259	0.01552979655497817	-3.474371555482551e-30
0.01573283363720259	0.01614702928494041	0.015939931461071498	-3.4743049114751044e-30
0.016147029284940405	0.016569508845632977	0.01635826906528669	-3.4742367807935676e-30
0.016569508845632984	0.01700043799753941	0.016784973421586198	-3.474167127851981e-30
0.017000437997539405	0.01743998573248396	0.017220211865011683	-3.474095916357402e-30
0.01743998573248396	0.017888324422127407	0.017664155077305684	-3.474023109119372e-30
0.017888324422127403	0.018345629885563715	0.01811697715384556	-3.473948668013279e-30
0.01834562988556372	0.018812081458268758	0.018578855671916236	-3.473872554128823e-30
0.018812081458268758	0.0192878620624279	0.01904997176034833	-3.473794727500058e-30
0.019287862062427896	0.019773158278670218	0.019530510170549055	-3.4737151471041766e-30
0.019773158278670218	0.020268160419237388	0.020020659348953803	-3.473633770861502e-30
0.020268160419237388	0.0207730626026159	0.020520611510926642	-3.473550555670435e-30
0.0207730626026159	0.02128806282966198	0.021030562716138942	-3.473465457336658e-30
0.02128806282966198	0.021813363061248984	0.021550712945455484	-3.473378430561893e-30
0.021813363061248984	0.022349169297467726	0.022081266179358357	-3.473289428926955e-30
0.02234916929746773	0.022895691658410846	0.022622430477939288	-3.4731984050106884e-30
0.022895691658410842	0.02345314446657282	0.023174418062491833	-3.4731053101056996e-30
0.02345314446657282	0.024021746330898038	0.02373744539873543	-3.473010093932966e-30
0.024021746330898045	0.02460172023250977	0.024311733281703905	-3.472912705047729e-30
0.02460172023250977	0.025193293612153726	0.024897506922331746	-3.4728130909183346e-30
0.025193293612153722	0.02579669845939056	0.02549499603577214	-3.472711197705452e-30
0.02579669845939056	0.026412171403572132	0.026104434931481346	-3.472606970133611e-30
0.026412171403572136	0.02703995380663734	0.02672606260510474	-3.4725003514401816e-30
0.02703995380663734	0.027680291857763845	0.027360122832200594	-3.472391283253539e-30
0.027680291857763845	0.028333436669912882	0.028006864263838364	-3.4722797058091595e-30
0.028333436669912882	0.0289996443783049	0.028666540524108892	-3.472165557678519e-30
0.028999644378304903	0.02967917624086476	0.029339410309584833	-3.4720487760282886e-30
0.02967917624086476	0.030372298740675815	0.03002573749077029	-3.4719292967572584e-30
0.030372298740675818	0.031079283690483094	0.030725791215579456	-3.471807053923153e-30
0.031079283690483087	0.03180040833928651	0.031439846014884795	-3.471681978942048e-30
0.03180040833928651	0.032535955481066	0.03216818191017626	-3.471554001961927e-30
0.032535955481066005	0.03328621356568108	0.032911084523373546	-3.471423051863571e-30
0.03328621356568108	0.03405147681198846	0.03366884518883477	-3.4712890556791604e-30
0.03405147681198846	0.03483204532322199	0.03444176106760523	-3.471151938108408e-30
0.03483204532322199	0.03562822520468019	0.03523013526395109	-3.4710116216859575e-30
0.03562822520468018	0.036440328683767544	0.03603427694422386	-3.470868026994195e-30
0.036440328683767544	0.037268674232436655	0.036854501458102096	-3.4707210726740556e-30
0.037268674232436655	0.03811358669207914	0.0376911304622579	-3.470570674673264e-30
0.03811358669207915	0.03897539740091449	0.03854449204649682	-3.47041674827837e-30
0.038975397400914484	0.03985444432392653	0.0394149208624205	-3.470259206452916e-30
0.03985444432392653	0.040751072185398814	0.040302758254662674	-3.47009795758879e-30
0.040751072185398814	0.04166563260410055	0.04120835239474968	-3.469932907843056e-30
0.04166563260410054	0.042598484231176306	0.042132058417638424	-3.469763962912544e-30
0.04259848423117632	0.0435499928907936	0.04307423856098496	-3.4695910261074796e-30
0.043549992890793594	0.04452053172360322	0.04403526230719841	-3.46941399749227e-30
0.044520531723603214	0.04551048133306903	0.04501550652833612	-3.4692327729727916e-30
0.045510481333069036	0.04652022993472417	0.0460153556338966	-3.4690472464831905e-30
0.04652022993472417	0.047550173508412404	0.04703520172156829	-3.4688573096323206e-30
0.04755017350841241	0.04860071595357441	0.048075444730993414	-3.468662850624484e-30
0.04860071595357442	0.04967226924763966	0.04913649260060704	-3.468463756323989e-30
0.04967226924763965	0.05076525360758619	0.05021876142761292	-3.468259910740438e-30
0.0507652536075862	0.05188009765473167	0.051322675631158936	-3.4680511904840936e-30
0.051880097654731665	0.05301723858282005	0.052448668118775854	-3.467837469879415e-30
0.05301723858282006	0.05417712232947021	0.05359718045614513	-3.467618622779566e-30
0.0541771223294702	0.055360203751053355	0.054768663040261775	-3.4673945213131314e-30
0.055360203751053355	0.05656694680106817	0.05596357527606076	-3.4671650341022724e-30
0.05656694680106818	0.057797824712083286	0.057182385756575735	-3.4669300153796574e-30
0.05779782471208328	0.059053320181318696	0.05842557244670099	-3.466689323373079e-30
0.0590533201813187	0.06033392555993882	0.059693622870628765	-3.466442815725617e-30
0.06033392555993882	0.06164014304613134	0.06098703430303508	-3.466190346104429e-30
0.06164014304613134	0.06297248488204772	0.06230631396408953	-3.4659317614617234e-30
0.06297248488204771	0.06433147355468241	0.06365197921836506	-3.465666896273051e-30
0.06433147355468241	0.06571764200076981	0.06502455777772612	-3.4653955902382e-30
0.06571764200076981	0.06713153381577895	0.06642458790827438	-3.4651176797754765e-30
0.06713153381577895	0.06857370346708827	0.0678526186414336	-3.464832995828566e-30
0.06857370346708827	0.07004471651142379	0.06930920998925602	-3.464541360786489e-30
0.07004471651142379	0.071545149816646	0.0707949331640349	-3.464242591416682e-30
0.071545149816646	0.07307559178797267	0.07231037080230934	-3.463936501476913e-30
0.07307559178797267	0.07463664259872586	0.07385611719334927	-3.463622902649404e-30
0.07463664259872586	0.07622891442569413	0.07543277851221	-3.4633015996683735e-30
0.07622891442569411	0.07785303168920174	0.07704097305744792	-3.462972389859546e-30
0.07785303168920174	0.07950963129797951	0.07868133149359063	-3.4626350655978994e-30
0.07950963129797951	0.08119936289893284	0.08035449709845618	-3.462289413129029e-30
0.08119936289893284	0.08292288913190524	0.08206112601541904	-3.461935213388272e-30
0.08292288913190525	0.0846808858895371	0.08380188751072118	-3.4615722422727476e-30
0.08468088588953708	0.08647404258232155	0.08557746423592932	-3.4612002687550736e-30
0.08647404258232155	0.08830306240896171	0.08738855249564163	-3.4608190542815294e-30
0.08830306240896173	0.0901686626321347	0.08923586252054821	-3.460428353905056e-30
0.09016866263213469	0.09207157485977112	0.09112011874595291	-3.460027915385624e-30
0.09207157485977113	0.09401254533196028	0.09304206009586571	-3.4596174796899954e-30
0.09401254533196027	0.09599233521359321	0.09500244027277674	-3.459196781462145e-30
0.09599233521359321	0.09801172089285881	0.09700202805322601	-3.458765547359969e-30
0.0980117208928588	0.1000714942857097	0.09904160758928425	-3.4583234957368825e-30
0.10007149428570972	0.10217246314641765	0.10112197871606368	-3.457870335383629e-30
0.10217246314641763	0.10431545138433972	0.10324395726537867	-3.457405767997286e-30
0.10431545138433973	0.10650129938702026	0.10540837538567999	-3.456929486789344e-30
0.10650129938702026	0.10873086434975439	0.10761608186838732	-3.456441175820895e-30
0.10873086434975437	0.1110050206117432	0.10986794248074878	-3.4559405109878136e-30
0.1110050206117432	0.11332465999897179	0.11216484030535749	-3.455427157883824e-30
0.11332465999897177	0.11569069217394494	0.11450767608645836	-3.454900771423254e-30
0.11569069217394495	0.11810404499241757	0.11689736858318125	-3.454360995992001e-30
0.11810404499241758	0.12056566486725966	0.11933485492983861	-3.453807466460497e-30
0.12056566486725963	0.12307651713959854	0.12182109100342908	-3.453239806873224e-30
0.12307651713959855	0.12563758645738424	0.1243570517984914	-3.452657629912485e-30
0.12563758645738424	0.12824987716152564	0.12694373180945495	-3.452060536035321e-30
0.12824987716152564	0.13091441367974987	0.12958214542063776	-3.4514481137626405e-30
0.13091441367974987	0.13363224092833859	0.13227332730404423	-3.4508199378001745e-30
0.13363224092833859	0.13640442472189906	0.13501833282511883	-3.450175570746882e-30
0.13640442472189906	0.13923205219133075	0.1378182384566149	-3.449514561122418e-30
0.1392320521913308	0.14211623221015113	0.14067414220074098	-3.448836442651404e-30
0.1421162322101511	0.14505809582934784	0.14358716401974947	-3.4481407357180354e-30
0.14505809582934784	0.1480587967209285	0.14655844627513817	-3.4474269434809055e-30
0.1480587967209285	0.1511195116303408	0.14958915417563465	-3.4466945508639834e-30
0.1511195116303408	0.1542414408379413	0.15268047623414105	-3.4459430258195874e-30
0.1542414408379413	0.15742580862969385	0.15583362473381757	-3.445171813241616e-30
0.15742580862969385	0.16067386377728143	0.15904983620348764	-3.444380342603724e-30
0.16067386377728143	0.16398688002782077	0.16233037190255112	-3.443568019432876e-30
0.16398688002782077	0.1673661566033709	0.16567651831559582	-3.442734234908538e-30
0.1673661566033709	0.17081301871043203	0.16908958765690146	-3.441878358206238e-30
0.170813018710432	0.17432881805963435	0.1725709183850332	-3.440999731861004e-30
0.17432881805963435	0.17791493339582073	0.17612187572772753	-3.440097681625499e-30
0.17791493339582073	0.18157277103873085	0.1797438522172758	-3.439171512361722e-30
0.18157277103873087	0.1853037654344992	0.18343826823661502	-3.4382205091368775e-30
0.18530376543449914	0.1891093797181828	0.187206572576341	-3.437243932426015e-30
0.18910937971818284	0.19299110628754018	0.1910502430028615	-3.436241016930266e-30
0.19299110628754018	0.19695046738828467	0.1949707868379124	-3.435210981015063e-30
0.19695046738828464	0.20098901571104402	0.19896974154966435	-3.4341530148288176e-30
0.20098901571104408	0.20510833500025866	0.20304867535565135	-3.433066288532694e-30
0.20510833500025863	0.2093100406752575	0.20720918783775805	-3.431949948528838e-30
0.2093100406752575	0.21359578046375632	0.2114529105695069	-3.430803113485915e-30
0.21359578046375632	0.21796723504802512	0.21578150775589072	-3.429624869447338e-30
0.21796723504802512	0.2224261187239793	0.2201966768860022	-3.428414301440075e-30
0.22242611872397927	0.22697418007345255	0.2247001493987159	-3.427170457357188e-30
0.22697418007345255	0.23161320264991528	0.22929369136168393	-3.425892347528964e-30
0.23161320264991528	0.23634500567790726	0.23397910416391127	-3.4245789707329754e-30
0.23634500567790728	0.2411714447664591	0.2387582252221832	-3.423229301236529e-30
0.24117144476645908	0.24609441263678192	0.2436329287016205	-3.421842252573592e-30
0.24609441263678195	0.25111583986451125	0.2486051262506466	-3.4204167637004874e-30
0.25111583986451125	0.25623769563679516	0.2536767677506532	-3.418951715279587e-30
0.2562376956367951	0.2614619885245247	0.25884984208065986	-3.417445973314501e-30
0.2614619885245247	0.26679076727000883	0.2641263778972668	-3.415898326223199e-30
0.26679076727000883	0.27222612159040266	0.2695084444302057	-3.414307586698286e-30
0.2722261215904027	0.2777701829972044	0.27499815229380353	-3.412672553213125e-30
0.2777701829972044	0.28342512563214217	0.2805976543146733	-3.4109919104402185e-30
0.28342512563214217	0.28919316711977866	0.2863091463759604	-3.409264412801849e-30
0.28919316711977866	0.29507656943716787	0.29213486827847324	-3.4074887031308604e-30
0.2950765694371678	0.3010776398009048	0.2980771046190363	-3.405663373798354e-30
0.30107763980090485	0.3071987315719166	0.3041381856864107	-3.403787114634696e-30
0.30719873157191663	0.3134422451783486	0.3103204883751326	-3.4018584627203555e-30
0.31344224517834857	0.31981062905690916	0.31662643711762883	-3.39987601352063e-30
0.3198106290569092	0.326306380613041	0.3230585048349751	-3.397838267599429e-30
0.326306380613041	0.33293204720029546	0.32961921390666826	-3.395743668061727e-30
0.3329320472002955	0.33969022711929503	0.33631113715979527	-3.3935906869377716e-30
0.33969022711929503	0.34658357063667455	0.3431368988779848	-3.391377730659923e-30
0.3465835706366745	0.35361478102440164	0.35009917583053807	-3.3891031884470766e-30
0.35361478102440164	0.3607866156198833	0.35720069832214246	-3.386765357334507e-30
0.3607866156198833	0.3681018869072746	0.36444425126357893	-3.384362656460348e-30
0.36810188690727463	0.37556346362041376	0.3718326752638442	-3.3818933505845144e-30
0.3755634636204137	0.3831742718678156	0.37936886774411466	-3.379355583631899e-30
0.38317427186781555	0.3909372962801655	0.38705578407399055	-3.376747639563389e-30
0.39093729628016555	0.3988555811807625	0.394896438730464	-3.3740677905459065e-30
0.3988555811807624	0.40693223177937127	0.40289390648006684	-3.371314081699767e-30
0.40693223177937127	0.4151704153899523	0.4110513235846618	-3.368484710855821e-30
0.4151704153899523	0.4235733626727449	0.4193718890313486	-3.365577711861732e-30
0.423573362672745	0.43214436890119345	0.4278588657869692	-3.362591126226902e-30
0.4321443689011934	0.4408867952542109	0.43651558207770214	-3.359523248018199e-30
0.4408867952542108	0.44980407013428864	0.44534543269424975	-3.3563718247545165e-30
0.4498040701342887	0.45889969051196805	0.45435188032312834	-3.3531350343081775e-30
0.4588996905119681	0.468177223297201	0.46353845690458456	-3.3498104961984154e-30
0.4681772232972011	0.4776403067381387	0.4729087650176699	-3.346396428860974e-30
0.47764030673813856	0.4872926518478949	0.4824664792930167	-3.342890565714199e-30
0.48729265184789494	0.4971380438598464	0.49221534785387067	-3.3392907615199126e-30
0.49713804385984633	0.5071803437120368	0.5021591937859415	-3.335595127187125e-30
0.5071803437120368	0.517423489561271	0.5123019166366539	-3.331801152366493e-30
0.5174234895612712	0.5278714983274901	0.5226474939443806	-3.327907027023687e-30
0.5278714983274901	0.5385284672690335	0.5331999827982619	-3.3239102250578106e-30
0.5385284672690335	0.5493985755894076	0.5439635214292206	-3.319808450395791e-30
0.5493985755894077	0.5604860860761894	0.5549423308327985	-3.315599813742821e-30
0.5604860860761894	0.5717953467727067	0.5661407164244481	-3.311281533036058e-30
0.5717953467727067	0.5833307926831544	0.5775630697279306	-3.306851813628066e-30
0.5833307926831544	0.595096947511811	0.5892138700974827	-3.302308321223184e-30
0.5950969475118111	0.6070984254370408	0.601097686474426	-3.297648577218881e-30
0.6070984254370407	0.619339932920775	0.6132191791789079	-3.292870616709691e-30
0.619339932920775	0.631826270554184	0.6255831017374796	-3.287972104933631e-30
0.631826270554184	0.6445623349402613	0.6381943027472227	-3.282950606602318e-30
0.6445623349402613	0.65755312061406	0.6510577277771606	-3.2778042703758415e-30
0.65755312061406	0.6708037220013348	0.6641784213076973	-3.272530628986499e-30
0.6708037220013346	0.6843193354163548	0.6775615287088448	-3.267127391697597e-30
0.6843193354163548	0.6981052610996754	0.6912122982580151	-3.261592790080271e-30
0.6981052610996754	0.7121669052966624	0.7051360831981689	-3.255924357826469e-30
0.7121669052966624	0.7265097823775891	0.7193383438371257	-3.2501201600862036e-30
0.7265097823775891	0.7411395170001344	0.7338246496888617	-3.244178803529845e-30
0.7411395170001344	0.7560618463151305	0.7486006816576325	-3.238098010338363e-30
0.7560618463151304	0.7712826222164265	0.7636722342657785	-3.2318754979425656e-30
0.7712826222164265	0.7868078136357485	0.7790452179260875	-3.225510642466965e-30
0.7868078136357485	0.8026435088834569	0.7947256612596028	-3.219001348452425e-30
0.8026435088834569	0.8187959180361195	0.8107197134597882	-3.212344888541007e-30
0.8187959180361196	0.8352713753718355	0.8270336467039776	-3.2055416806157464e-30
0.8352713753718353	0.8520763418542654	0.8436738586130503	-3.198589533053792e-30
0.8520763418542654	0.8692174076663441	0.8606468747603048	-3.1914862770916274e-30
0.8692174076663441	0.8867012947946644	0.8779593512305043	-3.184231529207179e-30
0.8867012947946645	0.9045348596655512	0.8956180772301079	-3.1768233769411106e-30
0.9045348596655511	0.9227250958338555	0.9136299777497033	-3.169261364237087e-30
0.9227250958338556	0.9412791367255261	0.9320021162796909	-3.161544223383498e-30
0.9412791367255261	0.96020425843503	0.950741697580278	-3.1536702070595777e-30
0.9602042584350299	0.9795078825787238	0.9698560705068768	-3.1456392236248608e-30
0.9795078825787238	0.9991975792052916	0.9893527308920077	-3.1374495401450164e-30
0.9991975792052917	1.0192810697643908	1.0092393244848412	-3.1291013161463175e-30
1.0192810697643908	1.039766230134672	1.0295236499495313	-3.120592486765359e-30
1.039766230134672	1.0606610937123586	1.0502136619235154	-3.1119235256539678e-30
1.0606610937123588	1.0819738545615993	1.071317474136979	-3.103093072061104e-30
1.0819738545615993	1.1037128706278245	1.0928433625947118	-3.0941013275952462e-30
1.1037128706278245	1.1258866670153744	1.1147997688215994	-3.0849471510744798e-30
1.1258866670153742	1.148503939330675	1.1371953031730246	-3.0756307088470185e-30
1.1485039393306753	1.171573557092282	1.1600387482114787	-3.0661513570653223e-30
1.171573557092282	1.195104567209121	1.1833390621507016	-3.0565082904679875e-30
1.195104567209121	1.2191061975282966	1.2071053823687088	-3.0467020828192112e-30
1.2191061975282966	1.2435878604538557	1.2313470289910762	-3.036732755655415e-30
1.243587860453856	1.2685591566379264	1.2560735085458912	-3.026600152146125e-30
1.268559156637926	1.2940298787456777	1.2812945176918018	-3.0163041022792954e-30
1.2940298787456779	1.3200100152955847	1.3070199470206312	-3.0058451099959165e-30
1.3200100152955847	1.3465097545764897	1.3332598849360373	-2.9952233226390637e-30
1.3465097545764895	1.3735394886430126	1.360024621609751	-2.984438311412975e-30
1.3735394886430126	1.401109817390866	1.3873246530169392	-2.973491665611233e-30
1.401109817390866	1.4292315527136765	1.4151706850522712	-2.962383722170509e-30
1.4292315527136763	1.457915722742943	1.4435736377283095	-2.9511135648542532e-30
1.4579157227429431	1.487173576172795	1.4725446494578691	-2.9396839468323064e-30
1.487173576172795	1.5170165866712442	1.5020950814220195	-2.9280940298279047e-30
1.5170165866712444	1.5474564573796623	1.5322365220254532	-2.916345469866306e-30
1.5474564573796623	1.5785051255022486	1.5629807914409555	-2.904438251536768e-30
1.5785051255022486	1.6101747669872868	1.5943399462447676	-2.8923739272287596e-30
1.6101747669872866	1.6424778013020254	1.626326284144656	-2.880153551823767e-30
1.6424778013020256	1.6754268963030592	1.6589523488025424	-2.8677779390551355e-30
1.6754268963030592	1.7090349732041135	1.6922309347535864	-2.8552486354565813e-30
1.709034973204113	1.7433152116431883	1.7261750924236505	-2.842566461876058e-30
1.7433152116431885	1.7782810548510453	1.7607981332471168	-2.8297330751170968e-30
1.7782810548510457	1.8139462149230596	1.7961136348870528	-2.8167499879791282e-30
1.8139462149230594	1.8503246781965137	1.8321354465597866	-2.803618284246287e-30
1.8503246781965135	1.8874307107354367	1.868877694465975	-2.790339469694552e-30
1.887430710735437	1.9252788639251386	1.9063547873302877	-2.776915231218589e-30
1.9252788639251386	1.9638839801786343	1.9445814220518864	-2.7633472719610817e-30
1.9638839801786343	2.0032611987571998	1.983572589467917	-2.7496370178017794e-30
2.0032611987571998	2.0434259617073365	2.023343580232268	-2.7357865156851243e-30
2.0434259617073365	2.084394019916476	2.063909990811906	-2.721797901336756e-30
2.084394019916476	2.1261814392897986	2.1052877296031376	-2.7076734308930035e-30
2.126181439289799	2.1688046070505878	2.1474930231701936	-2.6934138377847753e-30
2.1688046070505878	2.2122802381665925	2.19054242260859	-2.6790220349695674e-30
2.212280238166592	2.2566253819049167	2.234452810035754	-2.664500342526307e-30
2.256625381904917	2.3018574285180082	2.2792414052114625	-2.6498507700936718e-30
2.3018574285180082	2.347994116063361	2.3249257722906846	-2.6350755501582436e-30
2.347994116063361	2.395053537359621	2.371523826711491	-2.6201768066461188e-30
2.395053537359621	2.4430541470818063	2.4190538422207135	-2.605156913509898e-30
2.4430541470818063	2.4920147689984353	2.467534458040121	-2.5900181902165213e-30
2.4920147689984353	2.5419546033533966	2.516984686175916	-2.5747636261474782e-30
2.5419546033533966	2.5928932343954574	2.567423918874427	-2.559394968347153e-30
2.5928932343954574	2.6448506380583594	2.6188719362269084	-2.5439156624029213e-30
2.644850638058359	2.6978471897945187	2.6713489139264386	-2.5283276196556867e-30
2.697847189794519	2.751903672565402	2.7248754311799606	-2.512633763203354e-30
2.7519036725654016	2.807041284991702	2.779472478778552	-2.4968369271743564e-30
2.8070412849917026	2.863281649666529	2.835161467329116	-2.4809392538822346e-30
2.8632816496665288	2.920646821634852	2.8919642356506903	-2.4649440456276046e-30
2.920646821634852	2.9791592970425413	2.9499030593386966	-2.4488541229515915e-30
2.979159297042542	3.038842021958385	3.0090006595004635	-2.432672172094259e-30
3.038842021958385	3.099718401372545	3.069280211665465	-2.4164009389341502e-30
3.099718401372545	3.1618123083749885	3.130765354873767	-2.4000433388756103e-30
3.161812308374988	3.2251480935174803	3.193480200946234	-2.3836022859326827e-30
3.2251480935174803	3.2897505943628222	3.2574493439401513	-2.3670810235800635e-30
3.2897505943628227	3.3556451452250715	3.322697869793947	-2.350482825535531e-30
3.355645145225072	3.422857587104566	3.389251366164819	-2.3338105579676953e-30
3.422857587104566	3.4914142778216495	3.4571359324631077	-2.317066981162828e-30
3.491414277821649	3.5613421023530742	3.5263781900873616	-2.3002555078134713e-30
3.5613421023530742	3.632668483375128	3.597005292864101	-2.2833791530134017e-30
3.6326684833751277	3.7054213920176227	3.669044937696375	-2.2664409525921543e-30
3.705421392017622	3.779629358832967	3.7425253754252945	-2.2494438358349277e-30
3.7796293588329672	3.8553214849846187	3.817475421908793	-2.232391110632203e-30
3.855321484984619	3.932527453659304	3.8939244693219615	-2.2152861254757635e-30
3.9325274536593033	4.011277541707481	3.9719024976833923	-2.1981319425792773e-30
4.011277541707481	4.091602631516623	4.051440086612052	-2.180931631274871e-30
4.091602631516623	4.173534223121948	4.132568427319285	-2.163688397435846e-30
4.173534223121948	4.257104446559379	4.215319334840663	-2.1464053189759413e-30
4.257104446559379	4.342346074465558	4.299725260512469	-2.1290856040828287e-30
4.342346074465559	4.429292534929862	4.38581930469771	-2.1117324662105207e-30
4.4292925349298615	4.517977924603451	4.473635229766656	-2.094349349551338e-30
4.51797792460345	4.608437022070511	4.5632074733369805	-2.076939228717125e-30
4.608437022070511	4.700705301486913	4.654571161778712	-2.0595051718616337e-30
4.700705301486913	4.794818946491643	4.747762123989277	-2.042050254613089e-30
4.794818946491643	4.890814864396467	4.842816905444055	-2.0245776114252875e-30
4.890814864396468	4.988730700659389	4.939772782527928	-2.0070903419590177e-30
4.988730700659389	5.088604853647568	5.038667777153478	-1.989591438641909e-30
5.088604853647569	5.190476489695512	5.13954067167154	-1.972084178855713e-30
5.190476489695511	5.294385558464413	5.242431024079962	-1.9545718996617923e-30
5.294385558464413	5.400372808608692	5.347379183536552	-1.9370573574252266e-30
5.400372808608693	5.508479803755858	5.454426306182276	-1.919543365731994e-30
5.508479803755859	5.618748938805967	5.563614371280913	-1.902032890528179e-30
5.618748938805966	5.731223456557077	5.6749861976815215	-1.8845292398601244e-30
5.7312234565570765	5.845947464663209	5.788585460610143	-1.8670354124736983e-30
5.845947464663211	5.962965952931467	5.904456708797339	-1.84955411233269e-30
5.962965952931466	6.082324810965086	6.022645381948276	-1.8320880409386483e-30
6.082324810965086	6.204070846159379	6.143197828562233	-1.8146407185857004e-30
6.20407084615938	6.328251802057558	6.266161324108468	-1.7972146574631848e-30
6.328251802057558	6.4549163770737	6.3915840895656295	-1.7798123845652306e-30
6.454916377073701	6.584114243590166	6.519515310331934	-1.7624371122045143e-30
6.584114243590165	6.71589606743696	6.650005155513563	-1.7450917088578352e-30
6.715896067436961	6.850313527760691	6.783104797598826	-1.727778315086643e-30
6.85031352776069	6.987419337290895	6.9188664325257925	-1.7104997200737357e-30
6.987419337290895	7.127267263011704	7.057343300151299	-1.6932586554111477e-30
7.127267263011705	7.269912147246929	7.198589705129317	-1.6760573653558634e-30
7.269912147246929	7.4154099291668585	7.342661038206893	-1.658898661978698e-30
7.415409929166858	7.5638176667251855	7.489613797946022	-1.641784617905358e-30
7.5638176667251855	7.71519355903468	7.639505612879933	-1.6247179071820922e-30
7.715193559034678	7.869596969190362	7.79239526411252	-1.6077012435293694e-30
7.869596969190363	8.027088447549161	7.948342708369762	-1.5907368390540068e-30
8.027088447549161	8.187729755475134	8.107409101512147	-1.5738272513280225e-30
8.187729755475134	8.351583889559627	8.26965682251738	-1.5569747776568162e-30
8.351583889559627	8.51871510632581	8.435149497942719	-1.540181546130986e-30
8.51871510632581	8.689188947427317	8.603952026876563	-1.5234500867891753e-30
8.689188947427317	8.863072265350853	8.776130606389085	-1.5067817954254854e-30
8.863072265350853	9.04043324963286	8.951752757491857	-1.4901792698980933e-30
9.04043324963286	9.221341453600507	9.130887351616684	-1.4736440726581772e-30
9.221341453600507	9.405867821647508	9.313604637624007	-1.4571784738199025e-30
9.405867821647508	9.594084717055448	9.499976269351478	-1.4407840927692129e-30
9.594084717055447	9.786065950371546	9.690075333713496	-1.424463095648403e-30
9.786065950371546	9.981886808353966	9.883976379362757	-1.408217562840509e-30
9.981886808353966	10.181624083496034	10.081755445925001	-1.3920492710125315e-30
10.181624083496034	10.385356104140945	10.28349009381849	-1.3759602317919893e-30
10.385356104140945	10.593162765198754	10.48925943466985	-1.3599521201317487e-30
10.593162765198754	10.805125559477718	10.699144162338236	-1.344025909283826e-30
10.805125559477718	11.021327609642261	10.91322658455999	-1.3281837061817887e-30
11.021327609642261	11.241853700810095	11.131590655226178	-1.3124269657500367e-30
11.241853700810095	11.466790313801287	11.35432200730569	-1.2967568805321389e-30
11.466790313801285	11.696225659052299	11.581507986426793	-1.2811750791004417e-30
11.6962256590523	11.930249711208337	11.813237685130318	-1.2656833347529767e-30
11.930249711208337	12.168954244407493	12.049601977807914	-1.2502829354389398e-30
12.168954244407491	12.41243286827063	12.290693556339061	-1.234975400168976e-30
12.41243286827063	12.660781064611031	12.53660696644083	-1.2197618105120163e-30
12.66078106461103	12.914096224878238	12.787438644744633	-1.2046433793532627e-30
12.91409622487824	13.172477688350792	13.043286956614516	-1.1896211448145093e-30
13.172477688350792	13.436026781092796	13.304252234721794	-1.1746959676422143e-30
13.436026781092798	13.704846855689642	13.570436818391219	-1.1598692596943098e-30
13.70484685568964	13.97904333177842	13.84194509373403	-1.145142246764345e-30
13.979043331778422	14.258723737388978	14.1188835345837	-1.1305161044150786e-30
14.258723737388976	14.543997751111744	14.401360744250361	-1.1159917683790426e-30
14.543997751111744	14.834977245108966	14.689487498110356	-1.101569873275157e-30
14.834977245108968	15.131776328986135	14.98337678704755	-1.087251123945664e-30
15.131776328986136	15.434511394540847	15.283143861763492	-1.0730361755176772e-30
15.434511394540843	15.743301161406647	15.588906277973745	-1.0589261477517349e-30
15.743301161406647	16.058266723609766	15.900783942508205	-1.0449219338665328e-30
16.05826672360977	16.37953159705695	16.218899160333358	-1.0310242766752593e-30
16.37953159705695	16.707221767973074	16.54337668251501	-1.017233922899773e-30
16.707221767973074	17.041465742307523	16.8743437551403	-1.003551233167789e-30
17.041465742307526	17.382394596128663	17.211930169218093	-9.899766600233297e-31
17.382394596128663	17.730142027026222	17.55626831157744	-9.765108206875146e-31
17.730142027026222	18.084844406541734	17.907493216783976	-9.631543990047108e-31
18.08484440654173	18.44664083364755	18.265742620094642	-9.499079685383517e-31
18.446640833647553	18.81567318929549	18.631157011471522	-9.367721122425047e-31
18.81567318929549	19.192086192056387	19.003879690675937	-9.237469140669919e-31
19.192086192056387	19.5760274548725	19.38405682346444	-9.108325451818743e-31
19.5760274548725	19.967647542944935	19.771837498908717	-8.98029553833035e-31
19.967647542944935	20.36710003277882	20.167373787861877	-8.853384884600367e-31
20.367100032778815	20.774541572409376	20.570820802594096	-8.727595580694632e-31
20.77454157240938	21.19013194283255	20.982336757620963	-8.602929297405697e-31
21.19013194283255	21.614034120664186	21.40208303174837	-8.479384635490687e-31
21.61403412066419	22.046414342052458	21.830224231358322	-8.356964166458388e-31
22.046414342052458	22.48744216786849	22.266928254960476	-8.235671567865563e-31
22.48744216786849	22.937290550200846	22.712366359034668	-8.115509352037848e-31
22.937290550200842	23.396135900179843	23.166713225190342	-7.996478488425968e-31
23.396135900179846	23.86415815715843	23.630147028669136	-7.87857571457002e-31
23.86415815715842	24.341540859276574	24.102849508217496	-7.761801075599743e-31
24.341540859276574	24.828471215437087	24.58500603735683	-7.646156957204622e-31
24.82847121543709	25.325140178720815	25.076805697078953	-7.531643024067827e-31
25.32514017872082	25.83174252127022	25.57844134999552	-7.418259581955718e-31
25.831742521270215	26.348476910670602	26.090109715970407	-7.306001373792827e-31
26.348476910670605	26.875545987859	26.612011449264802	-7.1948702180975415e-31
26.875545987858995	27.413156446591156	27.144351217225076	-7.08486455059188e-31
27.41315644659116	27.961519114497964	27.68733778054456	-6.97598217398291e-31
27.961519114497964	28.520849035762904	28.241184075130434	-6.868222398763862e-31
28.52084903576291	29.09136555545315	28.80610729560803	-6.761582246399195e-31
29.091365555453145	29.67329240553719	29.382328980495167	-6.6560584465172845e-31
29.67329240553719	30.266857792622915	29.970075099080052	-6.551649464033807e-31
30.266857792622922	30.87229448745036	30.56957614003664	-6.448350880447644e-31
30.872294487450354	31.48983991617434	31.181067201812347	-6.34616058356334e-31
31.489839916174343	32.11973625347281	31.804788084823578	-6.245074487681586e-31
32.11973625347281	32.762230517517246	32.44098338549503	-6.145088915246117e-31
32.762230517517246	33.41757466684257	33.08990259217991	-6.046200499748394e-31
33.41757466684257	34.0860256991544	33.75180018299848	-5.948405978456436e-31
34.086025699154405	34.76784575211247	34.42693572563344	-5.851700239947034e-31
34.767845752112464	35.46330220612969	35.11557397912108	-5.756077619147361e-31
35.4633022061297	36.17266778922727	35.81798499767848	-5.661534201454198e-31
36.17266778922727	36.89622068398679	36.53444423660703	-5.568067681855307e-31
36.8962206839868	37.63424463664151	37.265232660314155	-5.475670854688386e-31
37.634244636641505	38.387029068349314	38.01063685249541	-5.384337873460352e-31
38.387029068349314	39.15486918869128	38.7709491285203	-5.294064656263086e-31
39.15486918869128	39.93806611144008	39.54646765006568	-5.2048465477209865e-31
39.93806611144008	40.73692697264386	40.33749654204197	-5.116677238901678e-31
40.736926972643865	41.55176505107172	41.14434601185779	-5.029550700189784e-31
41.55176505107172	42.38289989106813	41.96733247106992	-4.943461005833067e-31
42.38289989106812	43.23065742786446	42.80677865946629	-4.858404742837377e-31
43.23065742786446	44.09537011539672	43.66301377163059	-4.774373768265324e-31
44.09537011539672	44.97737705667963	44.536373586038174	-4.691361997278131e-31
44.977377056679636	45.8770241367882	45.42720059673392	-4.609364420956994e-31
45.8770241367882	46.79466415849894	46.33584414764357	-4.52837571024932e-31
46.79466415849895	47.7306569806439	47.26266056957142	-4.4483880586296695e-31
47.73065698064389	48.685369659231746	48.20801331993782	-4.369401499588523e-31
48.685369659231746	49.65917659139136	49.17227312531155	-4.291418970661822e-31
49.65917659139135	50.65245966219415	50.15581812679275	-4.214450550387563e-31
50.652459662194154	51.665608394413006	51.15903402830358	-4.138522436320788e-31
51.66560839441301	52.69902010127625	52.18231424784463	-4.06367677406379e-31
52.69902010127624	53.753100042276735	53.22606007177649	-3.989953629788274e-31
53.753100042276735	54.82826158209724	54.29068081218699	-3.91739341733947e-31
54.82826158209724	55.92492635271416	55.3765939674057	-3.846023311819735e-31
55.92492635271416	57.04352441874341	56.484225385728784	-3.775849641500574e-31
57.04352441874342	58.184494446093254	57.614009432418335	-3.7068699212284204e-31
58.184494446093254	59.348283873990084	58.76638916004167	-3.6390724028990225e-31
59.348283873990084	60.53534909044485	59.94181648221747	-3.5724386834289397e-31
60.535349090444846	61.74615561122871	61.14075235083678	-3.5069551126786743e-31
61.74615561122872	62.981178262428266	62.363666936828494	-3.442601348214469e-31
62.98117826242826	64.2409013666518	63.61103981454003	-3.379361911383701e-31
64.2409013666518	65.5258189329598	64.8833601498058	-3.31721888847462e-31
65.5258189329598	66.83643485059396	66.18112689177687	-3.2561550392502427e-31
66.83643485059396	68.1732630865808	67.50484896858738	-3.196155391828474e-31
68.17326308658079	69.53682788728737	68.85504548693407	-3.1372014407510957e-31
69.53682788728739	70.9276639840081	70.23224593564774	-3.079277920091768e-31
70.92766398400809	72.34631680266321	71.63699039333565	-3.022367209383948e-31
72.34631680266322	73.79334267769146	73.06982974017734	-2.966455482820452e-31
73.79334267769144	75.26930907022023	74.53132587395584	-2.9115247191595838e-31
75.26930907022025	76.77479479059961	76.02205193040993	-2.8575608217830655e-31
76.7747947905996	78.31039022538656	77.54259250799308	-2.804547925724278e-31
78.31039022538656	79.87669756886925	79.0935438971279	-2.7524711019565417e-31
79.87669756886925	81.4743310592216	80.67551431404542	-2.7013147368948724e-31
81.47433105922158	83.10391721938097	82.28912413930128	-2.65106437299242e-31
83.10391721938097	84.76609510274355	83.93500616106226	-2.6017051740385446e-31
84.76609510274358	86.4615165437734	85.61380582325849	-2.553222185077591e-31
86.4615165437734	88.19084641362383	87.32618147869862	-2.505603047671385e-31
88.19084641362382	89.95476288087124	89.07280464724752	-2.45883155845864e-31
89.95476288087124	91.75395767746362	90.85436027916742	-2.412896346376973e-31
91.75395767746362	93.58913636998784	92.67154702372574	-2.367780428569697e-31
93.58913636998786	95.46101863636257	94.52507750317521	-2.3234731727777778e-31
95.46101863636258	97.37033854806478	96.41567859221368	-2.279959063088024e-31
97.37033854806477	99.31784485800101	98.34409170303289	-2.2372263236385955e-31
99.31784485800102	101.304301294136	100.31107307606851	-2.195262105007545e-31
101.304301294136	103.33048685899367	102.31739407656482	-2.1540524014757045e-31
103.33048685899367	105.39719613514849	104.36384149707108	-2.1135861296498333e-31
105.39719613514849	107.50523959682641	106.45121786598745	-2.0738494259668423e-31
107.50523959682641	109.65544392773789	108.58034176228216	-2.0348306170147256e-31
109.65544392773788	111.84865234526758	110.75204813650274	-1.996518721803429e-31
111.84865234526758	114.08572493114788	112.96718863820773	-1.9588995308387166e-31
114.0857249311479	116.36753896874579	115.22663194994684	-1.9219631001311874e-31
116.36753896874578	118.69498928709564	117.5312641279207	-1.8856980966113858e-31
118.69498928709562	121.06898861181249	119.88198894945405	-1.850090831420108e-31
121.06898861181249	123.49046792302367	122.27972826741808	-1.8151328169341826e-31
123.49046792302369	125.9603768204591	124.72542237174139	-1.7808116371420413e-31
125.9603768204591	128.47968389584324	127.22003035815118	-1.7471156566464957e-31
128.4796838958432	131.04937711273502	129.7645305042891	-1.7140367318553641e-31
131.04937711273502	133.67046419396465	132.35992065334983	-1.681561993760281e-31
133.67046419396468	136.3439730168189	135.00721860539178	-1.6496809686559977e-31
136.3439730168189	139.0709520161302	137.70746251647455	-1.6183857908851283e-31
139.0709520161302	141.85247059542775	140.46171130577898	-1.5876642326985446e-31
141.85247059542775	144.68961954631123	143.2710450708695	-1.5575057948809142e-31
144.68961954631123	147.58351147621238	146.1365655112618	-1.5279030230742076e-31
147.5835114762124	150.5352812447116	149.05939636046202	-1.4988457978320372e-31
150.53528124471157	153.54608640858072	152.04068382664616	-1.4703217501429738e-31
153.54608640858075	156.61710767572728	155.08159704215402	-1.4423244934124298e-31
156.61710767572728	159.74954936821675	158.18332852197202	-1.4148457352219575e-31
159.74954936821675	162.94463989455602	161.34709463138637	-1.387872168388807e-31
162.94463989455602	166.20363223142206	164.57413606298906	-1.3613977473975022e-31
166.20363223142203	169.5278044150254	167.86571832322372	-1.3354154013898392e-31
169.5278044150254	172.91846004230084	171.22313222866313	-1.3099147051786708e-31
172.91846004230084	176.37692878212178	174.6476944122113	-1.2848839115063034e-31
176.37692878212178	179.90456689673914	178.14074783943045	-1.2603197437891363e-31
179.90456689673914	183.50275777364885	181.703662335194	-1.2362137350453836e-31
183.50275777364885	187.17291246809674	185.3378351208728	-1.2125532462072186e-31
187.17291246809674	190.9164702564336	189.04469136226516	-1.189332749327034e-31
190.91647025643357	194.73489920053714	192.82568472848536	-1.1665470562023366e-31
194.73489920053717	198.6296967235228	196.68229796203	-1.1441874463883385e-31
198.6296967235228	202.60239019696817	200.6160434602455	-1.1222408926379876e-31
202.6023901969682	206.65453753988248	204.62846386842534	-1.1007054386266617e-31
206.65453753988243	210.78772782965498	208.7211326847687	-1.079574540797305e-31
210.787727829655	215.00358192522302	212.89565487743903	-1.0588400791463958e-31
215.00358192522305	219.30375310270242	217.15366751396272	-1.0384902620734384e-31
219.30375310270236	223.6899277037313	221.49684040321682	-1.0185220206713471e-31
223.6899277037313	228.16382579678083	225.92687675025607	-9.989303123763095e-32
228.16382579678083	232.72720185169135	230.4455138242361	-9.79707661512149e-32
232.72720185169135	237.38184542770006	235.0545236396957	-9.608449585139092e-32
237.38184542770009	242.12958187522898	239.75571365146453	-9.423338437656277e-32
242.12958187522898	246.97227305170844	244.55092746346872	-9.241729720810182e-32
246.97227305170844	251.9118180517175	249.44204555171297	-9.063559378863027e-32
251.91181805171752	256.95015395172675	254.43098600172215	-8.888751689757164e-32
256.95015395172675	262.08925656973616	259.5197052607315	-8.71719817357198e-32
262.08925656973616	267.33114124010575	264.71019890492096	-8.548884900043622e-32
267.3311412401058	272.6778636038828	270.0045024219943	-8.383772132268358e-32
272.67786360388277	278.1315204149353	275.404692009409	-8.221796939099922e-32
278.1315204149353	283.6942503622089	280.91288538857214	-8.062873712359361e-32
283.6942503622089	289.36823490842795	286.53124263531845	-7.906925577254359e-32
289.36823490842795	295.15569914557136	292.2619670269996	-7.753935371327502e-32
295.15569914557136	301.05891266745766	298.1073059065145	-7.603869098673921e-32
301.05891266745766	307.0801904597817	304.0695515636197	-7.456660800457281e-32
307.08019045978165	313.22189380795214	310.1510421338669	-7.312229654201346e-32
313.2218938079522	319.48643122308613	316.3541625155192	-7.170517704471151e-32
319.4864312230861	325.87625938652263	322.6813453048044	-7.03150629164668e-32
325.87625938652263	332.39388411322795	329.1350717498753	-6.895152191056894e-32
332.39388411322795	339.04186133446734	335.7178727238477	-6.761405296364989e-32
339.04186133446734	345.82279810013154	342.43232971729947	-6.630199432714095e-32
345.8227981001316	352.7393536011091	349.28107585062037	-6.501467242960413e-32
352.73935360110903	359.79424021210605	356.2667969066075	-6.375194696006675e-32
359.7942402121061	366.99022455532304	363.3922323837146	-6.251341163583424e-32
366.9902245553231	374.3301285854044	370.6601765703638	-6.129859481121977e-32
374.33012858540434	381.81683069608727	378.0734796407458	-6.010702429946617e-32
381.81683069608727	389.45326684898384	385.6350487725356	-5.893802718953546e-32
389.4532668489838	397.2424317249383	393.34784928696104	-5.779135160770922e-32
397.24243172493834	405.1873798984119	401.2149058116751	-5.666669800847768e-32
405.18737989841185	413.2912270353549	409.23930346688337	-5.556366860599052e-32
413.29122703535495	421.55715111503685	417.4241890751959	-5.448182599222197e-32
421.5571511150369	429.98839367631246	425.7727723956747	-5.342072622661563e-32
429.98839367631246	438.5882610888135	434.288327382563	-5.237981915576822e-32
438.58826108881357	447.36012584956467	442.9741934691891	-5.135889516313606e-32
447.3601258495646	456.3074279055307	451.8337768775476	-5.035766361584589e-32
456.3074279055307	465.4336760026161	460.8705519540734	-4.937575194817678e-32
465.43367600261604	474.74244906164313	470.0880625321296	-4.841279889868379e-32
474.74244906164324	484.23739758185087	479.489923321747	-4.7468432510084074e-32
484.2373975818509	493.9222450724627	489.0798213271568	-4.6542254865282125e-32
493.9222450724626	503.80078951288664	498.86151729267465	-4.5633812497869884e-32
503.80078951288675	513.8769048421193	508.838847177503	-4.4742933970661684e-32
513.8769048421193	524.1545424779365	519.0157236600279	-4.386930847503622e-32
524.1545424779364	534.6377328664698	529.3961376722032	-4.301261593565308e-32
534.6377328664698	545.330587062774	539.984159964622	-4.217255007064637e-32
545.330587062774	556.2372983430043	550.7839427028891	-4.134878161879675e-32
556.2372983430042	567.3621438488391	561.7997210959217	-4.054095283982495e-32
567.3621438488391	578.7094862647906	573.0358150568148	-3.974865714187878e-32
578.7094862647906	590.2837755290611	584.4966308969258	-3.897172003192589e-32
590.2837755290612	602.0895505786173	596.1866630538393	-3.8209874309628166e-32
602.0895505786171	614.1314411291643	608.1104958538907	-3.746284476802733e-32
614.1314411291643	626.4141694907223	620.2728053099434	-3.6730369874295604e-32
626.4141694907223	638.9425524195115	632.6783609551169	-3.6012158579773365e-32
638.9425524195115	651.7215030068764	645.332027713194	-3.5307917626383404e-32
651.7215030068764	664.7560326059887	658.2387678064326	-3.4617347580495845e-32
664.7560326059887	678.0512527970832	671.403642701536	-3.394011386827495e-32
678.0512527970831	691.6123773919994	684.8318150945413	-3.3276039327228165e-32
691.6123773919994	705.4447244788141	698.5285509354068	-3.2624898702216883e-32
705.4447244788141	719.5537185073651	712.4992214930896	-3.198646891158143e-32
719.5537185073651	733.9448924164872	726.7493054619262	-3.1360508526110037e-32
733.944892416487	748.6238898037915	741.2843911101393	-3.074676890222037e-32
748.6238898037917	763.5964671388422	756.1101784713169	-3.0145004865308785e-32
763.5964671388421	778.8684960205935	771.2324815797178	-2.955497340467511e-32
778.8684960205936	794.4459654799801	786.6572307502869	-2.8976429641677627e-32
794.4459654799801	810.3349843285544	802.3904749042672	-2.84091000401406e-32
810.3349843285545	826.5417835541002	818.4383839413274	-2.785281411658145e-32
826.5417835541001	843.0727187641568	834.8072511591284	-2.7307390588477416e-32
843.0727187641568	859.9342726784146	851.5034957212856	-2.6772639174119127e-32
859.9342726784146	877.1330576709574	868.533665174686	-2.624834923332817e-32
877.1330576709573	894.6758183633511	885.9044380171542	-2.5734313976315575e-32
894.6758183633511	912.5694342695928	903.622626316472	-2.523033026476977e-32
912.5694342695929	930.8209224939593	921.695178381776	-2.473619831980011e-32
930.8209224939593	949.437440482813	940.1291814883862	-2.425172120760954e-32
949.437440482813	968.4262888314439	958.9318646571285	-2.3776703652398624e-32
968.4262888314439	987.7949141470474	978.1106014892457	-2.331094739684192e-32
987.7949141470475	1007.5509119689631	997.6729130580053	-2.2854245419156486e-32
1007.5509119689629	1027.7020297473166	1017.6264708581398	-2.2406470078852222e-32
1027.7020297473166	1048.2561698812374	1037.979099814277	-2.1967465224747326e-32
1048.2561698812376	1069.2213928178369	1058.7387813495372	-2.1537058416742528e-32
1069.2213928178369	1090.6059202131682	1079.9136565155027	-2.1115080527649055e-32
1090.605920213168	1112.4181381564058	1101.512029184787	-2.0701365657867224e-32
1112.418138156406	1134.6666004585086	1123.5423693074572	-2.0295751041794628e-32
1134.6666004585088	1157.3600320066535	1146.013316232581	-1.9898076938765608e-32
1157.3600320066535	1180.507332185761	1168.9336820962071	-1.9508186493421016e-32
1180.507332185761	1204.1175783684507	1192.312455277106	-1.912592552956705e-32
1204.1175783684507	1228.2000294747943	1216.1588039216226	-1.8751142174743464e-32
1228.2000294747943	1252.7641296032646	1240.4820795390294	-1.8383685917005785e-32
1252.7641296032646	1277.8195117343043	1265.2918206687846	-1.802340291489482e-32
1277.8195117343043	1303.376001507965	1290.5977566211345	-1.7670148934313923e-32
1303.376001507965	1329.4436210770987	1316.4098112925317	-1.7323818240480913e-32
1329.4436210770984	1356.0325930376148	1342.7381070573565	-1.6984274951571502e-32
1356.0325930376152	1383.153344437342	1369.5929687374787	-1.6651385836652957e-32
1383.1533444373417	1410.816510865063	1396.9849276512023	-1.632502026094506e-32
1410.816510865063	1439.0329406213386	1424.9247257432007	-1.6005050131275723e-32
1439.0329406213386	1467.8136989727398	1453.4233197970393	-1.5691349841327685e-32
1467.8136989727395	1497.1700724911686	1482.491885731954	-1.5383796216030943e-32
1497.1700724911689	1527.1135734799666	1512.1418229855676	-1.5082268454011655e-32
1527.1135734799666	1557.6559444885402	1542.3847589842535	-1.478664806613454e-32
1557.6559444885404	1588.8091629172854	1573.2325537029128	-1.449681880630779e-32
1588.8091629172857	1620.5854457146056	1604.6973043159455	-1.4212666586266667e-32
1620.5854457146054	1652.9972541678717	1636.7913499412384	-1.3934079353694496e-32
1652.9972541678717	1686.0572987902035	1669.5272764790375	-1.36609468698151e-32
1686.0572987902035	1719.7785443049818	1702.9179215475926	-1.3393160084816094e-32
1719.778544304982	1754.1742147300558	1736.976379517519	-1.3130607673878137e-32
1754.1742147300558	1789.2577985636312	1771.7160066468437	-1.287319314138668e-32
1789.2577985636312	1825.043054073878	1807.1504263187546	-1.2620825097876934e-32
1825.0430540738782	1861.54401469433	1843.293534384104	-1.2373404564509573e-32
1861.54401469433	1898.7749945271908	1880.1595046107605	-1.213083450125685e-32
1898.7749945271908	1936.7505939567088	1917.76279424195	-1.1893019768608732e-32
1936.7505939567088	1975.4857053748171	1956.118149665763	-1.1659867089972003e-32
1975.485705374817	2014.9955190212875	1995.240612198052	-1.1431285014731782e-32
2014.9955190212875	2055.2955289406873	2035.1455239809875	-1.1207183881939288e-32
2055.2955289406877	2096.4015390584755	2075.8485339995814	-1.098747578458082e-32
2096.4015390584755	2138.329669378619	2117.3656042185476	-1.0772074534369126e-32
2138.329669378619	2181.0963623051657	2159.7130158418922	-1.0560895626976771e-32
2181.0963623051653	2224.7183890902425	2202.907375697704	-1.0353856207594973e-32
2224.718389090243	2269.2128564110217	2246.965622750632	-1.0150875036640006e-32
2269.2128564110217	2314.597213078216	2291.905034744619	-9.951872455317677e-33
2314.5972130782156	2360.889256878754	2337.743234978485	-9.756770350542162e-33
2360.8892568787546	2408.1071415553038	2384.498199217029	-9.565492118256335e-33
2408.1071415553033	2456.2693839253834	2432.1882627403434	-9.377962623148745e-33
2456.269383925384	2505.3948711428657	2480.832127534125	-9.194108149840466e-33
2505.394871142865	2555.5028681046965	2530.448869623781	-9.013856329534836e-33
2555.5028681046965	2606.6130250057645	2581.0579465552305	-8.837135940188561e-33
2606.613025005764	2658.7453850448533	2632.679205025309	-8.663876823142294e-33
2658.7453850448533	2711.920392284724	2685.3328886647887	-8.494010387384826e-33
2711.920392284724	2766.1588996693927	2739.039645977058	-8.3274716048593e-33
2766.1588996693927	2821.4821772017544	2793.8205384355733	-8.164198169020996e-33
2821.482177201754	2877.911920284763	2849.697048743258	-8.004126050224307e-33
2877.911920284763	2935.4702582294317	2906.6910892570972	-7.847192474206944e-33
2935.470258229432	2994.1797629329944	2964.825010581213	-7.693335897464908e-33
2994.1797629329944	3054.063457730628	3024.121610331811	-7.54249598310929e-33
3054.0634577306278	3115.144826424214	3084.604142077421	-7.394613577195337e-33
3115.144826424215	3177.447822491673	3146.296324457944	-7.249630685514285e-33
3177.4478224916725	3240.9968784804796	3209.222350486076	-7.107490450838752e-33
3240.9968784804796	3305.816915589063	3273.406897034771	-6.968137130612423e-33
3305.816915589063	3371.9333534398174	3338.87513451444	-6.831516075075068e-33
3371.9333534398174	3439.3721200475875	3405.6527367437025	-6.697573705813927e-33
3439.3721200475875	3508.1596619875127	3473.76589101755	-6.566257494732602e-33
3508.159661987512	3578.322954766236	3543.2413083768743	-6.437515943428644e-33
3578.3229547662368	3649.889513400535	3614.106234083386	-6.311298562971085e-33
3649.8895134005347	3722.8874032075187	3686.3884583040267	-6.187555854069031e-33
3722.8874032075187	3797.3452508106425	3760.1163270090806	-6.066239287622375e-33
3797.3452508106425	3873.2922553658286	3835.3187530882356	-5.947301285645509e-33
3873.2922553658286	3950.7582000121183	3912.0252276889732	-5.830695202554452e-33
3950.758200012119	4029.7734635513343	3990.265831781727	-5.716375306807301e-33
4029.7734635513343	4110.369032361335	4070.0712479563344	-5.604296762886964e-33
4110.369032361334	4192.576512547534	4151.472772454434	-5.49441561361366e-33
4192.576512547535	4276.428142337459	4234.502327442497	-5.386688762772385e-33
4276.428142337458	4361.9568047231805	4319.192473530319	-5.281073958036742e-33
4361.9568047231805	4449.196040356617	4405.576422539899	-5.1775297741640274e-33
4449.196040356617	4538.180060702723	4493.68805052967	-5.07601559642512e-33
4538.180060702723	4628.94376145575	4583.561911079236	-4.9764916042105736e-33
4628.94376145575	4721.522736223838	4675.233248839794	-4.878918754707754e-33
4721.5227362238375	4815.953290487288	4768.7380133555625	-4.7832587664277736e-33
4815.953290487288	4912.272455836006	4864.112873161646	-4.689474101967477e-33
4912.272455836007	5010.5180044917	4961.395230163853	-4.597527947266239e-33
5010.5180044917	5110.728464120507	5060.623234306104	-4.5073841926752385e-33
5110.728464120506	5212.943132941889	5161.835798531198	-4.4190074359227636e-33
5212.943132941889	5317.2020951397	5265.072614040795	-4.332362931417076e-33
5317.202095139701	5423.546236581467	5370.374165860584	-4.247416708110953e-33
5423.5462365814665	5532.017260852069	5477.781748716768	-4.164135450489497e-33
5532.017260852069	5642.657705608083	5587.337483230076	-4.082486537791385e-33
5642.657705608082	5755.510959259216	5699.084332433649	-4.0024380524801455e-33
5755.510959259216	5870.621277983373	5813.066118621295	-3.923958877762416e-33
5870.621277983374	5988.033803082014	5929.327540532694	-3.8470185128902236e-33
5988.033803082014	6107.794578682627	6047.91419088232	-3.7715867850189626e-33
6107.794578682627	6229.950569795252	6168.87257423894	-3.6976341129323525e-33
6229.950569795251	6354.549680730128	6292.25012526269	-3.6251314954417245e-33
6354.54968073013	6481.640773883704	6418.095227306917	-3.5540505000127874e-33
6481.640773883703	6611.27368890035	6546.457231392027	-3.484363251615404e-33
6611.27368890035	6743.4992622173295	6677.38647555884	-3.4160424217919946e-33
6743.4992622173295	6878.369347000648	6810.934304608989	-3.349061217940301e-33
6878.369347000648	7015.936833479634	6947.153090240141	-3.283393372806295e-33
7015.936833479633	7156.2556696881975	7086.096251583915	-3.2190131341831095e-33
7156.2556696881975	7299.380882620933	7227.818276154565	-3.155895254811958e-33
7299.380882620934	7445.368599812325	7372.374741216629	-3.094014982481082e-33
7445.368599812325	7594.276071347543	7519.822335579934	-3.0333480503188432e-33
7594.276071347542	7746.161692313464	7670.218881830503	-2.9738706672771377e-33
7746.161692313464	7901.085025698705	7823.623359006085	-2.915559508801431e-33
7901.085025698706	8059.106825751652	7980.095925725179	-2.858391707683729e-33
8059.106825751651	8220.289061805655	8139.697943778653	-2.8023448450949073e-33
8220.289061805655	8384.69494258074	8302.492002193198	-2.747396941792876e-33
8384.69494258074	8552.388940971327	8468.541941776033	-2.6935264495031477e-33
8552.388940971327	8723.436819329725	8637.912880150525	-2.6407122424684086e-33
8723.436819329725	8897.90565525529	8810.671237292507	-2.5889336091637887e-33
8897.905655255292	9075.863867899368	8986.88476157733	-2.5381702441745805e-33
9075.863867899368	9257.381244796326	9166.622556347847	-2.4884022402332293e-33
9257.381244796328	9442.528969231225	9349.955107013777	-2.4396100804124466e-33
9442.528969231224	9631.37964815482	9536.95430869302	-2.3917746304714223e-33
9631.379648154818	9824.007340656884	9727.693494405852	-2.344877131352094e-33
9824.007340656886	10020.487587008995	9922.24746383294	-2.29889919182257e-33
10020.487587008995	10220.897438288144	10120.69251264857	-2.2538227812647865e-33
10220.897438288146	10425.31548659288	10323.106462440512	-2.209630222603594e-33
10425.31548659288	10633.821895863708	10529.568691228294	-2.1663041853744832e-33
10633.821895863706	10846.49843331995	10740.160164591827	-2.123827678927254e-33
10846.498433319952	11063.42850152532	10954.963467422636	-2.0821840457629273e-33
11063.428501525323	11284.6971710948	11174.062836310062	-2.0413569550013306e-33
11284.697171094798	11510.391214055664	11397.544192575231	-2.001330395976754e-33
11510.391214055666	11740.59913787575	11625.495175965709	-1.9620886719591896e-33
11740.599137875748	11975.411220172233	11858.00517902399	-1.923616393998691e-33
11975.411220172233	12214.919544114648	12095.165382143441	-1.8858984748904207e-33
12214.919544114648	12459.21803453591	12337.06878932528	-1.848920123258048e-33
12459.21803453591	12708.402494765598	12583.810264650754	-1.812666837753144e-33
12708.402494765598	12962.57064419988	12835.486569482739	-1.7771244013683242e-33
12962.570644199881	13221.822156622848	13092.196400411365	-1.7422788758619022e-33
13221.822156622848	13486.258699294274	13354.04042795856	-1.7081165962918557e-33
13486.25869929427	13755.983972819125	13621.121336056698	-1.6746241656569783e-33
13755.983972819127	14031.103751814479	13893.543862316803	-1.6417884496431066e-33
14031.103751814479	14311.725926389738	14171.414839102108	-1.6095965714723635e-33
14311.72592638974	14597.960544456502	14454.84323542312	-1.5780359068533947e-33
14597.960544456502	14889.919854884602	14743.940199670553	-1.5470940790306262e-33
14889.919854884598	15187.718351521258	15038.819103202928	-1.516758953930595e-33
15187.71835152126	15491.472818090653	15339.595584805957	-1.4870186354034448e-33
15491.472818090655	15801.302373991437	15646.387596041046	-1.4578614605577376e-33
15801.302373991437	16117.328521010233	15959.315447500834	-1.4292759951867321e-33
16117.328521010233	16439.675190969407	16278.50185598982	-1.4012510292843449e-33
16439.675190969407	16768.468794327764	16604.071992648584	-1.3737755726490383e-33
16768.46879432776	17103.838269753283	16936.153532040524	-1.3468388505739033e-33
17103.838269753283	17445.915134687315	17274.8767022203	-1.3204302996212558e-33
17445.915134687315	17794.83353692003	17620.374335803674	-1.2945395634800781e-33
17794.833536920032	18150.730307197402	17972.78192205872	-1.2691564889046971e-33
18150.730307197402	18513.745012880318	18332.23766003886	-1.244271121733088e-33
18513.745012880314	18884.020012676887	18698.8825127786	-1.2198737029832552e-33
18884.02001267689	19261.700512469397	19072.860262573144	-1.1959546650261551e-33
19261.700512469393	19646.934622257748	19454.31756736357	-1.1725046278336612e-33
19646.934622257748	20039.87341424187	19843.404018249807	-1.1495143953000958e-33
20039.873414241873	20440.670982065676	20240.272198153776	-1.1269749516358928e-33
20440.670982065676	20849.484501245955	20645.077741655816	-1.104877457831972e-33
20849.484501245955	21266.47429080984	21057.9793960279	-1.0832132481934381e-33
21266.47429080984	21691.803876165006	21479.139083487426	-1.0619738269412493e-33
21691.803876165002	22125.640053227267	21908.721964696135	-1.0411508648805196e-33
22125.640053227267	22568.152953830777	22346.896503529024	-1.0207361961341475e-33
22568.152953830777	23019.51611244636	22793.834533138568	-1.0007218149404946e-33
23019.516112446363	23479.906534234255	23249.711323340307	-9.810998725138518e-34
23479.90653423425	23949.504764457903	23714.705649346077	-9.618626739664668e-34
23949.5047644579	24428.49495928602	24188.999861871962	-9.430026752909247e-34
24428.49495928602	24917.064958010706	24672.779958648363	-9.245124804016975e-34
24917.06495801071	25415.40635670989	25166.2356573603	-9.063848382347013e-34
25415.40635670989	25923.71458338305	25669.56047004647	-8.886126399037282e-34
25923.71458338305	26442.188974589677	26182.951778986364	-8.711889159126305e-34
26442.18897458967	26971.032853620425	26706.610914105047	-8.54106833422173e-34
26971.032853620432	27510.453610231805	27240.74323192612	-8.373596935704698e-34
27510.453610231805	28060.662781975403	27785.558196103604	-8.209409288459707e-34
28060.662781975403	28621.876137153875	28341.26945956464	-8.048441005119483e-34
28621.876137153875	29194.313759435914	28908.094948294893	-7.89062896081491e-34
29194.31375943591	29778.20013416359	29486.256946799753	-7.735911268420048e-34
29778.200134163595	30373.76423638583	30075.98218527471	-7.5842272542825354e-34
30373.764236385836	30981.239620652515	30677.501928519174	-7.435517434429866e-34
30981.239620652508	31600.86451260452	31291.052066628516	-7.289723491242212e-34
31600.86451260452	32232.881902395573	31916.873207500044	-7.1467882505826185e-34
32232.881902395577	32877.539639982446	32555.210771189013	-7.006655659375649e-34
32877.539639982446	33535.09053232105	33206.31508615175	-6.869270763625655e-34
33535.09053232105	34205.792442506434	33870.441487413744	-6.734579686866026e-34
34205.792442506434	34889.90839089552	34547.85041670098	-6.602529609031028e-34
34889.90839089553	35587.7066582524	35238.80752457396	-6.473068745741905e-34
35587.7066582524	36299.460890956405	35943.5837746044	-6.3461463279990936e-34
36299.460890956405	37025.45020831449	36662.455549635444	-6.2217125822726565e-34
37025.45020831449	37765.95931201974	37395.704760167115	-6.099718710983055e-34
37765.95931201974	38521.27859779909	38143.61895490941	-5.980116873364636e-34
38521.27859779909	39291.70426929403	38906.49143354656	-5.862860166704316e-34
39291.70426929404	40077.53845421888	39684.62136175646	-5.747902607948108e-34
40077.53845421888	40879.089322842214	40478.313888530545	-5.635199115668247e-34
40879.08932284221	41696.67120883801	41287.88026584011	-5.524705492383839e-34
41696.671208838015	42530.60473255374	42113.637970695876	-5.4163784072280975e-34
42530.60473255373	43381.216926743764	42955.91082964875	-5.3101753789553e-34
43381.21692674376	44248.841364817585	43815.029145780674	-5.206054759280769e-34
44248.841364817585	45133.81829165289	44691.32982823523	-5.103975716547223e-34
45133.8182916529	46036.49475702491	45585.156524338905	-5.003898219710801e-34
46036.49475702491	46957.224751704365	46496.85975436464	-4.9057830226397445e-34
46957.224751704365	47896.36934627741	47426.79704899089	-4.809591648715525e-34
47896.36934627741	48854.296832741915	48375.33308950966	-4.715286375713729e-34
48854.296832741915	49831.38286893571	49342.83985083881	-4.622830221221819e-34
49831.3828689357	50828.01062585337	50329.69674739454	-4.532186927820507e-34
50828.01062585337	51844.57093790939	51336.290781881384	-4.4433209489483185e-34
51844.5709379094	52881.46245620654	52363.01669705797	-4.356197434763264e-34
52881.46245620654	53939.09180486962	53410.277130538074	-4.27078221989712e-34
53939.09180486961	55017.87374050596	54478.482772687785	-4.187041808068957e-34
55017.87374050596	56118.23131485503	55568.0525276805	-4.104943359739312e-34
56118.23131485503	57240.59604069108	56679.41367777306	-4.024454679184789e-34
57240.59604069109	58385.40806104386	57813.00205086748	-3.945544201665096e-34
58385.408061043854	59553.11632180368	58969.26219142377	-3.8681809812351925e-34
59553.11632180369	60744.178747778715	60148.647534791206	-3.7923346815116754e-34
60744.17874777871	61959.06242227323	61351.62058502597	-3.7179755587149727e-34
61959.06242227324	63198.24377025765	62578.65309626544	-3.645074452231886e-34
63198.24377025764	64462.208745201744	63830.22625772969	-3.573602773154355e-34
64462.208745201744	65751.45301964473	65106.83088242324	-3.503532493009669e-34
65751.45301964473	67066.48217957657	66408.96759961065	-3.434836132587632e-34
67066.48217957657	68407.81192270706	67737.14705114182	-3.367486749643017e-34
68407.81192270706	69775.96826070015	69091.8900917036	-3.3014579358685982e-34
69775.96826070013	71171.48772545307	70473.72799307661	-3.2367237997477273e-34
71171.48772545307	72594.91757950108	71883.20265247708	-3.173258955229712e-34
72594.91757950108	74046.81603063004	73320.86680506557	-3.111038513997716e-34
74046.81603063006	75527.7524507816	74787.28424070583	-3.0500380756972484e-34
75527.7524507816	77038.30759933617	76283.03002505889	-2.9902337183482054e-34
77038.30759933617	78579.07385086184	77808.690725099	-2.9316019889279595e-34
78579.07385086184	80150.65542741801	79364.86463913992	-2.8741198940970907e-34
80150.65542741802	81753.66863550532	80952.16203146167	-2.8177648909699076e-34
81753.66863550531	83388.74210775435	82571.20537162983	-2.762514877231237e-34
83388.74210775437	85056.51704944839	84222.62957860138	-2.708348185011637e-34
85056.51704944839	86757.6474899763	85907.08226971235	-2.6552435809407344e-34
86757.6474899763	88492.80053931476	87625.22401464553	-2.6031802396234885e-34
88492.80053931476	90262.65664963999	89377.72859447738	-2.552137743992653e-34
90262.65664964	92067.90988217173	91165.28326590586	-2.5020960772994534e-34
92067.90988217172	93909.26817935408	92988.5890307629	-2.4530356152603027e-34
93909.2681793541	95787.45364248012	94848.36091091711	-2.404937118355999e-34
95787.45364248012	97703.20281486865	96745.32822867439	-2.3577817242795594e-34
97703.20281486865	99657.26697070496	98680.2348927868	-2.3115509405282224e-34
99657.26697070496	101650.41240965799	100653.83969018148	-2.2662266371337964e-34
101650.41240965799	103683.42075739008	102666.91658352403	-2.2217910395222267e-34
103683.4207573901	105757.08927207683	104720.25501473347	-2.178226721484123e-34
105757.08927207682	107872.23115705728	106814.66021456705	-2.1355165982071806e-34
107872.2311570573	110029.67587973736	108950.95351839732	-2.093643919172064e-34
110029.67587973735	112230.26949687103	111129.97268830419	-2.0525922588137537e-34
112230.26949687103	114474.87498634738	113352.5722416092	-2.012345523082369e-34
114474.87498634738	116764.37258561325	115619.62378598031	-1.9728879368150624e-34
116764.37258561324	119099.66013686443	117932.01636123884	-1.934204026430695e-34
119099.66013686443	121481.65343914065	120290.65678800254	-1.8962786217479224e-34
121481.65343914065	123911.28660746239	122696.47002330152	-1.8590968500356849e-34
123911.2866074624	126389.51243915057	125150.39952330649	-1.8226441301802758e-34
126389.51243915057	128917.3027874725	127653.40761331153	-1.7869061669666608e-34
128917.3027874725	131495.64894276086	130206.47586511668	-1.7518689454717802e-34
131495.64894276083	134125.56202115497	132810.6054819579	-1.7175187255676009e-34
134125.562021155	136808.073361117	135466.817691136	-1.6838420365316972e-34
136808.073361117	139544.23492787828	138176.15414449765	-1.6508256717631783e-34
139544.23492787828	142335.11972597477	140939.67732692652	-1.6184566836017615e-34
142335.11972597474	145181.82222003315	143758.47097300395	-1.5867223782477975e-34
145181.82222003318	148085.45876397277	146633.64049200297	-1.5556103107809801e-34
148085.45876397274	151047.1680387911	149566.31340138192	-1.5251082802753656e-34
151047.1680387911	154068.11149910584	152557.6397689485	-1.495204325008056e-34
154068.11149910584	157149.47382862685	155608.79266386636	-1.465886717758403e-34
157149.47382862685	160292.4634047383	158720.96861668257	-1.4371439611934635e-34
160292.46340473832	163498.31277237198	161895.38808855513	-1.4089647833329042e-34
163498.312772372	166768.27912735834	165133.2959498652	-1.3813381330799054e-34
166768.27912735834	170103.6448094444	168435.9619684014	-1.3542531757840739e-34
170103.6448094444	173505.7178051722	171804.68130730832	-1.3276992887172608e-34
173505.7178051722	176975.83226081455	175240.77503299338	-1.3016660556995053e-34
176975.83226081452	180515.3490055697	178745.5906331921	-1.2761432634122668e-34
180515.34900556973	184125.65608522002	182320.50254539488	-1.251120917447239e-34
184125.65608522005	187808.16930646336	185966.9126958417	-1.2265892051203775e-34
187808.16930646333	191564.3327921315	189686.2510492974	-1.2025385061529576e-34
191564.3327921315	195395.61954751302	193479.97616982227	-1.1789593888989035e-34
195395.619547513	199303.53203800216	197349.57579275756	-1.1558426066460948e-34
199303.53203800213	203289.60277830105	201296.56740815158	-1.1331790939901875e-34
203289.6027783011	207355.39493340603	205322.49885585357	-1.1109599632795406e-34
207355.39493340597	211502.50293161298	209428.94893250946	-1.0891765011298503e-34
211502.50293161298	215732.55308978414	213617.52801069856	-1.0678201650071143e-34
215732.55308978414	220047.2042511187	217889.8786704514	-1.0468825798776054e-34
220047.2042511187	224448.14843567996	222247.67634339933	-1.0263555349235223e-34
224448.14843568	228937.11150393248	226692.62996980624	-1.0062309803230406e-34
228937.11150393248	233515.85383355	231226.48266874126	-9.865010240934968e-35
233515.85383354998	238186.17100975986	235851.01242165492	-9.67157928996468e-35
238186.17100975983	242949.8945294939	240568.03276962688	-9.4819410950353e-35
242949.8945294939	247808.89251962266	245379.39352455828	-9.296021288215126e-35
247808.89251962266	252765.070469554	250286.9814945883	-9.113746959760726e-35
252765.07046955396	257820.37197848392	255292.72122401895	-8.935046629524513e-35
257820.37197848395	262976.7795175925	260398.57574803825	-8.759850218922863e-35
262976.77951759245	268236.3152074832	265606.5473625378	-8.588089023453871e-35
268236.3152074832	273601.04161117173	270918.67840932746	-8.419695685753806e-35
273601.04161117173	279073.062542934	276337.0520770529	-8.254604169181885e-35
279073.062542934	284654.5238933316	281863.7932181328	-8.092749731922828e-35
284654.5238933316	290347.61447073705	287501.06918203435	-7.934068901597109e-35
290347.61447073705	296154.56685969065	293251.0906652139	-7.778499450368908e-35
296154.5668596906	302077.65829642327	299116.1125780569	-7.625980370541969e-35
302077.65829642327	308119.21156189055	305098.4349291569	-7.476451850633776e-35
308119.2115618906	314281.59589266725	311200.4037272789	-7.329855251918633e-35
314281.59589266725	320567.22791005945	317424.41190136335	-7.186133085430385e-35
320567.22791005945	326978.5725677995	323772.90023892943	-7.045228989415724e-35
326978.5725677995	333518.1441186943	330248.35834324686	-6.907087707229141e-35
333518.1441186943	340188.50710060704	336853.3256096507	-6.771655065660778e-35
340188.50710060704	346992.277342158	343590.3922213825	-6.638877953688539e-35
346992.277342158	353932.12298854	350462.200165349	-6.508704301645939e-35
353932.12298854	361010.7655478496	357471.4442681948	-6.3810830607973e-35
361010.7655478496	368230.9809583454	364620.8732530975	-6.255964183311937e-35
368230.9809583454	375595.6006770511	371913.29081769823	-6.133298602628986e-35
375595.6006770511	383107.512790131	379351.556733591	-6.013038214204476e-35
383107.5127901309	390769.66314547235	386938.5879678016	-5.895135856632039e-35
390769.66314547235	398585.0565079206	394677.35982669645	-5.779545293128177e-35
398585.0565079206	406556.7577376178	402570.9071227692	-5.666221193372185e-35
406556.7577376178	414687.892991909	410622.3253647634	-5.555119115689086e-35
414687.89299190906	422981.650951286	418834.77197159757	-5.446195489560526e-35
422981.6509512861	431441.2840698506	427211.4675105683	-5.33940759844131e-35
431441.28406985046	440070.1098507863	435755.69696031837	-5.234713562842233e-35
440070.10985078634	448871.51214734087	444470.8109990636	-5.132072323594884e-35
448871.51214734087	457848.94248982647	453360.22731858364	-5.031443625069391e-35
457848.94248982647	467005.92143916176	462427.4319644941	-4.932787997477379e-35
467005.92143916176	476346.0399674838	471675.9807033228	-4.836066731589169e-35
