-0.0	9.953897499377266e-5	4.976948749688633e-5	0.08123332495435552	1.966374019730284e10	0.08123332495435552	1.966374019730284e10
9.953897499377266e-5	0.0002010687294874207	0.00015030385224059668	0.3622934938446761	1.2109032525818447e10	0.4435268187990316	1.3025598130370468e10
0.00020106872948742058	0.0003046290790709416	0.00025284890427918107	0.7567282563220519	8.969853767298841e9	1.2002550751210834	1.013609959140795e10
0.0003046290790709413	0.00041026063564613265	0.000357444857358537	1.2149187171739904	7.111748635947513e9	2.415173792295074	8.349879967115733e9
0.0004102606356461331	0.0005180048233528283	0.0004641327294994807	1.717010012758746	5.860555276870333e9	4.1321838050538195	7.097241951927541e9
0.0005180048233528287	0.0006279038948136577	0.0005729543590832433	2.2547433761610045	4.958195918976581e9	6.3869271812148245	6.159193163420816e9
0.0006279038948136573	0.0007400009477037028	0.0006839524212586801	2.825305912994969	4.2779781201400714e9	9.212233094209793	5.427245674404292e9
0.000740000947703703	0.0008543399416515495	0.0007971704446776262	3.428513561293224	3.7484813864669795e9	12.640746655503017	4.83940518876356e9
0.0008543399416515493	0.0009709657154783526	0.0009126528285649509	4.065459799091349	3.32585622478843e9	16.706206454594366	4.356899564793913e9
0.0009709657154783523	0.0010899240047816917	0.001030444860130022	4.737861315887609	2.9815781317713385e9	21.444067770481976	3.953938488011986e9
0.0010899240047816917	0.0012112614598710977	0.0011505927323263946	5.447651579403052	2.696242970327974e9	26.89171934988503	3.6125699404948936e9
0.0012112614598710973	0.0013350256640622914	0.0012731435619666943	6.196864803613708	2.456238147416235e9	33.088584153498736	3.319867352018605e9
0.0013350256640622922	0.00146126515233731	0.0013981454081998012	6.987605676402432	2.2517681545769153e9	40.07618982990117	3.0662723950052166e9
0.0014612651523373099	0.0015900294303778282	0.001525647291357569	7.822008876832329	2.0756161134127917e9	47.898198706733496	2.8445598993019567e9
0.0015900294303778277	0.0017213689939791564	0.001655699212178492	8.702239293084942	1.9223613578080325e9	56.60043799981844	2.6491665006403084e9
0.0017213689939791568	0.0018553353488525118	0.0017883521714158342	9.630534220195804	1.787868772128763e9	66.23097222001424	2.475741312113801e9
0.0018553353488525112	0.0019919810308233333	0.0019236581898379223	10.609221203822214	1.668934678024986e9	76.84019342383645	2.3208348904393e9
0.0019919810308233333	0.002131359626433572	0.0020616703286284524	11.640671259848885	1.5630334002518756e9	88.48086468368535	2.18167745793257e9
0.0021313596264335728	0.002273525793956016	0.0022024427101947942	12.727363090867449	1.468156339021449e9	101.2082277745528	2.0560210343635955e9
0.0022735257939560153	0.0024185352848289073	0.002346030539392461	13.871915205798643	1.3826891757337444e9	115.08014298035144	1.9420235853043568e9
0.002418535284828908	0.002566444965519258	0.002492490125174083	15.076979259546343	1.30530966249758e9	130.15712223989777	1.8381606350882342e9
0.002566444965519257	0.002717312839823414	0.0026418789026713355	16.345380637720226	1.2349363714345758e9	146.50250287761799	1.7431610460105002e9
0.002717312839823413	0.0028711980716136527	0.002794255455718533	17.68012707181706	1.170675713155752e9	164.18262994943504	1.6559573147694907e9
0.002871198071613654	0.0030281610080396984	0.002949679539826676	19.084213550355592	1.1117705030654402e9	183.26684349979064	1.575645094102024e9
0.003028161008039698	0.0031882632031942633	0.0031082121056169804	20.56086876302928	1.0575891891176972e9	203.82771226281992	1.50145430731406e9
0.003188263203194263	0.0033515674422519193	0.0032699153227230913	22.1134886712059	1.0075965489089795e9	225.9412009340258	1.4327253153005e9
0.0033515674422519197	0.0035181377660907292	0.0034348526041713245	23.745513574198178	9.61330585927017e8	249.686714508224	1.3688892082609885e9
0.0035181377660907292	0.003688039496406315	0.003603088631248522	25.460611215830117	9.18397733906516e8	275.1473257240541	1.309453245961117e9
0.0036880394964063155	0.003861339261328213	0.0037746893788672643	27.262663082288245	8.784594574441704e8	302.40998880634237	1.2539887497063434e9
0.003861339261328213	0.004038105021548549	0.003949722141438381	29.15559015132627	8.41217417259993e8	331.56557895766866	1.2021204908827057e9
0.004038105021548548	0.00421840609697329	0.004128255559260919	31.14352113483374	8.064126911307569e8	362.7091000925024	1.1535188197570484e9
0.00421840609697329	0.004402313193906526	0.004310359645439908	33.23083666754873	7.738201399814978e8	395.9399367600511	1.1078931853909764e9
0.004402313193906526	0.004589898432778427	0.004496105813342477	35.422198570257116	7.432432059877172e8	431.36213533030826	1.0649867018103986e9
0.004589898432778428	0.004781235376427767	0.004685566904603098	37.722285077459595	7.14503998804933e8	469.0844204077679	1.0245709244203135e9
0.0047812353764277666	0.0049763990589500925	0.00487881721768893	40.135962394126494	6.874447643883244e8	509.2203828018944	9.864420382206656e8
0.004976399058950093	0.005175466015122866	0.0050759325370364795	42.668413585299604	6.619270262574925e8	551.888796387194	9.504178517673291e8
0.005175466015122865	0.005378514310419092	0.005276990162770979	45.32506734217391	6.378272903160079e8	597.213863729368	9.163350234726583e8
0.005378514310419092	0.005585623571621245	0.005482068941020169	48.11156739649939	6.150345094484229e8	645.3254311258673	8.840466407983627e8
0.005585623571621245	0.00579687501804744	0.0056912492948343425	51.03384709732391	5.934493693945032e8	696.3592782231913	8.534202551212678e8
0.005796875018047441	0.00601235149340216	0.0059046132557248	54.09811029805689	5.729823699001023e8	750.4573885212482	8.243361421563021e8
0.00601235149340216	0.006232137498263974	0.006122244495833067	57.31068452424483	5.535510999741052e8	807.768073045493	7.966856503941348e8
0.006232137498263972	0.006456319223223022	0.006344228360743497	60.67836930955164	5.3508284593824077e8	868.4464423550446	7.703701475618562e8
0.006456319223223021	0.006684984582681251	0.006570651902952136	64.20809299483761	5.1751004011296904e8	932.6545353498823	7.452997356040514e8
0.006684984582681254	0.006918223249328648	0.0068016039160049505	67.90717578953617	5.0077198343759304e8	1000.5617111394184	7.213923836996106e8
0.006918223249328647	0.00715612668930899	0.007037174969318818	71.78337185436821	4.848140635834129e8	1072.3450829937867	6.985731572737676e8
0.00715612668930899	0.007398788198088939	0.007277457443698964	75.84447524275407	4.6958434211078703e8	1148.1895582365407	6.767732714598371e8
0.007398788198088939	0.007646302937044488	0.0075225455675667135	80.09890328726931	4.550370999934389e8	1228.28846152381	6.559296490326663e8
0.007646302937044487	0.007898767970779146	0.007772535453911817	84.5321374540457	4.410086864921718e8	1312.8205989778555	6.359730374349494e8
0.007898767970779147	0.0081562823051885	0.008027525137983823	89.13886065028834	4.274203702864045e8	1401.9594596281438	6.168365487001972e8
0.0081562823051885	0.00841894692628604	0.008287614615737269	93.96232545771458	4.1442587639190507e8	1495.9217850858586	5.98476307809492e8
0.00841894692628604	0.00868686483980553	0.008552905883045785	99.02187950935912	4.0202832452023894e8	1594.9436645952178	5.808547505324268e8
0.008686864839805528	0.008960141111595408	0.008823502975700469	104.31540225496776	3.901394449294088e8	1699.2590668501855	5.639316097935936e8
0.008960141111595408	0.009238882908821085	0.009099512010208246	109.85441186109271	3.7873494590969014e8	1809.1134787112783	5.476698221800315e8
0.009238882908821085	0.009523199541991274	0.00938104122540618	115.65523201910098	3.6780516310594356e8	1924.7687107303793	5.320363286076527e8
0.009523199541991274	0.009813202507824869	0.009668201024908072	121.72645251912314	3.573129505805867e8	2046.4951632495024	5.1699915086781514e8
0.00981320250782487	0.010109005532975137	0.009961104020400003	128.0790341708505	3.472311705870796e8	2174.574197420353	5.025280620386203e8
0.010109005532975134	0.010410724618628405	0.01025986507580177	134.7254689251797	3.375378348955566e8	2309.2996663455324	4.8859476235280734e8
0.010410724618628405	0.010718478085994741	0.010564601352311572	141.6772472948068	3.2820889964257944e8	2450.9769136403393	4.751724339889832e8
0.010718478085994743	0.011032386622708406	0.010875432354351573	148.94948013383194	3.192293308070333e8	2599.926393774171	4.622362748920222e8
0.011032386622708406	0.011352573330156341	0.011192479976432374	156.5582477329679	3.105850308415008e8	2756.4846415071393	4.497633056315837e8
0.011352573330156343	0.011679163771753237	0.01151586855095479	164.51762131648968	3.0225714957629263e8	2921.002262823629	4.3773174039165103e8
0.011679163771753237	0.01201228602218207	0.011845724896967653	172.84346663818263	2.942304102416171e8	3093.8457294618115	4.261211117521027e8
0.012012286022182067	0.012352070717619476	0.012182178369900772	181.55180523815707	2.864895804892741e8	3275.3975346999687	4.149121000297952e8
0.01235207071761948	0.012698651106965636	0.012525360912292557	190.65798895116592	2.7901846963418615e8	3466.0555236511345	4.0408630566337734e8
0.012698651106965634	0.013052163104098714	0.012875407105532175	200.17960451769966	2.7180446344631207e8	3666.2351281688343	3.936264090696935e8
0.013052163104098714	0.013412745341174455	0.013232454222636584	210.137382176779	2.6483870236254945e8	3876.3725103456127	3.8351632818979055e8
0.013412745341174457	0.013780539222991713	0.013596642282083085	220.54967276076226	2.581084534815492e8	4096.922183106375	3.73740765772386e8
0.013780539222991713	0.014155688982445314	0.013968114102718514	231.43643982236833	2.5160284670519128e8	4328.358622928743	3.6428525355238765e8
0.014155688982445312	0.014538341737087986	0.014347015359766648	242.8195341334772	2.4531270586995217e8	4571.178157062221	3.551361801559016e8
0.014538341737087988	0.014928647546823513	0.01473349464195575	254.72165486335427	2.3922912473988238e8	4825.899811925575	3.462807087448846e8
0.014928647546823513	0.01532675947275375	0.01512770350978863	267.1720861224523	2.3334846984541285e8	5093.071898048027	3.377070848685657e8
0.01532675947275375	0.01573283363720259	0.01552979655497817	280.1973931857223	2.276630712736572e8	5373.269291233749	3.294042105951932e8
0.01573283363720259	0.01614702928494041	0.015939931461071498	293.83058320646785	2.2216941255313665e8	5667.099874440217	3.213618792794204e8
0.016147029284940405	0.016569508845632977	0.01635826906528669	308.102081914423	2.168603887451059e8	5975.20195635464	3.1357040985079753e8
0.016569508845632984	0.01700043799753941	0.016784973421586198	323.04254311901343	2.117282520083987e8	6298.244499473653	3.0602053835176766e8
0.017000437997539405	0.01743998573248396	0.017220211865011683	338.68036762702025	2.0676334628656584e8	6636.9248671006735	2.987032280873145e8
0.01743998573248396	0.017888324422127407	0.017664155077305684	355.0389199232057	2.0195324218507865e8	6991.963787023879	2.916094361372406e8
0.017888324422127403	0.018345629885563715	0.01811697715384556	372.14625293097845	1.9728899687940317e8	7364.110039954858	2.8473036012233514e8
0.01834562988556372	0.018812081458268758	0.018578855671916236	390.03023592252464	1.9276186338277692e8	7754.140275877382	2.7805742217173564e8
0.018812081458268758	0.0192878620624279	0.01904997176034833	408.7291435580379	1.8836827509645432e8	8162.86941943542	2.715826147706197e8
0.019287862062427896	0.019773158278670218	0.019530510170549055	428.2721533411508	1.8409989763272464e8	8591.14157277657	2.652980990666355e8
0.019773158278670218	0.020268160419237388	0.020020659348953803	448.6991443849851	1.799531382113257e8	9039.840717161558	2.5919652212886056e8
0.020268160419237388	0.0207730626026159	0.020520611510926642	470.0521706018834	1.759245478422151e8	9509.89288776344	2.5327097739113325e8
0.0207730626026159	0.02128806282966198	0.021030562716138942	492.38081077880304	1.7201263382833377e8	10002.273698542243	2.47515097814064e8
0.02128806282966198	0.021813363061248984	0.021550712945455484	515.7175051143877	1.682091553843052e8	10517.991203656631	2.4192252714631632e8
0.021813363061248984	0.022349169297467726	0.022081266179358357	540.1060726571161	1.6450995265886638e8	11058.097276313747	2.364872007569973e8
0.02234916929746773	0.022895691658410846	0.022622430477939288	565.5908733270741	1.6091070840260965e8	11623.68814964082	2.3120330470606583e8
0.022895691658410842	0.02345314446657282	0.023174418062491833	592.2327322638679	1.5741126896595603e8	12215.920881904689	2.26065539740146e8
0.02345314446657282	0.024021746330898038	0.02373744539873543	620.0745748690829	1.5400579318328357e8	12835.995456773771	2.210686788648738e8
0.024021746330898045	0.02460172023250977	0.024311733281703905	649.1740744357427	1.5069207443638587e8	13485.169531209514	2.162078086091578e8
0.02460172023250977	0.025193293612153726	0.024897506922331746	679.5906817448356	1.4746765475510702e8	14164.76021295435	2.114782818390513e8
0.025193293612153722	0.02579669845939056	0.02549499603577214	711.3797186737414	1.4432868376260683e8	14876.139931628091	2.0687559682276288e8
0.02579669845939056	0.026412171403572132	0.026104434931481346	744.5926665997614	1.4127041237661567e8	15620.732598227853	2.023953207874142e8
0.026412171403572136	0.02703995380663734	0.02672606260510474	779.2936824107204	1.3829046032417426e8	16400.026280638573	1.9803324258649588e8
0.02703995380663734	0.027680291857763845	0.027360122832200594	815.571388937939	1.3539009690616202e8	17215.597669576513	1.9378559931199434e8
0.027680291857763845	0.028333436669912882	0.028006864263838364	853.4792138738644	1.3256380068037422e8	18069.076883450376	1.8964857844088575e8
0.028333436669912882	0.0289996443783049	0.028666540524108892	893.0963263963991	1.2981015496852234e8	18962.173209846776	1.8561859602094597e8
0.028999644378304903	0.02967917624086476	0.029339410309584833	934.4930973763753	1.271259564274206e8	19896.666307223153	1.8169215618565243e8
0.02967917624086476	0.030372298740675815	0.03002573749077029	977.7499018457263	1.2450914995504633e8	20874.41620906888	1.778659189112335e8
0.030372298740675818	0.031079283690483094	0.030725791215579456	1022.9407189843499	1.2195654792424186e8	21897.356928053232	1.741366101764959e8
0.031079283690483087	0.03180040833928651	0.031439846014884795	1070.1670256280288	1.1946797453853697e8	22967.523953681262	1.7050121521841246e8
0.03180040833928651	0.032535955481066	0.03216818191017626	1119.5453528073776	1.1704405552594946e8	24087.06930648864	1.6695700963657477e8
0.032535955481066005	0.03328621356568108	0.032911084523373546	1171.121529304721	1.1467750131543584e8	25258.19083579336	1.6350101195449194e8
0.03328621356568108	0.03405147681198846	0.03366884518883477	1225.0051146211003	1.123678430026278e8	26483.19595041446	1.6013045165491137e8
0.03405147681198846	0.03483204532322199	0.03444176106760523	1281.3154654054424	1.101148493217999e8	27764.511415819903	1.5684276708880502e8
0.03483204532322199	0.03562822520468019	0.03523013526395109	1340.1496343709348	1.0791582222126932e8	29104.661050190836	1.5363542642433473e8
0.03562822520468018	0.036440328683767544	0.03603427694422386	1401.6241511041308	1.0576947077900326e8	30506.285201294966	1.505060161157753e8
0.036440328683767544	0.037268674232436655	0.036854501458102096	1465.8619959919479	1.0367458715637507e8	31972.147197286915	1.4745223616295326e8
0.037268674232436655	0.03811358669207914	0.0376911304622579	1533.0162075850428	1.0163157478450926e8	33505.16340487196	1.4447199523103067e8
0.03811358669207915	0.03897539740091449	0.03854449204649682	1603.1486356982243	9.963439629216293e7	35108.312040570185	1.4156297609107745e8
0.038975397400914484	0.03985444432392653	0.0394149208624205	1676.402750785046	9.768258047935659e7	36784.71479135523	1.387230117231408e8
0.03985444432392653	0.040751072185398814	0.040302758254662674	1753.0046707082865	9.577971226785536e7	38537.71946206352	1.359503350669371e8
0.040751072185398814	0.04166563260410055	0.04120835239474968	1833.0125701252855	9.391930069781668e7	40370.732032188804	1.3324289955218491e8
0.04166563260410054	0.042598484231176306	0.042132058417638424	1916.6033675541976	9.21015019414871e7	42287.335399742995	1.3059882602453682e8
0.04259848423117632	0.0435499928907936	0.04307423856098496	2003.9797119120722	9.032705140543745e7	44291.315111655065	1.2801642681596257e8
0.043549992890793594	0.04452053172360322	0.04403526230719841	2095.2218316442777	8.859076958747536e7	46386.53694329935	1.2549381258807875e8
0.044520531723603214	0.04551048133306903	0.04501550652833612	2190.5804483971656	8.689493635797031e7	48577.11739169651	1.2302938249762782e8
0.045510481333069036	0.04652022993472417	0.0460153556338966	2290.257247216064	8.5238961368365e7	50867.37463891257	1.2062161980315767e8
0.04652022993472417	0.047550173508412404	0.04703520172156829	2394.37265093615	8.361901976111451e7	53261.747289848725	1.1826887953714974e8
0.04755017350841241	0.04860071595357441	0.048075444730993414	2503.155126664813	8.203522897578679e7	55764.902416513534	1.1596964724008337e8
0.04860071595357442	0.04967226924763966	0.04913649260060704	2616.8316669700152	8.048716484466505e7	58381.73408348355	1.1372249476783703e8
0.04967226924763965	0.05076525360758619	0.05021876142761292	2735.5685646826155	7.897227611661614e7	61117.302648166165	1.1152593916645885e8
0.0507652536075862	0.05188009765473167	0.051322675631158936	2859.647194153846	7.749127680152771e7	63976.94984232001	1.0937865203324726e8
0.051880097654731665	0.05301723858282005	0.052448668118775854	2989.3819934512258	7.604511462647057e7	66966.33183577124	1.0727946285297963e8
0.05301723858282006	0.05417712232947021	0.05359718045614513	3124.91398158861	7.462990764078328e7	70091.24581735986	1.0522704386951642e8
0.0541771223294702	0.055360203751053355	0.054768663040261775	3266.410996263126	7.324283804554021e7	73357.65681362298	1.032199874198944e8
0.055360203751053355	0.05656694680106817	0.05596357527606076	3414.2694934133997	7.188617837848197e7	76771.92630703638	1.0125712993012461e8
0.05656694680106818	0.057797824712083286	0.057182385756575735	3568.9075587509997	7.056171801714368e7	80340.83386578738	9.933750435013956e7
0.05779782471208328	0.059053320181318696	0.05842557244670099	3730.431039748336	6.926460121253322e7	84071.26490553572	9.74599113235951e7
0.0590533201813187	0.06033392555993882	0.059693622870628765	3899.234362326131	6.799572716356403e7	87970.49926786184	9.562329356967054e7
0.06033392555993882	0.06164014304613134	0.06098703430303508	4075.5322131401394	6.675247018651163e7	92046.03148100198	9.382650640879586e7
0.06164014304613134	0.06297248488204772	0.06230631396408953	4259.645506471396	6.553408829109783e7	96305.67698747337	9.206844046137513e7
0.06297248488204771	0.06433147355468241	0.06365197921836506	4452.302615376816	6.434557001779649e7	100757.97960285019	9.034837446464555e7
0.06433147355468241	0.06571764200076981	0.06502455777772612	4653.560077768255	6.318124672443507e7	105411.53968061844	8.86652883677485e7
0.06571764200076981	0.06713153381577895	0.06642458790827438	4863.7014305920775	6.203927698052825e7	110275.24111121052	8.701812007713519e7
0.06713153381577895	0.06857370346708827	0.0678526186414336	5083.37858153237	6.092235223988437e7	115358.61969274288	8.540604803241345e7
0.06857370346708827	0.07004471651142379	0.06930920998925602	5312.923266685315	5.98286159493261e7	120671.5429594282	8.382819418761006e7
0.07004471651142379	0.071545149816646	0.0707949331640349	5552.734167380149	5.8757013618933775e7	126224.27712680836	8.228367697918035e7
0.071545149816646	0.07307559178797267	0.07231037080230934	5803.511978731955	5.77094273654745e7	132027.78910554032	8.077179199752407e7
0.07307559178797267	0.07463664259872586	0.07385611719334927	6065.448909091332	5.668223076476028e7	138093.23801463164	7.929166149032728e7
0.07463664259872586	0.07622891442569413	0.07543277851221	6339.032110468648	5.567491228996676e7	144432.2701251003	7.784243683702123e7
0.07622891442569411	0.07785303168920174	0.07704097305744792	6625.1735069002925	5.469031278008233e7	151057.4436320006	7.642350186287422e7
0.07785303168920174	0.07950963129797951	0.07868133149359063	6924.084466419036	5.372488496089955e7	157981.52809841963	7.503406623755533e7
0.07950963129797951	0.08119936289893284	0.08035449709845618	7236.34249826335	5.277826940256742e7	165217.87059668297	7.367337169783442e7
0.08119936289893284	0.08292288913190524	0.08206112601541904	7562.970349521187	5.185298083248383e7	172780.84094620415	7.234086527280428e7
0.08292288913190525	0.0846808858895371	0.08380188751072118	7904.091451758727	5.0944874293020405e7	180684.9323979629	7.103577942542878e7
0.08468088588953708	0.08647404258232155	0.08557746423592932	8260.445648380954	5.005421509434978e7	188945.37804634386	6.975741466260357e7
0.08647404258232155	0.08830306240896171	0.08738855249564163	8633.26981030275	4.918380134034462e7	197578.64785664662	6.85052890778313e7
0.08830306240896173	0.0901686626321347	0.08923586252054821	9022.60643564215	4.8329120889205396e7	206601.25429228877	6.727867960646717e7
0.09016866263213469	0.09207157485977112	0.09112011874595291	9429.384090793214	4.749089650010071e7	216030.63838308197	6.6076955493768215e7
0.09207157485977113	0.09401254533196028	0.09304206009586571	9855.051081560146	4.667192369884442e7	225885.6894646421	6.4899697917643175e7
0.09401254533196027	0.09599233521359321	0.09500244027277674	10299.50369599336	4.586718582254049e7	236185.19316063548	6.374621268914485e7
0.09599233521359321	0.09801172089285881	0.09700202805322601	10763.850598290173	4.5077644258869156e7	246949.04375892566	6.261590986652625e7
0.0980117208928588	0.1000714942857097	0.09904160758928425	11249.833924927001	4.430633107609119e7	258198.87768385265	6.150842216368639e7
0.10007149428570972	0.10217246314641765	0.10112197871606368	11757.281807134992	4.354825002502835e7	269956.15949098766	6.042310538890441e7
0.10217246314641763	0.10431545138433972	0.10324395726537867	12287.4964446098	4.280444564152529e7	282243.65593559743	5.935942081093044e7
0.10431545138433973	0.10650129938702026	0.10540837538567999	12842.56340785599	4.2078097270490915e7	295086.2193434534	5.83170570653706e7
0.10650129938702026	0.10873086434975439	0.10761608186838732	13422.051005204281	4.13636642193748e7	308508.2703486577	5.7295390041679166e7
0.10873086434975437	0.1110050206117432	0.10986794248074878	14027.506456812444	4.066238255058792e7	322535.7768054701	5.629391077232853e7
0.1110050206117432	0.11332465999897179	0.11216484030535749	14661.509052576474	3.997784422723332e7	337197.2858580466	5.531235973626489e7
0.11332465999897177	0.11569069217394494	0.11450767608645836	15323.40345135698	3.930430064044229e7	352520.6893094036	5.435014949618241e7
0.11569069217394495	0.11810404499241757	0.11689736858318125	16015.058009956558	3.864318720610825e7	368535.7473193602	5.340681687615621e7
0.11810404499241758	0.12056566486725966	0.11933485492983861	16739.488682966497	3.799805053717475e7	385275.2360023267	5.248214170583592e7
0.12056566486725963	0.12307651713959854	0.12182109100342908	17495.67624020772	3.736279563832964e7	402770.91224253445	5.157555327304993e7
0.12307651713959855	0.12563758645738424	0.1243570517984914	18285.908460464812	3.673915468849091e7	421056.82070299925	5.068662133487282e7
0.12563758645738424	0.12824987716152564	0.12694373180945495	19113.80146415975	3.6130822948396765e7	440170.622167159	4.9815164729920946e7
0.12824987716152564	0.13091441367974987	0.12958214542063776	19977.99003031917	3.553158796033519e7	460148.6121974782	4.896064293541813e7
0.13091441367974987	0.13363224092833859	0.13227332730404423	20881.230691662357	3.494335041435465e7	481029.84288914053	4.8122663576300636e7
0.13363224092833859	0.13640442472189906	0.13501833282511883	21827.63860360256	3.436957260773857e7	502857.48149274307	4.730106636899365e7
0.13640442472189906	0.13923205219133075	0.1378182384566149	22815.87571322093	3.380465147125721e7	525673.357205964	4.6495367381685145e7
0.1392320521913308	0.14211623221015113	0.14067414220074098	23848.479672546393	3.3249468416615877e7	549521.8368785104	4.5705166034304485e7
0.1421162322101511	0.14505809582934784	0.14358716401974947	24930.70654049617	3.27081333388435e7	574452.5434190066	4.493033231404999e7
0.14505809582934784	0.1480587967209285	0.14655844627513817	26061.596590900655	3.217596427678616e7	600514.1400099073	4.417046609844023e7
0.1480587967209285	0.1511195116303408	0.14958915417563465	27242.882478773114	3.1652276417456426e7	627757.0224886804	4.342515188836221e7
0.1511195116303408	0.1542414408379413	0.15268047623414105	28481.397872924998	3.1141981532295186e7	656238.4203616055	4.269429271355969e7
0.1542414408379413	0.15742580862969385	0.15583362473381757	29776.562965247474	3.064107677684332e7	686014.9833268529	4.1977560254130974e7
0.15742580862969385	0.16067386377728143	0.15904983620348764	31129.3049281547	3.014773018999356e7	717144.2882550076	4.127453813696865e7
0.16067386377728143	0.16398688002782077	0.16233037190255112	32547.7541389486	2.9666953767820965e7	749692.0423939561	4.058513381442227e7
0.16398688002782077	0.1673661566033709	0.16567651831559582	34032.96842703212	2.919639656591327e7	783725.0108209882	3.9909121493085645e7
0.1673661566033709	0.17081301871043203	0.16908958765690146	35582.905342848295	2.8731537234881897e7	819307.9161638365	3.9246021563338384e7
0.170813018710432	0.17432881805963435	0.1725709183850332	37208.05406450364	2.8278265658642128e7	856515.9702283401	3.8595733477139145e7
0.17432881805963435	0.17791493339582073	0.17612187572772753	38911.887715689394	2.783598374771906e7	895427.8579440295	3.795812794113075e7
0.17791493339582073	0.18157277103873085	0.1797438522172758	40689.21227814911	2.7398192661476832e7	936117.0702221786	3.7332699179141e7
0.18157277103873087	0.1853037654344992	0.18343826823661502	42550.99241078549	2.696996468759817e7	978668.0626329641	3.671927294661945e7
0.18530376543449914	0.1891093797181828	0.187206572576341	44505.11098002928	2.65532763858271e7	1.0231731736129934e6	3.6117803028933965e7
0.18910937971818284	0.19299110628754018	0.1910502430028615	46543.45358470809	2.6140486880840335e7	1.0697166271977015e6	3.552779466174114e7
0.19299110628754018	0.19695046738828467	0.1949707868379124	48674.50894307654	2.5734313619969174e7	1.118391136140778e6	3.494894415240113e7
0.19695046738828464	0.20098901571104402	0.19896974154966435	50912.20666548696	2.5339485445186306e7	1.169303342806265e6	3.4381246007899694e7
0.20098901571104408	0.20510833500025866	0.20304867535565135	53250.32740857537	2.4950068738139372e7	1.2225536702148404e6	3.3824345124159686e7
0.20510833500025863	0.2093100406752575	0.20720918783775805	55693.88594859223	2.456626497779508e7	1.2782475561634328e6	3.327792016346201e7
0.2093100406752575	0.21359578046375632	0.2114529105695069	58257.80670521385	2.4192250204215247e7	1.3365053628686466e6	3.2741915948123183e7
0.21359578046375632	0.21796723504802512	0.21578150775589072	60943.00692524523	2.382564923603468e7	1.397448369793892e6	3.2216140949311633e7
0.21796723504802512	0.2224261187239793	0.2201966768860022	63739.150205139515	2.346031838245715e7	1.4611875199990314e6	3.1700053426560324e7
0.22242611872397927	0.22697418007345255	0.2247001493987159	66669.35638794967	2.3103008360441275e7	1.5278568763869808e6	3.1193542342463177e7
0.22697418007345255	0.23161320264991528	0.22929369136168393	69746.4449460894	2.2755516643094566e7	1.59760332133307e6	3.0696609529342633e7
0.23161320264991528	0.23634500567790726	0.23397910416391127	72953.88133308389	2.2410055480394438e7	1.670557202666154e6	3.020879858422196e7
0.23634500567790728	0.2411714447664591	0.2387582252221832	76310.60800292803	2.20707325188159e7	1.746867810669082e6	2.97299225389518e7
0.24117144476645908	0.24609441263678192	0.2436329287016205	79831.88255473945	2.173966046293793e7	1.8266996932238215e6	2.925993021159728e7
0.24609441263678195	0.25111583986451125	0.2486051262506466	83507.26389928101	2.1411756368442472e7	1.9102069571231024e6	2.8798474907342423e7
0.25111583986451125	0.25623769563679516	0.2536767677506532	87344.5050429191	2.108736110434516e7	1.9975514621660216e6	2.834525101492566e7
0.2562376956367951	0.2614619885245247	0.25884984208065986	91368.00554089223	2.0770464716724865e7	2.0889194677069138e6	2.790020591115768e7
0.2614619885245247	0.26679076727000883	0.2641263778972668	95587.80498885403	2.046099052291423e7	2.1845072726957677e6	2.746328586554469e7
0.26679076727000883	0.27222612159040266	0.2695084444302057	99987.22517072632	2.0153353244595706e7	2.284494497866494e6	2.7034112683628384e7
0.2722261215904027	0.2777701829972044	0.27499815229380353	104587.63745024655	1.9850351243891e7	2.3890821353167407e6	2.6612495236259814e7
0.2777701829972044	0.28342512563214217	0.2805976543146733	109407.30567124348	1.9553544047566354e7	2.498489440987984e6	2.619834552296726e7
0.28342512563214217	0.28919316711977866	0.2863091463759604	114455.20277464444	1.9262478488583494e7	2.6129446437626285e6	2.5791554425976317e7
0.28919316711977866	0.29507656943716787	0.29213486827847324	119725.99490362391	1.8974422758912887e7	2.7326706386662526e6	2.539185936870195e7
0.2950765694371678	0.3010776398009048	0.2980771046190363	125249.95447679213	1.869248697750318e7	2.857920593143045e6	2.499919590682558e7
0.30107763980090485	0.3071987315719166	0.3041381856864107	131032.16886724127	1.8415461792951696e7	2.988952762010286e6	2.461343276030801e7
0.30719873157191663	0.3134422451783486	0.3103204883751326	137074.45905238812	1.8141870566854823e7	3.126027221062674e6	2.423436014817384e7
0.31344224517834857	0.31981062905690916	0.31662643711762883	143377.675060751	1.78703659826587e7	3.269404896123425e6	2.3861702044606812e7
0.3198106290569092	0.326306380613041	0.3230585048349751	149986.1695606264	1.760495643877315e7	3.4193910656840517e6	2.3495433646632653e7
0.326306380613041	0.33293204720029546	0.32961921390666826	156908.01871501264	1.7344669759900663e7	3.5762990843990645e6	2.313547488756215e7
0.3329320472002955	0.33969022711929503	0.33631113715979527	164130.7405988621	1.708650360154969e7	3.7404298249979266e6	2.2781574952361483e7
0.33969022711929503	0.34658357063667455	0.3431368988779848	171670.52647263152	1.683086761711308e7	3.912100351470558e6	2.2433522015917987e7
0.3465835706366745	0.35361478102440164	0.35009917583053807	179555.88437261534	1.6579174822795197e7	4.091656235843173e6	2.2091199578094825e7
0.35361478102440164	0.3607866156198833	0.35720069832214246	187815.17813267646	1.6332451226128643e7	4.27947141397585e6	2.1754558154397193e7
0.3607866156198833	0.3681018869072746	0.36444425126357893	196427.15156887835	1.6087346976274313e7	4.475898565544728e6	2.142335554798872e7
0.36810188690727463	0.37556346362041376	0.3718326752638442	205415.92034575075	1.584469746501367e7	4.681314485890479e6	2.109741283482759e7
0.3755634636204137	0.3831742718678156	0.37936886774411466	214817.72207666215	1.5605997044026528e7	4.896132207967141e6	2.07766490840096e7
0.38317427186781555	0.3909372962801655	0.38705578407399055	224634.36198238094	1.5369993806520972e7	5.120766569949522e6	2.0460915155219506e7
0.39093729628016555	0.3988555811807625	0.394896438730464	234882.03073803958	1.5136582073545499e7	5.355648600687562e6	2.0150064662858214e7
0.3988555811807624	0.40693223177937127	0.40289390648006684	245573.32981921887	1.4905415876914673e7	5.601221930506781e6	1.984393978026848e7
0.40693223177937127	0.4151704153899523	0.4110513235846618	256734.89858718842	1.4676987944333067e7	5.857956829093969e6	1.954242085384703e7
0.4151704153899523	0.4235733626727449	0.4193718890313486	268394.7336104639	1.4451712907196425e7	6.126351562704434e6	1.924541957776722e7
0.423573362672745	0.43214436890119345	0.4278588657869692	280563.09677081817	1.4228963902274705e7	6.406914659475251e6	1.8952816382691927e7
0.4321443689011934	0.4408867952542109	0.43651558207770214	293222.6473990194	1.4006887656449236e7	6.700137306874271e6	1.8664390763050552e7
0.4408867952542108	0.44980407013428864	0.44534543269424975	306449.2763803152	1.378821562943716e7	7.006586583254586e6	1.8380094548516747e7
0.4498040701342887	0.45889969051196805	0.45435188032312834	320236.6372904	1.3571556645254083e7	7.326823220544986e6	1.809980139287633e7
0.4588996905119681	0.468177223297201	0.46353845690458456	334640.9871009658	1.3358285835879881e7	7.661464207645953e6	1.7823472608574104e7
0.4681772232972011	0.4776403067381387	0.4729087650176699	349639.3113543669	1.314645031912352e7	8.01110351900032e6	1.755095807028337e7
0.47764030673813856	0.4872926518478949	0.4824664792930167	365274.67206453666	1.2936836193360385e7	8.376378191064856e6	1.7282162352626592e7
0.48729265184789494	0.4971380438598464	0.49221534785387067	381558.51128650917	1.2728976549152039e7	8.757936702351365e6	1.7016968516439736e7
0.49713804385984633	0.5071803437120368	0.5021591937859415	398510.5959737999	1.2522744333288193e7	9.156447298325164e6	1.6755259164957775e7
0.5071803437120368	0.517423489561271	0.5123019166366539	416198.4497065141	1.231943550289879e7	9.572645748031678e6	1.6496999316272689e7
0.5174234895612712	0.5278714983274901	0.5226474939443806	434586.0439296113	1.2117141401770798e7	1.0007231791961288e7	1.6242044998338843e7
0.5278714983274901	0.5385284672690335	0.5331999827982619	453742.5421404428	1.1917117603325864e7	1.0460974334101731e7	1.5990333827484772e7
0.5385284672690335	0.5493985755894076	0.5439635214292206	473699.2438587906	1.1719388476769058e7	1.0934673577960521e7	1.5741808554961087e7
0.5493985755894077	0.5604860860761894	0.5549423308327985	494464.89429914905	1.152342026453882e7	1.142913847225967e7	1.5496384290426327e7
0.5604860860761894	0.5717953467727067	0.5661407164244481	516098.55623446556	1.1329880855315464e7	1.1945237028494136e7	1.525402002571337e7
0.5717953467727067	0.5833307926831544	0.5775630697279306	538542.6400395016	1.113685525618821e7	1.2483779668533638e7	1.5014565830068521e7
0.5833307926831544	0.595096947511811	0.5892138700974827	561847.0797918217	1.0944939118083062e7	1.304562674832546e7	1.4777915248569502e7
0.5950969475118111	0.6070984254370408	0.601097686474426	586053.518218148	1.0754448468616633e7	1.3631680266543608e7	1.454398648484864e7
0.6070984254370407	0.619339932920775	0.6132191791789079	611126.8530851962	1.056429985077666e7	1.4242807119628804e7	1.4312639594303904e7
0.619339932920775	0.631826270554184	0.6255831017374796	637123.9041474264	1.0375153376551172e7	1.487993102377623e7	1.4083781238648506e7
0.631826270554184	0.6445623349402613	0.6381943027472227	664071.2338796421	1.0187070203081373e7	1.5544002257655872e7	1.3857327137960047e7
0.6445623349402613	0.65755312061406	0.6510577277771606	691964.8583975923	9.999662732949497e6	1.6235967116053464e7	1.3633175461284744e7
0.65755312061406	0.6708037220013348	0.6641784213076973	720921.2733740014	9.814280358300272e6	1.6956888389427464e7	1.3411308768231638e7
0.6708037220013346	0.6843193354163548	0.6775615287088448	751063.5614614153	9.632060203507429e6	1.770795195088888e7	1.3191776725767625e7
0.6843193354163548	0.6981052610996754	0.6912122982580151	782367.644811795	9.452088413582299e6	1.8490319595700674e7	1.2974573049706535e7
0.6981052610996754	0.7121669052966624	0.7051360831981689	814809.8012769943	9.273635153863413e6	1.9305129396977667e7	1.275964947123817e7
0.7121669052966624	0.7265097823775891	0.7193383438371257	848323.3351941468	9.095665145395085e6	2.0153452732171815e7	1.2546900460870484e7
0.7265097823775891	0.7411395170001344	0.7338246496888617	882941.4620547814	8.918393346812585e6	2.1036394194226597e7	1.2336239166903915e7
0.7411395170001344	0.7560618463151305	0.7486006816576325	918725.2935850942	8.742273160925567e6	2.1955119487811692e7	1.2127610160856064e7
0.7560618463151304	0.7712826222164265	0.7636722342657785	955460.946856542	8.565207856993359e6	2.2910580434668235e7	1.192083957968988e7
0.7712826222164265	0.7868078136357485	0.7790452179260875	992938.0313522404	8.385628390428503e6	2.3903518466020476e7	1.1715672680888815e7
0.7868078136357485	0.8026435088834569	0.7947256612596028	1.0313228957609594e6	8.205382257098819e6	2.4934841361781437e7	1.151197682764663e7
0.8026435088834569	0.8187959180361195	0.8107197134597882	1.0705558379336975e6	8.024284540408158e6	2.6005397199715134e7	1.1309616418548528e7
0.8187959180361196	0.8352713753718355	0.8270336467039776	1.110518483640141e6	7.84183552377016e6	2.7115915683355276e7	1.1108434795626188e7
0.8352713753718353	0.8520763418542654	0.8436738586130503	1.1515515864812173e6	7.660768509711671e6	2.8267467269836493e7	1.0908443013683358e7
0.8520763418542654	0.8692174076663441	0.8606468747603048	1.193561435160579e6	7.480536457634601e6	2.946102870499707e7	1.0709619770532684e7
0.8692174076663441	0.8867012947946644	0.8779593512305043	1.2365179709813728e6	7.301118617606865e6	3.0697546675978445e7	1.051194381975581e7
0.8867012947946645	0.9045348596655512	0.8956180772301079	1.2805317265603063e6	7.123316847172952e6	3.197807840253875e7	1.0315441668747788e7
0.9045348596655511	0.9227250958338555	0.9136299777497033	1.325488953721271e6	6.946609452093971e6	3.330356735626002e7	1.0120108046031367e7
0.9227250958338556	0.9412791367255261	0.9320021162796909	1.3715184241948035e6	6.771815741904772e6	3.467508578045482e7	9.925985503652347e6
0.9412791367255261	0.96020425843503	0.950741697580278	1.4185523880534663e6	6.598685209935411e6	3.609363816850829e7	9.733099606979754e6
0.9602042584350299	0.9795078825787238	0.9698560705068768	1.466532035306407e6	6.427083220033704e6	3.75601702038147e7	9.541466642695682e6
0.9795078825787238	0.9991975792052916	0.9893527308920077	1.5155745129363597e6	6.257657029685933e6	3.907574471675106e7	9.351139478137018e6
0.9991975792052917	1.0192810697643908	1.0092393244848412	1.5658256717883737e6	6.0910433277496025e6	4.064157038853943e7	9.162204814662741e6
1.0192810697643908	1.039766230134672	1.0295236499495313	1.6172587486332944e6	5.927114175310184e6	4.225882913717273e7	8.974736905736854e6
1.039766230134672	1.0606610937123586	1.0502136619235154	1.6697259796544397e6	5.765356240865575e6	4.392855511682717e7	8.788775952620119e6
1.0606610937123588	1.0819738545615993	1.071317474136979	1.7233843388462455e6	5.606371412893885e6	4.565193945567341e7	8.604394703322748e6
1.0819738545615993	1.1037128706278245	1.0928433625947118	1.7779523668313008e6	5.449293700236181e6	4.7429891822504714e7	8.421611517588768e6
1.1037128706278245	1.1258866670153744	1.1147997688215994	1.8336210065480692e6	5.294824850369337e6	4.9263512829052776e7	8.240484352041921e6
1.1258866670153742	1.148503939330675	1.1371953031730246	1.8904225525286074e6	5.143092894110808e6	5.115393538158138e7	8.061075221829459e6
1.1485039393306753	1.171573557092282	1.1600387482114787	1.9485597667211774e6	4.994639681979647e6	5.3102495148302555e7	7.88347393199149e6
1.171573557092282	1.195104567209121	1.1833390621507016	2.0077911422992025e6	4.848812460023687e6	5.511028629060176e7	7.707727276009888e6
1.195104567209121	1.2191061975282966	1.2071053823687088	2.0679263210895022e6	4.705218258714437e6	5.717821261169126e7	7.533856584554629e6
1.2191061975282966	1.2435878604538557	1.2313470289910762	2.1289861634812243e6	4.564012457518176e6	5.930719877517249e7	7.36189095953018e6
1.243587860453856	1.2685591566379264	1.2560735085458912	2.191291835152636e6	4.425933198099887e6	6.149849061032512e7	7.191900563215754e6
1.268559156637926	1.2940298787456777	1.2812945176918018	2.2552203254915327e6	4.2916630606600335e6	6.375371093581665e7	7.023991011881487e6
1.2940298787456779	1.3200100152955847	1.3070199470206312	2.3204175447434736e6	4.1604098570436467e6	6.6074128480560124e7	6.858215937583496e6
1.3200100152955847	1.3465097545764897	1.3332598849360373	2.385818999865661e6	4.030343908481879e6	6.845994748042579e7	6.694519956176394e6
1.3465097545764895	1.3735394886430126	1.360024621609751	2.4523758569096387e6	3.9032606947778026e6	7.091232333733542e7	6.532954841850899e6
1.3735394886430126	1.401109817390866	1.3873246530169392	2.520990378959011e6	3.7804968357056794e6	7.343331371629444e7	6.373646736204723e6
1.401109817390866	1.4292315527136765	1.4151706850522712	2.5899099341100384e6	3.659322977346866e6	7.602322365040448e7	6.216556507721466e6
1.4292315527136763	1.457915722742943	1.4435736377283095	2.65991493914279e6	3.5409795817662e6	7.868313858954728e7	6.061719097057661e6
1.4579157227429431	1.487173576172795	1.4725446494578691	2.731838278855414e6	3.4265054822917883e6	8.141497686840269e7	5.909227543026895e6
1.487173576172795	1.5170165866712442	1.5020950814220195	2.803515648531764e6	3.313151960172386e6	8.421849251693445e7	5.759010446197136e6
1.5170165866712444	1.5474564573796623	1.5322365220254532	2.8775208771211104e6	3.2040546325816014e6	8.709601339405555e7	5.611181989786527e6
1.5474564573796623	1.5785051255022486	1.5629807914409555	2.952047208312605e6	3.097054844287776e6	9.004806060236815e7	5.465724850885931e6
1.5785051255022486	1.6101747669872868	1.5943399462447676	3.0274556632433e6	2.9925998230507113e6	9.307551626561144e7	5.322648597438245e6
1.6101747669872866	1.6424778013020254	1.626326284144656	3.104104472891578e6	2.891036048075995e6	9.617962073850302e7	5.181982297617743e6
1.6424778013020256	1.6754268963030592	1.6589523488025424	3.1818490874607745e6	2.792184573932953e6	9.93614698259638e7	5.043742993554041e6
1.6754268963030592	1.7090349732041135	1.6922309347535864	3.2617204628658774e6	2.6968679219182404e6	1.0262319028882967e8	4.90799432675299e6
1.709034973204113	1.7433152116431883	1.7261750924236505	3.340714696124539e6	2.60256583971867e6	1.0596390498495421e8	4.774650489320911e6
1.7433152116431885	1.7782810548510453	1.7607981332471168	3.4212193428809056e6	2.5112713348631975e6	1.0938512432783511e8	4.643745928873019e6
1.7782810548510457	1.8139462149230596	1.7961136348870528	3.5037914931490486e6	2.4232728860859275e6	1.1288891582098415e8	4.515329789474654e6
1.8139462149230594	1.8503246781965137	1.8321354465597866	3.586003614364406e6	2.336829826076809e6	1.1647491943534856e8	4.389347713629199e6
1.8503246781965135	1.8874307107354367	1.868877694465975	3.6701197294951566e6	2.25345982232733e6	1.2014503916484371e8	4.265836267784087e6
1.887430710735437	1.9252788639251386	1.9063547873302877	3.7558800503399125e6	2.1728784521013093e6	1.2390091921518362e8	4.144813462012542e6
1.9252788639251386	1.9638839801786343	1.9445814220518864	3.840829269412991e6	2.0936483806690385e6	1.2774174848459661e8	4.0262131641638954e6
1.9638839801786343	2.0032611987571998	1.983572589467917	3.9281772962310663e6	2.0175565761998233e6	1.3166992578082767e8	3.910076404217323e6
2.0032611987571998	2.0434259617073365	2.023343580232268	4.0162973286363003e6	1.94364637088801e6	1.3568622310946396e8	3.7963865332643143e6
2.0434259617073365	2.084394019916476	2.063909990811906	4.1039605679252227e6	1.8713377093468655e6	1.3979018367738917e8	3.685094341847363e6
2.084394019916476	2.1261814392897986	2.1052877296031376	4.1931169869087045e6	1.801541981342569e6	1.4398330066429794e8	3.5762061683995626e6
2.126181439289799	2.1688046070505878	2.1474930231701936	4.283985574566519e6	1.734261697015509e6	1.4826728623886445e8	3.46972813771272e6
2.1688046070505878	2.2122802381665925	2.19054242260859	4.375625942525392e6	1.6690403544249968e6	1.5264291218138984e8	3.365639640021632e6
2.212280238166592	2.2566253819049167	2.234452810035754	4.4682254491872145e6	1.6059148656512203e6	1.5711113763057706e8	3.2639234012682866e6
2.256625381904917	2.3018574285180082	2.2792414052114625	4.559605616056117e6	1.5441030206074596e6	1.6167074324663317e8	3.164517944242944e6
2.3018574285180082	2.347994116063361	2.3249257722906846	4.653294910809839e6	1.4848133640203353e6	1.6632403815744302e8	3.067435211143365e6
2.347994116063361	2.395053537359621	2.371523826711491	4.748767278724155e6	1.4277599820006418e6	1.7107280543616718e8	2.972669935376297e6
2.395053537359621	2.4430541470818063	2.4190538422207135	4.844951884086973e6	1.3725479683906364e6	1.7591775732025415e8	2.8801943397556976e6
2.4430541470818063	2.4920147689984353	2.467534458040121	4.940921672939735e6	1.3188957806400622e6	1.808586789931939e8	2.7899659920755e6
2.4920147689984353	2.5419546033533966	2.516984686175916	5.035868994421709e6	1.2666075384079686e6	1.8589454798761562e8	2.7019336042278456e6
2.5419546033533966	2.5928932343954574	2.567423918874427	5.131930803008685e6	1.2162258973782398e6	1.910264787906243e8	2.6160802221070896e6
2.5928932343954574	2.6448506380583594	2.6188719362269084	5.230360219071845e6	1.1679695661158026e6	1.9625683900969613e8	2.53240251722059e6
2.644850638058359	2.6978471897945187	2.6713489139264386	5.3300233188703125e6	1.1214919369086353e6	2.0158686232856643e8	2.450877332091047e6
2.697847189794519	2.751903672565402	2.7248754311799606	5.429498897965132e6	1.0764517090643e6	2.0701636122653157e8	2.3714631352621694e6
2.7519036725654016	2.807041284991702	2.779472478778552	5.5296892418804215e6	1.0330085280485825e6	2.1254605046841198e8	2.2941300288427207e6
2.8070412849917026	2.863281649666529	2.835161467329116	5.629234390103713e6	990881.0062887014	2.1817528485851568e8	2.218833593372879e6
2.8632816496665288	2.920646821634852	2.8919642356506903	5.729504984201817e6	950295.9145137969	2.2390478984271753e8	2.1455450868215323e6
2.920646821634852	2.9791592970425413	2.9499030593386966	5.8290779619240835e6	910986.2054860957	2.297338678046416e8	2.0742220076007752e6
2.979159297042542	3.038842021958385	3.0090006595004635	5.930579656466978e6	873332.9224348953	2.356644474611086e8	2.0048463313466767e6
3.038842021958385	3.099718401372545	3.069280211665465	6.0334051528431e6	837175.4704180788	2.4169785261395168e8	1.9373918039518672e6
3.099718401372545	3.1618123083749885	3.130765354873767	6.136735054401572e6	802348.8749592399	2.4783458766835326e8	1.8718241648132277e6
3.161812308374988	3.2251480935174803	3.193480200946234	6.239803269256804e6	768721.7755108014	2.5407439093761006e8	1.8081035517941352e6
3.2251480935174803	3.2897505943628222	3.2574493439401513	6.342570278774426e6	736269.0041282815	2.604169612163845e8	1.7461909592464285e6
3.2897505943628227	3.3556451452250715	3.322697869793947	6.446189122668834e6	705095.1658894669	2.6686315033905333e8	1.6860556840831398e6
3.355645145225072	3.422857587104566	3.389251366164819	6.549990307897287e6	675086.3504997176	2.734131406469506e8	1.6276622236241146e6
3.422857587104566	3.4914142778216495	3.4571359324631077	6.655026955349889e6	646313.1096207923	2.8006816760230047e8	1.5709812073520718e6
3.491414277821649	3.5613421023530742	3.5263781900873616	6.758595755124298e6	618478.4687067267	2.8682676335742474e8	1.51596781476673e6
3.5613421023530742	3.632668483375128	3.597005292864101	6.862121978597127e6	591700.5818812974	2.9368888533602184e8	1.4625866449862923e6
3.6326684833751277	3.7054213920176227	3.669044937696375	6.967790488458238e6	566127.9114554613	3.0065667582448006e8	1.4108129219193526e6
3.705421392017622	3.779629358832967	3.7425253754252945	7.070505083122748e6	541310.3187729492	3.077271809076028e8	1.3605973089024199e6
3.7796293588329672	3.8553214849846187	3.817475421908793	7.173864945577157e6	517518.5253644365	3.1490104585317993e8	1.3119089595685515e6
3.855321484984619	3.932527453659304	3.8939244693219615	7.277971933806968e6	494721.018970645	3.221790177869869e8	1.2647169942254564e6
3.9325274536593033	4.011277541707481	3.9719024976833923	7.382335269162938e6	472847.9041299034	3.2956135305614996e8	1.2189882850764047e6
4.011277541707481	4.091602631516623	4.051440086612052	7.487234437831108e6	451884.3287733105	3.3704858749398106e8	1.1746907646582897e6
4.091602631516623	4.173534223121948	4.132568427319285	7.5925227403005175e6	431787.9456095828	3.446411102342816e8	1.1317917766413905e6
4.173534223121948	4.257104446559379	4.215319334840663	7.697647941605762e6	412497.6051113455	3.5233875817588735e8	1.0902570240243424e6
4.257104446559379	4.342346074465558	4.299725260512469	7.802013840525809e6	393957.59787116887	3.6014077201641315e8	1.0500509779962406e6
4.342346074465559	4.429292534929862	4.38581930469771	7.9054992233101325e6	376142.0062031765	3.6804627123972327e8	1.01113866923315e6
4.4292925349298615	4.517977924603451	4.473635229766656	8.008784278054584e6	359061.87215931655	3.7605505551777786e8	973487.7894517089
4.51797792460345	4.608437022070511	4.5632074733369805	8.112192266080526e6	342705.81117269746	3.8416724778385836e8	937067.2425134092
4.608437022070511	4.700705301486913	4.654571161778712	8.215686518170908e6	327045.36862569157	3.9238293430202925e8	901846.0886250936
4.700705301486913	4.794818946491643	4.747762123989277	8.319077317835621e6	312047.4076677164	4.007020116198649e8	867793.264841033
4.794818946491643	4.890814864396467	4.842816905444055	8.422173014981883e6	297681.06402790203	4.0912418463484675e8	834877.7232714823
4.890814864396468	4.988730700659389	4.939772782527928	8.52494854398364e6	283923.14658777975	4.176491331788304e8	803068.8730984398
4.988730700659389	5.088604853647568	5.038667777153478	8.627329532091653e6	270749.5516117488	4.2627646271092206e8	772336.501351708
5.088604853647569	5.190476489695512	5.13954067167154	8.729240846785797e6	258137.14256415312	4.3500570355770785e8	742650.806796551
5.190476489695511	5.294385558464413	5.242431024079962	8.83084773199436e6	246070.4206109063	4.438365512897022e8	713982.8169599468
5.294385558464413	5.400372808608692	5.347379183536552	8.93243446377669e6	234536.35449296513	4.527689857534789e8	686304.4825786753
5.400372808608693	5.508479803755858	5.454426306182276	9.034071137077326e6	223515.41078993527	4.6180305689055634e8	659588.2487809261
5.508479803755859	5.618748938805967	5.563614371280913	9.135275562540071e6	212975.4591836511	4.709383324530964e8	633806.2992304912
5.618748938805966	5.731223456557077	5.6749861976815215	9.235684853128837e6	202890.29158388285	4.8017401730622524e8	608930.9130219566
5.7312234565570765	5.845947464663209	5.788585460610143	9.335062987051712e6	193238.63577643633	4.8950908029327697e8	584934.7440077983
5.845947464663211	5.962965952931467	5.904456708797339	9.433629438090041e6	184009.55076712396	4.98942709731367e8	561791.3954267947
5.962965952931466	6.082324810965086	6.022645381948276	9.531930640304951e6	175197.35907891873	5.084746403716719e8	539475.6687924728
6.082324810965086	6.204070846159379	6.143197828562233	9.630403009106534e6	166792.51400929087	5.1810504338077843e8	517963.2712312238
6.20407084615938	6.328251802057558	6.266161324108468	9.728248172189837e6	158764.14230737116	5.2783329155296826e8	497229.53206811263
6.328251802057558	6.4549163770737	6.3915840895656295	9.824811149642337e6	151087.29635854697	5.376581027026106e8	477249.766625189
6.454916377073701	6.584114243590166	6.519515310331934	9.91727506571277e6	143708.45525315887	5.475753777683234e8	457997.6277029038
6.584114243590165	6.71589606743696	6.650005155513563	1.0013299291253503e7	136726.7979506325	5.575886770595769e8	439454.0153430464
6.715896067436961	6.850313527760691	6.783104797598826	1.0107508030056298e7	130049.07867611317	5.676961850896332e8	421595.55153595045
6.85031352776069	6.987419337290895	6.9188664325257925	1.0201002115769282e7	123678.1588392625	5.778971872054025e8	404400.37443761545
6.987419337290895	7.127267263011704	7.057343300151299	1.02941379590725e7	117605.43488154562	5.88191325164475e8	387847.3889966439
7.127267263011705	7.269912147246929	7.198589705129317	1.0386174141360583e7	111809.95752239488	5.985774993058356e8	371915.5100543968
7.269912147246929	7.4154099291668585	7.342661038206893	1.0477561952332223e7	106285.20881952732	6.090550612581679e8	356584.4946378748
7.415409929166858	7.5638176667251855	7.489613797946022	1.0568605695562966e7	101022.52727569765	6.196236669537307e8	341834.7695469689
7.5638176667251855	7.71519355903468	7.639505612879933	1.065899428805885e7	96007.44919362493	6.302826612417896e8	327647.05775127816
7.715193559034678	7.869596969190362	7.79239526411252	1.0749260500959536e7	91233.78217320658	6.410319217427491e8	314002.8386046969
7.869596969190363	8.027088447549161	7.948342708369762	1.0838915799399655e7	86686.51455848111	6.518708375421487e8	300883.79513147793
8.027088447549161	8.187729755475134	8.107409101512147	1.0927521282055747e7	82352.38490359669	6.627983588242044e8	288271.90323187097
8.187729755475134	8.351583889559627	8.26965682251738	1.101560167667514e7	78226.11702284869	6.738139605008795e8	276149.87556920777
8.351583889559627	8.51871510632581	8.435149497942719	1.1102953060148995e7	74297.00185670267	6.849169135610285e8	264500.8054464494
8.51871510632581	8.689188947427317	8.603952026876563	1.1189729036692027e7	70557.27368381497	6.961066425977205e8	253308.31464896424
8.689188947427317	8.863072265350853	8.776130606389085	1.1270647539825412e7	66966.98143258755	7.07377290137546e8	242554.6654930666
8.863072265350853	9.04043324963286	8.951752757491857	1.1353022117093172e7	63564.284882408145	7.187303122546391e8	232225.34699038742
9.04043324963286	9.221341453600507	9.130887351616684	1.1435392746830879e7	60331.31377990712	7.3016570500147e8	222305.65508210196
9.221341453600507	9.405867821647508	9.313604637624007	1.151790626197072e7	57260.53999778363	7.416836112634407e8	212781.3005813813
9.405867821647508	9.594084717055448	9.499976269351478	1.15987984790799e7	54335.702529001646	7.532824097425206e8	203637.88124152645
9.594084717055447	9.786065950371546	9.690075333713496	1.1678604910339009e7	51552.98452266946	7.649610146528596e8	194861.60636799905
9.786065950371546	9.981886808353966	9.883976379362757	1.1758600725076433e7	48911.30243575829	7.76719615377936e8	186439.4192083848
9.981886808353966	10.181624083496034	10.081755445925001	1.1838607201799156e7	46402.89798504726	7.885582225797352e8	178358.56938157446
10.181624083496034	10.385356104140945	10.28349009381849	1.1918299404156804e7	44019.98212310735	8.004765219838922e8	170606.5933909987
10.385356104140945	10.593162765198754	10.48925943466985	1.1997696968814537e7	41756.55886387519	8.124742189527067e8	163171.40150687218
10.593162765198754	10.805125559477718	10.699144162338236	1.2070538386035178e7	39586.29515990481	8.245447573387419e8	156040.08264206996
10.805125559477718	11.021327609642261	10.91322658455999	1.2143452427948497e7	37527.70062282994	8.366882097666904e8	149201.53932287125
11.021327609642261	11.241853700810095	11.131590655226178	1.2216790392850349e7	35576.12318111425	8.489050001595408e8	142645.04646566158
11.241853700810095	11.466790313801287	11.35432200730569	1.2289468590965182e7	33723.02091313073	8.611944687505059e8	136360.00540762433
11.466790313801285	11.696225659052299	11.581507986426793	1.2361564837251559e7	31963.831951433476	8.735560335877575e8	130336.166248691
11.6962256590523	11.930249711208337	11.813237685130318	1.2433692849634293e7	30295.469584188246	8.859897264373918e8	124563.69281986896
11.930249711208337	12.168954244407493	12.049601977807914	1.2505847626931269e7	28713.292581699297	8.984955740643231e8	119033.04908669018
12.168954244407491	12.41243286827063	12.290693556339061	1.2578004944470787e7	27212.852959604894	9.110735790087938e8	113734.99295927204
12.41243286827063	12.660781064611031	12.53660696644083	1.2644717868055241e7	25778.88006907086	9.23718296876849e8	108659.93484383642
12.66078106461103	12.914096224878238	12.787438644744633	1.2709953225714512e7	24416.959247188093	9.364282501025636e8	103799.16107136552
12.91409622487824	13.172477688350792	13.043286956614516	1.2776174661356147e7	23128.172760839963	9.492044247639197e8	99144.52349726093
13.172477688350792	13.436026781092796	13.304252234721794	1.284107916683752e7	21904.583116173504	9.620455039307573e8	94687.88641680882
13.436026781092798	13.704846855689642	13.570436818391219	1.2905858369264394e7	20745.00182259159	9.749513623000216e8	90421.51524269873
13.70484685568964	13.97904333177842	13.84194509373403	1.2971412059450546e7	19647.490026153104	9.879227743594722e8	86338.01004653685
13.979043331778422	14.258723737388978	14.1188835345837	1.3037295245974295e7	18608.042246548743	1.0009600696054463e9	82430.16699299292
14.258723737388976	14.543997751111744	14.401360744250361	1.309833354528171e7	17616.624986877152	1.0140584031507281e9	78690.61921376364
14.543997751111744	14.834977245108966	14.689487498110356	1.3157157541089624e7	16674.86544048215	1.0272155606918178e9	75112.5189930526
14.834977245108968	15.131776328986135	14.98337678704755	1.3216191054335264e7	15783.389930865693	1.040431751746153e9	71689.45004684952
15.131776328986136	15.434511394540847	15.283143861763492	1.3275760040073568e7	14939.883105193692	1.0537075117862265e9	68415.23289042799
15.434511394540843	15.743301161406647	15.588906277973745	1.3335949561892625e7	14141.832482900169	1.0670434613481191e9	65283.89979026318
15.743301161406647	16.058266723609766	15.900783942508205	1.3396038706486607e7	13386.04206610147	1.0804395000546057e9	62289.64310001212
16.05826672360977	16.37953159705695	16.218899160333358	1.3455572676991949e7	12669.869224089252	1.0938950727315977e9	59426.8379410797
16.37953159705695	16.707221767973074	16.54337668251501	1.350181444634607e7	11979.986808215594	1.1073968871779437e9	56689.41521008999
16.707221767973074	17.041465742307523	16.8743437551403	1.3556736424442021e7	11334.796259781398	1.1209536236023858e9	54072.71776788404
17.041465742307526	17.382394596128663	17.211930169218093	1.3611342307419568e7	10723.930322568234	1.1345649659098053e9	51571.759163728144
17.382394596128663	17.730142027026222	17.55626831157744	1.366555767115705e7	10145.53484978609	1.1482305235809624e9	49181.73378879443
17.730142027026222	18.084844406541734	17.907493216783976	1.3720457980610428e7	9598.665394127904	1.1619509815615728e9	46898.05891801315
18.08484440654173	18.44664083364755	18.265742620094642	1.3770166546286259e7	9077.707584804182	1.1757211481078591e9	44716.09242088078
18.446640833647553	18.81567318929549	18.631157011471522	1.3815694505829189e7	8582.31719826124	1.1895368426136882e9	42631.44023467627
18.81567318929549	19.192086192056387	19.003879690675937	1.3862493219356105e7	8114.618791735426	1.2033993358330443e9	40640.08447372405
19.192086192056387	19.5760274548725	19.38405682346444	1.3912093757773452e7	7673.867496845346	1.217311429590818e9	38738.196172925294
19.5760274548725	19.967647542944935	19.771837498908717	1.396232091707745e7	7257.290840793113	1.2312737505078955e9	36922.007405640004
19.967647542944935	20.36710003277882	20.167373787861877	1.4011541395240549e7	6862.747563015597	1.245285291903136e9	35187.84417369087
20.367100032778815	20.774541572409376	20.570820802594096	1.4047690908652348e7	6483.542093719658	1.2593329828117883e9	33531.858240268644
20.77454157240938	21.19013194283255	20.982336757620963	1.4090895631042501e7	6128.318868181254	1.2734238784428308e9	31950.92216178735
21.19013194283255	21.614034120664186	21.40208303174837	1.4135991113526432e7	5793.279273694983	1.2875598695563571e9	30441.86984111753
21.61403412066419	22.046414342052458	21.830224231358322	1.4181662662070194e7	5476.724266643303	1.3017415322184274e9	29001.61988097537
22.046414342052458	22.48744216786849	22.266928254960476	1.4227737526689822e7	5177.560381616871	1.3159692697451172e9	27627.20562979161
22.48744216786849	22.937290550200846	22.712366359034668	1.425989057202591e7	4889.913746902348	1.3302291603171432e9	26315.49277664922
22.937290550200842	23.396135900179843	23.166713225190342	1.4298670635921367e7	4620.366444757011	1.3445278309530647e9	25063.90760445995
23.396135900179846	23.86415815715843	23.630147028669136	1.4339702381854909e7	4366.331674142415	1.3588675333349197e9	23869.875690529167
23.86415815715842	24.341540859276574	24.102849508217496	1.438097337083324e7	4126.29966413172	1.3732485067057528e9	22730.884078622094
24.341540859276574	24.828471215437087	24.58500603735683	1.441741299949678e7	3898.125256071099	1.3876659197052495e9	21644.441075543575
24.82847121543709	25.325140178720815	25.076805697078953	1.4447969396282181e7	3681.0464750269075	1.4021138891015317e9	20608.15481679322
25.32514017872082	25.83174252127022	25.57844134999552	1.448369628620654e7	3477.2827143661502	1.4165975853877382e9	19619.8994954257
25.831742521270215	26.348476910670602	26.090109715970407	1.4520455600085558e7	3285.0123487986702	1.4311180409878237e9	18677.566888602752
26.348476910670605	26.875545987859	26.612011449264802	1.4557500816304155e7	3103.4147674985547	1.445675541804128e9	17779.123088352582
26.875545987858995	27.413156446591156	27.144351217225076	1.4582483927652745e7	2929.4143547085478	1.4602580257317808e9	16922.47412567015
27.41315644659116	27.961519114497964	27.68733778054456	1.4613627274570726e7	2766.3280943552613	1.4748716530063515e9	16105.838209562588
27.961519114497964	28.520849035762904	28.241184075130434	1.4647577862756502e7	2612.810422042564	1.489519230869108e9	15327.458741968714
28.52084903576291	29.09136555545315	28.80610729560803	1.4682953024604455e7	2468.038767309304	1.5042021838937125e9	14585.63303327017
29.091365555453145	29.67329240553719	29.382328980495167	1.4707435629495433e7	2329.550161394644	1.518909619523208e9	13878.614560931648
29.67329240553719	30.266857792622915	29.970075099080052	1.4734121814851413e7	2199.1556378441483	1.5336437413380594e9	13204.862051987564
30.266857792622922	30.87229448745036	30.56957614003664	1.4763999637625484e7	2076.5021853998232	1.548407740975685e9	12562.902802616685
30.872294487450354	31.48983991617434	31.181067201812347	1.4795487447230704e7	1960.8950785028271	1.5632032284229157e9	11951.30900867064
31.489839916174343	32.11973625347281	31.804788084823578	1.4816126552908193e7	1850.3612459001802	1.5780193549758239e9	11368.62143111631
32.11973625347281	32.762230517517246	32.44098338549503	1.4840155358625459e7	1746.4538433923456	1.5928595103344493e9	10813.554623924172
32.762230517517246	33.41757466684257	33.08990259217991	1.4868947623341694e7	1648.905506556992	1.607728457957791e9	10284.881887246103
33.41757466684257	34.0860256991544	33.75180018299848	1.4899702192164388e7	1557.005146026898	1.6226281601499555e9	9781.40628064516
34.086025699154405	34.76784575211247	34.42693572563344	1.4916042720586367e7	1468.8013123227392	1.6375442028705418e9	9301.887354402656
34.767845752112464	35.46330220612969	35.11557397912108	1.4938433283007601e7	1386.1540807540382	1.6524826361535494e9	8845.263529427602
35.4633022061297	36.17266778922727	35.81798499767848	1.4964493173701769e7	1308.4753318240914	1.6674471293272512e9	8410.500551367433
36.17266778922727	36.89622068398679	36.53444423660703	1.4988268893132746e7	1234.9578103464564	1.6824353982203836e9	7996.577272728336
36.8962206839868	37.63424463664151	37.265232660314155	1.5005109692913996e7	1165.0296669430204	1.6974405079132977e9	7602.4984756591575
37.634244636641505	38.387029068349314	38.01063685249541	1.5026838262167683e7	1099.4174661218447	1.7124673461754653e9	7227.368274526448
38.387029068349314	39.15486918869128	38.7709491285203	1.5051886808094531e7	1037.7272441424843	1.7275192329835598e9	6870.319747064326
39.15486918869128	39.93806611144008	39.54646765006568	1.5066079685103752e7	978.7906986129758	1.7425853126686635e9	6530.46859549819
39.93806611144008	40.73692697264386	40.33749654204197	1.5083947682724027e7	923.4256469592572	1.7576692603513875e9	6207.028717154266
40.736926972643865	41.55176505107172	41.14434601185779	1.5105653644519683e7	871.4125713624397	1.772774913995907e9	5899.246700783785
41.55176505107172	42.38289989106813	41.96733247106992	1.512376338276241e7	822.1320840116084	1.7878986773786695e9	5606.376873970237
42.38289989106812	43.23065742786446	42.80677865946629	1.5136514429677768e7	775.3629901366883	1.8030351918083472e9	5327.703825818756
43.23065742786446	44.09537011539672	43.66301377163059	1.5154052852299195e7	731.4851102760771	1.8181892446606464e9	5062.575329817314
44.09537011539672	44.97737705667963	44.536373586038174	1.5172062900750697e7	690.110874194163	1.833361307561397e9	4810.354432212727
44.977377056679636	45.8770241367882	45.42720059673392	1.5177907146371199e7	650.5545359914853	1.8485392147077682e9	4570.40137076512
45.8770241367882	46.79466415849894	46.33584414764357	1.5181470881191876e7	613.1733731408801	1.8637206855889602e9	4342.133901991175
46.79466415849895	47.7306569806439	47.26266056957142	1.5147752162325252e7	576.5212012857043	1.8788684377512853e9	4124.9199525033555
47.73065698064389	48.685369659231746	48.20801331993782	1.497945719373152e7	537.2307459851645	1.8938478949450169e9	3917.969678491793
48.685369659231746	49.65917659139136	49.17227312531155	1.455176692058898e7	491.7883536826013	1.9083996618656058e9	3720.336123863237
49.65917659139135	50.65245966219415	50.15581812679275	1.3669702111828716e7	435.3307263083378	1.9220693639774349e9	3530.8464321315832
50.652459662194154	51.665608394413006	51.15903402830358	1.2164501991870126e7	365.0500392257147	1.934233865969305e9	3348.233444617104
51.66560839441301	52.69902010127625	52.18231424784463	1.0054758422738198e7	284.33317469062183	1.9442886243920434e9	3171.498469796658
52.69902010127624	53.753100042276735	53.22606007177649	7.558598487929914e6	201.41649312973175	1.9518472228799732e9	3000.175527053743
53.753100042276735	54.82826158209724	54.29068081218699	5.065119620209845e6	127.18659845569624	1.956912342500183e9	2834.4534878542186
54.82826158209724	55.92492635271416	55.3765939674057	2.982700201975057e6	70.57634660201039	1.9598950427021582e9	2675.0255999725014
55.92492635271416	57.04352441874341	56.484225385728784	1.5224060199494427e6	33.94517221449567	1.9614174487221076e9	2522.681218305777
57.04352441874342	58.184494446093254	57.614009432418335	666691.2195684307	14.00781002855333	1.9620841399416761e9	2377.974660240208
58.184494446093254	59.348283873990084	58.76638916004167	248854.36932935164	4.927070673297769	1.9623329943110056e9	2241.091563738461
59.348283873990084	60.53534909044485	59.94181648221747	78537.48146309248	1.4652729557626247	1.9624115317924688e9	2111.9047371047236
60.535349090444846	61.74615561122871	61.14075235083678	20822.953505307505	0.366085024809876	1.962432354745974e9	1990.106494320096
61.74615561122872	62.981178262428266	62.363666936828494	4599.113813567054	0.07619244144895995	1.9624369538597877e9	1875.3173010913504
62.98117826242826	64.2409013666518	63.61103981454003	836.8245004618732	0.013063821730690029	1.9624377906842883e9	1767.1459163190275
64.2409013666518	65.5258189329598	64.8833601498058	123.96865886818735	0.0018236685710160125	1.9624379146529472e9	1665.2135817422172
65.5258189329598	66.83643485059396	66.18112689177687	14.641509685488762	0.0002029635489269308	1.962437929294457e9	1569.1609507361984
66.83643485059396	68.1732630865808	67.50484896858738	1.3444986859593917	1.7562679464621352e-5	1.9624379306389556e9	1478.6489344984798
68.17326308658079	69.53682788728737	68.85504548693407	0.09223678343048881	1.1353578616631308e-6	1.9624379307311916e9	1393.3579323848141
69.53682788728739	70.9276639840081	70.23224593564774	0.004441399715970021	5.151654586343739e-8	1.9624379307356331e9	1312.9867718055125
70.92766398400809	72.34631680266321	71.63699039333565	0.00013374839659866775	1.4618867774988498e-9	1.962437930735767e9	1237.2516531386896
72.34631680266322	73.79334267769146	73.06982974017734	1.8885925094390039e-6	1.9451886106772168e-11	1.9624379307357688e9	1165.885148248681
