-0.0	9.953897499377266e-5	4.976948749688633e-5	0.02095988740348155	5.073653955422432e9	0.02095988740348155	5.073653955422432e9
9.953897499377266e-5	0.0002010687294874207	0.00015030385224059668	0.10206092150693932	3.4112095280197725e9	0.12302080891042087	3.612903550859052e9
0.00020106872948742058	0.0003046290790709416	0.00025284890427918107	0.2255870581343099	2.673988854459717e9	0.3486078670447308	2.9439776027251754e9
0.0003046290790709413	0.00041026063564613265	0.000357444857358537	0.37779473968547955	2.2114905191979003e9	0.7264026067302103	2.5113615398391147e9
0.0004102606356461331	0.0005180048233528283	0.0004641327294994807	0.5517766365378786	1.8833422373118055e9	1.278179243268089	2.1953397465791397e9
0.0005180048233528287	0.0006279038948136577	0.0005729543590832433	0.743684780107874	1.6353678563695467e9	2.021864023375963	1.9497718882361054e9
0.0006279038948136573	0.0007400009477037028	0.0006839524212586801	0.9514153474459425	1.4405994129055762e9	2.9732793708219054	1.7516618868698823e9
0.000740000947703703	0.0008543399416515495	0.0007971704446776262	1.173910522303612	1.2834663371064541e9	4.147189893125518	1.5877173108949375e9
0.0008543399416515493	0.0009709657154783526	0.0009126528285649509	1.4108001838500952	1.154142164790121e9	5.557990076975613	1.4494975034170256e9
0.0009709657154783523	0.0010899240047816917	0.001030444860130022	1.6622015749371661	1.0460381881186532e9	7.220191651912779	1.3312863011288238e9
0.0010899240047816917	0.0012112614598710977	0.0011505927323263946	1.9284926553925805	9.544818881388791e8	9.14868430730536	1.2290126002594173e9
0.0012112614598710973	0.0013350256640622914	0.0012731435619666943	2.2102420777730214	8.76068960433792e8	11.35892638507838	1.1396718785205872e9
0.0013350256640622922	0.00146126515233731	0.0013981454081998012	2.508174972305242	8.082637730713453e8	13.867101357383621	1.0609868420964513e9
0.0014612651523373099	0.0015900294303778282	0.001525647291357569	2.8231124009824313	7.491294987928479e8	16.690213758366053	9.911920291305585e8
0.0015900294303778277	0.0017213689939791564	0.001655699212178492	3.1559267157504003	6.971575202779669e8	19.846140474116453	9.288926441028554e8
0.0017213689939791568	0.0018553353488525118	0.0017883521714158342	3.507551451410263	6.511623927840451e8	23.353691925526714	8.729707258159974e8
0.0018553353488525112	0.0019919810308233333	0.0019236581898379223	3.8789898934229186	6.102032019569567e8	27.232681818949633	8.22519508469175e8
0.0019919810308233333	0.002131359626433572	0.0020616703286284524	4.271241001374642	5.735143787369955e8	31.503922820324277	7.767939260003872e8
0.0021313596264335728	0.002273525793956016	0.0022024427101947942	4.685343528490377	5.404746256341335e8	36.189266348814655	7.351763237776775e8
0.0022735257939560153	0.0024185352848289073	0.002346030539392461	5.122425827909247	5.1058002018267876e8	41.3116921767239	6.971513805794395e8
0.002418535284828908	0.002566444965519258	0.002492490125174083	5.583624775610992	4.8340978958043694e8	46.895316952334895	6.622851220764332e8
0.002566444965519257	0.002717312839823414	0.0026418789026713355	6.070118345149542	4.5861335930216444e8	52.96543529748443	6.302095990311562e8
0.002717312839823413	0.0028711980716136527	0.002794255455718533	6.583177420488205	4.358999169098628e8	59.54861271797264	6.00611409654433e8
0.002871198071613654	0.0030281610080396984	0.002949679539826676	7.12407132470658	4.1502010756924975e8	66.67268404267922	5.732214595739563e8
0.003028161008039698	0.0031882632031942633	0.0031082121056169804	7.694167017692998	3.957647875176257e8	74.36685106037223	5.478078893511997e8
0.003188263203194263	0.0033515674422519193	0.0032699153227230913	8.294928696617685	3.779567146743771e8	82.66177975698992	5.241701114097184e8
0.0033515674422519197	0.0035181377660907292	0.0034348526041713245	8.9277280926432	3.614366162887924e8	91.58950784963312	5.0213279922495973e8
0.0035181377660907292	0.003688039496406315	0.003603088631248522	9.594210794525296	3.460758022507742e8	101.18371864415842	4.8154329128348327e8
0.0036880394964063155	0.003861339261328213	0.0037746893788672643	10.296057574444177	3.317602951465233e8	111.4797762186026	4.6226775031373096e8
0.003861339261328213	0.004038105021548549	0.003949722141438381	11.034823280775163	3.183844158871145e8	122.51459949937775	4.441875750597535e8
0.004038105021548548	0.00421840609697329	0.004128255559260919	11.812287848357741	3.058606890006099e8	134.3268873477355	4.2719797357022756e8
0.00421840609697329	0.004402313193906526	0.004310359645439908	12.630424831535773	2.9411468657691646e8	146.95731217927127	4.11206320936141e8
0.004402313193906526	0.004589898432778427	0.004496105813342477	13.491228410704924	2.830785287592079e8	160.4485405899762	3.961301840328789e8
0.004589898432778428	0.004781235376427767	0.004685566904603098	14.396684790501961	2.726899717560947e8	174.84522538047813	3.818957236798224e8
0.0047812353764277666	0.0049763990589500925	0.00487881721768893	15.348782733064537	2.628924211649957e8	190.19400811354265	3.684364792873386e8
0.004976399058950093	0.005175466015122866	0.0050759325370364795	16.349845022101995	2.5363971579621714e8	206.54385313564464	3.5569297017438257e8
0.005175466015122865	0.005378514310419092	0.005276990162770979	17.402289850282912	2.4488999203696156e8	223.94614298592757	3.436117388638077e8
0.005378514310419092	0.005585623571621245	0.005482068941020169	18.508543063524655	2.3660407090599495e8	242.45468604945222	3.321444350548673e8
0.005585623571621245	0.00579687501804744	0.0056912492948343425	19.671176077720833	2.287471492460504e8	262.12586212717304	3.2124727439727557e8
0.005796875018047441	0.00601235149340216	0.0059046132557248	20.89281984828083	2.2128716446115547e8	283.0186819754539	3.108804470797763e8
0.00601235149340216	0.006232137498263974	0.006122244495833067	22.176272228282933	2.1419565980054006e8	305.1949542037368	3.010077381123709e8
0.006232137498263972	0.006456319223223022	0.006344228360743497	23.524536862416966	2.074475019179472e8	328.71949106615375	2.915962003970781e8
0.006456319223223021	0.006684984582681251	0.006570651902952136	24.940701414997687	2.010192607769674e8	353.66019248115146	2.826157360088297e8
0.006684984582681254	0.006918223249328648	0.0068016039160049505	26.42795449308109	1.9488925928411168e8	380.08814697423253	2.7403876373548687e8
0.006918223249328647	0.00715612668930899	0.007037174969318818	27.98966764614832	1.8903799249509045e8	408.0778146203809	2.6583999114992952e8
0.00715612668930899	0.007398788198088939	0.007277457443698964	29.629379542524603	1.834476757218579e8	437.70719416290547	2.5799618853014255e8
0.007398788198088939	0.007646302937044488	0.0075225455675667135	31.35080175971271	1.7810203797729445e8	469.05799592261815	2.5048598621515644e8
0.007646302937044487	0.007898767970779146	0.007772535453911817	33.15781960363347	1.7298611996286312e8	502.2158155262516	2.4328969083573008e8
0.007898767970779147	0.0081562823051885	0.008027525137983823	35.05446431339008	1.6808597291592455e8	537.2702798396417	2.3638910730227286e8
0.0081562823051885	0.00841894692628604	0.008287614615737269	37.04499143854238	1.633889217626645e8	574.3152712781841	2.2976741598388243e8
0.00841894692628604	0.00868686483980553	0.008552905883045785	39.13377397796326	1.5888292226393554e8	613.4490452561474	2.234090144099522e8
0.008686864839805528	0.008960141111595408	0.008823502975700469	41.32535516096961	1.545567651132128e8	654.774400417117	2.172994035355143e8
0.008960141111595408	0.009238882908821085	0.009099512010208246	43.624736034983954	1.5040098765833777e8	698.399136452101	2.1142517336384997e8
0.009238882908821085	0.009523199541991274	0.00938104122540618	46.03714018493919	1.4640667403491297e8	744.4362766370401	2.0577388924512842e8
0.009523199541991274	0.009813202507824869	0.009668201024908072	48.56759666049317	1.4256417488747886e8	793.0038732975333	2.0033388619337255e8
0.00981320250782487	0.010109005532975137	0.009961104020400003	51.21865466355953	1.3885733547146612e8	844.2225279610929	1.9509360104102474e8
0.010109005532975134	0.010410724618628405	0.01025986507580177	53.96688128053365	1.352072804705777e8	898.1894092416265	1.9003624663866267e8
0.010410724618628405	0.010718478085994741	0.010564601352311572	56.812108024392614	1.3161068426365972e8	955.0015172660192	1.8514674409905776e8
0.010718478085994743	0.011032386622708406	0.010875432354351573	59.82381325227413	1.2821471987474664e8	1014.8253305182933	1.8042398491285366e8
0.011032386622708406	0.011352573330156341	0.011192479976432374	62.98782858173978	1.2495717706336616e8	1077.813159100033	1.7586196635762948e8
0.011352573330156343	0.011679163771753237	0.01151586855095479	66.30627439942921	1.218200539165357e8	1144.1194334994623	1.714539551083768e8
0.011679163771753237	0.01201228602218207	0.011845724896967653	69.79122929798915	1.1880519655741397e8	1213.9106627974513	1.6719416752850306e8
0.012012286022182067	0.012352070717619476	0.012182178369900772	73.44336038552332	1.1589395918685678e8	1287.3540231829747	1.6307601003600976e8
0.01235207071761948	0.012698651106965636	0.012525360912292557	77.26745122144578	1.130770659595279e8	1364.6214744044205	1.590929073288831e8
0.012698651106965634	0.013052163104098714	0.012875407105532175	81.28150534964125	1.1036427014078936e8	1445.9029797540618	1.5523979719981325e8
0.013052163104098714	0.013412745341174455	0.013232454222636584	85.48934815772445	1.077432667970766e8	1531.392327911786	1.5151122887474498e8
0.013412745341174457	0.013780539222991713	0.013596642282083085	89.89977777560775	1.0520937219964555e8	1621.2921056873938	1.4790199228555807e8
0.013780539222991713	0.014155688982445314	0.013968114102718514	94.5196185103202	1.0275566416826113e8	1715.811724197714	1.4440691343976325e8
0.014155688982445312	0.014538341737087986	0.014347015359766648	99.36093322403192	1.0038113067770039e8	1815.172657421746	1.4102129948365113e8
0.014538341737087988	0.014928647546823513	0.01473349464195575	104.43269698329644	9.808095313663734e7	1919.6053544050424	1.3774059316175973e8
0.014928647546823513	0.01532675947275375	0.01512770350978863	109.74843017977243	9.58544308354445e7	2029.3537845848148	1.345606668191328e8
0.01532675947275375	0.01573283363720259	0.01552979655497817	115.31773167338714	9.369676379420573e7	2144.671516258202	1.3147746548857948e8
0.01573283363720259	0.01614702928494041	0.015939931461071498	121.15186371332918	9.16046182027097e7	2265.823379971531	1.2848710550999849e8
0.016147029284940405	0.016569508845632977	0.01635826906528669	127.26425907434971	8.957607986526684e7	2393.0876390458807	1.2558595964885181e8
0.016569508845632984	0.01700043799753941	0.016784973421586198	133.66788056299222	8.760848161984402e7	2526.755519608873	1.2277057273000875e8
0.017000437997539405	0.01743998573248396	0.017220211865011683	140.37629571618695	8.569930653186086e7	2667.13181532506	1.2003765281736614e8
0.01743998573248396	0.017888324422127407	0.017664155077305684	147.40227024743447	8.38453609208517e7	2814.5340855724944	1.1738400293291394e8
0.017888324422127403	0.018345629885563715	0.01811697715384556	154.76350122395903	8.20460656785979e7	2969.2975867964533	1.1480669987437035e8
0.01834562988556372	0.018812081458268758	0.018578855671916236	162.4744671651675	8.029859779666582e7	3131.7720539616207	1.1230290311655697e8
0.018812081458268758	0.0192878620624279	0.01904997176034833	170.54820855854652	7.859941570915167e7	3302.320262520167	1.0986979279245365e8
0.019287862062427896	0.019773158278670218	0.019530510170549055	179.00705209398015	7.694915419771942e7	3481.3273146141473	1.0750486544448753e8
0.019773158278670218	0.020268160419237388	0.020020659348953803	187.87312800547474	7.534750042036098e7	3669.2004426196227	1.0520583531026006e8
0.020268160419237388	0.0207730626026159	0.020520611510926642	197.16301127407584	7.379141248340055e7	3866.3634538936985	1.0297041853931062e8
0.0207730626026159	0.02128806282966198	0.021030562716138942	206.89984255713867	7.228020685986717e7	4073.263296450837	1.007964982392356e8
0.02128806282966198	0.021813363061248984	0.021550712945455484	217.11173771754684	7.081431532440822e7	4290.3750341683835	9.868218660523638e7
0.021813363061248984	0.022349169297467726	0.022081266179358357	227.82235571281592	6.93920080708668e7	4518.197389881199	9.662565145717031e7
0.02234916929746773	0.022895691658410846	0.022622430477939288	239.0416021621413	6.800738016746867e7	4757.238992043341	9.462481805062546e7
0.022895691658410842	0.02345314446657282	0.023174418062491833	250.80295209497146	6.6661649717948176e7	5008.041944138312	9.26778845481844e7
0.02345314446657282	0.024021746330898038	0.02373744539873543	263.1338508189576	6.535365107866468e7	5271.175794957269	9.078313193393663e7
0.024021746330898045	0.02460172023250977	0.024311733281703905	276.0454592475394	6.407813332489146e7	5547.221254204809	8.893863354598798e7
0.02460172023250977	0.025193293612153726	0.024897506922331746	289.5688894580962	6.283494780827427e7	5836.790143662905	8.714262242915094e7
0.025193293612153722	0.02579669845939056	0.02549499603577214	303.7410557663476	6.1624678962104455e7	6140.531199429253	8.539352698544389e7
0.02579669845939056	0.026412171403572132	0.026104434931481346	318.57417793345456	6.044258492998551e7	6459.105377362708	8.36895898851343e7
0.026412171403572136	0.02703995380663734	0.02672606260510474	334.108759273365	5.928965569863417e7	6793.214136636073	8.2029272395171e7
0.02703995380663734	0.027680291857763845	0.027360122832200594	350.3925170633393	5.8167411809500664e7	7143.606653699412	8.041127140666641e7
0.027680291857763845	0.028333436669912882	0.028006864263838364	367.4387592714631	5.707119476902098e7	7511.045412970875	7.883408180522694e7
0.028333436669912882	0.0289996443783049	0.028666540524108892	385.2893709183022	5.600120778509446e7	7896.334783889177	7.729633940564096e7
0.028999644378304903	0.02967917624086476	0.029339410309584833	403.9965378930537	5.495861490813779e7	8300.331321782232	7.579687328637703e7
0.02967917624086476	0.030372298740675815	0.03002573749077029	423.57278550096595	5.393883176798087e7	8723.904107283199	7.4334304969031e7
0.030372298740675818	0.031079283690483094	0.030725791215579456	444.06481095352547	5.2942081973522045e7	9167.968918236724	7.290738488990566e7
0.031079283690483087	0.03180040833928651	0.031439846014884795	465.55568197004925	5.197225575814111e7	9633.524600206772	7.151522534532763e7
0.03180040833928651	0.032535955481066	0.03216818191017626	488.0500601946881	5.102371083192586e7	10121.57466040146	7.015663950693813e7
0.032535955481066005	0.03328621356568108	0.032911084523373546	511.59201069862553	5.009564935134319e7	10633.166671100085	6.883048442812325e7
0.03328621356568108	0.03405147681198846	0.03366884518883477	536.2717256746994	4.919138406699755e7	11169.438396774785	6.753592801095687e7
0.03405147681198846	0.03483204532322199	0.03444176106760523	562.0947855413707	4.830581093070023e7	11731.533182316156	6.627187127305923e7
0.03483204532322199	0.03562822520468019	0.03523013526395109	589.1264904079069	4.743953061222344e7	12320.659672724063	6.503734227943033e7
0.03562822520468018	0.036440328683767544	0.03603427694422386	617.4791749840764	4.659626156104184e7	12938.13884770814	6.3831689800062574e7
0.036440328683767544	0.037268674232436655	0.036854501458102096	647.134607465746	4.576925621037969e7	13585.273455173887	6.265387612191981e7
0.037268674232436655	0.03811358669207914	0.0376911304622579	678.1886131426302	4.4960631475113906e7	14263.462068316518	6.150308234617266e7
0.03811358669207915	0.03897539740091449	0.03854449204649682	710.7503640066709	4.417256257801531e7	14974.21243232319	6.037869533830357e7
0.038975397400914484	0.03985444432392653	0.0394149208624205	744.7734907066415	4.3397325857866764e7	15718.985923029832	5.927965136727963e7
0.03985444432392653	0.040751072185398814	0.040302758254662674	780.4142448843584	4.263984749941266e7	16499.40016791419	5.820528595210509e7
0.040751072185398814	0.04166563260410055	0.04120835239474968	817.812010907432	4.190278529374811e7	17317.212178821625	5.71551578759297e7
0.04166563260410054	0.042598484231176306	0.042132058417638424	856.8853140679216	4.117723351283153e7	18174.097492889538	5.6128289337456726e7
0.04259848423117632	0.0435499928907936	0.04307423856098496	897.8323338958286	4.046874671195809e7	19071.929826785366	5.5124132186072014e7
0.043549992890793594	0.04452053172360322	0.04403526230719841	940.757986314866	3.977739862408388e7	20012.687813100234	5.414218562749847e7
0.044520531723603214	0.04551048133306903	0.04501550652833612	985.6057579588444	3.909655528722909e7	20998.29357105908	5.318156428921612e7
0.045510481333069036	0.04652022993472417	0.0460153556338966	1032.6722216571395	3.843407010937944e7	22030.96579271622	5.2241948765968345e7
0.04652022993472417	0.047550173508412404	0.04703520172156829	1081.9472491115148	3.778499907629951e7	23112.913041827735	5.13227309915447e7
0.04755017350841241	0.04860071595357441	0.048075444730993414	1133.4539839972024	3.714638222786392e7	24246.367025824937	5.0423160608021475e7
0.04860071595357442	0.04967226924763966	0.04913649260060704	1187.5308301260832	3.652546355538091e7	25433.89785595102	4.954300109882084e7
0.04967226924763965	0.05076525360758619	0.05021876142761292	1244.0249402588345	3.591336819206209e7	26677.922796209856	4.868147424609649e7
0.0507652536075862	0.05188009765473167	0.051322675631158936	1303.168179871924	3.531350522954248e7	27981.09097608178	4.783807325804982e7
0.051880097654731665	0.05301723858282005	0.052448668118775854	1365.2774581508256	3.4730483099670105e7	29346.36843423261	4.7012618968453206e7
0.05301723858282006	0.05417712232947021	0.05359718045614513	1430.1265539715455	3.415460818005293e7	30776.494988204155	4.620433765312829e7
0.0541771223294702	0.055360203751053355	0.054768663040261775	1498.0499872203022	3.359082268692606e7	32274.54497542446	4.541282084309256e7
0.055360203751053355	0.05656694680106817	0.05596357527606076	1569.3289506061233	3.304163924242645e7	33843.87392603058	4.463784750901511e7
0.05656694680106818	0.057797824712083286	0.057182385756575735	1643.786256638064	3.2499688045140456e7	35487.660182668646	4.387875290989888e7
0.05779782471208328	0.059053320181318696	0.05842557244670099	1721.9704657338295	3.1972604864680775e7	37209.630648402475	4.313539599352747e7
0.0590533201813187	0.06033392555993882	0.059693622870628765	1803.783066609983	3.145477544117182e7	39013.41371501245	4.2407297262987554e7
0.06033392555993882	0.06164014304613134	0.06098703430303508	1889.1838393794296	3.094263063568102e7	40902.59755439188	4.169378918161885e7
0.06164014304613134	0.06297248488204772	0.06230631396408953	1978.9735204574195	3.044624845386112e7	42881.5710748493	4.099487690542393e7
0.06297248488204771	0.06433147355468241	0.06365197921836506	2072.8386487064545	2.995707972438606e7	44954.40972355576	4.0310036580229595e7
0.06433147355468241	0.06571764200076981	0.06502455777772612	2170.9420388012577	2.947481547154123e7	47125.351762357015	3.963876171528145e7
0.06571764200076981	0.06713153381577895	0.06642458790827438	2274.193855641584	2.9008635610345915e7	49399.5456179986	3.898114888733551e7
0.06713153381577895	0.06857370346708827	0.0678526186414336	2381.7182685863436	2.8543984471690636e7	51781.263886584944	3.833639066119097e7
0.06857370346708827	0.07004471651142379	0.06930920998925602	2494.602580429553	2.8091619667571913e7	54275.86646701449	3.770439792443375e7
0.07004471651142379	0.071545149816646	0.0707949331640349	2613.099610713692	2.7650869785249617e7	56888.96607772818	3.70850474644956e7
0.071545149816646	0.07307559178797267	0.07231037080230934	2736.6608560797554	2.7213027469683837e7	59625.62693380794	3.647768980339159e7
0.07307559178797267	0.07463664259872586	0.07385611719334927	2866.5352761715476	2.6788060777454134e7	62492.162209979484	3.588233169843768e7
0.07463664259872586	0.07622891442569413	0.07543277851221	3002.320517121932	2.6368999011865463e7	65494.482727101415	3.529855295109542e7
0.07622891442569411	0.07785303168920174	0.07704097305744792	3144.2465023953305	2.5955520182917446e7	68638.72922949675	3.472594216485544e7
0.07785303168920174	0.07950963129797951	0.07868133149359063	3293.553100812855	2.5555113071186516e7	71932.28233030961	3.416457418761336e7
0.07950963129797951	0.08119936289893284	0.08035449709845618	3449.1828316638694	2.515661755257636e7	75381.46516197348	3.361383778854323e7
0.08119936289893284	0.08292288913190524	0.08206112601541904	3612.4024208739306	2.476723097303336e7	78993.86758284741	3.3073601800373968e7
0.08292288913190525	0.0846808858895371	0.08380188751072118	3784.0577375722596	2.4389690698132694e7	82777.92532041966	3.2543911472400352e7
0.08468088588953708	0.08647404258232155	0.08557746423592932	3962.7474769084233	2.401228977429845e7	86740.67279732808	3.2024096820999306e7
0.08647404258232155	0.08830306240896171	0.08738855249564163	4150.55949905705	2.3645767865297776e7	90891.23229638513	3.1514185417555064e7
0.08830306240896173	0.0901686626321347	0.08923586252054821	4347.395085808778	2.3286595082459275e7	95238.62738219391	3.101398933784446e7
0.09016866263213469	0.09207157485977112	0.09112011874595291	4552.820058263762	2.293018335966398e7	99791.44744045768	3.052305488024805e7
0.09207157485977113	0.09401254533196028	0.09304206009586571	4768.922600335006	2.2584844044592652e7	104560.37004079268	3.0041462324981127e7
0.09401254533196027	0.09599233521359321	0.09500244027277674	4994.487141117683	2.224214647148969e7	109554.85718191037	2.9568776660343613e7
0.09599233521359321	0.09801172089285881	0.09700202805322601	5230.611464112844	2.190513893541922e7	114785.46864602322	2.910477582469515e7
0.0980117208928588	0.1000714942857097	0.09904160758928425	5479.161986482577	2.157912433309151e7	120264.6306325058	2.8649573300475236e7
0.10007149428570972	0.10217246314641765	0.10112197871606368	5738.1875312821	2.125389434410994e7	126002.8181637879	2.820265918571748e7
0.10217246314641763	0.10431545138433972	0.10324395726537867	6010.067137492413	2.0936534407020204e7	132012.8853012803	2.7763984225218024e7
0.10431545138433973	0.10650129938702026	0.10540837538567999	6295.734908646002	2.0627700051936723e7	138308.6202099263	2.733354243163468e7
0.10650129938702026	0.10873086434975439	0.10761608186838732	6593.319640230593	2.0319089801086366e7	144901.9398501569	2.6910828523747537e7
0.10873086434975437	0.1110050206117432	0.10986794248074878	6906.184468282404	2.0019375195357468e7	151808.1243184393	2.6495891679176483e7
0.1110050206117432	0.11332465999897179	0.11216484030535749	7233.965902975433	1.9725006544496737e7	159042.09022141475	2.6088564992891878e7
0.11332465999897177	0.11569069217394494	0.11450767608645836	7576.013445741694	1.9432361163935505e7	166618.10366715645	2.5688474797949422e7
0.11569069217394495	0.11810404499241757	0.11689736858318125	7936.18112116665	1.9149436272797916e7	174554.28478832307	2.529575160740088e7
0.11810404499241758	0.12056566486725966	0.11933485492983861	8312.733308039442	1.8869612227902405e7	182867.0180963625	2.4910121025787912e7
0.12056566486725963	0.12307651713959854	0.12182109100342908	8706.766771045839	1.8593688124473583e7	191573.78486740834	2.453137415543832e7
0.12307651713959855	0.12563758645738424	0.1243570517984914	9121.207055001925	1.8325883981317505e7	200694.99192241026	2.4159568398375332e7
0.12563758645738424	0.12824987716152564	0.12694373180945495	9553.889099230553	1.805971858398664e7	210248.88102164082	2.379436998954724e7
0.12824987716152564	0.13091441367974987	0.12958214542063776	10007.611777406504	1.7798904574592218e7	220256.49279904732	2.343568841084239e7
0.13091441367974987	0.13363224092833859	0.13227332730404423	10484.222528574941	1.7544648926480494e7	230740.71532762225	2.3083511306439143e7
0.13363224092833859	0.13640442472189906	0.13501833282511883	10981.608612724533	1.7291526647436306e7	241722.32394034677	2.273750338491231e7
0.13640442472189906	0.13923205219133075	0.1378182384566149	11504.39949893982	1.7045246053054746e7	253226.72343928658	2.239769121979087e7
0.1392320521913308	0.14211623221015113	0.14067414220074098	12053.12033976917	1.6804418963451467e7	265279.84377905575	2.206401728154917e7
0.1421162322101511	0.14505809582934784	0.14358716401974947	12626.118167270466	1.6564984064782053e7	277905.9619463262	2.1736185809167113e7
0.14505809582934784	0.1480587967209285	0.14655844627513817	13228.679799726602	1.6332289051456615e7	291134.6417460528	2.1414238177827764e7
0.1480587967209285	0.1511195116303408	0.14958915417563465	13860.448431861862	1.6103829885733504e7	304995.09017791465	2.1098064444861695e7
0.1511195116303408	0.1542414408379413	0.15268047623414105	14520.793539140806	1.5877250345920375e7	319515.88371705543	2.0787421526662245e7
0.1542414408379413	0.15742580862969385	0.15583362473381757	15215.650937495695	1.5657412480063206e7	334731.5346545511	2.0482370657237418e7
0.15742580862969385	0.16067386377728143	0.15904983620348764	15943.928291563516	1.5441181530138183e7	350675.46294611465	2.018278330611452e7
0.16067386377728143	0.16398688002782077	0.16233037190255112	16706.497892928972	1.522780645619479e7	367381.9608390437	1.9888494473070897e7
0.16398688002782077	0.1673661566033709	0.16567651831559582	17509.129617939798	1.5020831725136936e7	384891.09045698354	1.9599559894819442e7
0.1673661566033709	0.17081301871043203	0.16908958765690146	18349.810051128927	1.4816616171646731e7	403240.90050811245	1.9315816147194084e7
0.170813018710432	0.17432881805963435	0.1725709183850332	19230.53109850789	1.4615278353918927e7	422471.4316066203	1.9037117044820074e7
0.17432881805963435	0.17791493339582073	0.17612187572772753	20157.3323667538	1.4419736720511073e7	442628.7639733741	1.876349848205873e7
0.17791493339582073	0.18157277103873085	0.1797438522172758	21127.502963581155	1.4226262054303167e7	463756.2669369553	1.8494773524308905e7
0.18157277103873087	0.1853037654344992	0.18343826823661502	22144.341204766588	1.4035679698302368e7	485900.60814172187	1.8230815673378758e7
0.18530376543449914	0.1891093797181828	0.187206572576341	23214.66069206009	1.3850663170710336e7	509115.26883378194	1.797166449725201e7
0.18910937971818284	0.19299110628754018	0.1910502430028615	24335.304367699115	1.3667587073385948e7	533450.573201481	1.7717142975087762e7
0.19299110628754018	0.19695046738828467	0.1949707868379124	25509.818058353245	1.3487093605191736e7	558960.3912598343	1.746712296464879e7
0.19695046738828464	0.20098901571104402	0.19896974154966435	26744.99386940724	1.3311235699097145e7	585705.3851292415	1.7221605546728108e7
0.20098901571104408	0.20510833500025866	0.20304867535565135	28037.75860322263	1.313689583627066e7	613743.1437324642	1.6980407827449843e7
0.20510833500025863	0.2093100406752575	0.20720918783775805	29392.464295621307	1.2964853393478561e7	643135.6080280854	1.6743404135639751e7
0.2093100406752575	0.21359578046375632	0.2114529105695069	30817.114266690412	1.2797174852189263e7	673952.7222947759	1.6510598460316902e7
0.21359578046375632	0.21796723504802512	0.21578150775589072	32309.300372108137	1.2631310737125e7	706262.022666884	1.6281844368059251e7
0.21796723504802512	0.2224261187239793	0.2201966768860022	33871.929840970275	1.2467161167663932e7	740133.9525078543	1.6056998514007153e7
0.22242611872397927	0.22697418007345255	0.2247001493987159	35513.71614166768	1.2306608693759425e7	775647.668649522	1.5836037241961839e7
0.22697418007345255	0.23161320264991528	0.22929369136168393	37233.26498482028	1.2147747196200758e7	812880.9336343423	1.5618826200736675e7
0.23161320264991528	0.23634500567790726	0.23397910416391127	39033.016622570845	1.199020603283911e7	851913.9502569131	1.5405217428847866e7
0.23634500567790728	0.2411714447664591	0.2387582252221832	40923.819693766614	1.1836082842829887e7	892837.7699506797	1.5195195411104029e7
0.24117144476645908	0.24609441263678192	0.2436329287016205	42905.88540498445	1.168404590642727e7	935743.6553556642	1.4988667350860983e7
0.24609441263678195	0.25111583986451125	0.2486051262506466	44978.46083243129	1.153274338305608e7	980722.1161880955	1.4785466647370454e7
0.25111583986451125	0.25623769563679516	0.2536767677506532	47153.831030556925	1.138422917281435e7	1.0278759472186525e6	1.4585557512758419e7
0.2562376956367951	0.2614619885245247	0.25884984208065986	49434.63418166426	1.123785420263899e7	1.0773105814003167e6	1.4388868271850014e7
0.2614619885245247	0.26679076727000883	0.2641263778972668	51819.817292147345	1.1092260049672736e7	1.129130398692464e6	1.4195251856726706e7
0.26679076727000883	0.27222612159040266	0.2695084444302057	54320.40285256151	1.094878135889031e7	1.1834508015450255e6	1.400464844821362e7
0.2722261215904027	0.2777701829972044	0.27499815229380353	56943.826860274974	1.0807730166822966e7	1.2403946284053004e6	1.3817020206859445e7
0.2777701829972044	0.28342512563214217	0.2805976543146733	59687.40359958411	1.066748027664937e7	1.3000820320048844e6	1.36322362319838e7
0.28342512563214217	0.28919316711977866	0.2863091463759604	62559.331121050665	1.0528553886292776e7	1.3626413631259352e6	1.345020414574914e7
0.28919316711977866	0.29507656943716787	0.29213486827847324	65575.02054292965	1.0392464587222928e7	1.4282163836688648e6	1.3270925902689813e7
0.2950765694371678	0.3010776398009048	0.2980771046190363	68731.14857453285	1.0257537458158096e7	1.4969475322433978e6	1.3094305247871079e7
0.30107763980090485	0.3071987315719166	0.3041381856864107	72029.5973555865	1.0123149983172715e7	1.5689771295989843e6	1.292021525822721e7
0.30719873157191663	0.3134422451783486	0.3103204883751326	75490.20945293555	9.991165520022217e6	1.64446733905192e6	1.2748645782088125e7
0.31344224517834857	0.31981062905690916	0.31662643711762883	79115.4928836214	9.860829533814725e6	1.7235828319355415e6	1.2579543155884745e7
0.3198106290569092	0.326306380613041	0.3230585048349751	82906.16026861151	9.73129285393796e6	1.806488992204153e6	1.2412807261404589e7
0.326306380613041	0.33293204720029546	0.32961921390666826	86878.30901826223	9.603560044673378e6	1.8933673012224152e6	1.2248402780810207e7
0.3329320472002955	0.33969022711929503	0.33631113715979527	91045.50250491253	9.478110564657224e6	1.9844128037273276e6	1.2086324604302654e7
0.33969022711929503	0.34658357063667455	0.3431368988779848	95407.04833070266	9.35386774414982e6	2.0798198520580302e6	1.1926505009706229e7
0.3465835706366745	0.35361478102440164	0.35009917583053807	99968.16769507137	9.230495200545315e6	2.1797880197531017e6	1.1768860678097187e7
0.35361478102440164	0.3607866156198833	0.35720069832214246	104748.73978218561	9.108974580757476e6	2.2845367595352875e6	1.1613370667429114e7
0.3607866156198833	0.3681018869072746	0.36444425126357893	109755.43049786123	8.98894923052585e6	2.394292190033149e6	1.1459994484171279e7
0.36810188690727463	0.37556346362041376	0.3718326752638442	114993.25396188727	8.869971307368917e6	2.509285443995036e6	1.1308667916233104e7
0.3755634636204137	0.3831742718678156	0.37936886774411466	120473.66293049103	8.752125333985874e6	2.629759106925527e6	1.1159335536561321e7
0.38317427186781555	0.3909372962801655	0.38705578407399055	126211.71066827844	8.635692216287056e6	2.7559708175938055e6	1.101196164651646e7
0.39093729628016555	0.3988555811807625	0.394896438730464	132217.55794814584	8.52054076319662e6	2.8881883755419515e6	1.0866505042585198e7
0.3988555811807624	0.40693223177937127	0.40289390648006684	138492.7867605906	8.406012917360015e6	3.026681162302542e6	1.0722888588235335e7
0.40693223177937127	0.4151704153899523	0.4110513235846618	145054.28732060528	8.292445000636887e6	3.1717354496231475e6	1.0581059369669005e7
0.4151704153899523	0.4235733626727449	0.4193718890313486	151929.78415008576	8.180658364839687e6	3.3236652337732334e6	1.0441015554740153e7
0.423573362672745	0.43214436890119345	0.4278588657869692	159111.51061432407	8.069457341415749e6	3.482776744387557e6	1.0302685714826308e7
0.4321443689011934	0.4408867952542109	0.43651558207770214	166606.1617012258	7.958572813257703e6	3.6493829060887825e6	1.0165986976618271e7
0.4408867952542108	0.44980407013428864	0.44534543269424975	174443.56318413722	7.8488208318208065e6	3.82382646927292e6	1.0030888965295687e7
0.4498040701342887	0.45889969051196805	0.45435188032312834	182649.8569335598	7.740659846404375e6	4.0064763262064797e6	9.897389851887835e6
0.4588996905119681	0.468177223297201	0.46353845690458456	191230.5655712292	7.63359138277559e6	4.197706891777709e6	9.765458896193303e6
0.4681772232972011	0.4776403067381387	0.4729087650176699	200175.71941411117	7.526614041706651e6	4.39788261119182e6	9.635008850402161e6
0.47764030673813856	0.4872926518478949	0.4824664792930167	209523.78763258187	7.420648422993414e6	4.607406398824402e6	9.506011260803806e6
0.48729265184789494	0.4971380438598464	0.49221534785387067	219288.9228866372	7.315584567885142e6	4.826695321711039e6	9.37843297108457e6
0.49713804385984633	0.5071803437120368	0.5021591937859415	229496.93164426857	7.211681268430411e6	5.0561922533553075e6	9.252257871709265e6
0.5071803437120368	0.517423489561271	0.5123019166366539	240142.43659425713	7.108193846512566e6	5.296334689949565e6	9.127427469758296e6
0.5174234895612712	0.5278714983274901	0.5226474939443806	251239.53107421636	7.005068308714363e6	5.547574221023781e6	9.003883591651432e6
0.5278714983274901	0.5385284672690335	0.5331999827982619	262847.5037382649	6.90344043785958e6	5.810421724762046e6	8.881637607553985e6
0.5385284672690335	0.5493985755894076	0.5439635214292206	274962.34514760715	6.802608577160523e6	6.085384069909653e6	8.760659413282173e6
0.5493985755894077	0.5604860860761894	0.5549423308327985	287607.19897493906	6.702636856743108e6	6.372991268884592e6	8.64092442504476e6
0.5604860860761894	0.5717953467727067	0.5661407164244481	300781.8875176625	6.603046855771141e6	6.6737731564022545e6	8.522381693388788e6
0.5717953467727067	0.5833307926831544	0.5775630697279306	314498.59009947354	6.50371022795186e6	6.988271746501728e6	8.40497581359371e6
0.5833307926831544	0.595096947511811	0.5892138700974827	328829.3089597905	6.405687412560295e6	7.3171010554615185e6	8.288716314584775e6
0.5950969475118111	0.6070984254370408	0.601097686474426	343783.79145733913	6.308647511945114e6	7.660884846918858e6	8.1735929465004075e6
0.6070984254370407	0.619339932920775	0.6132191791789079	359361.00631973834	6.21212667431145e6	8.020245853238596e6	8.0595691137960255e6
0.619339932920775	0.631826270554184	0.6255831017374796	375593.19619102695	6.11629385164189e6	8.395839049429623e6	7.946620202615777e6
0.631826270554184	0.6445623349402613	0.6381943027472227	392487.911170893	6.020893092446939e6	8.788326960600516e6	7.834708183242442e6
0.6445623349402613	0.65755312061406	0.6510577277771606	410078.42689263367	5.926089906474204e6	9.19840538749315e6	7.7238068859924665e6
0.65755312061406	0.6708037220013348	0.6641784213076973	428411.9019828228	5.832196482723058e6	9.626817289475974e6	7.613909825874149e6
0.6708037220013346	0.6843193354163548	0.6775615287088448	447463.5392780318	5.738523302627207e6	1.0074280828754006e7	7.504970859090967e6
0.6843193354163548	0.6981052610996754	0.6912122982580151	467249.53940588905	5.6450237774499105e6	1.0541530368159896e7	7.396943849969597e6
0.6981052610996754	0.7121669052966624	0.7051360831981689	487815.0253132611	5.551993312105432e6	1.1029345393473158e7	7.28980252988955e6
0.7121669052966624	0.7265097823775891	0.7193383438371257	509162.97673624544	5.459210832348008e6	1.1538508370209403e7	7.183509342636449e6
0.7265097823775891	0.7411395170001344	0.7338246496888617	531377.9760063537	5.367329556400166e6	1.2069886346215757e7	7.078066864003249e6
0.7411395170001344	0.7560618463151305	0.7486006816576325	554567.9811221687	5.2770777196676405e6	1.2624454327337924e7	6.973519805277404e6
0.7560618463151304	0.7712826222164265	0.7636722342657785	578666.6962762421	5.187444395118578e6	1.3203121023614166e7	6.869851600772614e6
0.7712826222164265	0.7868078136357485	0.7790452179260875	603686.4637927031	5.098294344515499e6	1.3806807487406868e7	6.767038815664086e6
0.7868078136357485	0.8026435088834569	0.7947256612596028	629782.1799515649	5.010655291812058e6	1.4436589667358434e7	6.665119032022572e6
0.8026435088834569	0.8187959180361195	0.8107197134597882	656822.5865292486	4.923172748326994e6	1.5093412253887681e7	6.564049059799e6
0.8187959180361196	0.8352713753718355	0.8270336467039776	684837.9797029702	4.835927430634276e6	1.5778250233590651e7	6.463792923522899e6
0.8352713753718353	0.8520763418542654	0.8436738586130503	714003.2499362858	4.749951002766394e6	1.6492253483526938e7	6.364376602082295e6
0.8520763418542654	0.8692174076663441	0.8606468747603048	744203.5846991638	4.66422748192721e6	1.7236457068226103e7	6.265765640440845e6
0.8692174076663441	0.8867012947946644	0.8779593512305043	775442.8812726816	4.578664111818213e6	1.8011899949498784e7	6.167922223711669e6
0.8867012947946645	0.9045348596655512	0.8956180772301079	807676.3182054774	4.492926028463183e6	1.881957626770426e7	6.070791333247882e6
0.9045348596655511	0.9227250958338555	0.9136299777497033	840849.3642347389	4.406715065396557e6	1.9660425631938998e7	5.974303878553956e6
0.9227250958338556	0.9412791367255261	0.9320021162796909	874951.0169969253	4.3200346169420555e6	2.053537664893592e7	5.8783950015279595e6
0.9412791367255261	0.96020425843503	0.950741697580278	909626.2541025255	4.231311694982005e6	2.1445002903038446e7	5.782912444369683e6
0.9602042584350299	0.9795078825787238	0.9698560705068768	944816.2892053204	4.1406616235950817e6	2.2389819192243766e7	5.687719512439392e6
0.9795078825787238	0.9991975792052916	0.9893527308920077	980583.6083299769	4.0487325812653988e6	2.3370402800573744e7	5.592725048045598e6
0.9991975792052917	1.0192810697643908	1.0092393244848412	1.0170786810320242e6	3.9564240295159505e6	2.438748148160577e7	5.497895335050238e6
1.0192810697643908	1.039766230134672	1.0295236499495313	1.0542847558319415e6	3.8638629263163363e6	2.544176623743771e7	5.403205982283361e6
1.039766230134672	1.0606610937123586	1.0502136619235154	1.0922060398558902e6	3.771251681367159e6	2.65339722772936e7	5.308645751219745e6
1.0606610937123588	1.0819738545615993	1.071317474136979	1.1308738367315223e6	3.678865246092315e6	2.7664846114025123e7	5.214219991746139e6
1.0819738545615993	1.1037128706278245	1.0928433625947118	1.170405823898166e6	3.587208072539534e6	2.883525193792329e7	5.1199629706464e6
1.1037128706278245	1.1258866670153744	1.1147997688215994	1.2108188047959157e6	3.4964005506226434e6	3.0046070742719207e7	5.025913938676851e6
1.1258866670153742	1.148503939330675	1.1371953031730246	1.2520316884435927e6	3.4062835694710924e6	3.12981024311628e7	4.932100651027707e6
1.1485039393306753	1.171573557092282	1.1600387482114787	1.2942255173455845e6	3.31741947912746e6	3.2592327948508386e7	4.838581822707379e6
1.171573557092282	1.195104567209121	1.1833390621507016	1.3372422578003309e6	3.2294379555172855e6	3.3929570206308715e7	4.745391311586354e6
1.195104567209121	1.2191061975282966	1.2071053823687088	1.381025442371755e6	3.1422909321900937e6	3.531059564868047e7	4.652558227711426e6
1.2191061975282966	1.2435878604538557	1.2313470289910762	1.4255933565441929e6	3.056114666327294e6	3.673618900522466e7	4.560117882997567e6
1.243587860453856	1.2685591566379264	1.2560735085458912	1.4712350787106245e6	2.971575064815995e6	3.820742408393528e7	4.46814209684267e6
1.268559156637926	1.2940298787456777	1.2812945176918018	1.5176340815136295e6	2.8880433781170333e6	3.972505816544891e7	4.37666211746468e6
1.2940298787456779	1.3200100152955847	1.3070199470206312	1.564856119436573e6	2.805720392395468e6	4.128991428488548e7	4.28571900563731e6
1.3200100152955847	1.3465097545764897	1.3332598849360373	1.6130997150161453e6	2.724995739641293e6	4.290301399990162e7	4.195373995642894e6
1.3465097545764895	1.3735394886430126	1.360024621609751	1.6620662744352114e6	2.6453848592743576e6	4.456508027433684e7	4.105656721621141e6
1.3735394886430126	1.401109817390866	1.3873246530169392	1.7118126932574203e6	2.567047666739912e6	4.627689296759426e7	4.0166043570379443e6
1.401109817390866	1.4292315527136765	1.4151706850522712	1.762607691046894e6	2.490415106312405e6	4.803950065864115e7	3.928276862087213e6
1.4292315527136763	1.457915722742943	1.4435736377283095	1.8140024758225486e6	2.414868849238851e6	4.98535031344637e7	3.8406949369651643e6
1.4579157227429431	1.487173576172795	1.4725446494578691	1.8663065577708352e6	2.340881486776085e6	5.171980969223453e7	3.7539054325037217e6
1.487173576172795	1.5170165866712442	1.5020950814220195	1.919602443215851e6	2.2685568389186896e6	5.3639412135450386e7	3.6679584920594175e6
1.5170165866712444	1.5474564573796623	1.5322365220254532	1.9733340837083166e6	2.1972630199863147e6	5.561274621915872e7	3.5828647928541163e6
1.5474564573796623	1.5785051255022486	1.5629807914409555	2.0283274939578415e6	2.127961054713257e6	5.764107371311656e7	3.498689998629949e6
1.5785051255022486	1.6101747669872868	1.5943399462447676	2.0841077870982566e6	2.060112942564876e6	5.9725181500214815e7	3.415464842941902e6
1.6101747669872866	1.6424778013020254	1.626326284144656	2.1403136863095756e6	1.9934006974795298e6	6.186549518652439e7	3.33319988609174e6
1.6424778013020256	1.6754268963030592	1.6589523488025424	2.1973486379317697e6	1.9282507754891473e6	6.406284382445616e7	3.251929749556856e6
1.6754268963030592	1.7090349732041135	1.6922309347535864	2.255452142531887e6	1.8648613827782008e6	6.631829596698805e7	3.171698516191344e6
1.709034973204113	1.7433152116431883	1.7261750924236505	2.3137912767402795e6	1.8025466658583565e6	6.863208724372832e7	3.092508047791483e6
1.7433152116431885	1.7782810548510453	1.7607981332471168	2.373270278710331e6	1.742047212848204e6	7.100535752243866e7	3.01440293594923e6
1.7782810548510457	1.8139462149230596	1.7961136348870528	2.4334686583746355e6	1.6830221291733414e6	7.34388261808133e7	2.9374054764076173e6
1.8139462149230594	1.8503246781965137	1.8321354465597866	2.4946770680855415e6	1.6256636651955526e6	7.593350324889883e7	2.861547794917451e6
1.8503246781965135	1.8874307107354367	1.868877694465975	2.555707786294631e6	1.5692089736855198e6	7.848921103519346e7	2.7868160465976307e6
1.887430710735437	1.9252788639251386	1.9063547873302877	2.6186100054393066e6	1.5149368933549982e6	8.110782104063277e7	2.713271141595546e6
1.9252788639251386	1.9638839801786343	1.9445814220518864	2.6808936231497005e6	1.4613637314087527e6	8.378871466378248e7	2.6408846754463515e6
1.9638839801786343	2.0032611987571998	1.983572589467917	2.7448893114156704e6	1.409806397104519e6	8.653360397519815e7	2.5697060362783e6
2.0032611987571998	2.0434259617073365	2.023343580232268	2.809530591765736e6	1.3596438440075507e6	8.934313456696388e7	2.499745848449264e6
2.0434259617073365	2.084394019916476	2.063909990811906	2.873920319532833e6	1.3104598298611082e6	9.221705488649671e7	2.4309900612786976e6
2.084394019916476	2.1261814392897986	2.1052877296031376	2.9401907696866696e6	1.2632314150270054e6	9.515724565618339e7	2.363481926817203e6
2.126181439289799	2.1688046070505878	2.1474930231701936	3.006350629513519e6	1.2170439544702074e6	9.816359628569691e7	2.2972093222427554e6
2.1688046070505878	2.2122802381665925	2.19054242260859	3.072007759101868e6	1.1717877593733475e6	1.0123560404479878e8	2.232154491063554e6
2.212280238166592	2.2566253819049167	2.234452810035754	3.1398854293079134e6	1.1284991647600213e6	1.0437548947410668e8	2.1683606124373605e6
2.256625381904917	2.3018574285180082	2.2792414052114625	3.2088179285641434e6	1.0866609687968867e6	1.0758430740267083e8	2.1058384742830754e6
2.3018574285180082	2.347994116063361	2.3249257722906846	3.276573036011412e6	1.04551710676161e6	1.1086088043868224e8	2.0445545452309656e6
2.347994116063361	2.395053537359621	2.371523826711491	3.3454888402748676e6	1.0058515833729176e6	1.1420636927895711e8	1.9845225517782057e6
2.395053537359621	2.4430541470818063	2.4190538422207135	3.415953190987591e6	967720.5727897717	1.176223224699447e8	1.9257586759142338e6
2.4430541470818063	2.4920147689984353	2.467534458040121	3.486624228084073e6	930695.5842433946	1.2110894669802877e8	1.8682534037324255e6
2.4920147689984353	2.5419546033533966	2.516984686175916	3.556790492183759e6	894593.8933137542	1.2466573719021253e8	1.8119872167123086e6
2.5419546033533966	2.5928932343954574	2.567423918874427	3.627294161769951e6	859639.2403356502	1.2829303135198249e8	1.7569546592645398e6
2.5928932343954574	2.6448506380583594	2.6188719362269084	3.6997037972891647e6	826165.1698711533	1.3199273514927165e8	1.7031698687979584e6
2.644850638058359	2.6978471897945187	2.6713489139264386	3.772674941224698e6	793809.7591770978	1.3576541009049636e8	1.6506252551840534e6
2.697847189794519	2.751903672565402	2.7248754311799606	3.8455173164919703e6	762411.7373199116	1.3961092740698832e8	1.5993043528725866e6
2.7519036725654016	2.807041284991702	2.779472478778552	3.918061157043443e6	731938.1635387202	1.4352898856403178e8	1.5491897494613975e6
2.8070412849917026	2.863281649666529	2.835161467329116	3.990105949550071e6	702354.8718169233	1.4751909451358184e8	1.5002630695908011e6
2.8632816496665288	2.920646821634852	2.8919642356506903	4.064304749220508e6	674105.740229377	1.5158339926280233e8	1.4525326490803086e6
2.920646821634852	2.9791592970425413	2.9499030593386966	4.1390894344927785e6	646869.6083199297	1.557224886972951e8	1.4059877902241386e6
2.979159297042542	3.038842021958385	3.0090006595004635	4.213807316578767e6	620522.2544060049	1.5993629601387388e8	1.3606112409700968e6
3.038842021958385	3.099718401372545	3.069280211665465	4.288986295845808e6	595125.6427971534	1.6422528230971968e8	1.3163903299410886e6
3.099718401372545	3.1618123083749885	3.130765354873767	4.364528330191487e6	570641.2879834451	1.6858981063991117e8	1.2733108984745962e6
3.161812308374988	3.2251480935174803	3.193480200946234	4.4398129015197465e6	546969.3048509408	1.7302962354143092e8	1.231353839859002e6
3.2251480935174803	3.2897505943628222	3.2574493439401513	4.513695588764874e6	523966.46942953387	1.775433191301958e8	1.1904928822287698e6
3.2897505943628227	3.3556451452250715	3.322697869793947	4.5894166666826885e6	501998.22629323736	1.821327357968785e8	1.150724384606053e6
3.355645145225072	3.422857587104566	3.389251366164819	4.6660554880006425e6	480915.27201583894	1.8679879128487912e8	1.1120362952329603e6
3.422857587104566	3.4914142778216495	3.4571359324631077	4.742620353463904e6	460586.82090446365	1.9154141163834304e8	1.074409707785201e6
3.491414277821649	3.5613421023530742	3.5263781900873616	4.819318035296873e6	441015.34500287677	1.9636072967363992e8	1.0378269544477739e6
3.5613421023530742	3.632668483375128	3.597005292864101	4.896113951875838e6	422177.4960162299	2.0125684362551576e8	1.0022700428788422e6
3.6326684833751277	3.7054213920176227	3.669044937696375	4.973158382980108e6	404065.50302529556	2.0623000200849587e8	967721.5745274004
3.705421392017622	3.779629358832967	3.7425253754252945	5.050078636093901e6	386628.6275442583	2.1128008064458978e8	934162.228704877
3.7796293588329672	3.8553214849846187	3.817475421908793	5.126895657584553e6	369851.32847340335	2.1640697630217433e8	901572.9063546227
3.855321484984619	3.932527453659304	3.8939244693219615	5.203610663502809e6	353716.06172545895	2.2161058696567714e8	869934.6014552623
3.9325274536593033	4.011277541707481	3.9719024976833923	5.280409916751567e6	338216.9287965494	2.2689099688242865e8	839229.0680450777
4.011277541707481	4.091602631516623	4.051440086612052	5.356648108031812e6	323294.983597972	2.3224764499046046e8	809435.7128519429
4.091602631516623	4.173534223121948	4.132568427319285	5.43338679739435e6	308997.5497203816	2.376810317878548e8	780537.8675175151
4.173534223121948	4.257104446559379	4.215319334840663	5.509184515702921e6	295223.3508317483	2.4319021630355772e8	752513.9807826513
4.257104446559379	4.342346074465558	4.299725260512469	5.5860229904082045e6	282062.5858830864	2.4877623929396594e8	725348.9570488022
4.342346074465559	4.429292534929862	4.38581930469771	5.662925941001703e6	269440.83659482124	2.5443916523496765e8	699024.2777623642
4.4292925349298615	4.517977924603451	4.473635229766656	5.739382661184712e6	257316.64280315605	2.6017854789615235e8	673520.1022771709
4.51797792460345	4.608437022070511	4.5632074733369805	5.815540971523154e6	245682.00810369154	2.659940888676755e8	648817.2763762928
4.608437022070511	4.700705301486913	4.654571161778712	5.891539513385363e6	234527.04867284966	2.718856283810609e8	624897.1835255666
4.700705301486913	4.794818946491643	4.747762123989277	5.967444070239324e6	223837.97882584622	2.778530724513002e8	601741.488428985
4.794818946491643	4.890814864396467	4.842816905444055	6.043238951801203e6	213597.8206748957	2.838963114031014e8	579331.9363922179
4.890814864396468	4.988730700659389	4.939772782527928	6.118869902282356e6	203788.77212617703	2.9001518130538374e8	557650.301006681
4.988730700659389	5.088604853647568	5.038667777153478	6.194229305099946e6	194392.11179981023	2.962094106104837e8	536678.3293721153
5.088604853647569	5.190476489695512	5.13954067167154	6.269226268878961e6	185390.70963226148	3.0247863687936264e8	516397.83543063235
5.190476489695511	5.294385558464413	5.242431024079962	6.343997456273603e6	176774.66193466037	3.0882263433563626e8	496791.113222281
5.294385558464413	5.400372808608692	5.347379183536552	6.418567613516664e6	168530.4779168032	3.1524120194915295e8	477840.7019887862
5.400372808608693	5.508479803755858	5.454426306182276	6.492943742332346e6	160644.40558222847	3.217341456914853e8	459529.3568616777
5.508479803755859	5.618748938805967	5.563614371280913	6.567084592825292e6	153101.87931166877	3.283012302843106e8	441839.98935792735
5.618748938805966	5.731223456557077	5.6749861976815215	6.640986312245811e6	145889.73863044518	3.3494221659655637e8	424755.73940034345
5.7312234565570765	5.845947464663209	5.788585460610143	6.714459021689679e6	138991.33869024762	3.41656675618246e8	408259.7609253354
5.845947464663211	5.962965952931467	5.904456708797339	6.78742010387348e6	132393.3839438971	3.484440957221195e8	392335.4143591985
5.962965952931466	6.082324810965086	6.022645381948276	6.859798235667799e6	126083.43262816433	3.5530389395778733e8	376966.30391899066
6.082324810965086	6.204070846159379	6.143197828562233	6.931873978919724e6	120055.69098679627	3.622357679367071e8	362136.6472195436
6.20407084615938	6.328251802057558	6.266161324108468	7.003618897388139e6	114298.4356083948	3.6923938683409524e8	347830.89751020377
6.328251802057558	6.4549163770737	6.3915840895656295	7.074883829468217e6	108798.53602927212	3.7631427066356343e8	334033.6487986528
6.454916377073701	6.584114243590166	6.519515310331934	7.144234673549493e6	103525.10362966965	3.834585053371129e8	320728.6026677487
6.584114243590165	6.71589606743696	6.650005155513563	7.214467003750283e6	98510.08580207806	3.9067297234086317e8	307902.2466642582
6.715896067436961	6.850313527760691	6.783104797598826	7.283380431640876e6	93712.20996964686	3.9795635277250403e8	295539.4671321756
6.85031352776069	6.987419337290895	6.9188664325257925	7.352598446529408e6	89143.77511454934	4.053089512190334e8	283626.7337249328
6.987419337290895	7.127267263011704	7.057343300151299	7.420660797269619e6	84777.3794795695	4.1272961201630306e8	272149.7164844435
7.127267263011705	7.269912147246929	7.198589705129317	7.488607100786548e6	80616.86916132938	4.202182191170896e8	261095.13551432456
7.269912147246929	7.4154099291668585	7.342661038206893	7.55619913347093e6	76650.67564731724	4.277744182505606e8	250449.81062267034
7.415409929166858	7.5638176667251855	7.489613797946022	7.622846823239054e6	72864.79156303806	4.353972650737997e8	240200.51477310143
7.5638176667251855	7.71519355903468	7.639505612879933	7.689036022423656e6	69256.5091340553	4.430863010962234e8	230334.6289076831
7.715193559034678	7.869596969190362	7.79239526411252	7.755102908529818e6	65821.02735573787	4.5084140400475323e8	220839.9859918845
7.869596969190363	8.027088447549161	7.948342708369762	7.820517646899402e6	62546.23888584435	4.5866192165165263e8	211704.42320933365
8.027088447549161	8.187729755475134	8.107409101512147	7.88530710521856e6	59425.53933785254	4.665472287568712e8	202916.0992792532
8.187729755475134	8.351583889559627	8.26965682251738	7.949822114535509e6	56454.81139348799	4.7449705087140673e8	194463.61939235
8.351583889559627	8.51871510632581	8.435149497942719	8.013957213880308e6	53626.54338657637	4.8251100808528703e8	186335.81351026875
8.51871510632581	8.689188947427317	8.603952026876563	8.077804918704819e6	50934.91455821828	4.9058881300399184e8	178521.8209438819
8.689188947427317	8.863072265350853	8.776130606389085	8.140747110332524e6	48370.003467739865	4.987295601143244e8	171010.83581791603
8.863072265350853	9.04043324963286	8.951752757491857	8.20014736182599e6	45911.69625223034	5.069297074761504e8	163791.51569257438
9.04043324963286	9.221341453600507	9.130887351616684	8.259981786862528e6	43578.35048014649	5.1518968926301295e8	156854.23264699633
9.221341453600507	9.405867821647508	9.313604637624007	8.319719168844635e6	41360.955837163114	5.235094084318576e8	150189.39491323638
9.405867821647508	9.594084717055448	9.499976269351478	8.378974787554585e6	39252.12446579955	5.3188838321941215e8	143787.5383985197
9.594084717055447	9.786065950371546	9.690075333713496	8.437908036391482e6	37247.54332760205	5.403262912558036e8	137639.49673271837
9.786065950371546	9.981886808353966	9.883976379362757	8.496396861401776e6	35341.77630642769	5.488226881172054e8	131736.31925230625
9.981886808353966	10.181624083496034	10.081755445925001	8.554317655831544e6	33529.715341422474	5.57377005773037e8	126069.27746012092
10.181624083496034	10.385356104140945	10.28349009381849	8.611964167481946e6	31808.10414656778	5.659889699405186e8	120629.9590387928
10.385356104140945	10.593162765198754	10.48925943466985	8.669689802126238e6	30173.825317892875	5.746586597426449e8	115410.25759455671
10.593162765198754	10.805125559477718	10.699144162338236	8.726912431011435e6	28620.606660622754	5.833855721736563e8	110402.17293719418
10.805125559477718	11.021327609642261	10.91322658455999	8.779113367888689e6	27130.664871363082	5.92164685541545e8	105597.14070798173
11.021327609642261	11.241853700810095	11.131590655226178	8.83235529847291e6	25720.418372875687	6.009970408400179e8	100988.0384733719
11.241853700810095	11.466790313801287	11.35432200730569	8.88614879833429e6	24384.112262081435	6.098831896383522e8	96567.82301187536
11.466790313801285	11.696225659052299	11.581507986426793	8.938616873306323e6	23112.967603876248	6.188218065116584e8	92329.35123871047
11.6962256590523	11.930249711208337	11.813237685130318	8.990793791574994e6	21906.630889501193	6.278126003032334e8	88265.8721191631
11.930249711208337	12.168954244407493	12.049601977807914	9.043174475883823e6	20763.032010259954	6.368557747791172e8	84370.90497565187
12.168954244407491	12.41243286827063	12.290693556339061	9.095186041789174e6	19677.680322765475	6.459509608209064e8	80638.08420493301
12.41243286827063	12.660781064611031	12.53660696644083	9.146698127535429e6	18647.44128877868	6.550976589484419e8	77061.23087348312
12.66078106461103	12.914096224878238	12.787438644744633	9.19288094640197e6	17660.34818904145	6.642905398948438e8	73633.83232103164
12.91409622487824	13.172477688350792	13.043286956614516	9.241102063231437e6	16728.779206927702	6.735316419580753e8	70350.46609571957
13.172477688350792	13.436026781092796	13.304252234721794	9.288738909737282e6	15844.926337517812	6.828203808678125e8	67205.5722962425
13.436026781092798	13.704846855689642	13.570436818391219	9.33632767926705e6	15007.303596633745	6.921567085470796e8	64193.826269013814
13.70484685568964	13.97904333177842	13.84194509373403	9.38362964839568e6	14213.16114860807	7.015403381954752e8	61310.0521004211
13.979043331778422	14.258723737388978	14.1188835345837	9.43066944894484e6	13460.329938710982	7.109710076444203e8	58549.24753432655
14.258723737388976	14.543997751111744	14.401360744250361	9.477788902318781e6	12747.167585840021	7.204487965467391e8	55906.60432961969
14.543997751111744	14.834977245108966	14.689487498110356	9.518499695489945e6	12063.373196063487	7.299672962422291e8	53376.99748860359
14.834977245108968	15.131776328986135	14.98337678704755	9.561343983506612e6	11418.601602715093	7.395286402257357e8	50956.15490655701
15.131776328986136	15.434511394540847	15.283143861763492	9.604939955197522e6	10808.923913199935	7.491335801809332e8	48639.82441127036
15.434511394540843	15.743301161406647	15.588906277973745	9.648586650734924e6	10231.64458430026	7.587821668316681e8	46423.843766862614
15.743301161406647	16.058266723609766	15.900783942508205	9.691836479902472e6	9684.604057984028	7.684740033115706e8	44304.166402187264
16.05826672360977	16.37953159705695	16.218899160333358	9.734911644462366e6	9166.466593748502	7.78208914956033e8	42276.90226075538
16.37953159705695	16.707221767973074	16.54337668251501	9.772482845807e6	8670.998704767731	7.8798139780184e8	40338.026190096825
16.707221767973074	17.041465742307523	16.8743437551403	9.809754202437665e6	8201.941954310867	7.977911520042776e8	38483.961237761374
17.041465742307526	17.382394596128663	17.211930169218093	9.848448012596719e6	7759.269283452845	8.076396000168743e8	36711.33535289431
17.382394596128663	17.730142027026222	17.55626831157744	9.888025834438197e6	7341.033063774263	8.175276258513125e8	35016.85875255287
17.730142027026222	18.084844406541734	17.907493216783976	9.927457366740946e6	6945.128334089102	8.274550832180535e8	33397.310093595705
18.08484440654173	18.44664083364755	18.265742620094642	9.966409158588424e6	6570.156410822777	8.374214923766419e8	31849.57326710479
18.446640833647553	18.81567318929549	18.631157011471522	9.996178174220575e6	6209.631504612365	8.474176705508624e8	30370.337833773254
18.81567318929549	19.192086192056387	19.003879690675937	1.0030906889538143e7	5871.742135847577	8.574485774404006e8	28956.956831731975
19.192086192056387	19.5760274548725	19.38405682346444	1.0066462672646357e7	5552.629392586196	8.675150401130469e8	27606.71344239209
19.5760274548725	19.967647542944935	19.771837498908717	1.0102246926449597e7	5250.913836329376	8.776172870394964e8	26316.96806500074
19.967647542944935	20.36710003277882	20.167373787861877	1.0138179895274213e7	4965.60424061127	8.877554669347706e8	25085.17625475395
20.367100032778815	20.774541572409376	20.570820802594096	1.0166502895144336e7	4692.2266367629345	8.979219698299149e8	23908.68230571817
20.77454157240938	21.19013194283255	20.982336757620963	1.0196550409511328e7	4434.61607417686	9.081185202394263e8	22785.205024840467
21.19013194283255	21.614034120664186	21.40208303174837	1.0227740996392379e7	4191.581577497123	9.183462612358186e8	21712.526162570066
21.61403412066419	22.046414342052458	21.830224231358322	1.0259950241777014e7	3962.2235983640594	9.286062114775957e8	20688.503591407978
22.046414342052458	22.48744216786849	22.266928254960476	1.0292833479911607e7	3745.6248219507834	9.388990449575073e8	19711.065886576533
22.48744216786849	22.937290550200846	22.712366359034668	1.0316083427411972e7	3537.5277188208165	9.492151283849192e8	18778.015547745308
22.937290550200842	23.396135900179843	23.166713225190342	1.0343988525781954e7	3342.4797805614203	9.595591169107012e8	17887.544231954656
23.396135900179846	23.86415815715843	23.630147028669136	1.0373242259106677e7	3158.574357638184	9.699323591698078e8	17037.83795966129
23.86415815715842	24.341540859276574	24.102849508217496	1.0403057903418483e7	2984.925514143509	9.803354170732263e8	16227.136322991788
24.341540859276574	24.828471215437087	24.58500603735683	1.0429708816521503e7	2819.944975743494	9.907651258897479e8	15453.688876051045
24.82847121543709	25.325140178720815	25.076805697078953	1.0450279207751397e7	2662.5169520804097	1.0012154050974993e9	14715.781816004452
25.32514017872082	25.83174252127022	25.57844134999552	1.0475719111022756e7	2515.0373402959044	1.011691124208522e9	14011.938451774555
25.831742521270215	26.348476910670602	26.090109715970407	1.0502733462176122e7	2376.0693238293625	1.022193857670698e9	13340.684418026834
26.348476910670605	26.875545987859	26.612011449264802	1.0528837494431684e7	2244.571384685476	1.0327226951651299e9	12700.570344133106
26.875545987858995	27.413156446591156	27.144351217225076	1.0546369850717084e7	2118.616237400442	1.043269065015847e9	12090.1193129861
27.41315644659116	27.961519114497964	27.68733778054456	1.0568378537381029e7	2000.5712415158816	1.053837443553228e9	11508.076197986458
27.961519114497964	28.520849035762904	28.241184075130434	1.0591925289553663e7	1889.36990438595	1.0644293688427817e9	10953.196774208833
28.52084903576291	29.09136555545315	28.80610729560803	1.0616833055222394e7	1784.5698697279342	1.075046201898004e9	10424.283093450907
29.091365555453145	29.67329240553719	29.382328980495167	1.0631263937273487e7	1683.9143984582008	1.0856774658352776e9	9920.076146826083
29.67329240553719	30.266857792622915	29.970075099080052	1.0652454384878127e7	1589.942407953317	1.0963299202201557e9	9439.536034192026
30.266857792622922	30.87229448745036	30.56957614003664	1.0674353992062293e7	1501.308584142824	1.107004274212218e9	8981.605252274254
30.872294487450354	31.48983991617434	31.181067201812347	1.0695485743812675e7	1417.5082390519633	1.1176997599560306e9	8545.258202689429
31.489839916174343	32.11973625347281	31.804788084823578	1.070920251017677e7	1337.454376389519	1.1284089624662073e9	8129.465759279982
32.11973625347281	32.762230517517246	32.44098338549503	1.0726959455537107e7	1262.3951108536007	1.1391359219217443e9	7733.330174981092
32.762230517517246	33.41757466684257	33.08990259217991	1.074680755237111e7	1191.7770241651065	1.1498827294741154e9	7355.973577682313
33.41757466684257	34.0860256991544	33.75180018299848	1.0765000492029592e7	1124.9326293170277	1.160647729966145e9	6996.530242922834
34.086025699154405	34.76784575211247	34.42693572563344	1.0777338731967224e7	1061.25797367238	1.1714250686981122e9	6654.149557643829
34.767845752112464	35.46330220612969	35.11557397912108	1.0794882010563603e7	1001.669282629649	1.1822199507086759e9	6328.082840317043
35.4633022061297	36.17266778922727	35.81798499767848	1.0814159931820171e7	945.5757265507768	1.193034110640496e9	6017.590524378648
36.17266778922727	36.89622068398679	36.53444423660703	1.0824553169691259e7	891.8886214101441	1.2038586638101876e9	5721.912913140356
36.8962206839868	37.63424463664151	37.265232660314155	1.0839079154214224e7	841.5699075473337	1.2146977429644017e9	5440.38963146105
37.634244636641505	38.387029068349314	38.01063685249541	1.0855895828443553e7	794.2563349629359	1.2255536387928452e9	5172.377451473041
38.387029068349314	39.15486918869128	38.7709491285203	1.0870107874209873e7	749.4214666674956	1.2364237466670551e9	4917.239889593038
39.15486918869128	39.93806611144008	39.54646765006568	1.0879487677826118e7	706.8024042949535	1.2473032343448813e9	4674.3620193138595
39.93806611144008	40.73692697264386	40.33749654204197	1.0893733821539504e7	666.90454074423	1.2581969681664207e9	4443.193545800604
40.736926972643865	41.55176505107172	41.14434601185779	1.0908978290794024e7	629.3154236835492	1.2691059464572148e9	4223.192131429321
41.55176505107172	42.38289989106813	41.96733247106992	1.0916241666697334e7	593.4100054253157	1.280022188123912e9	4013.810673090382
42.38289989106812	43.23065742786446	42.80677865946629	1.092826709339851e7	559.7968997364626	1.2909504552173107e9	3814.56873967372
43.23065742786446	44.09537011539672	43.66301377163059	1.0942916522327192e7	528.2138433258759	1.3018933717396379e9	3624.99848966598
44.09537011539672	44.97737705667963	44.536373586038174	1.0947869741002243e7	497.97077740516465	1.3128412414806402e9	3444.6192677362196
44.977377056679636	45.8770241367882	45.42720059673392	1.0957946101265699e7	469.6788214989827	1.3237991875819058e9	3273.0134007455035
45.8770241367882	46.79466415849894	46.33584414764357	1.0969455257134728e7	443.05179215989114	1.3347686428390405e9	3109.770804284772
46.79466415849895	47.7306569806439	47.26266056957142	1.0968249345876027e7	417.4499438017549	1.3457368921849165e9	2954.4681500090423
47.73065698064389	48.685369659231746	48.20801331993782	1.0957513818690136e7	392.9857568818364	1.3566944060036066e9	2806.713020559598
48.685369659231746	49.65917659139136	49.17227312531155	1.0908118460811874e7	368.6484018670866	1.3676025244644184e9	2666.0773298805148
49.65917659139135	50.65245966219415	50.15581812679275	1.0756188724526457e7	342.54582956169753	1.3783587131889453e9	2532.048549272754
50.652459662194154	51.665608394413006	51.15903402830358	1.0434667080452917e7	313.13864139875096	1.3887933802693982e9	2404.05492080999
51.66560839441301	52.69902010127625	52.18231424784463	9.845904216152048e6	278.42709747728594	1.3986392844855502e9	2281.4423202884464
52.69902010127624	53.753100042276735	53.22606007177649	8.9041356213177e6	237.27146958013756	1.4075434201068678e9	2163.528616773215
53.753100042276735	54.82826158209724	54.29068081218699	7.6178211722671585e6	191.285662569269	1.415161241279135e9	2049.7641254053124
54.82826158209724	55.92492635271416	55.3765939674057	6.071714581827423e6	143.66828838908435	1.4212329558609624e9	1939.815376649443
55.92492635271416	57.04352441874341	56.484225385728784	4.444034866861344e6	99.08889409662301	1.4256769907278237e9	1833.637490184953
57.04352441874342	58.184494446093254	57.614009432418335	2.9548496494067665e6	62.08417230786542	1.4286318403772304e9	1731.4498629658012
58.184494446093254	59.348283873990084	58.76638916004167	1.765443368196025e6	34.95403463579336	1.4303972837454264e9	1633.591900401094
59.348283873990084	60.53534909044485	59.94181648221747	941113.3905803084	17.558342511548815	1.4313383971360068e9	1540.3753455068318
60.535349090444846	61.74615561122871	61.14075235083678	445423.54128235346	7.830920244800554	1.4317838206772892e9	1451.9747766598316
61.74615561122872	62.981178262428266	62.363666936828494	186259.65351459652	3.0857200582534685	1.4319700803308039e9	1368.3997648983293
62.98117826242826	64.2409013666518	63.61103981454003	68767.21393038836	1.0735376691372913	1.4320388475447342e9	1289.5295909311212
64.2409013666518	65.5258189329598	64.8833601498058	22329.05692533603	0.3284765658266911	1.4320611766016595e9	1215.1659440316869
65.5258189329598	66.83643485059396	66.18112689177687	6366.872759589598	0.088258869379655	1.432067543474419e9	1145.0779841198207
66.83643485059396	68.1732630865808	67.50484896858738	1590.6490151517937	0.020778048417274802	1.4320691341234343e9	1079.0290313081775
68.17326308658079	69.53682788728737	68.85504548693407	346.71553415140977	0.004267779001163817	1.4320694808389683e9	1016.7890355185458
69.53682788728739	70.9276639840081	70.23224593564774	65.86527099907248	0.000763982408975854	1.4320695467042394e9	958.1390278281789
70.92766398400809	72.34631680266321	71.63699039333565	10.826523947272507	0.00011833526686891129	1.4320695575307634e9	902.8720856410605
72.34631680266322	73.79334267769146	73.06982974017734	1.5342792620720054	1.5802575363741265e-5	1.4320695590650427e9	850.7930895663964
73.79334267769144	75.26930907022023	74.53132587395584	0.1858445532669532	1.8037303681009213e-6	1.4320695592508874e9	801.7181498053156
75.26930907022025	76.77479479059961	76.02205193040993	0.01909774446914456	1.7466351889415522e-7	1.4320695592699852e9	755.4739801463035
76.7747947905996	78.31039022538656	77.54259250799308	0.0016449317662527451	1.4176413907012472e-8	1.43206955927163e9	711.8972900141393
78.31039022538656	79.87669756886925	79.0935438971279	0.00011708625929939192	9.508736662052554e-10	1.432069559271747e9	670.8342083816664
79.87669756886925	81.4743310592216	80.67551431404542	6.753597495763899e-6	5.168332854793273e-11	1.4320695592717538e9	632.1397404336681
81.47433105922158	83.10391721938097	82.28912413930128	3.0702277017345747e-7	2.214034183306284e-12	1.432069559271754e9	595.6772555159375
83.10391721938097	84.76609510274355	83.93500616106226	1.0594218447531767e-8	7.199148205291566e-14	1.432069559271754e9	561.3180046192742
84.76609510274358	86.4615165437734	85.61380582325849	2.5958683358366506e-10	1.6622384597238309e-15	1.432069559271754e9	528.9406657002654
86.4615165437734	88.19084641362383	87.32618147869862	4.032809339069333e-12	2.4334187516522652e-17	1.432069559271754e9	498.43091523328656
88.19084641362382	89.95476288087124	89.07280464724752	2.9703931621926624e-14	1.6889687368628342e-19	1.432069559271754e9	469.6810244803167
