-0.0	9.865170928510876e-7	4.932585464255438e-7	0.00011471451569749439	2.852436094437289e13	0.00011471451569749439	2.852436094437289e13
9.865170928510876e-7	1.992764527559197e-6	1.4896408102051424e-6	0.00036680624283783167	1.2593640125785969e13	0.00048152075853532606	1.4526415210274254e13
1.992764527559195e-6	3.0191369109614666e-6	2.505950719260331e-6	0.0006337744349901709	7.716951633742924e12	0.001115295193525497	9.675040642720357e12
3.0191369109614623e-6	4.066036742031779e-6	3.5425868264966205e-6	0.0009153629435895147	5.504123269504807e12	0.0020306581371150115	7.211644504819184e12
4.066036742031781e-6	5.133874569723504e-6	4.599955655877642e-6	0.0012195364674174427	4.2758885776457637e12	0.003250194604532454	5.734360528123908e12
5.1338745697235055e-6	6.223069153969063e-6	5.678471861846284e-6	0.00154298127937146	3.4854019527680835e12	0.004793175883903914	4.74811112791631e12
6.223069153969065e-6	7.334047629899534e-6	6.7785583919342995e-6	0.0018857452174117508	2.9330653884355166e12	0.006678921101315665	4.0419089442753276e12
7.334047629899542e-6	8.46724567534862e-6	7.90064665262408e-6	0.002199224866077229	2.469930731789186e12	0.008878145967392894	3.491460949589954e12
8.467245675348614e-6	9.623107681706673e-6	9.045176678527644e-6	0.0025257755451812977	2.1225317898332488e12	0.011403921512574192	3.055058801975322e12
9.623107681706672e-6	1.0802086928191893e-5	1.0212597304949282e-5	0.002912450211453973	1.8827298558514534e12	0.014316371724028165	2.711573327867288e12
1.0802086928191895e-5	1.2004645759606821e-5	1.1403366343899358e-5	0.003332312095495284	1.6941857385936082e12	0.017648683819523447	2.4354300811681035e12
1.2004645759606821e-5	1.3231255767650046e-5	1.2617950763628434e-5	0.00377713818967634	1.5378960248039153e12	0.021425822009199787	2.2082370357845e12
1.3231255767650051e-5	1.448239797585414e-5	1.3856826871752096e-5	0.004245857717981034	1.4054855014563413e12	0.025671679727180822	2.0176426215877852e12
1.4482397975854137e-5	1.575856302822231e-5	1.5120480502038222e-5	0.004739645807741102	1.2919338184742507e12	0.030411325534921922	1.8552263396928262e12
1.5758563028222312e-5	1.7060251381637846e-5	1.640940720493008e-5	0.005259696670818798	1.19352179758483e12	0.03567102220574072	1.7150258366830464e12
1.7060251381637836e-5	1.838797350212168e-5	1.7724112441879756e-5	0.005757361327252522	1.0979293524437593e12	0.04142838353299324	1.5907713883366099e12
1.838797350212168e-5	1.9742250065015202e-5	1.906511178356844e-5	0.0063178985499964795	1.0209256882498484e12	0.04774628208298972	1.481361333216358e12
1.9742250065015205e-5	2.1123612159166596e-5	2.0432931112090903e-5	0.006874478401847203	9.481905772960898e11	0.054620760484836925	1.3834535375175298e12
2.11236121591666e-5	2.253260149520102e-5	2.182810682718381e-5	0.007481258005406541	8.864906360941171e11	0.062102018490243466	1.2959346411818142e12
2.2532601495201015e-5	2.3969770617956122e-5	2.325118605657857e-5	0.00813874900343666	8.333193035657042e11	0.07024076749368012	1.2176122393705745e12
2.396977061795613e-5	2.543568312316634e-5	2.4702726870561233e-5	0.008835969250456419	7.858127314096255e11	0.07907673674413654	1.1471756285281506e12
2.5435683123166344e-5	2.693091387848076e-5	2.618329850082355e-5	0.009568541765674688	7.426102673589169e11	0.08864527850981123	1.0834621054125922e12
2.6930913878480752e-5	2.8456049248901456e-5	2.7693481563691105e-5	0.010338070989000253	7.031636082121672e11	0.09898334949881148	1.0255332013202312e12
2.8456049248901456e-5	3.0011687326730573e-5	2.9233868287816012e-5	0.011146222946658957	6.670129331119752e11	0.11012957244547043	9.726220350169961e11
3.0011687326730576e-5	3.1598438166116276e-5	3.080506274642343e-5	0.011968961317159993	6.324084359431112e11	0.12209853376263043	9.239000450765078e11
3.1598438166116276e-5	3.321692402228969e-5	3.2407681094202986e-5	0.012809049070513005	5.99531418144319e11	0.13490758283314344	8.787584463257476e11
3.321692402228968e-5	3.486777959558656e-5	3.4042351808938125e-5	0.013739680131772741	5.713910911280015e11	0.14864726296491618	8.371348681136354e11
3.486777959558657e-5	3.6551652280349386e-5	3.5709715937967974e-5	0.014691930499138868	5.443854296673732e11	0.16333919346405504	7.98510730749585e11
3.655165228034939e-5	3.826920241880747e-5	3.741042734957843e-5	0.015666781030856045	5.185598275460324e11	0.17900597449491107	7.624839103267576e11
3.826920241880746e-5	4.0021103560034695e-5	3.914515298942108e-5	0.016714686290284102	4.9539349426478467e11	0.19572066078519518	7.289217083503982e11
4.002110356003471e-5	4.180804272408649e-5	4.09145731420606e-5	0.017835945626364015	4.744073731796938e11	0.21355660641155919	6.976617179673771e11
4.1808042724086486e-5	4.3630720671419304e-5	4.2719381697752895e-5	0.01901129266722249	4.547534997190823e11	0.23256789907878167	6.684732004911981e11
4.36307206714193e-5	4.548985217769877e-5	4.456028642455903e-5	0.020243103504434767	4.3631302695765137e11	0.2528110025832164	6.41156109482219e11
4.548985217769877e-5	4.7386166314103836e-5	4.6438009245901304e-5	0.02153385184591632	4.189807223011417e11	0.2743448544291328	6.155360406090164e11
4.7386166314103836e-5	4.9320406733237004e-5	4.835328652367042e-5	0.022886113343852398	4.026630896256327e11	0.2972309677729852	5.914601619460886e11
4.932040673323701e-5	5.129333196075284e-5	5.030686934699492e-5	0.024302570045120635	3.872767905066116e11	0.32153353781810584	5.687939074671085e11
5.129333196075282e-5	5.3305715692818966e-5	5.22995238267859e-5	0.02569539598546372	3.714373767761171e11	0.34722893380356956	5.472754434509757e11
5.330571569281898e-5	5.535834709952645e-5	5.433203139617271e-5	0.027241859603886802	3.57727542252044e11	0.37447079340745637	5.269628489343647e11
5.535834709952644e-5	5.745203113436806e-5	5.6405189116947254e-5	0.028862734791090455	3.4476922521325574e11	0.40333352819854684	5.0776125023719226e11
5.745203113436805e-5	5.95875888499065e-5	5.851980999213727e-5	0.030559420599287464	3.324833713943475e11	0.4338929487978343	4.895832439934764e11
5.958758884990651e-5	6.176585771975572e-5	6.0676723284831116e-5	0.032258055602112354	3.200559887910549e11	0.46615100439994667	4.7227242085619446e11
6.176585771975574e-5	6.398769196700194e-5	6.287677484337884e-5	0.034071345000297015	3.0863278300257056e11	0.5002223494002437	4.558113612648538e11
6.398769196700194e-5	6.625396289919307e-5	6.51208274330975e-5	0.03600833838823374	2.9812454886620306e11	0.5362306877884774	4.4017713019917865e11
6.625396289919308e-5	6.856555925002803e-5	6.740976107461055e-5	0.038035705296889086	2.881253550807846e11	0.5742663930853664	4.253111067591245e11
6.856555925002802e-5	7.092338752787967e-5	6.974447338895385e-5	0.040156343381607076	2.785936182248411e11	0.6144227364669735	4.111594313653248e11
7.092338752787967e-5	7.332837237128836e-5	7.212587994958401e-5	0.0423742545943019	2.694991362039343e11	0.6567969910612754	3.9767327809321826e11
7.332837237128835e-5	7.57814569115652e-5	7.455491464142677e-5	0.044693606529240267	2.608142330677851e11	0.7014905975905157	3.848082672048818e11
7.57814569115652e-5	7.828360314264758e-5	7.70325300271064e-5	0.04711873927607056	2.5251350174376727e11	0.7486093368665863	3.725239594318738e11
7.82836031426476e-5	8.083579229835164e-5	7.955969772049961e-5	0.04965417254192432	2.4457357734984558e11	0.7982635094085105	3.607834188825843e11
8.083579229835165e-5	8.343902523716977e-5	8.213740876776072e-5	0.05230461305479892	2.3697293696700775e11	0.8505681224633095	3.4955283382083386e11
8.343902523716976e-5	8.609432283476424e-5	8.4766674035967e-5	0.05500096568736491	2.2938311751857047e11	0.9055690881506744	3.387735043345595e11
8.609432283476424e-5	8.880272638431062e-5	8.744852460953743e-5	0.057845138321996704	2.222306405395113e11	0.963414226472671	3.28432062257458e11
8.880272638431062e-5	9.156529800484793e-5	9.018401219457927e-5	0.06086370643141682	2.1554696973402664e11	1.0242779329040879	3.18519824310752e11
9.156529800484791e-5	9.438312105779596e-5	9.297420953132193e-5	0.06401779469877728	2.091312320775193e11	1.088295727602865	3.090119762300159e11
9.438312105779594e-5	9.725730057180296e-5	9.582021081479944e-5	0.06731315266573289	2.0296884143307642e11	1.155608880268598	2.9988561040515125e11
9.725730057180298e-5	0.00010018896367609014	9.872313212394656e-5	0.07068728249204304	1.9685551935855365e11	1.226296162760641	2.91103285274406e11
0.00010018896367609012	0.00010317926004246301	0.00010168411185927656	0.07421134792361583	1.9098916315983005e11	1.3005075106842567	2.8264872350818115e11
0.00010317926004246301	0.00010622936233616335	0.00010470431118931317	0.0779381032173415	1.854666060081042e11	1.3784456139015981	2.7451577294673117e11
0.00010622936233616334	0.00010934046667573769	0.00010778491450595052	0.08185173324109063	1.8020105340534894e11	1.4602973471426888	2.6669195648882077e11
0.0001093404666757377	0.00011251379310210355	0.00011092712988892063	0.0859387035987727	1.7512938233370303e11	1.5462360507414614	2.5916114340519733e11
0.00011251379310210358	0.00011575058605699674	0.00011413218957955016	0.09020632455688898	1.702420335098448e11	1.6364423752983503	2.5190832019840393e11
0.00011575058605699672	0.00011905211487098775	0.00011740135046399224	0.09466220755691196	1.6553005782937003e11	1.7311045828552623	2.4491949350357285e11
0.00011905211487098775	0.00012241967426125858	0.00012073589456612317	0.09931427752071176	1.609850685766472e11	1.830418860375974	2.3818160311160855e11
0.00012241967426125858	0.00012585458483933484	0.00012413712955029673	0.10417078565327983	1.5659919803674442e11	1.9345896460292538	2.3168244388915536e11
0.00012585458483933487	0.00012935819362897265	0.00012760638923415375	0.10924032276303983	1.523650580463215e11	2.0438299687922936	2.2541059553799612e11
0.00012935819362897265	0.0001329318745944032	0.0001311450341116879	0.11453183312097195	1.4827570407503873e11	2.158361801913266	2.1935535927910114e11
0.0001329318745944032	0.00013657702917914234	0.00013475445188677277	0.1200546288805001	1.443246024762317e11	2.2784164307937664	2.1350670066768668e11
0.00013657702917914234	0.00014029508685557628	0.0001384360580173593	0.12581840508098774	1.4050560058700497e11	2.404234835874754	2.078551978489227e11
0.0001402950868555763	0.00014408750568553893	0.00014219129627055763	0.13183325525860976	1.3681289939406897e11	2.5360680911333637	2.023919946522199e11
0.0001440875056855389	0.00014795577289210076	0.00014602163928881983	0.13810968768931012	1.3324102851324258e11	2.6741777788226737	1.9710875799772998e11
0.00014795577289210076	0.00015190140544279386	0.00014992858916744732	0.1444911528208143	1.2963455507694711e11	2.818668931643488	1.919862310485195e11
0.0001519014054427939	0.00015592595064450084	0.00015391367804364737	0.15130614899538847	1.2628469718874971e11	2.9699750806388763	1.8702901840800708e11
0.0001559259506445008	0.0001600309867502419	0.00015797846869737136	0.1584240624204507	1.2304785988753052e11	3.128399143059327	1.8223059770704355e11
0.00016003098675024192	0.00016421812357809786	0.00016212455516416988	0.1658495819872243	1.1991282367064018e11	3.2942487250465513	1.775842809054181e11
0.00016421812357809786	0.0001684890031425109	0.00016635356336030437	0.17359553578337722	1.1687544934259167e11	3.4678442608299287	1.730837490346691e11
0.0001684890031425109	0.00017284530029821222	0.00017066715172036156	0.18167527796935554	1.139318140966854e11	3.649519538799284	1.6872302663583612e11
0.0001728453002982122	0.00017728872339702753	0.00017506701184761986	0.18993591035791496	1.109807353864288e11	3.839455449157199	1.6448931231511502e11
0.00017728872339702756	0.0001818210149578192	0.00017955486917742338	0.19865207470267385	1.081802470096535e11	4.038107523859873	1.6038252121434753e11
0.0001818210149578192	0.00018644395234982666	0.00018413248365382293	0.2078022116704916	1.0549664663134125e11	4.245909735530365	1.5640017890756885e11
0.00018644395234982666	0.00019115934848967428	0.00018880165041975047	0.2173475832179592	1.0289460886046078e11	4.463257318748324	1.5253752358929312e11
0.00019115934848967428	0.00019596905255231885	0.00019356420052099658	0.22730151498032952	1.0036948361036093e11	4.6905588337286535	1.4878991632216962e11
0.00019596905255231888	0.00020087495069621636	0.00019842200162426763	0.23768097036932903	9.791838563283707e10	4.9282398040979825	1.451529522257236e11
0.00020087495069621633	0.00020587896680299175	0.00020337695874960403	0.24850360703197882	9.553856797485805e10	5.176743411129961	1.4162244564134393e11
0.00020587896680299177	0.0002109830632319027	0.00020843101501744722	0.25978780507234844	9.3227413798638e10	5.43653121620231	1.381944164297987e11
0.0002109830632319027	0.00021618924158939184	0.00021358615241064727	0.27155269641597735	9.098242877505322e10	5.708083912618287	1.348650773004156e11
0.00021618924158939187	0.0002214995435140308	0.00021884439255171135	0.2838181953630145	8.880123400413892e10	5.991902107981302	1.3163082208129349e11
0.00022149954351403077	0.00022691605147716248	0.0002242077974955966	0.29660503037845337	8.66815594207705e10	6.288507138359755	1.2848821484900076e11
0.0002269160514771625	0.00023244088959955685	0.00022967847053835967	0.3099347771691752	8.462123764718744e10	6.59844191552893	1.2543397984426318e11
0.00023244088959955682	0.00023807622448439905	0.00023525855704197794	0.32382989310000426	8.26181982575684e10	6.922271808628935	1.2246499210731723e11
0.00023807622448439908	0.00024382426606693814	0.00024095024527566862	0.3383137530028478	8.067046242285733e10	7.260585561631783	1.1957826877298442e11
0.00024382426606693814	0.000249687268481128	0.0002467557672740331	0.3534106864353054	7.877613790682932e10	7.613996248067088	1.167709609712213e11
0.00024968726848112796	0.00025566753094360164	0.0002526773997123648	0.3691460164471879	7.693341438684396e10	7.983142264514276	1.140403462839842e11
0.0002556675309436016	0.0002617673986553247	0.00025871746479946313	0.3855460999160256	7.514055907502794e10	8.368688364430302	1.1138382171380316e11
0.0002617673986553247	0.00026798926372128233	0.00026487833118830353	0.40263836951491594	7.339591261767812e10	8.771326733945218	1.0879889712354227e11
0.0002679892637212824	0.0002743355660885591	0.0002711624149049208	0.4204513773786716	7.169788525248802e10	9.19177811132389	1.062831891104824e11
0.000274335566088559	0.0002808087945031813	0.00027757218029587016	0.4390148405368265	7.00449532049113e10	9.630792951860716	1.038344152811544e11
0.00028080879450318136	0.0002874114874860961	0.0002841101409946387	0.4583596881851013	6.8435655306541214e10	10.089152640045818	1.0145038889631404e11
0.00028741148748609604	0.00029414623432866906	0.00029077886090738255	0.4785181108692534	6.68685898196626e10	10.56767075091507	9.912901385811679e10
0.0002941462343286691	0.0003010156761080936	0.00029758095521838137	0.4995236116588269	6.534241145353205e10	11.067194362573897	9.68682800139558e10
0.0003010156761080935	0.0003080225067231065	0.0003045190914156	0.521411059391229	6.385582855901943e10	11.588605421965125	9.466625875360861e10
0.0003080225067231065	0.0003151694739504197	0.00031159599033676313	0.5442167440693941	6.240760048926754e10	12.132822166034519	9.25210988782943e10
0.0003151694739504197	0.0003224593805222792	0.00031881442723634943	0.5679136526669502	6.098957804216342e10	12.70073581870147	9.043056146863455e10
0.00032245938052227925	0.0003298950852255759	0.0003261772328739276	0.5924080982454933	5.958856033006303e10	13.293143916946963	8.839171512388802e10
0.0003298950852255759	0.0003374795040229385	0.0003336872946242572	0.6181819201934874	5.824868039673152e10	13.911325837140451	8.6404767742319e10
0.0003374795040229385	0.0003452156111962484	0.00034134755760959346	0.6450336282510891	5.694266999826572e10	14.556359465391541	8.446813038277814e10
0.00034521561119624835	0.0003531064405130244	0.00034916102585463637	0.6730074916618616	5.566950759620541e10	15.229366957053402	8.258027504674219e10
0.0003531064405130244	0.00036115508641613596	0.0003571307634645802	0.7021495819391845	5.442820981885369e10	15.931516538992588	8.073973176407637e10
0.00036115508641613607	0.00036936470523730986	0.00036525989582672296	0.7325078459158596	5.321782970477368e10	16.664024384908448	7.894508584701294e10
0.00036936470523730986	0.0003777385164349072	0.00037355161083610854	0.7640567462793818	5.2032317882099594e10	17.42808113118783	7.719464117276598e10
0.0003777385164349071	0.00038627980385645634	0.00038200916014568176	0.7966883142158587	5.086155108347626e10	18.22476944540369	7.5486176292916e10
0.0003862798038564564	0.00039499191702643664	0.0003906358604414465	0.830923657859447	4.9735390571980316e10	19.05569310326314	7.38195706738386e10
0.0003949919170264366	0.0004038782724598164	0.0003994350947431265	0.8666393867769965	4.864010761513721e10	19.922332490040134	7.219383370615872e10
0.0004038782724598164	0.00041294235500186386	0.00040841031373084014	0.9038406679341139	4.757150977977273e10	20.826173157974246	7.060778294022736e10
0.00041294235500186386	0.00042218771919475223	0.00041756503709830805	0.9425883542161964	4.652883565230358e10	21.768761512190437	6.906027821760991e10
0.0004221877191947521	0.00043161799067149826	0.0004269028549331252	0.9829457726507732	4.551135038534349e10	22.75170728484121	6.755021979152875e10
0.00043161799067149837	0.00044123686757777944	0.0004364274291246389	1.024978824614871	4.4518344559740746e10	23.77668610945608	6.607654654829422e10
0.0004412368675777794	0.0004510481220221861	0.00044614249479998274	1.0687560900918978	4.354913310486131e10	24.84544219954798	6.463823432337196e10
0.00045104812202218615	0.000461055601555481	0.00045605186178883356	1.1143489361416756	4.260305427367785e10	25.959791135689652	6.323429430618852e10
0.0004610556015554809	0.0004712632306794416	0.0004661594161174613	1.161831629753399	4.1679468669429214e10	27.12162276544305	6.1863771528200935e10
0.00047126323067944167	0.0004816750123858816	0.00047646912153266163	1.2112814552577882	4.077775832083014e10	28.332904220700836	6.052574342913734e10
0.0004816750123858816	0.0004922950297264503	0.0004869850210561659	1.26277883648373	3.989732580306863e10	29.595683057184566	5.921931849667729e10
0.0004922950297264504	0.0005031274474138305	0.0004977112385701405	1.3164074638492287	3.9037593401909195e10	30.912090521033793	5.79436349751627e10
0.0005031274474138304	0.0005141765134549581	0.0005086519804343942	1.3722544265868346	3.819800231849449e10	32.284344947620625	5.669785963923713e10
0.0005141765134549581	0.0005254465608169084	0.0005198115371359332	1.4304103503102599	3.7378011912523285e10	33.714755297930886	5.548118662858653e10
0.0005254465608169084	0.0005369420091260977	0.000531194284971503	1.4909695401371301	3.657709898165741e10	35.205724838068015	5.4292836340215195e10
0.0005369420091260977	0.0005486673664014707	0.0005428046877637841	1.554030129593042	3.5794757075162346e10	36.75975496766106	5.3132054374926765e10
0.0005486673664014707	0.0005606272308223512	0.0005546472986119109	1.6196942355288926	3.503049583987189e10	38.37944920318995	5.199811053490144e10
0.0005606272308223512	0.0005728262925316493	0.0005667267616770003	1.6880681192947549	3.4283840396725216e10	40.067517322484704	5.0890297869464355e10
0.0005728262925316493	0.0005852693354751334	0.0005790478140033913	1.7592623544220685	3.3554330746205833e10	41.826779676906774	4.980793176632843e10
0.0005852693354751334	0.0005979612392774872	0.0005916152873763102	1.8333920010771787	3.2841521201139606e10	43.66017167798397	4.8750349085771164e10
0.0005979612392774872	0.000610906981155888	0.0006044341102166876	1.910576787558007	3.2144979845367725e10	45.570748465541975	4.771690733536564e10
0.000610906981155888	0.0006241116378718569	0.0006175093095138725	1.9909412991198308	3.146428801695351e10	47.56168976466181	4.670698388303905e10
0.0006241116378718568	0.000637580387722145	0.0006308460127970009	2.0746151744228025	3.079903981459321e10	49.63630493908461	4.571997520636905e10
0.0006375803877221451	0.0006513185125694391	0.000644449450145792	2.1617333099114777	3.014884162605531e10	51.798038248996086	4.475529617616139e10
0.0006513185125694391	0.0006653313999136789	0.000658324956241559	2.2524360724432833	2.951331167747662e10	54.05047432143937	4.38123793724713e10
0.000665331399913679	0.0006796245450048036	0.0006724779724592413	2.3468695205004613	2.8892079602460278e10	56.39734384193983	4.289067443134405e10
0.0006796245450048035	0.0006942035529977507	0.000686914049001277	2.445185634330207	2.8284786029953987e10	58.84252947627004	4.198964742065593e10
0.0006942035529977508	0.0007090741411505569	0.0007016388470741539	2.5475425553728113	2.76910821899546e10	61.39007203164285	4.110878024353282e10
0.000709074141150557	0.0007242421410664192	0.0007166581411084882	2.654104835353248	2.711062953615473e10	64.0441768669961	4.024757006791699e10
0.0007242421410664192	0.0007397135009805987	0.0007319778210235089	2.7650436954235427	2.654309938466059e10	66.80922056241964	3.940552878093483e10
0.0007397135009805987	0.0007554942880930618	0.0007476038945368302	2.880537295762297	2.5988172568002983e10	69.68975785818193	3.8582182466799706e10
0.0007554942880930617	0.000771590690947774	0.0007635424895204178	3.000771016052905	2.544553910368402e10	72.69052887423484	3.777707090705774e10
0.0007715906909477741	0.0007880090218595807	0.0007797998564036774	3.1259377472767094	2.491489787653439e10	75.81646662151155	3.6989747102052216e10
0.0007880090218595807	0.0008047557193896234	0.000796382370624602	3.2562381952792827	2.4395956334229347e10	79.07270481679083	3.621977681254881e10
0.0008047557193896234	0.0008218373508702669	0.0008132965351299452	3.391881196581669	2.388843019530967e10	82.4645860133725	3.546673812052257e10
0.0008218373508702668	0.0008392606149805233	0.0008305489829253951	3.5330840469320517	2.3392043169125877e10	85.99767006030456	3.47302210081657e10
0.0008392606149805233	0.0008570323443729849	0.0008481464796767541	3.680072843108494	2.2906526687121128e10	89.67774290341305	3.400982695422705e10
0.000857032344372985	0.0008751595083532958	0.0008660959263631404	3.833082838507906	2.2431619644927013e10	93.51082574192095	3.330516854684425e10
0.0008751595083532959	0.0008936492156132129	0.0008844043619832544	3.9923588130757857	2.196706815476264e10	97.50318455499674	3.261586911207622e10
0.0008936492156132128	0.0009125087170183281	0.0009030789663157704	4.158155458153852	2.1512625307653324e10	101.66134001315059	3.1941562357386875e10
0.0009125087170183281	0.0009317454084515458	0.0009221270627349369	4.330737776846357	2.10680509450173e10	105.99207778999696	3.128189202937212e10
0.0009317454084515458	0.0009513668337134279	0.0009415561210824868	4.510381500529378	2.0633111439186802e10	110.50245929052633	3.063651158506075e10
0.0009513668337134278	0.0009713806874805474	0.0009613737605969876	4.697373522152744	2.020757948245461e10	115.19983281267908	3.0005083876155308e10
0.0009713806874805473	0.0009917948183230095	0.0009815877529017784	4.892012347011411	1.979123388426435e10	120.0918451596905	2.9387280845613728e10
0.0009917948183230095	0.0010126172317823207	0.001002206025052665	5.094608561687055	1.93838593761682e10	125.18645372137755	2.8782783236003696e10
0.001012617231782321	0.0010338560935108185	0.0010232366626465698	5.305485321893384	1.8985246424211174e10	130.49193904327092	2.8191280309091965e10
0.0010338560935108183	0.0010555197324738858	0.0010446879129923522	5.52497885998352	1.8595191048408096e10	136.01691790325444	2.7612469576159054e10
0.0010555197324738858	0.0010776166442162147	0.0010665681883450502	5.753439012912105	1.821349464899928e10	141.77035691616655	2.704605653855579e10
0.0010776166442162147	0.00110015549419339	0.0010888860692048023	5.9912297714739156	1.7839963839189415e10	147.76158668764046	2.6491754438044262e10
0.00110015549419339	0.001123145121170109	0.0011116503076817495	6.238729851674118	1.7474410284081516e10	154.00031653931458	2.5949284016487576e10
0.0011231451211701088	0.0011465945406863621	0.0011348698309282354	6.496333289122144	1.7116650545544764e10	160.49664982843672	2.54183732844767e10
0.0011465945406863623	0.0011705129485929406	0.0011585537446396515	6.764450057372322	1.6766505932751467e10	167.26109988580905	2.489875729850212e10
0.0011705129485929406	0.0011949097246576506	0.0011827113366252957	7.043506711176685	1.642380235814758e10	174.30460659698574	2.4390177946298958e10
0.0011949097246576504	0.0012197944362436544	0.0012073520804506523	7.333947055649048	1.608837019862278e10	181.63855365263478	2.3892383740011703e10
0.0012197944362436544	0.0012451768420613787	0.0012324856391525167	7.636232842383005	1.5760044161655931e10	189.2747864950178	2.340512961684289e10
0.0012451768420613787	0.0012710668959954575	0.001258121869028418	7.950844493607666	1.5438663156236467e10	197.22563098862545	2.29281767468668e10
0.0012710668959954577	0.001297474751008218	0.0012842708235018378	8.278281855507164	1.5124070168352661e10	205.50391284413263	2.2461292347704025e10
0.0012974747510082177	0.0013244107631212331	0.0013109427570647254	8.61906498187541	1.4816112140862022e10	214.12297782600803	2.200424950576859e10
0.0013244107631212331	0.001351885495476509	0.001338148129298871	8.973734949324548	1.451463985756015e10	223.09671277533258	2.1556827003812214e10
0.0013518854954765091	0.0013799097224788904	0.0013658976089777	9.342854705318206	1.4219507831282715e10	232.4395674806508	2.1118809154504837e10
0.0013799097224788902	0.001408494434021319	0.0013942020782501045	9.72700995034173	1.3930574195864319e10	242.16657743099253	2.068998563980152e10
0.0014084944340213193	0.0014376508397945967	0.0014230726369079578	10.126810055586198	1.3647700601809814e10	252.29338748657872	2.0270151355858715e10
0.0014376508397945969	0.00146739037368334	0.0014525206067389684	10.542889017568891	1.3370752115521147e10	262.83627650414763	1.985910626327402e10
0.0014673903736833398	0.0014977246982498576	0.0014825575359665986	10.97590645117382	1.3099597121939674e10	273.8121829553215	1.9456655242433372e10
0.0014977246982498576	0.001528665709307706	0.0015131952037787818	11.426548622657823	1.2834107230471348e10	285.2387315779793	1.9062607953760704e10
0.001528665709307706	0.0015602255405867112	0.0015444456249472085	11.895529524219878	1.2574157184056976e10	297.13426110219916	1.8676778702673805e10
0.001560225540586711	0.0015924165684912963	0.0015763210545390036	12.383591991807425	1.2319624771272068e10	309.51785309400657	1.829898630905951e10
0.0015924165684912965	0.0016252514169539736	0.001608833992722635	12.891508867895492	1.2070390741335724e10	322.40936196190205	1.7929053981089924e10
0.0016252514169539738	0.0016587429623859044	0.0016419971896699391	13.420084211034137	1.1826338721909798e10	335.8294461729362	1.7566809193209244e10
0.0016587429623859042	0.0016929043387264734	0.0016758236505561887	13.970154554052758	1.1587355139590248e10	349.79960072698896	1.7212083568128708e10
0.0016929043387264734	0.001727748942593854	0.0017103266406601637	14.542590212865308	1.1353329142981243e10	364.3421909398543	1.6864712762674393e10
0.0017277489425938538	0.001763290438538582	0.001745519690566218	15.138296647902504	1.1124152528251198e10	379.4804875877568	1.6524536357339436e10
0.0017632904385385822	0.001799542764402205	0.0017814166014703935	15.758215880293053	1.089971966708513e10	395.23870346804983	1.6191397749398985e10
0.0017995427644022048	0.0018365201367831002	0.0018180314505926525	16.403327964977663	1.0679927436935425e10	411.6420314330275	1.5865144049452515e10
0.0018365201367831002	0.0018742370566116134	0.0018553785966973569	17.074652523042065	1.0464675153487055e10	428.7166839560696	1.5545625981263586e10
0.0018742370566116131	0.0019127083148366966	0.0018934726857241548	17.77325033564357	1.0253864505255825e10	446.48993429171315	1.5232697784773619e10
0.0019127083148366968	0.0019519489982262818	0.0019323286565314894	18.500225001996327	1.0047399490238987e10	464.9901592937095	1.4926217122170704e10
0.0019519489982262818	0.0019919744952836584	0.00197196174675497	19.25672466398601	9.845186354544847e9	484.2468839576955	1.4626044986900452e10
0.0019919744952836584	0.002032800502282183	0.0020123874987829204	20.04394380007983	9.647133532926481e9	504.29082775777533	1.4332045615510017e10
0.002032800502282183	0.0020744430294206777	0.0020536217658514303	20.863125091303232	9.453151591150427e9	525.1539528490786	1.4044086402221525e10
0.0020744430294206777	0.0021169184071019426	0.00209568071826131	21.71556136218275	9.263153170136862e9	546.8695142112613	1.3762037816135376e10
0.002116918407101942	0.0021602432923368323	0.002138580849719387	22.6025975996353	9.077052931802145e9	569.4721118108965	1.3485773320968039e10
0.0021602432923368323	0.00220443467527642	0.0021823389838066263	23.525633052945544	8.894767506548708e9	592.9977448638421	1.3215169297233034e10
0.00220443467527642	0.0022495098858747995	0.00222697228057561	24.486123418062743	8.716215442340027e9	617.4838682819048	1.2950104966777729e10
0.0022495098858747995	0.002295486600685147	0.002272498243279973	25.48558310959197	8.541317155303738e9	642.9694513914968	1.2690462319591753e10
0.002295486600685147	0.002342382849791701	0.002318934725238424	26.525587623993715	8.369994881812834e9	669.4950390154905	1.2436126042806883e10
0.0023423828497917006	0.0023902170238803856	0.0023662999368360433	27.60777599763618	8.202172631989988e9	697.1028150131267	1.2186983451811108e10
0.0023902170238803856	0.0024390078814508446	0.002414612452665615	28.733853363493335	8.037776144586643e9	725.8366683766201	1.1942924423402899e10
0.0024390078814508446	0.0024887745561727125	0.0024638912188117788	29.905593610428614	7.876732843189131e9	755.7422619870487	1.170384133091475e10
0.002488774556172713	0.0025395365643890184	0.0025141555602808657	31.124842149175215	7.718971793706313e9	786.8671041362239	1.1469628981237757e10
0.002539536564389018	0.0025913138127696494	0.0025654251885793337	32.39217608293746	7.564110118907726e9	819.2592802191614	1.1240166131867819e10
0.00259131381276965	0.002644126606117894	0.002617720209443772	33.71130254557706	7.412510951796339e9	852.9705827647384	1.1015360263427633e10
0.002644126606117894	0.002697995655333103	0.0026710611307254983	35.0847688507503	7.264187913783441e9	888.0553516154887	1.07951253232861e10
0.002697995655333103	0.002752942085532616	0.0027254688704328595	36.51389310529537	7.118879346168762e9	924.569244720784	1.057936517342959e10
0.002752942085532616	0.0028089874443361198	0.002780964764934368	38.00092358054769	6.976521909275991e9	962.5701683013317	1.0367985824713139e10
0.0028089874443361193	0.0028661537103156927	0.002837570577325906	39.54819914534776	6.837053676280688e9	1002.1183674466795	1.0160895383829412e10
0.002866153710315693	0.002924463301614858	0.002895308505965276	41.158152907704675	6.700414098483052e9	1043.276520354384	9.958004001779982e9
0.0029244633016148576	0.002983939084740006	0.0029542011931774316	42.8333160023729	6.566543971558355e9	1086.109836356757	9.759223823799168e9
0.0029839390847400064	0.0030446043835276578	0.003014271734133832	44.574516008869004	6.435124743618263e9	1130.684352365626	9.564453667786251e9
0.003044604383527657	0.0031064829882910612	0.003075543685909359	46.38675051228953	6.306452417660762e9	1177.0711028779156	9.373615813292517e9
0.0031064829882910612	0.0031695991651497337	0.0031380410767203977	48.273546861861604	6.180544988245811e9	1225.3446497397772	9.186638313428505e9
0.0031695991651497345	0.0032339776655455803	0.0032017884153476574	50.236761022850686	6.057187551338017e9	1275.581410762628	9.003441010968065e9
0.00323397766554558	0.003299643735949343	0.003266810700747461	52.279444811106	5.936322862143815e9	1327.860855573734	8.823945250261827e9
0.003299643735949343	0.003366623127761181	0.003333133431855262	54.40480559373498	5.817899107509964e9	1382.2656611674688	8.64807410046978e9
0.0033666231277611806	0.0034349421074092554	0.003400782617585218	56.616179865467075	5.701865608045818e9	1438.8818410329359	8.475752314269867e9
0.003434942107409255	0.003504627466650291	0.003469784787029773	58.91703843286936	5.58817279109355e9	1497.7988794658052	8.306906287689281e9
0.0035046274666502915	0.0035757065330761484	0.00354016699986322	61.31099180592155	5.476772164427834e9	1559.1098712717267	8.141464021022997e9
0.003575706533076149	0.003648207180830523	0.003611956856953336	63.80179580520448	5.367616290663413e9	1622.911667076931	7.979355080805305e9
0.003648207180830523	0.0037221578415399846	0.003685182511185254	66.39335739325931	5.260658762346321e9	1689.3050244701903	7.820510562801233e9
0.003722157841539984	0.003797587515463635	0.0037598726785018095	69.08974073905027	5.155854177710096e9	1758.3947652092406	7.664863055986188e9
0.0037975875154636347	0.0038745257828657585	0.003836056649164697	71.89517352477556	5.053158117073818e9	1830.2899387340162	7.512346607483047e9
0.003874525782865759	0.003953002815615925	0.003913764299240842	74.8140535046536	4.952527119863686e9	1905.10399223867	7.362896688427207e9
0.003953002815615925	0.004033049389021095	0.00399302610231851	77.85095532572163	4.853918662240028e9	1982.9549475643914	7.216450160731138e9
0.004033049389021095	0.004114696893894368	0.004073873141457731	81.01063762099663	4.757291135308553e9	2063.965585185388	7.072945244720863e9
0.004114696893894368	0.004197977348865107	0.004156337121379737	84.29805038584799	4.6626038239005575e9	2148.263635571236	6.932321487617948e9
0.004197977348865106	0.00428292341293526	0.004240450380900183	87.71834264883086	4.569816885905789e9	2235.9819782200675	6.794519732841521e9
0.00428292341293526	0.004369568398286817	0.004326245905611039	91.27687044857326	4.4788913321366005e9	2327.258848668641	6.659482090105435e9
0.004369568398286817	0.004457946283345404	0.0044137573408161105	94.97920512895213	4.389789006713417e9	2422.2380537975932	6.527151906287001e9
0.0044579462833454035	0.004548091726105163	0.004503019004725283	98.83114196511022	4.302472567952773e9	2521.0691957627037	6.397473737044202e9
0.004548091726105163	0.0046400400777201175	0.00459406590191264	102.83870913342209	4.216905469743173e9	2623.9079048961257	6.270393319159208e9
0.0046400400777201175	0.004733827396367371	0.0046869337370437445	107.00817703906375	4.133051943396472e9	2730.9160819351896	6.145857543586906e9
0.0047338273963673716	0.00482949046138757	0.004781658928877471	111.34606801525558	4.050876979956865e9	2842.2621499504453	6.02381442918753e9
0.004829490461387569	0.004927066787708172	0.004878278624547871	115.85916640900409	3.9703463129598927e9	2958.1213163594493	5.904213097123673e9
0.004927066787708171	0.005026594640555186	0.004976830714131679	120.55452906851019	3.8914264016229897e9	3078.6758454279598	5.787003745902209e9
0.005026594640555187	0.005128113050459141	0.005077353845507164	125.43949624816784	3.814084414457901e9	3204.1153416761276	5.672137627042517e9
0.005128113050459142	0.0052316618285611766	0.005179887439510159	130.52170294769422	3.738288213293583e9	3334.637044623822	5.559567021353083e9
0.005231661828561176	0.005337281582225251	0.005284471705393213	135.8090907024272	3.664006337695034e9	3470.446135326249	5.449245215798918e9
0.00533728158222525	0.005445013730962606	0.0053911476565939274	141.30991984268618	3.591207989769008e9	3611.7560551689353	5.34112648094298e9
0.005445013730962607	0.00555490052267471	0.005499957126818658	147.0327822407158	3.519863019346244e9	3758.788837409651	5.235166048945461e9
0.00555490052267471	0.005666985050221055	0.005610942786447882	152.98661456430665	3.449941909526359e9	3911.775451973958	5.131320092105004e9
0.005666985050221055	0.0057813112683183275	0.005724148159269691	159.1807120572311	3.3814157625790663e9	4070.956164031189	5.029545701926685e9
0.0057813112683183275	0.005897924010777545	0.005839617639547936	165.62474286712228	3.31425628618923e9	4236.58090689831	4.929800868702078e9
0.005897924010777545	0.006016869008085947	0.005957396509431746	172.3287629424344	3.2484357800375834e9	4408.909669840744	4.832044461587091e9
0.006016869008085947	0.006138192905340518	0.006077530956713232	179.30323152078407	3.183927122706502e9	4588.212901361528	4.736236209163763e9
0.006138192905340517	0.006261943280540179	0.006200068092940348	186.55902723202433	3.1207037589033523e9	4774.771928593552	4.6423366804727e9
0.0062619432805401795	0.0063881686632438345	0.006325055971892007	194.10746484013777	3.058739686991261e9	4968.87939343369	4.550307266503182e9
0.0063881686632438345	0.006516918553601562	0.006452543608422698	201.96031264912943	2.998009446820667e9	5170.839706082819	4.460110162128492e9
0.006516918553601562	0.0066482434417664445	0.006582580997684003	210.1298105989122	2.938488107851815e9	5380.969516681732	4.371708348474274e9
0.006648243441766445	0.006782194827694626	0.0067152191347305355	218.62868907824023	2.880151257560476e9	5599.598205759972	4.2850655757081738e9
0.006782194827694623	0.006918825241341367	0.006850510034517995	227.47018848292956	2.822974990120778e9	5827.068394242901	4.2001463462394733e9
0.006918825241341368	0.007058188263261047	0.006988506752301208	236.66807954846217	2.7669358953561926e9	6063.736473791363	4.1169158983175864e9
0.0070581882632610475	0.00720033854561912	0.007129263404440084	246.23668448734134	2.7120110479518995e9	6309.973158278704	4.035340190018863e9
0.007200338545619119	0.007345331833624353	0.007272835189621736	256.19089896268383	2.6581779969217505e9	6566.164057241388	3.955385883611225e9
0.007345331833624354	0.007493224987389692	0.007419278410507023	266.5462149307825	2.60541475532307e9	6832.71027217217	3.8770203302866898e9
0.007493224987389691	0.007644076004230336	0.007568650495810014	277.31874438658986	2.5536997902126865e9	7110.02901655876	3.8002115552520547e9
0.007644076004230335	0.007797944041407793	0.007721010022819065	288.52524404739404	2.5030120128377695e9	7398.5542606061545	3.7249282431682568e9
0.007797944041407793	0.0079548894393288	0.007876416740368297	300.1831410112974	2.453330769055437e9	7698.737401617452	3.6511397239293365e9
0.0079548894393288	0.008114973745208228	0.008034931592268514	312.31055942854425	2.4046358299751616e9	8011.047961045997	3.5788159587720976e9
0.008114973745208228	0.008278259737205244	0.008196616741206735	324.9263482251252	2.3569073828178205e9	8335.974309271121	3.5079275267078457e9
0.008278259737205243	0.0084448114490422	0.00836153559312372	338.0501099198124	2.3101260219872155e9	8674.024419190933	3.43844561126795e9
0.0084448114490422	0.008614694195115895	0.008529752822079047	351.702230576869	2.264272740345929e9	9025.726649767803	3.3703419875550117e9
0.008614694195115895	0.008787974596111064	0.00870133439561348	365.90391093887104	2.219328920692747e9	9391.630560706673	3.3035890095918674e9
0.008787974596111064	0.008964720605126136	0.0088763476006186	380.67719878547814	2.175276327435902e9	9772.307759492152	3.2381595979607954e9
0.008964720605126136	0.00914500153432151	0.009054861069723823	396.04502256554224	2.13209709845581e9	10168.352782057695	3.1740272277254806e9
0.00914500153432151	0.009328888082100792	0.009236944808211151	412.03122635216346	2.0897737371542614e9	10580.384008409857	3.1111659166285944e9
0.009328888082100792	0.009516452360835658	0.009422670221468225	428.66060617196683	2.0482891046845317e9	11009.044614581824	3.0495502135580063e9
0.00951645236083566	0.009707767925145225	0.009612110142990443	445.9589477616044	2.0076264123574235e9	11455.003562343429	2.989155187274833e9
0.009707767925145223	0.009902909800740978	0.009805338862943101	463.9530658069904	1.9677692142198925e9	11918.95662815042	2.9299564153967752e9
0.00990290980074098	0.010101954513848651	0.010002432157294815	482.6708447224213	1.9287013998009853e9	12401.62747287284	2.871929973630312e9
0.01010195451384865	0.010304980121218473	0.010203467317533561	502.1412810290595	1.890407187021447e9	12903.7687539019	2.815052425245609e9
0.010304980121218475	0.010512066240735696	0.010408523180977085	522.3945273945993	1.852871115262745e9	13426.1632812965	2.7593008107880235e9
0.010512066240735696	0.010723294082643262	0.010617680161689479	543.4619383979639	1.8160780385914075e9	13969.625219694464	2.7046526380204277e9
0.01072329408264326	0.010938746481388976	0.010831020282016119	565.3761180857065	1.7800131191352649e9	14535.001337780172	2.6510858720905805e9
0.010938746481388976	0.011158507928109608	0.011048627204749292	588.1709693889227	1.7446618206076882e9	15123.172307169094	2.5985789259180784e9
0.011158507928109606	0.01138266460376465	0.011270586265937129	611.881745472072	1.7100099019757688e9	15735.054052641166	2.547110650795466e9
0.01138266460376465	0.011611304412932795	0.011496984508348723	636.545103088153	1.6760434112696786e9	16371.599155729318	2.4966603271982656e9
0.011611304412932795	0.011844517018284302	0.01172791071560855	662.1991580167247	1.642748679528768e9	17033.798313746043	2.447207655798861e9
0.011844517018284302	0.01208239387574284	0.01196345544701357	688.8835426654125	1.610112314882854e9	17722.681856411455	2.3987327486792984e9
0.01208239387574284	0.012325028270350548	0.012203711073046693	716.6394659164276	1.5781211967628088e9	18439.321322327884	2.351216120738147e9
0.012325028270350548	0.01257251535285041	0.012448771811600479	745.5097753052546	1.5467624702400267e9	19184.831097633138	2.30463868128679e9
0.01257251535285041	0.01282495217700027	0.012698733764925339	775.539021619425	1.5160235404895346e9	19960.370119252562	2.2589817258305554e9
0.01282495217700027	0.013082437737633125	0.012953694957316696	806.7735260104705	1.4858920673753927e9	20767.143645263033	2.2142269280302925e9
0.013082437737633127	0.01334507300947864	0.013213755373555885	839.2614497142989	1.456355960154253e9	21606.405094977334	2.1703563318400407e9
0.013345073009478643	0.013612960986761067	0.013479016998119854	873.052866479385	1.4274033722951596e9	22479.45796145672	2.127352343816659e9
0.013612960986761064	0.013886206723589136	0.0137495838551751	908.1998378054989	1.3990226964119546e9	23387.65779926222	2.0851977255972567e9
0.013886206723589138	0.014164917375153772	0.014025562049371455	944.7564910999802	1.3712025593066912e9	24332.414290362198	2.0438755865405188e9
0.014164917375153773	0.0144492022397497	0.014307059807451738	982.7791008614797	1.3439318171202996e9	25315.19339122368	2.003369376528036e9
0.014449202239749697	0.014739172801637543	0.01459418752069362	1022.3261730064534	1.3171995505891006e9	26337.519564230133	1.9636628789218676e9
0.014739172801637543	0.015034942774763145	0.014887057788200344	1063.4585324563182	1.290995060403451e9	27400.978096686453	1.924740203674662e9
0.015034942774763145	0.01533662814735126	0.015185785461057203	1106.2394141091481	1.2653078626674016e9	28507.217510795595	1.886585780588812e9
0.01533662814735126	0.015644347227391137	0.015490487687371199	1150.7345573227751	1.2401276844561167e9	29657.95206811837	1.8491843527211154e9
0.015644347227391137	0.01595822068903181	0.015801283958211475	1197.0123040416743	1.215444459469135e9	30854.964372160044	1.8125209699295871e9
0.01595822068903181	0.016278371619905297	0.016118296154468553	1245.143700704409	1.1912483237770844e9	32100.108072864452	1.776580982559112e9
0.0162783716199053	0.01660492556939626	0.01644164859465078	1295.202604073323	1.1675296116598904e9	33395.31067693778	1.7413500352627292e9
0.016604925569396255	0.016938010597877032	0.016771468083636644	1347.2657911338417	1.1442788515344481e9	34742.57646807162	1.7068140609554365e9
0.016938010597877032	0.017277757326927424	0.017107883962402228	1401.4130732144465	1.1214867619690344e9	36143.989541286064	1.67295927489742e9
0.017277757326927424	0.017624298990558823	0.017451028158743123	1457.7274144858814	1.0991442477833343e9	37601.716955771946	1.6397721689037879e9
0.017624298990558823	0.01797777148746285	0.01780103523901084	1516.2950550024148	1.0772423962317743e9	39118.012010774364	1.607239505677889e9
0.01797777148746285	0.01833831343430496	0.018158042460883907	1577.205638453274	1.0557724732678171e9	40695.21764922764	1.5753483132653847e9
0.018338313434304962	0.018706066220083913	0.01852218982719444	1640.5523448008132	1.0347259198883733e9	42335.76999402845	1.5440858796263492e9
0.01870606622008391	0.01908117406157844	0.018893620140831173	1706.4320279841086	1.0140943485552686e9	44042.202022012556	1.5134397473226964e9
0.019081174061578443	0.019463784059902862	0.01927247906074065	1774.9453588774948	9.938695396930802e8	45817.14738089005	1.4833977083183093e9
0.019463784059902862	0.019854046258193772	0.019658915159048315	1846.1969736973074	9.740434382613586e8	47663.34435458735	1.453947798889378e9
0.01985404625819377	0.020252113700450495	0.020053079979322132	1920.2956280558176	9.546081503986791e8	49583.63998264317	1.4250782946423786e9
0.0202521137004505	0.02065814249155236	0.02045512809600143	1997.3543568733548	9.355559401384968e8	51580.99433951653	1.396777705637338e9
0.020658142491552355	0.021072291858476255	0.020865217175014307	2077.490640360043	9.168792261936718e8	53658.48497987658	1.3690347716139941e9
0.021072291858476255	0.021494724212738632	0.021283508035607444	2160.826576291532	8.985705788090827e8	55819.31155616811	1.3418384573185358e9
0.021494724212738632	0.021925605214086256	0.021710164713412444	2247.4890588081325	8.806227166804938e8	58066.800614976244	1.3151779479287043e9
0.021925605214086256	0.022365103835460833	0.022145354524773543	2337.609963974367	8.630285039380727e8	60404.410578950614	1.289042644575031e9
0.022365103835460833	0.0228133924292629	0.022589248132361867	2431.326342345205	8.457809471931719e8	62835.73692129582	1.2634221599560838e9
0.0228133924292629	0.02327064679494101	0.023042019612101956	2528.7806187944825	8.288731926475526e8	65364.5175400903	1.2383063140456548e9
0.02327064679494101	0.023737046247932683	0.023503846521436847	2630.1207998649556	8.122985232623591e8	67994.63833995526	1.2136851298898106e9
0.023737046247932683	0.024212773689984188	0.023974909968958437	2735.5006889156916	7.960503559870998e8	70730.13902887095	1.189548829491858e9
0.02421277368998419	0.024698015680876727	0.02445539468543046	2845.0801093438804	7.801222390459554e8	73575.21913821483	1.165887829783258e9
0.024698015680876723	0.02519296251158711	0.024945489096231916	2959.0251361734145	7.645078492810528e8	76534.24427438824	1.14269273867861e9
0.02519296251158711	0.025697808278911702	0.025445385395249404	3077.508336309392	7.492009895510975e8	79611.75261069763	1.119954351212852e9
0.025697808278911705	0.026212750961582792	0.025955279620247247	3200.709017766929	7.341955861840008e8	82812.46162846456	1.0976636457588758e9
0.02621275096158279	0.026737992497907297	0.026475371729745043	3328.813488195167	7.194856864825836e8	86141.27511665973	1.0758117803237915e9
0.026737992497907297	0.027273738864958295	0.027005865681432796	3462.015323027468	7.050654562823377e8	89603.2904396872	1.0543900889221334e9
0.02727373886495829	0.027820200159350307	0.0275469695121543	3600.515643595678	6.909291775594549e8	93203.80608328288	1.0333900780243151e9
0.02782020015935031	0.02837759067963017	0.02809889541949024	3744.523405563728	6.770712460888377e8	96948.3294888466	1.0128034230787076e9
0.02837759067963017	0.028946129010315624	0.028661859844972895	3894.255698041229	6.634861691503848e8	100842.58518688784	9.926219651057364e8
0.02894612901031562	0.029526038107614786	0.029236083558965203	4049.9380537537945	6.501685632829078e8	104892.52324064163	9.728377073624306e8
0.02952603810761479	0.030117545386859935	0.029821791747237363	4211.804770654331	6.371131520842828e8	109104.32801129596	9.53442812075901e8
0.03011754538685994	0.03072088281168999	0.030419214099274963	4380.0992453772005	6.243147640572555e8	113484.42725667317	9.344295972442667e8
0.03072088281168998	0.03133628698501663	0.031028584898353306	4555.074318943924	6.117683304995936e8	118039.50157561709	9.157905335035616e8
0.031336286985016636	0.03196399924180982	0.03165014311341323	4736.992635145571	5.994688834376386e8	122776.49421076266	8.975182410591955e8
0.03196399924180982	0.03260426574373887	0.03228413249277434	4926.127012039178	5.874115536025956e8	127702.62122280183	8.796054866806107e8
0.03260426574373887	0.0332573375757065	0.03293080165972269	5122.76082700912	5.755915684483461e8	132825.38204981096	8.620451807577353e8
0.0332573375757065	0.033923470844313484	0.03359040421000999	5327.188415856103	5.64004250210052e8	138152.57046566706	8.448303744179431e8
0.03392347084431348	0.034602926778292596	0.03426319881130303	5539.715486393911	5.526450140025636e8	143692.28595206098	8.279542567022036e8
0.034602926778292596	0.0352959718309513	0.034949449304621946	5760.659547045941	5.415093659579921e8	149452.94549910692	8.114101517991681e8
0.03529597183095131	0.03600287778466319	0.03564942480780725	5990.350350948048	5.3059290140137047e8	155443.29585005497	7.951915163359554e8
0.036002877784663184	0.0367239218574493	0.03636339982105624	6229.130356080596	5.19891303063684e8	161672.42620613557	7.792919367244219e8
0.0367239218574493	0.037459386811691135	0.03709165433457022	6477.35520196626	5.094003393314752e8	168149.78140810184	7.637051265617335e8
0.037459386811691135	0.03820956106501781	0.03783447393835447	6735.394203488911	4.9911586253243244e8	174885.17561159076	7.48424924084109e8
0.038209561065017814	0.03897473880341102	0.03859214993421442	7003.630862396227	4.890338072556316e8	181888.806473987	7.334452896725681e8
0.03897473880341101	0.039755220096572084	0.03936497944999155	7282.463397080681	4.791501887066138e8	189171.26987106763	7.187603034096265e8
0.03975522009657209	0.040551311015596385	0.04015326555608424	7572.305291227078	4.6946110109545475e8	196743.5751622947	7.043641626858144e8
0.040551311015596385	0.04136332375300116	0.04095731738429877	7873.585861956643	4.599627160581536e8	204617.16102425134	6.902511798550067e8
0.04136332375300116	0.04219157674515404	0.0417774502490776	8186.750848096249	4.506512811100572e8	212803.91187234758	6.764157799375117e8
0.04219157674515404	0.04303639479714997	0.042613985771152	8512.263019220643	4.415231181306025e8	221316.17489156823	6.62852498369914e8
0.04303639479714997	0.04389810921018582	0.0434672520036679	8850.602806144563	4.325746218790448e8	230166.7776977128	6.495559788006909e8
0.04389810921018582	0.044777057911482385	0.0443375835608341	9202.26895355099	4.2380225854053307e8	239369.04665126378	6.365209709306499e8
0.0447770579114824	0.0456735855868049	0.04522532174914365	9567.779195447563	4.1520256430128443e8	248936.82584671135	6.237423283972232e8
0.045673585586804885	0.046588043815633834	0.04613081470121936	9947.670954192501	4.067721439531392e8	258884.49680090384	6.112150067017266e8
0.04658804381563384	0.04752079120903937	0.047054417512336605	10342.50206381423	3.9850766952613777e8	269226.9988647181	5.989340611786543e8
0.04752079120903937	0.04847219355031301	0.04799649237967619	10752.851518393549	3.9040587894897044e8	279979.8503831116	5.868946450061631e8
0.04847219355031301	0.04944262393841212	0.048957408744362566	11179.320246281037	3.824635747365363e8	291159.17062939267	5.750920072568547e8
0.04944262393841212	0.05043246293427321	0.049937543436342664	11622.53191094566	3.746776227040131e8	302781.70254033833	5.635214909880317e8
0.05043246293427322	0.05144209871005154	0.05093728082216238	12083.13373927339	3.6704495070712e8	314864.83627961174	5.521785313706063e8
0.05144209871005152	0.05247192720134541	0.05195701295569846	12561.797378140809	3.595625474076377e8	327426.63365775254	5.410586538558438e8
0.052471927201345414	0.05352235226246518	0.0529971397319053	13059.219780125393	3.5222746106408244e8	340485.85343787796	5.3015747237916344e8
0.05352235226246517	0.054593785824807325	0.05405806904363625	13576.124119214855	3.4503679834670377e8	354061.9775570928	5.194706876002312e8
0.054593785824807325	0.05568664805839632	0.05514021694160182	14113.260737407403	3.3798772317638814e8	368175.2382945002	5.0899408517857164e8
0.05568664805839632	0.0568013675366571	0.05624400779752671	14671.408123115392	3.310774555871233e8	382846.6464176156	4.987235340839886e8
0.0568013675366571	0.05793838140448309	0.0573698744705701	15251.373922288081	3.243032706112196e8	398098.02033990365	4.886549849410496e8
0.0579383814044831	0.05909813554966561	0.058518258477074356	15853.995983207227	3.176624971871209e8	413952.0163231109	4.787844684069425e8
0.05909813554966561	0.06028108477775177	0.05968961016370869	16480.14343591703	3.111525170892299e8	430432.15975902794	4.691080935820137e8
0.06028108477775177	0.06148769299039966	0.06088438888407571	17130.71780725855	3.047707638791559e8	447562.8775662865	4.596220464523044e8
0.06148769299039967	0.06271843336730051	0.06210306317885009	17806.65417251961	2.985147218781751e8	465369.5317388061	4.503225883634322e8
0.06271843336730051	0.06397378855173938	0.06334611095951995	18508.92234470901	2.9238192516035396e8	483878.4540835151	4.4120605452517176e8
0.06397378855173937	0.06525425083986701	0.06461401969580319	19238.528102475073	2.86369956565769e8	503116.9821859902	4.322688525460921e8
0.06525425083986701	0.0665603223737572	0.06590728660681211	19996.51445774294	2.8047644673379654e8	523113.4966437331	4.235074609976471e8
0.06656032237375721	0.0678925153383252	0.0672264188560412	20783.962964096125	2.7469907315552056e8	543897.4596078292	4.1491842800709814e8
0.0678925153383252	0.06925135216218456	0.06857193375025489	21601.99506701277	2.690355592453909e8	565499.454674842	4.0649836987868696e8
0.06925135216218456	0.0706373657225211	0.06994435894235283	22451.773497026737	2.6348367343137893e8	587951.2281718687	3.982439697424723e8
0.07063736572252109	0.07205109955406437	0.07134423263829273	23334.503706923533	2.580412282633815e8	611285.7318787923	3.9015197623026496e8
0.07205109955406439	0.07349310806223852	0.07277210380815145	24251.435354087705	2.527060795395031e8	635537.16723288	3.8221920217810327e8
0.07349310806223852	0.07496395674057614	0.07422853240140734	25203.863829136055	2.4747612544989437e8	660741.031062016	3.7444252335473424e8
0.07496395674057613	0.0764642223924805	0.07571408956652831	26193.13183194388	2.423493057375253e8	686934.1628939599	3.668188772155474e8
0.07646422239248052	0.07799449335742298	0.07722935787495175	27220.6309962603	2.3732360087602112e8	714154.7938902202	3.593452616814645e8
0.07799449335742298	0.07955536974166429	0.07877493154954363	28287.8035640134	2.3239703126370466e8	742442.5974542337	3.5201873394225895e8
0.07955536974166429	0.08114746365359042	0.08035141669762735	29396.144110497014	2.2756765643384936e8	771838.7415647306	3.4483640928380835e8
0.08114746365359043	0.0827713994437551	0.08195943154867277	30547.2013215896	2.2283357428068486e8	802385.9428863203	3.3779545993879485e8
0.08277139944375508	0.08442781394972304	0.08359960669673906	31742.57982417229	2.1819292030085248e8	834128.5227104926	3.3089311396037316e8
0.08442781394972304	0.08611735674581035	0.08527258534776669	32983.94207090603	2.1364386684995613e8	867112.4647813987	3.241266541183324e8
0.08611735674581036	0.08784069039781943	0.08697902357181489	34273.01028055015	2.0918462241402876e8	901385.4750619488	3.1749341681730413e8
0.08784069039781943	0.08959849072286867	0.08871959056034405	35611.56843494314	2.0481343089536643e8	936997.0434968919	3.109907910365541e8
0.08959849072286866	0.09139144705441889	0.09049496888864378	37001.46433385171	2.0052857091273996e8	973998.5078307436	3.046162172909272e8
0.09139144705441889	0.09322026251260011	0.0923058547835095	38444.61170878947	1.9632835511545447e8	1.012443119539533e6	2.9836718661251247e8
0.09322026251260011	0.09508565427994496	0.09415295839627254	39942.992396955	1.9221112951104403e8	1.052386111936488e6	2.9224123955260456e8
0.09508565427994496	0.09698835388263671	0.09603700408129084	41498.65857641059	1.881752728063775e8	1.0938847705128985e6	2.862359652035505e8
0.09698835388263673	0.09892910747738232	0.09795873068000951	43113.73506359559	1.8421919576182222e8	1.1369985055764941e6	2.8034900024007654e8
0.09892910747738232	0.10090867614402281	0.09991889181070257	44790.42167426181	1.8034134055825713e8	1.181788927250756e6	2.745780279796997e8
0.10090867614402281	0.10292783618399612	0.10191825616400946	46530.99564888176	1.765401801766434e8	1.2283199228996378e6	2.6892077746183604e8
0.10292783618399612	0.10498737942476889	0.10395760780438251	48337.81414355241	1.728142177898886e8	1.2766577370431903e6	2.6337502254522586e8
0.10498737942476888	0.1070881135303571	0.10603774647756299	50213.31678739755	1.6916198616676322e8	1.3268710538305878e6	2.57938581023302e8
0.1070881135303571	0.10923086231805709	0.1081594879242071	52160.02830743301	1.6558204708766782e8	1.3790310821380208e6	2.5260931375714108e8
0.10923086231805712	0.11141646608151111	0.11032366419978412	54180.561221791504	1.620729907719172e8	1.4332116433598122e6	2.473851238256374e8
0.11141646608151112	0.1136457819202342	0.11253112400087266	56277.61860219688	1.5863343531637183e8	1.4894892619620091e6	2.4226395569255057e8
0.1136457819202342	0.11591968407573174	0.11478273299798297	58453.996906513894	1.552620261452006e8	1.547943258868523e6	2.3724379439008647e8
0.11591968407573172	0.11823906427433921	0.11707937417503547	60712.58888211111	1.519574354704576e8	1.608655847750634e6	2.3232266471867323e8
0.11823906427433921	0.12060483207691884	0.11942194817562903	63056.38654077464	1.48718361763357e8	1.6717122342914087e6	2.2749863046260682e8
0.12060483207691886	0.12301791523555008	0.12181137365623447	65488.48420579368	1.4554352923597068e8	1.7372007184972023e6	2.2276979362124342e8
0.12301791523555008	0.12547926005735394	0.12424858764645201	68012.08163178009	1.4243168733314127e8	1.8052128001289824e6	2.181342936554236e8
0.12547926005735394	0.12798983177559387	0.1267345459164739	70630.48719769705	1.3938161023438177e8	1.8758432873266796e6	2.135903067488174e8
0.12798983177559387	0.13055061492819858	0.12927022335189622	73347.12117354001	1.363920963656434e8	1.9491904085002197e6	2.0913604508389282e8
0.13055061492819858	0.1331626137438554	0.131856614336027	76165.51906090927	1.3346196792063837e8	2.025355927561129e6	2.0476975613220766e8
0.13316261374385543	0.1358268525358254	0.13449473313984042	79089.33500771139	1.3059007039156412e8	2.1044452625688403e6	2.004897219587344e8
0.13582685253582538	0.13854437610363474	0.13718561431973006	82122.34529710324	1.2777527210909477e8	2.1865676078659436e6	1.9629425853993708e8
0.13854437610363474	0.14131625014280028	0.13993031312321752	85268.45191062144	1.2501646379135825e8	2.271836059776565e6	1.9218171509531707e8
0.1413162501428003	0.14414356166274916	0.14272990590277473	88531.68616537206	1.223125581017808e8	2.360367745941937e6	1.8815047343216035e8
0.14414356166274916	0.147027419413097	0.14558549053792308	91916.21242498803	1.1966248921557643e8	2.452283958366925e6	1.8419894730321407e8
0.147027419413097	0.14996895431845178	0.14849818686577437	95426.33188394645	1.1706521239472745e8	2.5477102902508713e6	1.8032558177703217e8
0.1499689543184518	0.1529693199219137	0.15146913712018276	99066.4864246734	1.1451970357129188e8	2.6467767766755447e6	1.765288526207349e8
0.15296931992191368	0.1560296928374448	0.15449950637967924	102841.26254668659	1.1202495893883404e8	2.749618039222231e6	1.728072656949296e8
0.1560296928374448	0.15915127321128655	0.15759048302436568	106755.3953668683	1.0957999455182223e8	2.8563734345890996e6	1.691593563605443e8
0.15915127321128655	0.16233528519260515	0.16074327920194587	110813.7726898196	1.0718384593286629e8	2.9671872072789194e6	1.6558368889733723e8
0.16233528519260515	0.1655829774135501	0.16395913130307763	115021.43914695676	1.0483556768757793e8	3.0822086464258763e6	1.620788559338419e8
0.1655829774135501	0.16889562347891396	0.16723930044623203	119383.60040293707	1.0253423312694979e8	3.2015922468288136e6	1.5864347788851815e8
0.16889562347891396	0.17227452246558508	0.1705850729722495	123905.62742762532	1.0027893389703727e8	3.325497874256439e6	1.5527620242187986e8
0.17227452246558508	0.17572099943198963	0.17399776094878736	128593.06083179206	9.806877961587901e7	3.454090935088231e6	1.5197570389938018e8
0.17572099943198963	0.17923640593772228	0.17747870268485594	133451.6152642632	9.590289751740496e7	3.587542550352494e6	1.48740682864832e8
0.1792364059377223	0.1828221205735696	0.18102926325564594	138487.1838682433	9.378043210230756e7	3.7260297342207376e6	1.455698655241552e8
0.18282212057356959	0.18647954950213383	0.1846508350378517	143705.8427939617	9.170054479558297e7	3.869735577014699e6	1.424620032392349e8
0.18647954950213386	0.1902101270092694	0.18834483825570164	149113.85576492373	8.966241361078243e7	4.0188494327796227e6	1.394158720316917e8
0.19021012700926934	0.1940153160665476	0.19211272153790848	154717.6786942826	8.766523282066277e7	4.173567111473905e6	1.364302720963596e8
0.19401531606654762	0.19789660890497143	0.19595596248575953	160523.96434800286	8.570821263423795e7	4.334091075821908e6	1.3350402732427362e8
0.1978966089049714	0.20185552760016368	0.19987606825256754	166539.5670508573	8.379057888003303e7	4.500630642872766e6	1.3063598483497883e8
0.20185552760016368	0.2058936246692598	0.20387457613471174	172771.54743106276	8.19115726954048e7	4.673402190303829e6	1.2782501451796474e8
0.2058936246692598	0.21001248367973785	0.20795305417449883	179227.17719913888	8.007045022187103e7	4.852629367502968e6	1.2507000858304712e8
0.21001248367973788	0.21421371987042548	0.2121131017750817	185913.94395600737	7.826648230624068e7	5.038543311458975e6	1.2236988111950946e8
0.21421371987042553	0.2184989807849269	0.21635635032767622	192839.55602512546	7.649895420748304e7	5.2313828674841e6	1.1972356766382977e8
0.21849898078492686	0.22286994691771825	0.22068446385132257	200011.94730308198	7.476716530920914e7	5.431394814787182e6	1.1713002477581756e8
0.22286994691771822	0.22732833237316544	0.22509913964544181	207439.282122578	7.307042883763216e7	5.63883409690976e6	1.1458822962298888e8
0.22732833237316546	0.23187588553772162	0.22960210895544353	215129.96012131346	7.140807158489034e7	5.853964057031073e6	1.1209717957301378e8
0.23187588553772165	0.23651438976556893	0.2341951376516453	223092.62111016925	6.977943363769001e7	6.077056678141242e6	1.0965589179407254e8
0.2365143897655689	0.24124566407797313	0.23888002692177102	231336.14993300036	6.818386811102931e7	6.308392828074242e6	1.0726340286295678e8
0.24124566407797318	0.2460715638766255	0.24365861397729932	239869.68131074306	6.662074088704521e7	6.548262509384985e6	1.049187683807617e8
0.2460715638766255	0.25099398167125087	0.24853277277393818	248702.6046613246	6.508943035877191e7	6.79696511404631e6	1.0262106259601407e8
0.25099398167125087	0.25601484782176875	0.2535044147465098	257844.56888688402	6.358932717876628e7	7.054809682933195e6	1.0036937803508386e8
0.2560148478217687	0.26113613129529695	0.2585754895585328	267305.4871190621	6.211983401246919e7	7.322115170052256e6	9.8162825139733e7
0.26113613129529695	0.26635984043829575	0.2637479858667964	277095.5414128043	6.068036529623794e7	7.599210711465062e6	9.600053191165535e7
0.2663598404382957	0.27168802376415446	0.2690239321012251	287225.18737847364	5.927034699992654e7	7.886435898843535e6	9.388164356386715e7
0.27168802376415446	0.2771227707565304	0.2744053972603424	297705.1587416281	5.7889216393939614e7	8.184141057585163e6	9.180532217880733e7
0.2771227707565304	0.28266621268875386	0.27989449172264214	308546.47181929694	5.653642182066278e7	8.49268752940446e6	8.977074637301333e7
0.2826662126887539	0.28832052345962184	0.2854933680741879	319760.4299009922	5.521142247017407e7	8.812447959305452e6	8.777711096823715e7
0.28832052345962184	0.29408792044590715	0.2912042219527645	331358.62752236647	5.391368816018202e7	9.143806586827818e6	8.582362666887376e7
0.29408792044590715	0.29997066537191813	0.29702929290891267	343352.9546184422	5.264269912005151e7	9.487159541446261e6	8.390951974557106e7
0.29997066537191813	0.30597106519644934	0.3029708652841837	355755.6005434337	5.1397945778897956e7	9.842915141989695e6	8.203403172489914e7
0.30597106519644934	0.3120914730174712	0.30903126910696027	368579.0579429302	5.017892855761546e7	1.0211494199932626e7	8.01964190849545e7
0.31209147301747114	0.31833428899491345	0.31521288100619227	381836.1264642824	4.898515766479917e7	1.0593330326396909e7	7.839595295678028e7
0.3183342889949135	0.32470196129190465	0.32151812514340905	395539.91629006667	4.781615289646808e7	1.0988870242686976e7	7.663191883148533e7
0.32470196129190465	0.3311969870348356	0.3279494741633701	409703.8514791151	4.667144343951458e7	1.139857409416609e7	7.490361627294725e7
0.3311969870348355	0.33782191329262506	0.3345094501637303	424341.67309899995	4.555056767880461e7	1.182291576726509e7	7.321035863598634e7
0.3378219132926251	0.3445793380755705	0.3412006256840978	439467.442133595	4.4453073007889256e7	1.2262383209398685e7	7.15514727899027e7
0.34457933807557045	0.3514719113541747	0.3480256247148726	455095.5421481112	4.337851564319971e7	1.2717478751546796e7	6.992629884726727e7
0.35147191135417477	0.35850233609835114	0.35498712372626295	471240.68169452006	4.232646044172384e7	1.3188719433241317e7	6.833418989786234e7
0.3585023360983511	0.36567336933741096	0.362087852717881	487917.8964386826	4.129648072205106e7	1.3676637329679998e7	6.6774511747669935e7
0.36567336933741096	0.372987823241252	0.3693305962893315	505142.55099092284	4.028815808875054e7	1.418177988067092e7	6.524664266280597e7
0.37298782324125207	0.38044856622316997	0.376718194732211	522930.34042061167	3.930108226000066e7	1.4704710221091531e7	6.3749973118303664e7
0.38044856622316997	0.38805852406472624	0.3842535451439481	541297.29143554	3.833485089844025e7	1.5246007512527071e7	6.22839055516504e7
0.38805852406472624	0.39582068106311363	0.3919396025639199	560259.7632055391	3.73890694451328e7	1.580626727573261e7	6.084785412098243e7
0.39582068106311363	0.40373808120146876	0.39977938113229117	579834.4478106693	3.6463350956653945e7	1.6386101723543279e7	5.944124446784918e7
0.4037380812014687	0.4118138293425909	0.4077759552720298	600038.3702926049	3.555731594519153e7	1.6986140093835883e7	5.806351348445569e7
0.411813829342591	0.42005109244653566	0.4159324608945633	620888.8882882157	3.467059222162363e7	1.7607028982124098e7	5.6714109085296296e7
0.42005109244653566	0.4284531008125592	0.42425209662954744	642403.6912244256	3.380281474154772e7	1.8249432673348524e7	5.539248998309618e7
0.4284531008125592	0.43702314934590325	0.43273812507923126	664600.7990518317	3.2953625454160433e7	1.8914033472400356e7	5.409812546897524e7
0.43702314934590325	0.44576459884991415	0.4413938740979087	687498.5604961361	3.212267315399696e7	1.9601532032896493e7	5.283049519675596e7
0.4457645988499142	0.45468087734400536	0.4502227380969598	711115.6508046485	3.130961333543854e7	2.0312647683701143e7	5.158908897133475e7
0.4546808773440053	0.46377548140797825	0.4592281793759918	735471.0689659528	3.05141080499633e7	2.1048118752667096e7	5.037340654104039e7
0.4637754814079782	0.47305197755323064	0.46841372948060445	760584.1343807244	2.9735825766100362e7	2.180870288704782e7	4.918295739390459e7
0.4730519775532307	0.4825140036213882	0.47778299058730944	786474.4829612328	2.897444123203743e7	2.2595177370009053e7	4.801726055777189e7
0.4825140036213882	0.49216527021090883	0.4873396369161485	813162.0626371823	2.82296353408311e7	2.3408339432646237e7	4.687584440417718e7
0.49216527021090883	0.5020095621322199	0.4970874161715644	840667.1282467796	2.750109499821784e7	2.4249006560893014e7	4.575824645592234e7
0.5020095621322199	0.5120507398919572	0.5070301510120885	869010.2357899074	2.678851299293665e7	2.511801679668292e7	4.466401319828394e7
0.512050739891957	0.5222927412068891	0.517171740549423	898212.236022994	2.609158786956878e7	2.6016229032705914e7	4.359269989378666e7
0.5222927412068892	0.5327395825481198	0.5275161618775045	928294.2673739208	2.5410023803845067e7	2.6944523300079834e7	4.254387040047886e7
0.5327395825481197	0.543395360716175	0.5380674716321474	959277.7481562151	2.4743530480378296e7	2.790380104823605e7	4.151709699364807e7
0.543395360716175	0.5542642544475913	0.5488298075818832	991184.3680623729	2.409182297280108e7	2.8894985416298423e7	4.051196019091552e7
0.5542642544475914	0.5653505260536361	0.5598073902506138	1.0240360789170472e6	2.3454621626277424e7	2.991902149521547e7	3.952804858065236e7
0.565350526053636	0.5766585230918015	0.5710045245727188	1.0578550846705565e6	2.283165194234608e7	3.0976876579886027e7	3.8564958653659426e7
0.5766585230918017	0.5881926800707306	0.5824256015812661	1.0926638306154977e6	2.2222644466083344e7	3.2069540410501525e7	3.762229463805568e7
0.5881926800707306	0.599957520189238	0.5940751001299842	1.1284849918084582e6	2.1627334675542396e7	3.3198025402309984e7	3.669966833732197e7
0.599957520189238	0.6119576571101156	0.6059575886496769	1.1653414606813593e6	2.104546287345273e7	3.436336686299134e7	3.57966989714471e7
0.6119576571101156	0.6241977967694108	0.6180777269397633	1.2032563338269847e6	2.047677408114987e7	3.556662319681832e7	3.4913013021126606e7
0.6241977967694107	0.6366827392218918	0.6304402679956512	1.242252897945479e6	1.9921017934716064e7	3.68088760947638e7	3.404824407496454e7
0.6366827392218919	0.6494173805234226	0.6430500598726572	1.2823546149379374e6	1.937794858328928e7	3.809123070970174e7	3.3202032679630432e7
0.6494173805234226	0.6624067146509839	0.6559120475872032	1.3235851061383965e6	1.8847324589551836e7	3.941481581584013e7	3.237402619292617e7
0.6624067146509838	0.6756558354610963	0.6690312750560401	1.3659681356723586e6	1.8328908832340356e7	4.078078395151249e7	3.1563878639716957e7
0.6756558354610964	0.6891699386874112	0.6824128870742538	1.4095275929354592e6	1.7822468411376905e7	4.219031154444796e7	3.0771250570683405e7
0.6891699386874113	0.7029543239782524	0.6960621313328319	1.4542874741862519e6	1.7327774554099064e7	4.364459901863421e7	2.999580892385286e7
0.7029543239782523	0.7170143969749102	0.7099843604765812	1.5002718632480742e6	1.6844602524558425e7	4.514487088188228e7	2.9237226888868656e7
0.7170143969749102	0.7313556714315013	0.7241850342032057	1.5475049113188365e6	1.6372731534377104e7	4.669237579320112e7	2.849518377395764e7
0.7313556714315014	0.7459837713772243	0.7386697214043628	1.5960108158886444e6	1.591194465574492e7	4.828838660908976e7	2.776936487555839e7
0.7459837713772242	0.7609044333218615	0.7534441023495428	1.6458137987664882e6	1.5462028736425603e7	4.993420040785625e7	2.7059461350571774e7
0.7609044333218615	0.7761235085053916	0.7685139709136266	1.6969380832220623e6	1.5022774316769972e7	5.163113849107831e7	2.636517009119829e7
0.7761235085053916	0.7916469651925923	0.7838852368489919	1.7494078702487298e6	1.4593975548707267e7	5.338054636132704e7	2.5686193602327146e7
0.7916469651925924	0.807480891013537	0.7995639281030646	1.8032473139569957e6	1.4175430116698021e7	5.5183793675284036e7	2.50222398814425e7
0.807480891013537	0.8236314953509006	0.8155561931822188	1.8584804961122256e6	1.376693916064097e7	5.704227417139626e7	2.4373022301014453e7
0.8236314953509005	0.8401051117750113	0.8318683035629559	1.9151313998289632e6	1.3368307200697571e7	5.8957405571225226e7	2.373825949334171e7
0.8401051117750115	0.8569082005276045	0.8485066561513079	1.9732238824419721e6	1.2979342064035932e7	6.09306294536672e7	2.3117675237815212e7
0.8569082005276046	0.8740473510552496	0.8654777757914272	2.0327816475732436e6	1.2599854813465983e7	6.296341110124044e7	2.251099835057198e7
0.8740473510552496	0.8915292845934474	0.8827883178243485	2.0938282164188656e6	1.222965967795072e7	6.50572393176593e7	2.1917962576509275e7
0.8915292845934474	0.9093608568024092	0.9004450706979283	2.1563868982820916e6	1.1868573984975602e7	6.72136262159414e7	2.133830648363002e7
0.9093608568024093	0.9275490604555503	0.9184549586289799	2.2204807603826574e6	1.1516418094759569e7	6.943410697632405e7	2.0771773359691147e7
0.9275490604555502	0.946101028181754	0.9368250443186521	2.2861325969742956e6	1.1173015336286327e7	7.172023957329836e7	2.0218111111126866e7
0.9461010281817542	0.9650240352624821	0.9555625317221181	2.3533648978076647e6	1.0838191945143756e7	7.407360447110602e7	1.9677072164219648e7
0.9650240352624821	0.9843255024848246	0.9746747688736535	2.422199815975442e6	1.051177700314139e7	7.649580428708147e7	1.91484133684921e7
0.9843255024848245	1.0040129990516138	0.9941692507682192	2.492659135184141e6	1.0193602379698215e7	7.89884634222656e7	1.863189590229305e7
1.004012999051614	1.024094245549739	1.0140536223006764	2.5647642364967875e6	9.883502674974432e6	8.15532276587624e7	1.8127285180552285e7
1.024094245549739	1.0445771169778266	1.0343356812637827	2.6385360645945035e6	9.581315164725712e6	8.41917637233569e7	1.7634350764677867e7
1.0445771169778266	1.0654696458344761	1.0550233814061514	2.7139950936099263e6	9.286879746863116e6	8.690575881696683e7	1.71528662745706e7
1.0654696458344763	1.0867800252682587	1.0761248355513675	2.791161292585505e6	9.00003888969135e6	8.969692010955234e7	1.66826093027305e7
1.0867800252682587	1.1085166122907166	1.0976483187794877	2.870054090616409e6	8.72063758180803e6	9.256697420016874e7	1.622336133043013e7
1.1085166122907164	1.1306879310536235	1.11960227167217	2.9506923417361556e6	8.44852328363513e6	9.55176665419049e7	1.5774907645929635e7
1.1306879310536238	1.153302676191789	1.1419953036227064	3.033094289611321e6	8.183545880563609e6	9.855076083151622e7	1.533703726470874e7
1.1533026761917893	1.176369716232718	1.1648361962122538	3.117277532108367e6	7.925557637678677e6	1.0166803836362459e8	1.490954285169049e7
1.1763697162327178	1.199898097074465	1.1881339066535914	3.203258985804835e6	7.674413156048882e6	1.0487129734942943e8	1.4492220645431817e7
1.199898097074465	1.2238970455330471	1.211897571303756	3.2910548505138685e6	7.429969330543612e6	1.081623521999433e8	1.4084870384255607e7
1.2238970455330473	1.2483759729608013	1.2361365092469243	3.3806805738961254e6	7.192085309154143e6	1.1154303277383943e8	1.3687295234299118e7
1.2483759729608008	1.2733444789371098	1.2608602259489552	3.472150816236563e6	6.960622453791727e6	1.15015183590076e8	1.3299301719453113e7
1.2733444789371098	1.298812355032945	1.2860784169850272	3.5654794154621665e6	6.735444302527552e6	1.1858066300553814e8	1.2920699653165707e7
1.298812355032945	1.3247895886506966	1.3118009718418207	3.660679352481029e6	6.516416533247216e6	1.2224134235801916e8	1.2551302072085232e7
1.3247895886506966	1.3512863669408035	1.33803797779575	3.757762716924876e6	6.303406928687389e6	1.2599910507494403e8	1.2190925171515284e7
1.3512863669408035	1.3783130807967126	1.364799723868758	3.856740673376728e6	6.0962853428203715e6	1.2985584574832076e8	1.1839388242655393e7
1.3783130807967126	1.4058803289297397	1.392096704863226	3.9576234281671406e6	5.894923668551893e6	1.338134691764879e8	1.1496513611599883e7
1.40588032892974	1.4339989220254277	1.4199396254775838	4.060420196825959e6	5.699195806701074e6	1.3787388937331384e8	1.1162126580067448e7
1.4339989220254274	1.4626798869830289	1.4483394045042282	4.165139172271908e6	5.508977636221744e6	1.4203902854558575e8	1.0836055367833186e7
1.4626798869830286	1.4919344712397822	1.4773071791114054	4.271787493828785e6	5.324146985632539e6	1.4631081603941453e8	1.0518131056834428e7
1.4919344712397822	1.5217741471816706	1.5068543092107265	4.380371217150391e6	5.144583605614122e6	1.5069118725656492e8	1.0208187536921307e7
1.5217741471816708	1.552210616642397	1.536992381912034	4.49089528514431e6	4.97016914273979e6	1.551820825417092e8	9.90606145322232e6
1.552210616642397	1.5832558154923377	1.5677332160673674	4.603363499974458e6	4.800787114295066e6	1.5978544604168367e8	9.611592155094609e6
1.583255815492338	1.6149219183192776	1.5990888669058076	4.717778496230651e6	4.636322884150267e6	1.6450322453791434e8	9.32462164662818e6
1.6149219183192776	1.647221343202756	1.6310716307610167	4.83414171534522e6	4.476663639642887e6	1.6933736625325957e8	9.044994538672712e6
1.6472213432027558	1.6801667565839038	1.66369404989333	4.952453381340677e6	4.3216983694302095e6	1.7428981963460025e8	8.77255800235494e6
1.6801667565839038	1.7137710782326747	1.6969689174082894	5.072712477985681e6	4.171317842268538e6	1.7936253211258593e8	8.507161724054143e6
1.7137710782326747	1.748047486314421	1.730909282273548	5.194916727438836e6	4.02541458667837e6	1.8455744884002477e8	8.248657861802679e6
1.7480474863144213	1.7830094225578026	1.765528454436112	5.319062570452981e6	3.883882871450202e6	1.8987651141047776e8	7.996901003077736e6
1.7830094225578024	1.8186705975260513	1.8008400100419268	5.445145148216695e6	3.7466186869521844e6	1.9532165655869445e8	7.751748123950414e6
1.8186705975260513	1.8550449959936652	1.8368577967598583	5.573158285896566e6	3.6135197271907725e6	2.0089481484459102e8	7.513058549557078e6
1.8550449959936652	1.8921468824306313	1.8735959392121484	5.703094477950572e6	3.4844853725851458e6	2.065979093225416e8	7.280693915858008e6
1.8921468824306318	1.9299908065963374	1.9110688445134847	5.834944875273579e6	3.359416673410041e6	2.1243285419781518e8	7.054518132647512e6
1.9299908065963371	1.9685916092453568	1.9492912079208469	5.968699274231662e6	3.238216333863108e6	2.1840155347204685e8	6.834397347779369e6
1.9685916092453566	2.0079644279473565	1.9882780185963567	6.104346107642002e6	3.12078869671437e6	2.2450589957968885e8	6.620199912570984e6
2.0079644279473565	2.0481247030233964	2.0280445654853763	6.241872437745611e6	3.0070397284935606e6	2.3074777201743445e8	6.41179634834935e6
2.048124703023397	2.089088183600958	2.068606443312177	6.381263951218485e6	2.8968770051726955e6	2.3712903596865293e8	6.209059314101421e6
2.089088183600958	2.13087093379007	2.109979558695514	6.522504956261927e6	2.7902096983019435e6	2.4365154092491487e8	6.011863575191385e6
2.1308709337900695	2.173489338982964	2.1521801363865167	6.665578381803438e6	2.6869485615547257e6	2.503171193067183e8	5.820085973106775e6
2.1734893389829635	2.2169601122797156	2.1952247256313395	6.810465778843757e6	2.5870059176443196e6	2.5712758508556205e8	5.633605396195598e6
2.2169601122797165	2.2613003010424038	2.23913020666106	6.957147323964622e6	2.4902956455661925e6	2.6408473240952668e8	5.4523027513559945e6
2.2613003010424033	2.3065272935803445	2.283913797311374	7.10560182502367e6	2.3967331681306814e6	2.7119033423455036e8	5.276060936640321e6
2.3065272935803445	2.352658825969044	2.3295930597746946	7.255806729042767e6	2.306235439743939e6	2.784461409635931e8	5.104764814735019e6
2.352658825969044	2.399712989005518	2.3761859074872813	7.407738132299456e6	2.2187209344003866e6	2.858538790958926e8	4.938301187278161e6
2.399712989005518	2.4477082353027213	2.4237106121541196	7.56137079261904e6	2.1341096338492585e6	2.934152498885116e8	4.77655876997624e6
2.4477082353027213	2.4966633865258685	2.472185810914295	7.716678143861364e6	2.0523230158986603e6	3.0113192803237295e8	4.619428168482036e6
2.4966633865258685	2.546597640773479	2.521630513649674	7.873632312592244e6	1.973284042823603e6	3.090055603449652e8	4.46680185499568e6
2.5465976407734785	2.597530580106041	2.5720641104397597	8.0322041369181955e6	1.8969171498435698e6	3.170377644818834e8	4.318574145551157e6
2.597530580106041	2.6494821782252544	2.6235063791656477	8.192363187461612e6	1.8231482336378095e6	3.25230127669345e8	4.174641177950885e6
2.649482178225255	2.7024728083068528	2.675977493266054	8.354077790447187e6	1.7519046408684412e6	3.335842054597922e8	4.034900890311444e6
2.7024728083068528	2.7565232509900826	2.7294980296484677	8.517315052855417e6	1.6831151566801595e6	3.421015205126476e8	3.899253000183815e6
2.756523250990083	2.8116547025269774	2.78408897675853	8.682040889612682e6	1.6167099931518948e6	3.507835614022603e8	3.7675989842121955e6
2.8116547025269774	2.86788878309461	2.8397717428107936	8.848220052759955e6	1.5526207776720955e6	3.5963178145502025e8	3.6398420582959624e6
2.86788878309461	2.925247545273595	2.896568164184102	9.01581616254723e6	1.4907805412137362e6	3.686475976175675e8	3.5158871582198944e6
2.925247545273595	2.9837534826961596	2.9545005139848772	9.184791740399612e6	1.4311237064873453e6	3.778323893579671e8	3.395640920718657e6
2.9837534826961596	3.0434295388671755	3.0135915107816675	9.355108243683483e6	1.3735860759497224e6	3.8718749760165054e8	3.279011664942126e6
3.043429538867176	3.1042991161616125	3.073864327514394	9.526726102206241e6	1.3181048196498833e6	3.9671422370385677e8	3.165909374289049e6
3.104299116161612	3.166386085001937	3.1353426005817746	9.699604756378002e6	1.2646184628949857e6	4.0641382846023476e8	3.056245678577408e6
3.1663860850019376	3.2297147932190695	3.198050439110504	9.873702696946744e6	1.2130668737191218e6	4.162875311571815e8	2.9499338365206537e6
3.229714793219069	3.2943100756005435	3.2620124344098063	1.0048977506233877e7	1.1633912501426686e6	4.263365086634154e8	2.8468887184801307e6
3.2943100756005435	3.3601972636296473	3.3272536696150956	1.0225385900777284e7	1.115534107208884e6	4.365618945641928e8	2.747026789464836e6
3.3601972636296473	3.427402195419333	3.39379972952449	1.0402883775287725e7	1.0694392637872016e6	4.469647783394805e8	2.6502660923508485e6
3.4274021954193326	3.495951225844812	3.461676710632072	1.0581426247835178e7	1.0250518291355358e6	4.575462045873157e8	2.556526231293804e6
3.4959512258448124	3.5658712368788015	3.5309112313618067	1.0760967706152845e7	982318.1892130127	4.6830717229346853e8	2.465728355308885e6
3.565871236878802	3.6371896481334707	3.601530442506136	1.0941461854970124e7	941185.99273892	4.7924863414843863e8	2.3777951419940414e6
3.6371896481334702	3.7099344276132324	3.673562037873351	1.1122861764269108e7	901604.1369938405	4.9037149591270775e8	2.292650781373267e6
3.7099344276132333	3.7841341026825908	3.747034265147912	1.130511991835656e7	863522.7533604985	5.016766158310643e8	2.2102209598380052e6
3.7841341026825903	3.859817771253335	3.821975936967963	1.14881882656513e7	826893.1926042743	5.1316480409671557e8	2.1304328441660176e6
3.859817771253335	3.9370151131954945	3.8984164422244145	1.1672018269075936e7	791668.0098940294	5.248368223657915e8	2.0532150655982117e6
3.9370151131954945	4.015756401976497	3.9763857575859958	1.1856560956946136e7	757800.9495656877	5.3669338332273763e8	1.9784977039553022e6
4.015756401976498	4.096072516533121	4.05591445925481	1.204176697425146e7	725246.9296326194	5.487351502969891e8	1.906212271777346e6
4.09607251653312	4.177994953380875	4.137033734956997	1.2227586634215858e7	693962.026047701	5.609627369312049e8	1.8362916984705408e6
4.177994953380876	4.261555838965586	4.219775396173231	1.241396997003328e7	663903.4567236339	5.733767069012382e8	1.7686703144468747e6
4.261555838965586	4.346787942261991	4.304171890613789	1.2600866786668628e7	635029.5653192122	5.859775736879069e8	1.7032838352435976e6
4.346787942261991	4.4337246876243235	4.390256314943157	1.2788226712618846e7	607299.8048000626	5.987658004005257e8	1.6400693456105893e6
4.433724687624323	4.522400167893902	4.478062427759112	1.2975999251533546e7	580674.7207842194	6.117417996520592e8	1.5789652835551237e6
4.522400167893903	4.612849157768874	4.567624662831388	1.316413383357974e7	555115.9346824683	6.249059334856391e8	1.519911424334599e6
4.612849157768874	4.7051071274413445	4.658978142605109	1.3352579866467422e7	530586.126646239	6.382585133521066e8	1.4628488643891695e6
4.705107127441345	4.799210256507266	4.752158691974305	1.3541286786021814e7	507049.01833470253	6.517998001381284e8	1.4077200052072639e6
4.799210256507264	4.895195448154502	4.8472028523308825	1.3730204106214494e7	484469.35551488283	6.655300042443429e8	1.3544685371182763e6
4.895195448154502	4.993100343634685	4.944147895894593	1.3919281468555331e7	462812.89050845575	6.794492857128983e8	1.3030394230077364e6
4.993100343634686	5.0929633370244725	5.043031840329579	1.410846869076515e7	442046.3645002098	6.935577544036634e8	1.2533788819514888e6
5.0929633370244725	5.194823590282055	5.143893463653264	1.429771581462402e7	422137.48972255894	7.078554702182875e8	1.2054343727663667e6
5.194823590282055	5.298721048604789	5.246772319443422	1.4486973152933346e7	403054.9315323726	7.223424433712208e8	1.1591545774759722e6
5.298721048604789	5.404696456093978	5.351708752349383	1.467619133549485e7	384768.29039534734	7.370186347067157e8	1.114489384691131e6
5.404696456093978	5.51279137173295	5.458743913913464	1.4865321354047986e7	367248.0837946356	7.518839560607637e8	1.0713898729055582e6
5.512791371732949	5.623048185684701	5.567919778708825	1.5054314606071878e7	350465.72807939403	7.669382706668355e8	1.0298082937081623e6
5.623048185684701	5.735510135915488	5.679279160800094	1.5243122937413681e7	334393.5202705879	7.821813936042492e8	989698.054914326
5.735510135915488	5.850221325150891	5.79286573053319	1.5431698683650296e7	319004.6198397528	7.976130922878995e8	951013.7036192747
5.850221325150891	5.967226738171002	5.908724031660947	1.5619994710157558e7	304273.030478107	8.13233086998057e8	913710.9091774614
5.967226738171003	6.086572259451516	6.026899498811259	1.5807964450802593e7	290173.5818717881	8.290410514488596e8	877746.4461125907
6.086572259451515	6.208304691157638	6.147438475304576	1.5995561945230719e7	276681.9115000939	8.450366133940903e8	843078.176963606
6.208304691157639	6.332471771497884	6.270388231327761	1.6182741874697436e7	263774.44647275936	8.612193552687876e8	809665.0350725737
6.332471771497884	6.4591221934449345	6.39579698247141	1.636945959640672e7	251428.38542230052	8.775888148651943e8	777467.0073210038
6.459122193444935	6.588305623830927	6.523713908637932	1.6555671176312968e7	239621.68046697252	8.941444860415072e8	746445.1168216332
6.5883056238309265	6.720072722824638	6.654189173327783	1.674133342037118e7	228333.01925997157	9.108858194618784e8	716561.4055732279
6.7200727228246375	6.854475163798223	6.78727394331143	1.692640390419807e7	217541.80713963526	9.278122233660765e8	687778.9170863465
6.854475163798225	6.991565653591282	6.923020408694754	1.7110841001127478e7	207228.14939532784	9.44923064367204e8	660061.6789884204
6.991565653591281	7.131397953180199	7.061481803385741	1.729460390864366e7	197372.83366313114	9.622176682758476e8	633374.6856168241
7.131397953180201	7.274026898760898	7.2027124259705495	1.747765267317801e7	187957.3124649057	9.796953209490255e8	607683.8806088871
7.274026898760897	7.419508423253208	7.3467676610070525	1.7659948213268146e7	178963.68590397647	9.973552691622937e8	582956.1394980737
7.419508423253207	7.567899578235364	7.493704000744286	1.784145234106624e7	170374.68452987383	1.0151967215033599e9	559159.2523257016
7.567899578235364	7.719258556317165	7.6435790672762645	1.8022127782206964e7	162173.65238426413	1.0332188492855669e9	536261.9062777689
7.719258556317166	7.873644713960602	7.796451635138884	1.8201938194028784e7	154344.53023938803	1.0514207874795957e9	514233.66835653246
7.873644713960602	8.031118594756908	7.952381654358755	1.838084818217116e7	146871.83903997342	1.0698016356617668e9	493044.9680965727
8.031118594756906	8.191741953169137	8.111430273963022	1.8558823315543603e7	139740.6635586799	1.0883604589773104e9	472667.08033508784
8.191741953169137	8.355577778749613	8.273659865959374	1.873583013969782e7	132936.63627479688	1.1070962891170082e9	453072.1080461678
8.355577778749613	8.522690320841697	8.439134049795655	1.8911836188603833e7	126445.92148503187	1.126008125305612e9	434232.9652487446
8.522690320841697	8.693145113775625	8.607917717308661	1.9086809994874015e7	120255.19965483365	1.145094935300486e9	416123.35999783466
8.693145113775627	8.867009002568231	8.78007705817193	1.926072109843728e7	114351.65201780872	1.1643556563989234e9	398717.77746858215
8.867009002568231	9.044350169136688	8.95567958585246	1.943354005371028e7	108722.94543037051	1.1837891964526336e9	381991.4631424692
9.04435016913669	9.225238159036516	9.134794164086603	1.9605238435283117e7	103357.21748797542	1.2033944348879168e9	365920.4061048832
9.225238159036516	9.40974390873434	9.317491033885428	1.977578884215717e7	98243.06190874078	1.223170223730074e9	350481.322463045
9.409743908734338	9.597939773426118	9.503841841080227	1.994516490056996e7	93369.51418960927	1.2431153886306438e9	335651.63889306685
9.597939773426118	9.789899555411733	9.693919664418924	2.0113341265445776e7	88726.03753961991	1.2632287298960896e9	321409.47632467875
9.789899555411733	9.985698533037061	9.887799044224398	2.0280293620506022e7	84302.50909420589	1.2835090235165956e9	307733.63377188967
9.985698533037063	10.185413490214897	10.085556011625979	2.044599867708368e7	80089.206413909	1.3039550221936793e9	294603.5723175672
10.185413490214897	10.389122746536287	10.287268118375593	2.0610434171682935e7	76076.79427028183	1.3245654563653622e9	281999.3992596226
10.389122746536287	10.596906187984105	10.493014467260195	2.077357886232905e7	72256.31172123928	1.3453390352276912e9	269901.8524261744
10.596906187984105	10.80884529826088	10.702875743122494	2.093541252374769e7	68619.1594775122	1.3662744477514389e9	258292.28466673088
10.80884529826088	11.025023190743191	10.916934244502036	2.1095915941427667e7	65157.087561428554	1.3873703636928666e9	247152.6485261017
11.025023190743193	11.24552464107515	11.13527391590917	2.1255070904601052e7	61862.18325863362	1.4086254345974677e9	236465.48110739066
11.245524641075148	11.470436120413744	11.357980380744447	2.1412860198202517e7	58726.85936300584	1.4300382947956703e9	226213.88913007747
11.470436120413746	11.699845829339115	11.585140974876431	2.156926759384644e7	55743.84271444946	1.4516075623895168e9	216381.53418882252
11.699845829339113	11.933843732442988	11.81684478089105	2.1724277839864172e7	52906.16302885162	1.473331840229381e9	206952.61821827467
11.933843732442988	12.172521593608941	12.053182663025964	2.1877876650464762e7	50207.14201910026	1.4952097168798459e9	197911.8691687789
12.17252159360894	12.415973011998211	12.294247302803576	2.2030050694050316e7	47640.38280560428	1.5172397675738962e9	189244.52689752437
12.415973011998213	12.664293458755271	12.540133235376743	2.2180787580747154e7	45199.75961442072	1.5394205551546433e9	180936.32927928792
12.664293458755271	12.91758031444747	12.79093688660137	2.233007584919499e7	42879.40776073371	1.5617506310038383e9	172973.49854056927
12.917580314447468	13.175932907253511	13.04675661085049	2.2477904952636812e7	40673.71391506547	1.584228535956475e9	165342.72782053665
13.175932907253513	13.439452551915677	13.307692729584595	2.2624265244362377e7	38577.30664933827	1.6068528012008374e9	158031.16796184314
13.439452551915675	13.708242589471082	13.573847570693378	2.2769147962555964e7	36585.04725959069	1.6296219491633933e9	151026.41453401133
13.70824258947108	13.982408427777594	13.845325508624338	2.2912545214580353e7	34692.020861865334	1.6525344943779736e9	144316.49509172532
13.982408427777598	14.262057582850243	14.12223300531392	2.3054449960750654e7	32893.5277575697	1.6755889443387241e9	137889.85667002553
14.262057582850241	14.54729972102434	14.40467865193729	2.3194855997648552e7	31185.075064382778	1.6987838003363726e9	131735.3535180571
14.547299721024341	14.838246701961921	14.692773211493131	2.33337579410037e7	29562.368608534933	1.7221175582773764e9	125842.23507268522
14.838246701961916	15.135012622518248	14.986629662240082	2.3471151208200555e7	28021.305074154854	1.7455887094855769e9	120200.13417297245
15.135012622518252	15.43771386148571	15.28636324200198	2.3607032000439174e7	26557.964405160168	1.769195741486016e9	114799.0555161873
15.437713861485708	15.746469125232515	15.592091493359112	2.3741397284601137e7	25168.60245505824	1.7929371387706172e9	109629.36435571563
15.746469125232515	16.06139949425426	15.903934309743388	2.387424477485073e7	23849.64387985857	1.816811383545468e9	104681.7754409391
16.061399494254257	16.382628470656435	16.222013982455344	2.400557291401608e7	22597.67526920783	1.8408169564594843e9	99947.34219886914
16.38262847065644	16.71028202658666	16.546455248621548	2.4135380854777116e7	21409.438510733624	1.8649523373142614e9	95417.44615703856
16.710282026586658	17.044488653635483	16.87738534011107	2.426366844071559e7	20281.82438254121	1.889216005754977e9	91083.7866068984
17.044488653635486	17.38537941322529	17.21493403343039	2.439043618723013e7	19211.866368676023	1.913606441942207e9	86938.37050670394
17.385379413225287	17.733087988006886	17.559233700616087	2.451568526238271e7	18196.7346923848	1.9381221272045898e9	82973.50262264237
17.73308798800689	18.08775073428412	17.910419361145507	2.4639417467680786e7	17233.73056190139	1.9627615446722705e9	79181.7759067143
18.087750734284118	18.449506735486892	18.268628734885503	2.47616352188496e7	16320.280623509147	1.9875231798911202e9	75556.06210967278
18.449506735486892	18.818497856713723	18.634002296100306	2.4882341526594214e7	15453.931616568549	2.0124055214177144e9	72089.50262710643
18.818497856713723	19.19486880036509	19.006683328539406	2.5001539977411788e7	14632.345225242905	2.037407061395126e9	68775.49957656782
19.194868800365093	19.578767162889488	19.38681798162729	2.511923471445058e7	13853.293121619025	2.0625262961095767e9	65607.70710345745
19.578767162889488	19.97034349266437	19.77455532777693	2.523543041846725e7	13114.652194972676	2.087761726528044e9	62580.0229132064
19.97034349266437	20.36975134903475	20.17004742084956	2.535013228887751e7	12414.399961921425	2.1131118588169215e9	59686.580027137505
20.36975134903475	20.77714736253254	20.573449355783644	2.5463346024953015e7	11750.61015227854	2.1385752048418746e9	56921.73875923798
20.77714736253254	21.192691296300282	20.98491932941641	2.557507780715439e7	11121.448465430047	2.164150282649029e9	54280.078910936594
21.192691296300286	21.616546108743385	21.404618702521837	2.5685334278658718e7	10525.168492142535	2.1898356169276876e9	51756.39218085283
21.616546108743382	22.048878017435342	21.83271206308936	2.5794122527044192e7	9960.107796725873	2.215629739454732e9	49345.67478636783
22.048878017435342	22.489856564301142	22.269367290868242	2.590145006621812e7	9424.684154590268	2.2415311895209503e9	47043.12029376139
22.489856564301142	22.93965468210426	22.7147556232027	2.6007324818543132e7	8917.391940255766	2.2675385143394933e9	44844.112653564305
22.93965468210426	23.39844876226344	23.16905172218385	2.6111755097214453e7	8436.798660984061	2.2936502694367075e9	42744.21943768729
23.39844876226344	23.8664187240258	23.632433743144617	2.621474958887971e7	7981.541631261856	2.319865019025587e9	40739.185274812924
23.866418724025795	24.343748085023403	24.1050834045246	2.6316317336539302e7	7550.32478346318	2.3461813363621264e9	38824.92548046942
24.343748085023407	24.83062403324097	24.587186059132186	2.6416467722707596e7	7141.915610087816	2.372597804084834e9	36997.51987814607
24.83062403324097	25.327237500422882	25.078930766831924	2.6515210452871524e7	6755.142233082397	2.3991130145377054e9	35253.20680776151
25.327237500422882	25.833783236948435	25.58051036868566	2.661255553924042e7	6388.890595828727	2.425725570076946e9	33588.377317753075
25.83378323694843	26.350459888204494	26.092121562576462	2.670851328480513e7	6042.101773490879	2.452434083361751e9	31999.56953702359
26.350459888204497	26.877470072485682	26.613964980345088	2.680309426771085e7	5713.769397501918	2.479237177629462e9	30483.46322295449
26.87747007248568	27.415020460452485	27.14624526646908	2.6896309325946823e7	5402.937190074282	2.5061334869554086e9	29036.87448167613
27.415020460452485	27.963321856178627	27.689171158315556	2.698816954236153e7	5108.6966047173	2.5331216564977703e9	27656.750656773795
27.963321856178627	28.522589279819293	28.242955567998962	2.7078686230012808e7	4830.184568848182	2.560200342727783e9	26340.165382603118
28.52258927981929	29.09304205193277	28.807815665876028	2.7167870917851143e7	4566.581324681353	2.587368213645634e9	25084.3137983886
29.093042051932773	29.67490387948852	29.383972965710647	2.7255735336740233e7	4317.108364685499	2.614623948982374e9	23886.5079192861
29.674903879488525	30.26840294359539	29.971653411541958	2.734229140581962e7	4081.026457999946	2.6419662403881936e9	22744.17216060225
30.268402943595387	30.873771988984387	30.57108746628989	2.74275512192131e7	3857.6337643038623	2.6693937916074076e9	21654.839011380867
30.873771988984384	31.491248415281166	31.182510202132775	2.751152703307813e7	3646.2640317316727	2.696905318640486e9	20616.144853588678
31.49124841528117	32.121074370103884	31.806161392692527	2.759423125300397e7	3446.2848755323857	2.72449954989349e9	19625.82592315982
32.121074370103884	32.76349684402305	32.44228560706347	2.767567642175531e7	3257.096134267446	2.752175226315245e9	18681.714409188826
32.76349684402306	33.41876776742061	33.091132305721835	2.7755875207359027e7	3078.1283004431334	2.779931101522604e9	17781.734687597247
33.41876776742061	34.087144109286115	33.75295593835337	2.783484039153676e7	2908.841022570592	2.8077659419141407e9	16923.89968563765
34.08714410928612	34.76888797798894	34.42801604363753	2.7912584858483233e7	2748.721675744245	2.835678526772624e9	16106.307373640117
34.76888797798893	35.4642667240658	35.11657735102737	2.7989121583979882e7	2597.2839979229734	2.863667648356604e9	15327.137380452137
35.4642667240658	36.17355304506421	35.818909884565	2.8064463624855623e7	2454.0667891950075	2.8917321119814596e9	14584.647729069758
36.17355304506422	36.89702509248259	36.53528906877341	2.813862410877154e7	2318.6326713966064	2.919870736090231e9	13877.171689009088
36.897025092482586	37.63496658084933	37.26599583666596	2.8211616224357523e7	2190.5669055489834	2.9480823523145885e9	13203.114742019256
37.63496658084933	38.38766689898341	38.01131673991637	2.8283453211656857e7	2069.4762646613403	2.9763658055262456e9	12560.951657792928
38.38766689898341	39.155421223480175	38.77154406123179	2.8354148352912854e7	1954.98795954104	3.0047199538791585e9	11949.223676387486
39.155421223480175	39.93853063446687	39.546975928973524	2.842371496367225e7	1846.748615331777	3.0331436688428307e9	11366.53579412752
39.93853063446688	40.73730223367331	40.337916434070095	2.8492166384201556e7	1744.423296585945	3.061635835227032e9	10811.554149819574
40.73730223367331	41.55204926486387	41.144675749268586	2.8559515971226268e7	1647.6945787590876	3.0901953511982584e9	10283.003508170812
41.55204926486387	42.38309123667824	41.967570250771054	2.862577708996727e7	1556.261664090583	3.1188211282882257e9	9779.664837365011
42.38309123667824	43.2307540479289	42.80692264230357	2.8690963106488083e7	1469.8395399152716	3.147512091394714e9	9300.37297781259
43.2307540479289	44.09537011540457	43.66306208166674	2.8755087380342018e7	1388.1581775224697	3.176267178775056e9	8844.014399154416
44.09537011540457	44.97727850422976	44.53632430981716	2.881816325749601e7	1310.961769752912	3.205085342032552e9	8409.525042663487
44.97727850422975	45.87682506083144	45.4270517825306	2.8880204063566923e7	1238.008005596338	3.233965546096119e9	7995.888246252995
45.87682506083144	46.79436254856517	46.335593804698306	2.894122309731576e7	1169.0673801176742	3.2629067691934347e9	7602.132749363798
46.79436254856516	47.73025078605356	47.26230666730936	2.9001233624427956e7	1103.9225381099725	3.2919080028178625e9	7227.330775069421
47.73025078605357	48.68485678829173	48.20755378717265	2.9060248871572684e7	1042.3676499350468	3.320968251689435e9	6870.596186801164
48.684856788291725	49.65855491057465	49.17170584943319	2.9118282020699147e7	984.2078180743459	3.350086533710134e9	6531.08271716083
49.65855491057465	50.651726995303235	50.15514095293894	2.9175346203625258e7	929.2585129765147	3.379261879913759e9	6207.982266352814
50.651726995303235	51.664762521726395	51.15824475851481	2.9231454496851232e7	877.345036842404	3.4084933344106107e9	5900.523267831551
51.6647625217264	52.69805875867802	52.181410640202216	2.928661991662794e7	828.3020140482301	3.4377799543272386e9	5607.969118823782
52.69805875867802	53.75202092036868	53.22503983952335	2.9340855414273344e7	781.9729069609731	3.467120809741512e9	5329.616673448413
53.75202092036868	54.82706232529315	54.28954162283091	2.9394173871709313e7	738.2095559524463	3.496514983613221e9	5064.794796219151
54.827062325293134	55.92360455831609	55.375333441804614	2.944658809723246e7	696.8717424705079	3.5259615717104535e9	4812.862973777068
55.92360455831611	57.042077635999526	56.48284109715782	2.9498110821510453e7	657.8267740744402	3.555459682531964e9	4573.209982761312
57.04207763599952	58.1829201752366	57.61249890561806	2.9548754693785895e7	620.9490903886046	3.58500843722575e9	4345.252611786605
58.1829201752366	59.34657956525843	58.76474987024751	2.9598532278292064e7	586.1198889747833	3.614606969504042e9	4128.434435555513
59.34657956525843	60.53351214308069	59.94004585416956	3.981934591925066e7	743.0360330165876	3.6544263154232926e9	3933.172403099554
