-0.0	9.973883354052327e-9	4.9869416770261635e-9	-7.784483568784627e-32
9.973883354052327e-9	2.01472443751857e-8	1.5060563864619014e-8	-7.784483568207932e-32
2.0147244375185677e-8	3.052407261674172e-8	2.5335658495963697e-8	-7.784483567427277e-32
3.052407261674168e-8	4.110843742312884e-8	3.581625501993526e-8	-7.784483566392626e-32
4.1108437423128854e-8	5.190448952564376e-8	4.6506463474386306e-8	-7.784483565111897e-32
5.190448952564377e-8	6.291646267020897e-8	5.741047609792637e-8	-7.784483563596365e-32
6.291646267020898e-8	7.41486752776655e-8	6.853256897393724e-8	-7.784483561856748e-32
7.414867527766559e-8	8.560553213727123e-8	7.987710370746841e-8	-7.784483559902765e-32
8.560553213727115e-8	9.72915261340689e-8	9.144852913567003e-8	-7.784483557751796e-32
9.729152613406889e-8	1.0921124001080259e-7	1.0325138307243573e-7	-7.784483555419515e-32
1.0921124001080262e-7	1.21369348165071e-7	1.152902940879368e-7	-7.784483552918928e-32
1.2136934816507097e-7	1.337706184824247e-7	1.2756998332374784e-7	-7.784483550261115e-32
1.3377061848242481e-7	1.4641991420612564e-7	1.4009526634427524e-7	-7.784483547455493e-32
1.464199142061256e-7	1.5932219584430044e-7	1.5287105502521303e-7	-7.784483544510112e-32
1.593221958443005e-7	1.7248252311523885e-7	1.6590235947976968e-7	-7.784483541431807e-32
1.7248252311523871e-7	1.859060569315958e-7	1.7919429002341726e-7	-7.78448353822635e-32
1.859060569315958e-7	1.9959806142428004e-7	1.9275205917793794e-7	-7.784483534902703e-32
1.9959806142428012e-7	2.1356390600681805e-7	2.065809837155491e-7	-7.784483531465156e-32
2.1356390600681803e-7	2.2780906748100672e-7	2.2068648674391236e-7	-7.784483527919284e-32
2.2780906748100672e-7	2.423391321846792e-7	2.3507409983284297e-7	-7.78448352426798e-32
2.4233913218467924e-7	2.5715979818242513e-7	2.497494651835522e-7	-7.784483520513854e-32
2.571597981824252e-7	2.72276877500126e-7	2.6471833784127557e-7	-7.784483516658975e-32
2.722768775001259e-7	2.8769629840418076e-7	2.7998658795215335e-7	-7.784483512704263e-32
2.876962984041808e-7	3.0342410772631675e-7	2.955602030652488e-7	-7.784483508650539e-32
3.034241077263168e-7	3.194664732348955e-7	3.1144529048060614e-7	-7.784483504498337e-32
3.194664732348954e-7	3.3582968605364565e-7	3.2764807964427054e-7	-7.784483500248405e-32
3.3582968605364565e-7	3.525201631287709e-7	3.4417492459120826e-7	-7.784483495902204e-32
3.525201631287709e-7	3.695444497453987e-7	3.610323064370848e-7	-7.784483491459243e-32
3.695444497453987e-7	3.86909222094359e-7	3.782268359198788e-7	-7.784483486919276e-32
3.8690922209435894e-7	4.0462128989029843e-7	3.957652559923287e-7	-7.78448348228263e-32
4.046212898902985e-7	4.226875990421568e-7	4.1365444446622766e-7	-7.784483477548797e-32
4.226875990421568e-7	4.4111523437705226e-7	4.319014167096045e-7	-7.784483472716776e-32
4.4111523437705226e-7	4.5991142241864563e-7	4.5051332839784897e-7	-7.784483467785912e-32
4.5991142241864563e-7	4.790835342210709e-7	4.6949747831985825e-7	-7.78448346275565e-32
4.790835342210708e-7	4.986390882595446e-7	4.888613112403077e-7	-7.784483457624813e-32
4.986390882595447e-7	5.185857533787879e-7	5.086124208191662e-7	-7.784483452391841e-32
5.185857533787878e-7	5.389313518004159e-7	5.287585525896019e-7	-7.784483447055353e-32
5.38931351800416e-7	5.596838621904767e-7	5.493076069954463e-7	-7.784483441615395e-32
5.596838621904766e-7	5.808514227883384e-7	5.702676424894075e-7	-7.784483436069739e-32
5.808514227883384e-7	6.024423345981575e-7	5.91646878693248e-7	-7.784483430415681e-32
6.024423345981575e-7	6.24465064644173e-7	6.134536996211653e-7	-7.784483424650525e-32
6.244650646441731e-7	6.469282492911089e-7	6.35696656967641e-7	-7.784483418772492e-32
6.469282492911088e-7	6.698406976309833e-7	6.58384473461046e-7	-7.784483412778936e-32
6.698406976309835e-7	6.932113949376555e-7	6.815260462843195e-7	-7.784483406666419e-32
6.932113949376554e-7	7.170495061904609e-7	7.051304505640581e-7	-7.784483400431509e-32
7.170495061904609e-7	7.413643796683224e-7	7.292069429293916e-7	-7.784483394071329e-32
7.413643796683223e-7	7.661655506157411e-7	7.537649651420317e-7	-7.78448338758347e-32
7.66165550615741e-7	7.914627449821081e-7	7.788141477989246e-7	-7.784483380964932e-32
7.914627449821085e-7	8.17265883235803e-7	8.043643141089558e-7	-7.784483374212258e-32
8.17265883235803e-7	8.435850842545714e-7	8.304254837451871e-7	-7.784483367322093e-32
8.435850842545714e-7	8.704306692937152e-7	8.570078767741432e-7	-7.784483360291623e-32
8.704306692937151e-7	8.978131660336417e-7	8.841219176636784e-7	-7.784483353119092e-32
8.978131660336417e-7	9.25743312708367e-7	9.117782393710043e-7	-7.784483345801886e-32
9.257433127083667e-7	9.542320623165864e-7	9.399876875124765e-7	-7.784483338336557e-32
9.542320623165864e-7	9.832905869169705e-7	9.687613246167783e-7	-7.784483330719703e-32
9.832905869169707e-7	1.0129302820093625e-6	9.981104344631667e-7	-7.78448332294835e-32
1.0129302820093625e-6	1.043162771003602e-6	1.0280465265064822e-6	-7.784483315020408e-32
1.0431627710036018e-6	1.0739999097777262e-6	1.0585813403906639e-6	-7.784483306933415e-32
1.0739999097777262e-6	1.105453791327333e-6	1.0897268505525295e-6	-7.784483298684087e-32
1.1054537913273332e-6	1.1375367505079322e-6	1.1214952709176327e-6	-7.784483290268842e-32
1.1375367505079322e-6	1.1702613688721431e-6	1.1538990596900377e-6	-7.784483281684318e-32
1.1702613688721431e-6	1.2036404796036382e-6	1.1869509242378906e-6	-7.784483272927754e-32
1.2036404796036384e-6	1.2376871725497636e-6	1.220663826076701e-6	-7.784483263996696e-32
1.2376871725497636e-6	1.2724147993548112e-6	1.2550509859522874e-6	-7.784483254888126e-32
1.2724147993548112e-6	1.3078369786959598e-6	1.2901258890253855e-6	-7.784483245598307e-32
1.3078369786959596e-6	1.343967601623931e-6	1.3259022901599454e-6	-7.784483236123216e-32
1.3439676016239313e-6	1.3808208370104622e-6	1.3623942193171967e-6	-7.784483226458943e-32
1.3808208370104622e-6	1.4184111371047239e-6	1.399615987057593e-6	-7.784483216601908e-32
1.4184111371047239e-6	1.4567532432008708e-6	1.4375821901527973e-6	-7.784483206548581e-32
1.4567532432008708e-6	1.4958621914189405e-6	1.4763077173099057e-6	-7.784483196294818e-32
1.4958621914189405e-6	1.5357533186013716e-6	1.5158077550101562e-6	-7.784483185835822e-32
1.5357533186013716e-6	1.5764422683274514e-6	1.5560977934644114e-6	-7.784483175167232e-32
1.5764422683274512e-6	1.6179449970480525e-6	1.5971936326877517e-6	-7.784483164284403e-32
1.6179449970480527e-6	1.660277780343066e-6	1.6391113886955592e-6	-7.784483153183155e-32
1.6602777803430662e-6	1.7034572193039798e-6	1.681867499823523e-6	-7.784483141859506e-32
1.7034572193039796e-6	1.7475002470441115e-6	1.7254787331740454e-6	-7.784483130309018e-32
1.7475002470441117e-6	1.7924241353390463e-6	1.7699621911915791e-6	-7.784483118526645e-32
1.7924241353390463e-6	1.8382465013998796e-6	1.8153353183694629e-6	-7.784483106507602e-32
1.8382465013998796e-6	1.8849853147819296e-6	1.8616159080909046e-6	-7.784483094246966e-32
1.8849853147819292e-6	1.93265890443162e-6	1.9088221096067745e-6	-7.78448308174007e-32
1.93265890443162e-6	1.981285965874305e-6	1.9569724351529624e-6	-7.784483068982525e-32
1.981285965874305e-6	2.0308855685458433e-6	2.0060857672100742e-6	-7.784483055969687e-32
2.0308855685458438e-6	2.081477163270813e-6	2.0561813659083284e-6	-7.784483042696325e-32
2.0814771632708135e-6	2.133080589890282e-6	2.107278876580548e-6	-7.784483029157083e-32
2.1330805898902818e-6	2.1857160850421398e-6	2.1593983374662106e-6	-7.784483015346632e-32
2.1857160850421398e-6	2.239404290097035e-6	2.2125601875695876e-6	-7.784483001259693e-32
2.239404290097035e-6	2.294166259253028e-6	2.2667852746750317e-6	-7.784482986891232e-32
2.294166259253028e-6	2.350023467792141e-6	2.3220948635225845e-6	-7.784482972236229e-32
2.350023467792141e-6	2.406997820502036e-6	2.3785106441470884e-6	-7.784482957289178e-32
2.406997820502036e-6	2.465111660266129e-6	2.436054740384083e-6	-7.784482942044018e-32
2.4651116602661296e-6	2.5243877768255044e-6	2.494749718545817e-6	-7.784482926494423e-32
2.524387776825504e-6	2.5848494157160664e-6	2.554618596270785e-6	-7.784482910633917e-32
2.5848494157160664e-6	2.6465202873844403e-6	2.6156848515502534e-6	-7.784482894455987e-32
2.64652028738444e-6	2.709424576486181e-6	2.6779724319353104e-6	-7.784482877954266e-32
2.7094245764861817e-6	2.7735869513699575e-6	2.7415057639280696e-6	-7.784482861122366e-32
2.773586951369957e-6	2.8390325737514086e-6	2.8063097625606826e-6	-7.78448284395355e-32
2.839032573751409e-6	2.9057871085804895e-6	2.8724098411659492e-6	-7.784482826440731e-32
2.905787108580489e-6	2.973876734106151e-6	2.93983192134332e-6	-7.784482808576714e-32
2.9738767341061516e-6	3.043328152142327e-6	3.0086024431242394e-6	-7.784482790354242e-32
3.043328152142327e-6	3.1141685985392262e-6	3.0787483753407767e-6	-7.784482771766057e-32
3.1141685985392254e-6	3.1864258538640623e-6	3.150297226201644e-6	-7.78448275280505e-32
3.1864258538640627e-6	3.2601282542953965e-6	3.2232770540797296e-6	-7.784482733464073e-32
3.2601282542953965e-6	3.3353047027353567e-6	3.297716478515377e-6	-7.784482713735681e-32
3.3353047027353567e-6	3.4119846801441163e-6	3.3736446914397365e-6	-7.784482693612325e-32
3.4119846801441163e-6	3.490198257101051e-6	3.4510914686225835e-6	-7.784482673085938e-32
3.4901982571010514e-6	3.569976105597125e-6	3.530087181349088e-6	-7.784482652148371e-32
3.569976105597124e-6	3.651349511063119e-6	3.6106628083301215e-6	-7.784482630791456e-32
3.65134951106312e-6	3.7343503846384348e-6	3.6928499478507773e-6	-7.784482609007173e-32
3.7343503846384335e-6	3.8190112756852544e-6	3.776680830161844e-6	-7.784482586787452e-32
3.819011275685255e-6	3.905365384553013e-6	3.862188330119134e-6	-7.784482564123925e-32
3.905365384553012e-6	3.9934465755981245e-6	3.949405980075569e-6	-7.784482541008041e-32
3.9934465755981245e-6	4.0832893904641395e-6	4.0383679830311324e-6	-7.784482517430663e-32
4.08328939046414e-6	4.174929061627476e-6	4.129109226045808e-6	-7.784482493382299e-32
4.174929061627476e-6	4.268401526214078e-6	4.2216652939207764e-6	-7.784482468853159e-32
4.268401526214077e-6	4.363743440092411e-6	4.316072483153244e-6	-7.784482443833337e-32
4.3637434400924116e-6	4.4609921922483126e-6	4.412367816170362e-6	-7.784482418312844e-32
4.460992192248312e-6	4.56018591944733e-6	4.510589055847821e-6	-7.784482392281569e-32
4.56018591944733e-6	4.661363521190329e-6	4.61077472031883e-6	-7.784482365729429e-32
4.661363521190329e-6	4.764564674968188e-6	4.712964098079258e-6	-7.784482338646041e-32
4.764564674968189e-6	4.869829851821605e-6	4.817197263394897e-6	-7.784482311020685e-32
4.8698298518216045e-6	4.977200332212089e-6	4.923515092016847e-6	-7.784482282842328e-32
4.97720033221209e-6	5.086718222210384e-6	5.031959277211237e-6	-7.784482254099736e-32
5.086718222210384e-6	5.198426470008644e-6	5.142572346109514e-6	-7.784482224781565e-32
5.198426470008644e-6	5.312368882762869e-6	5.255397676385757e-6	-7.78448219487634e-32
5.312368882762868e-6	5.428590143772178e-6	5.370479513267523e-6	-7.784482164372539e-32
5.4285901437721785e-6	5.547135830001674e-6	5.487862986886926e-6	-7.78448213325844e-32
5.547135830001674e-6	5.66805242995576e-6	5.6075941299787174e-6	-7.784482101521954e-32
5.668052429955761e-6	5.7913873619089285e-6	5.729719895932345e-6	-7.784482069150617e-32
5.7913873619089285e-6	5.9171889925011595e-6	5.854288177205044e-6	-7.784482036131676e-32
5.9171889925011595e-6	6.0455066557052355e-6	5.981347824103198e-6	-7.784482002452194e-32
6.0455066557052355e-6	6.176390672173393e-6	6.110948663939314e-6	-7.784481968099089e-32
6.176390672173393e-6	6.309892368970913e-6	6.243141520572153e-6	-7.784481933059171e-32
6.309892368970912e-6	6.446064099704383e-6	6.377978234337647e-6	-7.784481897319093e-32
6.446064099704383e-6	6.584959265052523e-6	6.515511682378453e-6	-7.784481860865166e-32
6.584959265052523e-6	6.726632333707626e-6	6.655795799380074e-6	-7.784481823683194e-32
6.726632333707626e-6	6.871138863735831e-6	6.798885598721729e-6	-7.784481785758438e-32
6.8711388637358304e-6	7.0185355243646e-6	6.944837194050215e-6	-7.784481747075651e-32
7.018535524364601e-6	7.168880118205945e-6	7.093707821285273e-6	-7.78448170761919e-32
7.168880118205944e-6	7.322231603924116e-6	7.24555586106503e-6	-7.784481667373204e-32
7.322231603924116e-6	7.478650119356651e-6	7.400440861640383e-6	-7.784481626321807e-32
7.478650119356651e-6	7.638197005097837e-6	7.558423562227244e-6	-7.784481584449064e-32
7.638197005097837e-6	7.800934828553846e-6	7.71956591682584e-6	-7.784481541738768e-32
7.800934828553846e-6	7.966927408478974e-6	7.88393111851641e-6	-7.784481498174247e-32
7.966927408478974e-6	8.136239840002606e-6	8.051583624240791e-6	-7.78448145373826e-32
8.136239840002608e-6	8.308938520156712e-6	8.22258918007966e-6	-7.784481408413048e-32
8.30893852015671e-6	8.485091173913897e-6	8.397014847035305e-6	-7.784481362180466e-32
8.485091173913897e-6	8.664766880746228e-6	8.574929027330063e-6	-7.784481315022182e-32
8.664766880746228e-6	8.848036101715205e-6	8.756401491230716e-6	-7.784481266919817e-32
8.848036101715207e-6	9.034970707103564e-6	8.941503404409386e-6	-7.784481217854838e-32
9.034970707103564e-6	9.225644004599688e-6	9.130307355851625e-6	-7.784481167808334e-32
9.225644004599684e-6	9.420130768045731e-6	9.322887386322708e-6	-7.784481116760812e-32
9.420130768045731e-6	9.618507266760698e-6	9.519319017403214e-6	-7.784481064692148e-32
9.6185072667607e-6	9.820851295449966e-6	9.719679281105333e-6	-7.784481011581649e-32
9.820851295449965e-6	1.0027242204713016e-5	9.92404675008149e-6	-7.784480957408239e-32
1.0027242204713018e-5	1.023776093216133e-5	1.0132501568437175e-5	-7.784480902150658e-32
1.023776093216133e-5	1.0452490034158609e-5	1.0345125483159969e-5	-7.784480845787545e-32
1.045249003415861e-5	1.0671513718195836e-5	1.0562001876177224e-5	-7.784480788297303e-32
1.0671513718195834e-5	1.0894917875913804e-5	1.0783215797054818e-5	-7.78448072965783e-32
1.0894917875913802e-5	1.112279011678613e-5	1.1008853996349965e-5	-7.784480669846346e-32
1.1122790116786132e-5	1.1355219802475907e-5	1.1239004959631019e-5	-7.784480608839346e-32
1.1355219802475905e-5	1.1592298081879475e-5	1.147375894217769e-5	-7.784480546612701e-32
1.1592298081879477e-5	1.1834117926871119e-5	1.1713208004375298e-5	-7.784480483141815e-32
1.1834117926871119e-5	1.2080774168762594e-5	1.1957446047816857e-5	-7.784480418401746e-32
1.2080774168762594e-5	1.2332363535491898e-5	1.2206568852127246e-5	-7.784480352367154e-32
1.2332363535491898e-5	1.2588984689555787e-5	1.2460674112523843e-5	-7.784480285012122e-32
1.2588984689555789e-5	1.2850738266700957e-5	1.2719861478128374e-5	-7.784480216310047e-32
1.2850738266700959e-5	1.311772691538903e-5	1.2984232591044996e-5	-7.784480146233683e-32
1.3117726915389029e-5	1.3390055337050862e-5	1.3253891126219944e-5	-7.784480074755222e-32
1.3390055337050863e-5	1.3667830327145934e-5	1.3528942832098398e-5	-7.784480001846364e-32
1.3667830327145934e-5	1.3951160817042906e-5	1.380949557209442e-5	-7.784479927478374e-32
1.3951160817042904e-5	1.4240157916737815e-5	1.4095659366890358e-5	-7.784479851622132e-32
1.4240157916737815e-5	1.4534934958426623e-5	1.4387546437582218e-5	-7.78447977424802e-32
1.4534934958426625e-5	1.483560754094921e-5	1.4685271249687917e-5	-7.784479695325741e-32
1.483560754094921e-5	1.5142293575122245e-5	1.4988950558035727e-5	-7.784479614824195e-32
1.5142293575122245e-5	1.5455113329978743e-5	1.5298703452550494e-5	-7.784479532711548e-32
1.5455113329978743e-5	1.577418947993237e-5	1.5614651404955557e-5	-7.784479448955315e-32
1.5774189479932367e-5	1.6099647152885065e-5	1.5936918316408716e-5	-7.784479363522437e-32
1.6099647152885072e-5	1.6431613979296826e-5	1.6265630566090947e-5	-7.784479276379355e-32
1.6431613979296826e-5	1.6770220142236814e-5	1.660091706076682e-5	-7.784479187492041e-32
1.677022014223681e-5	1.71155984284356e-5	1.6942909285336206e-5	-7.784479096825866e-32
1.71155984284356e-5	1.7467884280358367e-5	1.7291741354396984e-5	-7.784479004345389e-32
1.7467884280358367e-5	1.7827215849319586e-5	1.7647550064838976e-5	-7.784478910014247e-32
1.782721584931959e-5	1.8193734049660035e-5	1.801047494948981e-5	-7.784478813795219e-32
1.8193734049660032e-5	1.8567582614007284e-5	1.8380658331833658e-5	-7.784478715650334e-32
1.8567582614007284e-5	1.894890814964148e-5	1.8758245381824383e-5	-7.784478615540951e-32
1.894890814964148e-5	1.9337860195988364e-5	1.914338417281492e-5	-7.784478513427842e-32
1.9337860195988364e-5	1.9734591283262184e-5	1.9536225739625273e-5	-7.784478409271219e-32
1.9734591283262188e-5	2.0139256992281485e-5	1.9936924137771834e-5	-7.784478303030577e-32
2.013925699228148e-5	2.0552016015481163e-5	2.0345636503881322e-5	-7.784478194664457e-32
2.0552016015481166e-5	2.097303021914484e-5	2.0762523117313006e-5	-7.784478084130324e-32
2.0973030219144838e-5	2.1402464706881787e-5	2.118774746301331e-5	-7.78447797138465e-32
2.1402464706881787e-5	2.1840487884373476e-5	2.162147629562763e-5	-7.784477856383025e-32
2.184048788437348e-5	2.2287271525415e-5	2.206387970489424e-5	-7.784477739080262e-32
2.2287271525415e-5	2.2742990839277353e-5	2.251513118234618e-5	-7.78447761943048e-32
2.2742990839277353e-5	2.320782453941695e-5	2.2975407689347152e-5	-7.784477497387138e-32
2.320782453941695e-5	2.3681954913559344e-5	2.3444889726488148e-5	-7.784477372902854e-32
2.3681954913559344e-5	2.4165567895184582e-5	2.3923761404371963e-5	-7.784477245929115e-32
2.416556789518458e-5	2.4658853136442324e-5	2.441221051581345e-5	-7.784477116416167e-32
2.4658853136442327e-5	2.5162004082525226e-5	2.4910428609483778e-5	-7.784476984313074e-32
2.516200408252523e-5	2.5675218047529787e-5	2.541861106502751e-5	-7.784476849567831e-32
2.5675218047529784e-5	2.619869629183443e-5	2.5936957169682107e-5	-7.784476712127402e-32
2.6198696291834434e-5	2.6732644101025175e-5	2.6465670196429804e-5	-7.784476571937913e-32
2.673264410102518e-5	2.7277270866399734e-5	2.7004957483712454e-5	-7.784476428944341e-32
2.727727086639973e-5	2.7832790167081777e-5	2.7555030516740755e-5	-7.784476283090421e-32
2.783279016708178e-5	2.8399419853777467e-5	2.8116105010429625e-5	-7.78447613431876e-32
2.839941985377747e-5	2.8977382134207074e-5	2.868840099399227e-5	-7.784475982570825e-32
2.897738213420707e-5	2.9566903660245263e-5	2.9272142897226167e-5	-7.784475827786915e-32
2.9566903660245267e-5	3.0168215616804223e-5	2.9867559638524745e-5	-7.784475669906143e-32
3.016821561680422e-5	3.078155381249436e-5	3.0474884714649292e-5	-7.784475508866402e-32
3.0781553812494354e-5	3.140715877209829e-5	3.109435629229632e-5	-7.784475344604611e-32
3.14071587720983e-5	3.2045275830894315e-5	3.172621730149631e-5	-7.784475177056345e-32
3.204527583089432e-5	3.269615523086626e-5	3.237071553088029e-5	-7.784475006155725e-32
3.2696155230866254e-5	3.336005221883763e-5	3.3028103724851946e-5	-7.784474831835548e-32
3.336005221883764e-5	3.403722714656844e-5	3.3698639682703036e-5	-7.784474654027274e-32
3.403722714656845e-5	3.472794557285387e-5	3.438258635971116e-5	-7.784474472660994e-32
3.4727945572853864e-5	3.5432478367664995e-5	3.508021197025943e-5	-7.784474287665403e-32
3.5432478367664995e-5	3.615110181837235e-5	3.5791790093018676e-5	-7.784474098967776e-32
3.6151101818372344e-5	3.6884097738093844e-5	3.651759977823309e-5	-7.784473906494227e-32
3.6884097738093844e-5	3.7631753576209774e-5	3.725792565715181e-5	-7.784473710169315e-32
3.7631753576209774e-5	3.839436253108802e-5	3.80130580536489e-5	-7.784473509915893e-32
3.839436253108802e-5	3.9172223665063836e-5	3.878329309807593e-5	-7.784473305655263e-32
3.9172223665063836e-5	3.996564202171917e-5	3.9568932843391506e-5	-7.784473097307157e-32
3.996564202171917e-5	4.0774928745507603e-5	4.037028538361338e-5	-7.784472884789696e-32
4.0774928745507603e-5	4.1600401203771805e-5	4.118766497463971e-5	-7.784472668019379e-32
4.1600401203771805e-5	4.2442383111201296e-5	4.202139215748655e-5	-7.784472446911025e-32
4.2442383111201296e-5	4.3301204656779375e-5	4.2871793883990336e-5	-7.784472221378081e-32
4.3301204656779375e-5	4.417720263326902e-5	4.373920364502419e-5	-7.784471991332192e-32
4.4177202633269024e-5	4.5070720569288455e-5	4.462396160127874e-5	-7.784471756683024e-32
4.507072056928845e-5	4.5982108864028274e-5	4.5526414716658364e-5	-7.7844715173384e-32
4.5982108864028274e-5	4.691172492466289e-5	4.6446916894345587e-5	-7.784471273204305e-32
4.69117249246629e-5	4.785993330651021e-5	4.738582911558655e-5	-7.784471024184845e-32
4.7859933306510204e-5	4.882710585599446e-5	4.834351958125233e-5	-7.784470770182212e-32
4.882710585599445e-5	4.98136218564684e-5	4.932036385623142e-5	-7.784470511096639e-32
4.98136218564684e-5	5.081986817695182e-5	5.0316745016710105e-5	-7.784470246826721e-32
5.081986817695182e-5	5.184623942384491e-5	5.1333053800398365e-5	-7.784469977268972e-32
5.1846239423844924e-5	5.2893138095675876e-5	5.23696887597604e-5	-7.784469702317601e-32
5.289313809567586e-5	5.3960974740943435e-5	5.342705641830965e-5	-7.784469421864649e-32
5.3960974740943435e-5	5.5050168119116356e-5	5.4505571430029895e-5	-7.784469135799991e-32
5.5050168119116356e-5	5.616114536485274e-5	5.5605656741984546e-5	-7.784468844011308e-32
5.6161145364852743e-5	5.729434215550385e-5	5.67277437601783e-5	-7.78446854638403e-32
5.729434215550385e-5	5.845020288196798e-5	5.7872272518735914e-5	-7.784468242801304e-32
5.845020288196798e-5	5.962918082296139e-5	5.9039691852464684e-5	-7.784467933144303e-32
5.9629180822961396e-5	6.083173832277468e-5	6.023045957286804e-5	-7.78446761729182e-32
6.0831738322774664e-5	6.205834697258422e-5	6.144504264767945e-5	-7.784467295119959e-32
6.205834697258422e-5	6.330948779538995e-5	6.268391738398709e-5	-7.784466966502266e-32
6.330948779538995e-5	6.45856514346518e-5	6.394756961502088e-5	-7.78446663130975e-32
6.45856514346518e-5	6.58873383466989e-5	6.523649489067535e-5	-7.784466289410837e-32
6.58873383466989e-5	6.721505899698693e-5	6.655119867184291e-5	-7.784465940671326e-32
6.721505899698693e-5	6.856933406028073e-5	6.789219652863383e-5	-7.784465584954334e-32
6.856933406028071e-5	6.995069462484039e-5	6.926001434256056e-5	-7.784465222120628e-32
6.995069462484039e-5	7.135968240069124e-5	7.065518851276582e-5	-7.784464852028227e-32
7.135968240069124e-5	7.279684993205913e-5	7.207826616637518e-5	-7.78446447453203e-32
7.279684993205913e-5	7.426276081405436e-5	7.352980537305674e-5	-7.784464089483918e-32
7.426276081405436e-5	7.57579899136895e-5	7.501037536387193e-5	-7.784463696732793e-32
7.575798991368951e-5	7.728312359531736e-5	7.652055675450343e-5	-7.784463296124528e-32
7.728312359531734e-5	7.883875995057775e-5	7.806094177294754e-5	-7.784462887501919e-32
7.883875995057775e-5	8.042550903294335e-5	7.963213449176056e-5	-7.784462470704618e-32
8.042550903294336e-5	8.204399309695629e-5	8.123475106494983e-5	-7.784462045569475e-32
8.204399309695629e-5	8.369484684224947e-5	8.286941996960289e-5	-7.784461611930162e-32
8.369484684224946e-5	8.53787176624485e-5	8.453678225234899e-5	-7.784461169616745e-32
8.53787176624485e-5	8.709626589905152e-5	8.623749178075001e-5	-7.784460718455727e-32
8.709626589905152e-5	8.884816510038661e-5	8.797221549971907e-5	-7.784460258270108e-32
8.884816510038661e-5	9.06351022857484e-5	8.974163369306751e-5	-7.784459788879341e-32
9.06351022857484e-5	9.245777821481742e-5	9.15464402502829e-5	-7.784459310099271e-32
9.245777821481742e-5	9.431690766246782e-5	9.338734293864262e-5	-7.784458821742058e-32
9.431690766246782e-5	9.621321969907123e-5	9.526506368076952e-5	-7.784458323616528e-32
9.621321969907124e-5	9.814745797640672e-5	9.718033883773898e-5	-7.784457815527826e-32
9.814745797640671e-5	0.0001001203810192889	9.91339194978478e-5	-7.784457297276915e-32
0.0001001203810192889	0.00010213276252302873	0.00010112657177115881	-7.784456768660585e-32
0.00010213276252302872	0.00010418539165684334	0.00010315907708993603	-7.784456229471488e-32
0.00010418539165684336	0.00010627907337333428	0.00010523223251508882	-7.784455679498125e-32
0.00010627907337333428	0.00010841462872415502	0.00010734685104874466	-7.784455118524767e-32
0.00010841462872415502	0.00011059289518199217	0.0001095037619530736	-7.784454546331371e-32
0.00011059289518199217	0.00011281472696898607	0.00011170381107548913	-7.784453962693917e-32
0.00011281472696898606	0.00011508099539171983	0.00011394786118035295	-7.784453367384121e-32
0.00011508099539171984	0.00011739258918290829	0.00011623679228731407	-7.784452760168864e-32
0.00011739258918290829	0.00011975041484992051	0.0001185715020164144	-7.784452140810118e-32
0.00011975041484992053	0.00012215539703027298	0.00012095290594009675	-7.784451509064996e-32
0.00012215539703027298	0.0001246084788542325	0.00012338193794225275	-7.784450864685736e-32
0.0001246084788542325	0.00012711062231467122	0.00012585955058445187	-7.784450207419617e-32
0.0001271106223146712	0.00012966280864431867	0.00012838671547949493	-7.784449537008867e-32
0.0001296628086443187	0.0001322660387005591	0.0001309644236724389	-7.78444885319099e-32
0.0001322660387005591	0.00013492133335792436	0.00013359368602924174	-7.784448155698523e-32
0.00013492133335792436	0.0001376297339084369	0.00013627553363318063	-7.784447444258417e-32
0.00013762973390843688	0.00014039230246995968	0.00013901101818919828	-7.784446718591865e-32
0.00014039230246995968	0.00014321012240271292	0.0001418012124363363	-7.784445978414352e-32
0.00014321012240271294	0.00014608429873412125	0.0001446472105684171	-7.784445223435629e-32
0.00014608429873412123	0.0001490159585921577	0.00014755012866313948	-7.784444453359645e-32
0.0001490159585921577	0.0001520062516473549	0.0001505111051197563	-7.784443667884424e-32
0.00015200625164735494	0.00015505635056365608	0.0001535313011055055	-7.784442866702393e-32
0.00015505635056365608	0.00015816745145828327	0.0001566119010109697	-7.784442049500176e-32
0.00015816745145828327	0.000161340774370803	0.00015975411291454313	-7.784441215957942e-32
0.00016134077437080296	0.00016457756374157307	0.000162959169056188	-7.784440365749126e-32
0.0001645775637415731	0.0001678790888997586	0.00016622832632066584	-7.784439498540438e-32
0.0001678790888997586	0.00017124664456110784	0.00016956286673043322	-7.784438613991875e-32
0.00017124664456110786	0.00017468155133568407	0.00017296409794839598	-7.784437711756616e-32
0.00017468155133568407	0.0001781851562457518	0.00017643335379071795	-7.784436791480902e-32
0.0001781851562457518	0.0001817588332540209	0.00017997199474988635	-7.784435852804345e-32
0.00018175883325402087	0.00018540398380245533	0.00018358140852823808	-7.784434895359775e-32
0.00018540398380245535	0.00018912203736185852	0.00018726301058215694	-7.784433918772546e-32
0.00018912203736185852	0.00019291445199244974	0.00019101824467715413	-7.784432922660148e-32
0.00019291445199244976	0.00019678271491565283	0.0001948485834540513	-7.784431906632175e-32
0.0001967827149156528	0.0002007283430973199	0.00019875552900648635	-7.784430870290325e-32
0.0002007283430973199	0.00020475288384262037	0.00020274061346997014	-7.784429813228305e-32
0.00020475288384262037	0.00020885791540282685	0.0002068053996227236	-7.784428735031699e-32
0.00020885791540282682	0.00021304504759423742	0.00021095148149853212	-7.784427635277796e-32
0.00021304504759423742	0.00021731592242947622	0.00021518048501185683	-7.784426513535439e-32
0.00021731592242947622	0.0002216722147614198	0.000219494068595448	-7.784425369364846e-32
0.0002216722147614198	0.00022611563294000223	0.000223893923850711	-7.78442420231744e-32
0.00022611563294000223	0.00023064791948215632	0.0002283817762110793	-7.784423011935676e-32
0.00023064791948215635	0.00023527085175515354	0.00023295938561865493	-7.784421797752857e-32
0.00023527085175515357	0.0002399862426736107	0.00023762854721438213	-7.784420559292954e-32
0.00023998624267361067	0.0002447959414104369	0.0002423910920420238	-7.784419296070419e-32
0.0002447959414104369	0.00024970183412199973	0.00024724888776621833	-7.784418007589996e-32
0.00024970183412199973	0.00025470584468779376	0.0002522038394048967	-7.784416693346523e-32
0.00025470584468779376	0.0002598099354649037	0.0002572578900763487	-7.784415352824735e-32
0.00025980993546490373	0.0002650161080575559	0.00026241302176122983	-7.784413985499067e-32
0.0002650161080575559	0.00027032640410206104	0.00026767125607980843	-7.784412590833443e-32
0.000270326404102061	0.00027574290606745624	0.0002730346550847586	-7.784411168281062e-32
0.0002757429060674563	0.00028126773807215946	0.00027850532206980785	-7.784409717284197e-32
0.0002812677380721595	0.00028690306671695675	0.0002840854023945581	-7.784408237273961e-32
0.00028690306671695675	0.00029265110193464996	0.00028977708432580335	-7.784406727670094e-32
0.0002926511019346499	0.00029851409785669697	0.00029558259989567346	-7.784405187880733e-32
0.00029851409785669697	0.000304494353697185	0.00030150422577694094	-7.784403617302175e-32
0.00030449435369718503	0.0003105942146544828	0.0003075442841758339	-7.784402015318651e-32
0.0003105942146544827	0.0003168160728309264	0.00031370514374270454	-7.784400381302074e-32
0.00031681607283092644	0.00032316236817089903	0.00031998922050091274	-7.784398714611797e-32
0.00032316236817089903	0.0003296355894176711	0.0003263989787942851	-7.784397014594364e-32
0.0003296355894176711	0.00033623827508937856	0.00033293693225352485	-7.784395280583251e-32
0.00033623827508937856	0.0003429730144745202	0.0003396056447819494	-7.784393511898603e-32
0.00034297301447452016	0.0003498424486473646	0.0003464077315609424	-7.784391707846976e-32
0.0003498424486473646	0.00035684927150366597	0.0003533458600755153	-7.784389867721052e-32
0.000356849271503666	0.0003639962308170934	0.0003604227511603797	-7.784387990799373e-32
0.00036399623081709336	0.0003712861293167893	0.0003676411800669413	-7.784386076346052e-32
0.0003712861293167893	0.0003787218257864791	0.0003750039775516342	-7.784384123610488e-32
0.0003787218257864791	0.00038630623618556275	0.00038251403098602096	-7.78438213182707e-32
0.0003863062361855628	0.00039404233479262813	0.00039017428548909544	-7.784380100214878e-32
0.0003940423347926281	0.0004019331553718347	0.0003979877450822314	-7.784378027977373e-32
0.00040193315537183474	0.0004099817923626255	0.00040595747386723015	-7.784375914302089e-32
0.0004099817923626255	0.0004181914020932321	0.0004140865972279288	-7.784373758360315e-32
0.0004181914020932321	0.0004265652040184508	0.00042237830305584144	-7.784371559306767e-32
0.00042656520401845074	0.00043510648198217384	0.0004308358430003123	-7.784369316279257e-32
0.00043510648198217384	0.0004438185855051714	0.0004394625337436726	-7.784367028398362e-32
0.0004438185855051714	0.00045270493109862887	0.00044826175830190015	-7.784364694767062e-32
0.0004527049310986288	0.00046176900360395546	0.00045723696735129214	-7.784362314470414e-32
0.00046176900360395546	0.00047101435755938863	0.00046639168058167205	-7.784359886575166e-32
0.00047101435755938863	0.0004804446185939305	0.00047572948807665953	-7.784357410129411e-32
0.0004804446185939305	0.0004900634848491632	0.0004852540517215468	-7.784354884162211e-32
0.0004900634848491632	0.0004998747284295005	0.0004949691066393319	-7.784352307683204e-32
0.0004998747284295005	0.0005098821968814445	0.0005048784626554726	-7.784349679682229e-32
0.0005098821968814445	0.0005200898147024275	0.000514986005791936	-7.784346999128926e-32
0.0005200898147024275	0.0005305015848798302	0.0005252956997911289	-7.78434426497233e-32
0.0005305015848798301	0.0005411215904607807	0.0005358115876703054	-7.784341476140464e-32
0.0005411215904607807	0.0005519539961533504	0.0005465377933070656	-7.78433863153991e-32
0.0005519539961533503	0.0005630030499597714	0.0005574785230565609	-7.784335730055391e-32
0.0005630030499597715	0.000574273084842321	0.0005686380674010463	-7.784332770549328e-32
0.000574273084842321	0.0005857685204225216	0.0005800208026324213	-7.784329751861393e-32
0.0005857685204225214	0.0005974938647143259	0.0005916311925684237	-7.784326672808057e-32
0.0005974938647143259	0.0006094537158919665	0.0006034737903031463	-7.784323532182129e-32
0.0006094537158919666	0.00062165276409316	0.0006155532399925634	-7.784320328752273e-32
0.00062165276409316	0.0006340957932583773	0.0006278742786757687	-7.784317061262539e-32
0.0006340957932583773	0.0006467876830068989	0.0006404417381326381	-7.784313728431858e-32
0.0006467876830068988	0.0006597334105503908	0.0006532605467786448	-7.784310328953546e-32
0.0006597334105503908	0.0006729380526447527	0.0006663357315975717	-7.784306861494795e-32
0.0006729380526447528	0.0006864067875810019	0.0006796724201128773	-7.784303324696146e-32
0.0006864067875810018	0.0007001448972159759	0.0006932758423984888	-7.784299717170953e-32
0.000700144897215976	0.0007141577690436496	0.0007071513331298128	-7.78429603750485e-32
0.0007141577690436495	0.0007284508983078765	0.000721304333675763	-7.784292284255187e-32
0.0007284508983078767	0.0007430298901573883	0.0007357403942326326	-7.78428845595047e-32
0.0007430298901573882	0.00075790046184389	0.000750465176000639	-7.784284551089782e-32
0.0007579004618438901	0.000773068444964122	0.000765484453404006	-7.784280568142197e-32
0.0007730684449641219	0.0007885397877467584	0.0007808041163554402	-7.784276505546175e-32
0.0007885397877467583	0.0008043205573850476	0.000796430172565903	-7.784272361708959e-32
0.0008043205573850476	0.0008204169424161026	0.0008123687499005752	-7.784268135005942e-32
0.0008204169424161026	0.0008368352551477787	0.0008286260987819407	-7.784263823780035e-32
0.0008368352551477787	0.0008535819341340884	0.0008452085946409336	-7.784259426341018e-32
0.0008535819341340884	0.0008706635467001242	0.0008621227404171063	-7.784254940964876e-32
0.0008706635467001243	0.0008880867915174809	0.0008793751691088026	-7.784250365893122e-32
0.0008880867915174809	0.0009058585012311845	0.0008969726463743328	-7.784245699332116e-32
0.0009058585012311845	0.0009239856451391622	0.0009149220731851734	-7.784240939452347e-32
0.0009239856451391622	0.0009424753319252995	0.0009332304885322309	-7.784236084387735e-32
0.0009424753319252995	0.0009613348124471596	0.0009519050721862295	-7.784231132234886e-32
0.0009613348124471596	0.0009805714825794568	0.0009709531475133082	-7.78422608105235e-32
0.000980571482579457	0.0010001928861144002	0.0009903821843469285	-7.784220928859863e-32
0.0010001928861144	0.001020206717720042	0.001010199801917221	-7.78421567363757e-32
0.001020206717720042	0.001040620825957797	0.0010304137718389196	-7.784210313325231e-32
0.0010406208259577969	0.0010614432163603069	0.0010510320211590519	-7.784204845821416e-32
0.001061443216360307	0.0010826820545708673	0.0010720626354655872	-7.784199268982686e-32
0.0010826820545708673	0.0011043456695456388	0.001093513862058253	-7.784193580622742e-32
0.0011043456695456386	0.0011264425568199054	0.001115394113182772	-7.784187778511584e-32
0.0011264425568199056	0.0011489813818396579	0.0011377119693297818	-7.784181860374621e-32
0.0011489813818396579	0.001171970983359805	0.0011604761825997315	-7.784175823891793e-32
0.0011719709833598049	0.0011954203769103551	0.00118369568013508	-7.78416966669666e-32
0.0011954203769103551	0.0012193387583319163	0.0012073795676211356	-7.784163386375465e-32
0.0012193387583319165	0.001243735507381909	0.0012315371328569128	-7.784156980466203e-32
0.001243735507381909	0.0012686201914129012	0.001256177849397405	-7.784150446457647e-32
0.001268620191412901	0.001294002569124513	0.001281311380268707	-7.784143781788366e-32
0.0012940025691245132	0.0013198925943903575	0.0013069475817574353	-7.784136983845728e-32
0.0013198925943903575	0.0013463004201615188	0.001333096507275938	-7.784130049964867e-32
0.0013463004201615188	0.0013732364024481032	0.0013597684113048109	-7.784122977427647e-32
0.0013732364024481032	0.0014007111043804193	0.0013869737534142612	-7.784115763461594e-32
0.0014007111043804193	0.0014287353003513818	0.0014147232023659006	-7.784108405238811e-32
0.0014287353003513818	0.0014573199802417635	0.0014430276402965726	-7.784100899874872e-32
0.0014573199802417635	0.001486476353729953	0.0014718981669858582	-7.78409324442769e-32
0.001486476353729953	0.001516215854687906	0.0015013461042089294	-7.784085435896367e-32
0.001516215854687906	0.001546550145665018	0.001531383000176462	-7.78407747122002e-32
0.0015465501456650183	0.0015774911224616728	0.0015620206340633456	-7.784069347276576e-32
0.0015774911224616726	0.0016090509187942602	0.0015932710206279664	-7.784061060881559e-32
0.0016090509187942602	0.0016412419110534994	0.0016251464149238798	-7.784052608786834e-32
0.0016412419110534994	0.0016740767231579236	0.0016576593171057116	-7.784043987679348e-32
0.0016740767231579233	0.0017075682315044359	0.0016908224773311796	-7.784035194179815e-32
0.0017075682315044359	0.0017417295700178786	0.0017246489007611571	-7.784026224841411e-32
0.0017417295700178788	0.0017765741353015904	0.0017591518526597345	-7.78401707614841e-32
0.0017765741353015904	0.0018121155918909763	0.0017943448635962833	-7.784007744514819e-32
0.0018121155918909763	0.00184836787761215	0.0018302417347515632	-7.78399822628297e-32
0.0018483678776121497	0.0018853452090477469	0.0018668565433299484	-7.783988517722084e-32
0.001885345209047747	0.0019230620871120562	0.0019042036480799015	-7.783978615026817e-32
0.0019230620871120562	0.0019615333027376515	0.0019422976949248537	-7.783968514315768e-32
0.0019615333027376515	0.0020007739426757586	0.001981153622706705	-7.783958211629961e-32
0.0020007739426757586	0.002040799395412628	0.0020207866690441934	-7.783947702931295e-32
0.0020407993954126274	0.002081625357204234	0.002061212376308431	-7.783936984100959e-32
0.002081625357204234	0.002123267838231673	0.0021024465977179537	-7.783926050937831e-32
0.0021232678382316727	0.00216574316887966	0.0021445055035556665	-7.783914899156823e-32
0.0021657431688796606	0.0022090680061406078	0.002187405587510134	-7.783903524387212e-32
0.0022090680061406078	0.002253259340146774	0.002231163673143691	-7.783891922170924e-32
0.002253259340146774	0.002298334500833064	0.0022757969204899187	-7.783880087960794e-32
0.002298334500833064	0.002344311164733079	0.0023213228327830715	-7.783868017118783e-32
0.002344311164733079	0.0023912073619110946	0.002367759263322087	-7.783855704914169e-32
0.0023912073619110946	0.0024390414830326706	0.0024151244224718824	-7.78384314652169e-32
0.002439041483032671	0.0024878322865766783	0.0024634368848046747	-7.783830337019663e-32
0.0024878322865766783	0.002537598906191566	0.002512715596384122	-7.783817271388052e-32
0.002537598906191566	0.0025883608581987517	0.002562979882195159	-7.783803944506507e-32
0.0025883608581987513	0.0026401380492460805	0.002614249453722416	-7.783790351152363e-32
0.0026401380492460805	0.0026929507841143563	0.0026665444166802184	-7.783776485998599e-32
0.0026929507841143563	0.0027468197736799974	0.002719885278897177	-7.783762343611746e-32
0.0027468197736799974	0.0028017661430369514	0.0027742929583584744	-7.783747918449773e-32
0.002801766143036951	0.002857811439781044	0.0028297887914089975	-7.783733204859912e-32
0.0028578114397810445	0.0029149776424600197	0.002886394541120532	-7.78371819707645e-32
0.0029149776424600197	0.0029732871691925743	0.002944132405826297	-7.783702889218477e-32
0.0029732871691925743	0.0030327628864597798	0.003003025027826177	-7.783687275287581e-32
0.0030327628864597798	0.0030934281180723293	0.0030630955022660543	-7.783671349165511e-32
0.0030934281180723298	0.0031553066543171305	0.00312436738619473	-7.783655104611774e-32
0.0031553066543171296	0.0032184227612868264	0.003186864707801978	-7.78363853526121e-32
0.0032184227612868273	0.003282801190395918	0.0032506119758413726	-7.783621634621489e-32
0.003282801190395918	0.0033484671880871903	0.0033156341892415543	-7.783604396070585e-32
0.00334846718808719	0.0034154465057322876	0.0033819568469097387	-7.78358681285418e-32
0.0034154465057322876	0.0034837654097302872	0.003449605957731287	-7.783568878083029e-32
0.0034837654097302872	0.003553450691808247	0.003518608050769267	-7.783550584730268e-32
0.003553450691808248	0.003624529679527767	0.0035889901856680072	-7.783531925628662e-32
0.003624529679527766	0.0036970302470016756	0.003660779963264721	-7.783512893467814e-32
0.003697030247001676	0.003770980825825064	0.0037340055364133698	-7.7834934807913e-32
0.0037709808258250634	0.003846410416224919	0.003808695621024991	-7.783473679993765e-32
0.003846410416224919	0.003923348598432771	0.003884879507328845	-7.783453483317942e-32
0.003923348598432772	0.004001825544284782	0.003962587071358777	-7.78343288285163e-32
0.004001825544284781	0.004081872029053831	0.004041848786669306	-7.783411870524597e-32
0.004081872029053832	0.004163519443518262	0.004122695736286047	-7.78339043810544e-32
0.004163519443518261	0.0042467998062719805	0.004205159624895121	-7.783368577198352e-32
0.004246799806271981	0.0043317457762807755	0.004289272791276378	-7.783346279239861e-32
0.004331745776280775	0.004418390665689744	0.004375068220985259	-7.783323535495477e-32
0.004418390665689745	0.004506768452886894	0.00446257955928832	-7.783300337056285e-32
0.004506768452886893	0.004596913795827985	0.004551841124357439	-7.783276674835465e-32
0.004596913795827985	0.004688862045627899	0.004642887920727942	-7.783252539564748e-32
0.004688862045627898	0.004782649260423811	0.004735755653025855	-7.783227921790797e-32
0.004782649260423811	0.004878312219515641	0.004830480739969726	-7.783202811871516e-32
0.004878312219515642	0.004975888437789309	0.004927100328652475	-7.783177199972293e-32
0.004975888437789309	0.005075416180428449	0.005025652309108879	-7.783151076062153e-32
0.005075416180428449	0.005176934477920373	0.005126175329174411	-7.783124429909855e-32
0.005176934477920372	0.005280483141362134	0.005228708809641253	-7.78309725107989e-32
0.005280483141362134	0.005386102778072731	0.005333292959717432	-7.783069528928423e-32
0.005386102778072731	0.005493834807517539	0.005439968792795135	-7.783041252599127e-32
0.00549383480751754	0.005603721477551245	0.005548778142534393	-7.783012411018965e-32
0.005603721477551244	0.005715805880985623	0.005659763679268433	-7.782982992893855e-32
0.005715805880985624	0.005830131972488691	0.005772968926737157	-7.782952986704284e-32
0.005830131972488691	0.0059467445858218185	0.005888438279155255	-7.7829223807008e-32
0.005946744585821818	0.006065689451421608	0.006006217018621713	-7.782891162899447e-32
0.006065689451421608	0.006187013214333395	0.006126351332877502	-7.782859321077081e-32
0.0061870132143333955	0.006310763452503417	0.006248888333418407	-7.782826842766617e-32
0.006310763452503416	0.006436988695436839	0.0063738760739701274	-7.782793715252167e-32
0.0064369886954368394	0.006565738443228931	0.006501363569332885	-7.782759925564082e-32
0.00656573844322893	0.006697063185976863	0.006631400814602896	-7.782725460473905e-32
0.006697063185976862	0.006831014423579754	0.006764038804778308	-7.782690306489217e-32
0.006831014423579754	0.0069676446859347025	0.006899329554757228	-7.782654449848378e-32
0.006967644685934704	0.007107007553536752	0.007037326119735728	-7.782617876515176e-32
0.007107007553536751	0.007249157678490841	0.007178082616013796	-7.782580572173352e-32
0.007249157678490842	0.007394150805944012	0.007321654242217427	-7.782542522221037e-32
0.007394150805944013	0.007542043795946248	0.007468097300945131	-7.782503711765059e-32
0.007542043795946247	0.007692894645748526	0.007617469220847387	-7.782464125615154e-32
0.007692894645748525	0.00784676251254685	0.007769828579147688	-7.782423748278054e-32
0.007846762512546849	0.00800370773668114	0.007925235124613995	-7.782382563951453e-32
0.008003707736681142	0.00816379186529812	0.00808374980098963	-7.782340556517865e-32
0.008163791865298118	0.008327077676487434	0.008245434770892776	-7.782297709538361e-32
0.008327077676487434	0.008493629203900538	0.008410353440193986	-7.782254006246162e-32
0.008493629203900538	0.008663511761861902	0.00857857048288122	-7.782209429540132e-32
0.008663511761861904	0.008836791970982496	0.008750151866422199	-7.782163961978125e-32
0.008836791970982494	0.009013537784285498	0.008925164877633996	-7.782117585770209e-32
0.0090135377842855	0.009193818513854564	0.009103678149070031	-7.782070282771747e-32
0.009193818513854564	0.00937770485801501	0.009285761685934788	-7.782022034476354e-32
0.009377704858015009	0.009565268929058663	0.009471486893536836	-7.781972822008702e-32
0.009565268929058663	0.00975658428152319	0.009660926605290927	-7.781922626117196e-32
0.00975658428152319	0.009951725941037009	0.0098541551112801	-7.781871427166489e-32
0.009951725941037009	0.010150770433741104	0.010051248187389056	-7.78181920512987e-32
0.010150770433741104	0.01035379581629928	0.010252283125020193	-7.78176593958148e-32
0.010353795816299279	0.010560881706508618	0.010457338761403949	-7.781711609688391e-32
0.010560881706508618	0.010772109314522145	0.010666495510515382	-7.781656194202527e-32
0.010772109314522146	0.010987561474695944	0.010879835394609044	-7.781599671452408e-32
0.010987561474695944	0.011207322678073218	0.011097442076384582	-7.781542019334761e-32
0.011207322678073214	0.011431479105518033	0.011319400891795624	-7.781483215305941e-32
0.011431479105518035	0.01166011866151175	0.011545798883514893	-7.781423236373191e-32
0.01166011866151175	0.01189333100862534	0.011776724835068544	-7.781362059085736e-32
0.01189333100862534	0.012131207602681202	0.01201226930565327	-7.781299659525693e-32
0.0121312076026812	0.012373841728618178	0.012252524665649689	-7.781236013298809e-32
0.01237384172861818	0.012621328537073897	0.012497585132846038	-7.781171095525008e-32
0.012621328537073897	0.01287376508169873	0.012747546809386313	-7.781104880828764e-32
0.012873765081698728	0.013131250357216058	0.013002507719457393	-7.781037343329274e-32
0.013131250357216058	0.013393885338243733	0.013262567847729896	-7.780968456630447e-32
0.013393885338243733	0.013661773018891961	0.013527829178567846	-7.780898193810688e-32
0.013661773018891963	0.013935018453153156	0.01379839573602256	-7.780826527412487e-32
0.013935018453153156	0.014213728796099574	0.014074373624626366	-7.780753429431803e-32
0.014213728796099574	0.01449801334590492	0.014355871071002247	-7.780678871307237e-32
0.01449801334590492	0.014787983586706372	0.014642998466305646	-7.780602823908996e-32
0.01478798358670637	0.015083753232323851	0.01493586840951511	-7.78052525752764e-32
0.015083753232323851	0.015385438270853683	0.015234595751588767	-7.780446141862605e-32
0.015385438270853685	0.015693157010154113	0.015539297640503899	-7.780365446010509e-32
0.015693157010154113	0.01600703012424055	0.015850093567197333	-7.780283138453217e-32
0.01600703012424055	0.016327180700608717	0.016167105412424634	-7.780199187045686e-32
0.016327180700608714	0.01665373428850424	0.01649045749455648	-7.780113559003566e-32
0.01665373428850424	0.01698681894815768	0.01682027661833096	-7.780026220890553e-32
0.01698681894815768	0.01732656530100419	0.017156692124580937	-7.779937138605506e-32
0.01732656530100419	0.01767310658090763	0.01749983594095591	-7.779846277369302e-32
0.01767310658090763	0.018026578686409136	0.01784984263365838	-7.779753601711447e-32
0.018026578686409132	0.01838712023402067	0.0182068494602149	-7.779659075456408e-32
0.01838712023402067	0.018754872612584437	0.018570996423302552	-7.779562661709693e-32
0.01875487261258444	0.019129980038719484	0.018942426325651962	-7.779464322843659e-32
0.019129980038719484	0.019512589613377228	0.019321284826048356	-7.779364020483039e-32
0.019512589613377224	0.019902851379528123	0.019707720496452676	-7.779261715490176e-32
0.019902851379528127	0.020300918381002044	0.020101884880265083	-7.779157367949997e-32
0.02030091838100204	0.020706946722505434	0.020503932551753735	-7.779050937154674e-32
0.02070694672250544	0.021121095630838905	0.020914021176672175	-7.778942381587988e-32
0.021121095630838905	0.021543527517339036	0.02133231157408897	-7.778831658909399e-32
0.021543527517339036	0.021974408041569173	0.021758967779454103	-7.778718725937798e-32
0.02197440804156917	0.02241390617628391	0.02219415710892654	-7.778603538634945e-32
0.02241390617628391	0.022862194273692942	0.022638050224988424	-7.778486052088597e-32
0.02286219427369294	0.02331944813305015	0.023090821203371546	-7.778366220495286e-32
0.023319448133050154	0.02378584706959451	0.02355264760132233	-7.778243997142793e-32
0.02378584706959451	0.024261573984869753	0.02402371052723213	-7.778119334392253e-32
0.024261573984869757	0.024746815438450507	0.024504194711660134	-7.777992183659934e-32
0.024746815438450503	0.025241761721102866	0.024994288579776685	-7.777862495398661e-32
0.02524176172110287	0.02574660692940828	0.025494184325255576	-7.777730219078874e-32
0.02574660692940828	0.0262615490418798	0.02600407798564404	-7.777595303169324e-32
0.0262615490418798	0.02678678999660075	0.026524169519240276	-7.777457695117402e-32
0.026786789996600755	0.027322535770416125	0.02705466288350844	-7.777317341329082e-32
0.027322535770416122	0.0278689964597078	0.02759576611506196	-7.777174187148477e-32
0.0278689964597078	0.02842638636278531	0.028147691411246553	-7.777028176837008e-32
0.02842638636278531	0.02899492406392437	0.028710655213354842	-7.776879253552173e-32
0.028994924063924368	0.02957483251908621	0.02928487829150529	-7.776727359325895e-32
0.029574832519086214	0.030166339143351293	0.02987058583121875	-7.776572435042474e-32
0.030166339143351293	0.030769675900101674	0.030468007521726483	-7.776414420416101e-32
0.03076967590010167	0.03138507939198706	0.031077377646044364	-7.776253253967946e-32
0.03138507939198706	0.03201279095371015	0.03169893517284861	-7.776088873002811e-32
0.03201279095371016	0.032653056746667714	0.03233292385018893	-7.775921213585332e-32
0.032653056746667714	0.033306127855484424	0.03297959230107607	-7.775750210515726e-32
0.03330612785548442	0.03397226038647746	0.03363919412098094	-7.775575797305081e-32
0.033972260386477465	0.034651715568090366	0.034311987977283916	-7.775397906150164e-32
0.03465171556809037	0.03534475985333554	0.034998237710712955	-7.775216467907765e-32
0.03534475985333553	0.0360516650242856	0.035698212438810564	-7.775031412068532e-32
0.0360516650242856	0.036772708298654665	0.03641218666147013	-7.774842666730333e-32
0.03677270829865466	0.03750817243851111	0.03714044036858288	-7.774650158571086e-32
0.03750817243851111	0.03825834586116469	0.037883259149837895	-7.774453812821099e-32
0.03825834586116469	0.039023522752271333	0.038640934306718014	-7.774253553234862e-32
0.039023522752271333	0.039804003181200115	0.039413762966735724	-7.774049302062328e-32
0.039804003181200115	0.04060009321870747	0.040202048199953794	-7.773840980019631e-32
0.04060009321870747	0.04141210505696498	0.041006099137836226	-7.773628506259263e-32
0.04141210505696498	0.042240357131987635	0.04182623109447631	-7.773411798339688e-32
0.04224035713198763	0.04308517424851074	0.04266276569024918	-7.773190772194377e-32
0.043085174248510744	0.04394688770736431	0.04351603097793753	-7.772965342100265e-32
0.04394688770736431	0.04482583543539495	0.04438636157137963	-7.772735420645619e-32
0.04482583543539495	0.04572236211798621	0.04527409877669058	-7.772500918697295e-32
0.04572236211798621	0.046636819334229286	0.04617959072610775	-7.772261745367385e-32
0.04663681933422928	0.04756956569479722	0.047103192514513254	-7.772017807979244e-32
0.04756956569479723	0.048520966982576526	0.04804526633868687	-7.771769012032875e-32
0.048520966982576526	0.04949139629611141	0.04900618163934397	-7.771515261169674e-32
0.049491396296111406	0.05048123419591699	0.0499863152460142	-7.771256457136515e-32
0.05048123419591699	0.05149086885371869	0.05098605152481784	-7.770992499749169e-32
0.05149086885371869	0.05252069620467642	0.052005782529197554	-7.77072328685504e-32
0.05252069620467641	0.053571120102653295	0.053045908153664854	-7.770448714295212e-32
0.05357112010265331	0.05464255247858973	0.05410683629062152	-7.770168675865801e-32
0.05464255247858972	0.05573541350204487	0.0551889829903173	-7.769883063278575e-32
0.05573541350204487	0.05685013174596912	0.05629277262400699	-7.769591766120866e-32
0.05685013174596912	0.057987144354771855	0.05741863805037049	-7.76929467181473e-32
0.057987144354771855	0.05914689721575065	0.058567020785261256	-7.768991665575364e-32
0.05914689721575066	0.060329845133949025	0.05973837117484984	-7.768682630368761e-32
0.060329845133949025	0.06153645201051136	0.06093314857223019	-7.768367446868575e-32
0.061536452010511354	0.06276719102460494	0.062151821517558145	-7.768045993412222e-32
0.06276719102460494	0.0640225448189804	0.06339486792179266	-7.767718145956153e-32
0.0640225448189804	0.06530300568924335	0.06466277525411188	-7.767383778030336e-32
0.06530300568924335	0.06660907577691158	0.06595604073307747	-7.767042760691892e-32
0.06660907577691157	0.06794126726633315	0.06727517152162235	-7.766694962477903e-32
0.06794126726633316	0.06930010258554319	0.06862068492593817	-7.766340249357359e-32
0.0693001025855432	0.07068611461113741	0.0699931085983403	-7.765978484682245e-32
0.0706861146111374	0.0720998468772435	0.07139298074419045	-7.765609529137731e-32
0.07209984687724351	0.07354185378867173	0.07282085033295763	-7.765233240691486e-32
0.07354185378867173	0.07501270083832852	0.07427727731350012	-7.76484947454207e-32
0.07501270083832852	0.07651296482897844	0.07576283283365348	-7.76445808306641e-32
0.07651296482897844	0.07804323409944137	0.07727809946420991	-7.764058915766329e-32
0.07804323409944137	0.07960410875531355	0.07882367142737746	-7.76365181921414e-32
0.07960410875531357	0.0811962009043032	0.08040015482980839	-7.763236636997254e-32
0.08119620090430318	0.0828201348962726	0.08200816790028789	-7.762813209661825e-32
0.0828201348962726	0.08447654756808141	0.08364834123217701	-7.762381374655386e-32
0.0844765475680814	0.08616608849332638	0.08532131803070389	-7.761940966268485e-32
0.0861660884933264	0.08788942023707629	0.08702775436520134	-7.761491815575293e-32
0.08788942023707627	0.08964721861570116	0.08876831942638871	-7.761033750373164e-32
0.08964721861570116	0.09144017296189853	0.09054369578879984	-7.760566595121164e-32
0.09144017296189855	0.09326898639501988	0.09235457967845921	-7.760090170877495e-32
0.09326898639501986	0.09513437609680361	0.09420168124591174	-7.75960429523587e-32
0.09513437609680361	0.09703707359262304	0.09608572484471332	-7.759108782260759e-32
0.09703707359262305	0.09897782503835886	0.09800744931549096	-7.758603442421541e-32
0.09897782503835884	0.10095739151300936	0.0999676082756841	-7.758088082525511e-32
0.1009573915130094	0.10297654931715294	0.10196697041508118	-7.757562505649747e-32
0.10297654931715294	0.10503609027737935	0.10400631979726616	-7.757026511071812e-32
0.10503609027737935	0.1071368220568103	0.10608645616709483	-7.756479894199293e-32
0.10713682205681029	0.10927956847182985	0.10820819526432007	-7.755922446498121e-32
0.10927956847182983	0.11146516981514978	0.1103723691434898	-7.755353955419711e-32
0.1114651698151498	0.11369448318533615	0.11257982650024298	-7.754774204326859e-32
0.11369448318533616	0.11596838282292624	0.1148314330041312	-7.754182972418413e-32
0.11596838282292625	0.11828776045326814	0.11712807163809719	-7.753580034652686e-32
0.11828776045326812	0.12065352563621684	0.11947064304474247	-7.752965161669593e-32
0.12065352563621684	0.12306660612282454	0.1218600658795207	-7.752338119711516e-32
0.12306660612282452	0.12552794821916438	0.12429727717099445	-7.751698670542863e-32
0.12552794821916438	0.12803851715743103	0.12678323268829772	-7.751046571368311e-32
0.12803851715743103	0.130599297474463	0.12931890731594703	-7.750381574749718e-32
0.130599297474463	0.1332112933978356	0.13190529543614932	-7.749703428521703e-32
0.1332112933978356	0.13587552923967566	0.13454341131875563	-7.749011875705851e-32
0.1358755292396757	0.13859304979835257	0.13723428951901412	-7.74830665442355e-32
0.13859304979835255	0.14136492076820295	0.13997898528327773	-7.74758749780745e-32
0.14136492076820298	0.1441922291574504	0.1427785749628267	-7.746854133911496e-32
0.14419222915745036	0.14707608371448272	0.14563415643596656	-7.74610628561958e-32
0.14707608371448277	0.1500176153626558	0.14854684953856928	-7.745343670552725e-32
0.15001761536265573	0.1530179776437922	0.15151779650322397	-7.744566000974862e-32
0.15301797764379224	0.15607834717055144	0.15454816240717184	-7.743772983697112e-32
0.1560783471705514	0.1591999240878458	0.15763913562919862	-7.742964319980646e-32
0.1591999240878458	0.16238393254348607	0.16079192831566594	-7.742139705438015e-32
0.16238393254348607	0.16563162116823915	0.1640077768558626	-7.741298829933026e-32
0.16563162116823915	0.16894426356548728	0.16728794236686323	-7.740441377479085e-32
0.16894426356548728	0.1723231588106804	0.17063371118808385	-7.739567026136046e-32
0.17232315881068042	0.17576963196077738	0.1740463953857289	-7.738675447905511e-32
0.17576963196077736	0.17928503457387626	0.1775273332673268	-7.737766308624615e-32
0.1792850345738763	0.18287074523923716	0.1810778899065567	-7.73683926785824e-32
0.18287074523923713	0.18652817011790523	0.18469945767857118	-7.7358939787897e-32
0.18652817011790526	0.19025874349414673	0.18839345680602598	-7.734930088109832e-32
0.1902587434941467	0.194063928337913	0.19216133591602985	-7.733947235904539e-32
0.19406392833791303	0.19794521687855465	0.19600457260823384	-7.73294505554074e-32
0.19794521687855463	0.20190413119000908	0.19992467403428185	-7.731923173550733e-32
0.20190413119000908	0.2059422237876926	0.20392317748885086	-7.730881209514975e-32
0.20594222378769259	0.2100610782373298	0.2080016510125112	-7.729818775943255e-32
0.2100610782373298	0.21426230977595975	0.21216169400664478	-7.728735478154267e-32
0.21426230977595978	0.21854756594536234	0.21640493786066106	-7.727630914153595e-32
0.21854756594536234	0.22291852723815295	0.22073304659175763	-7.726504674510057e-32
0.22291852723815292	0.22737690775679933	0.22514771749747614	-7.72535634223048e-32
0.22737690775679936	0.2319244558858187	0.22965068182130904	-7.72418549263284e-32
0.2319244558858187	0.23656295497741842	0.23424370543161854	-7.722991693217809e-32
0.23656295497741844	0.24129422405085016	0.23892858951413432	-7.721774503538694e-32
0.24129422405085016	0.24612011850575052	0.24370717127830033	-7.720533475069764e-32
0.2461201185057505	0.25104253084974887	0.24858132467774968	-7.719268151073006e-32
0.25104253084974887	0.25606339144062723	0.25355296114518805	-7.717978066463262e-32
0.25606339144062723	0.2611846692433231	0.2586240303419752	-7.716662747671802e-32
0.2611846692433231	0.26640837260207295	0.263796520922698	-7.715321712508319e-32
0.26640837260207295	0.2717365500279978	0.26907246131503537	-7.713954470021357e-32
0.2717365500279978	0.2771712910024411	0.27445392051521944	-7.712560520357191e-32
0.2771712910024411	0.2827147267963733	0.27994300889940715	-7.711139354617173e-32
0.2827147267963732	0.288369031306184	0.2855418790512786	-7.709690454713548e-32
0.2883690313061841	0.2941364219061911	0.2912527266061876	-7.708213293223781e-32
0.29413642190619116	0.30001916031819836	0.2970777911121948	-7.706707333243387e-32
0.3000191603181983	0.3060195534984456	0.30301935690832194	-7.70517202823731e-32
0.3060195534984456	0.31213995454229787	0.30907975402037174	-7.703606821889849e-32
0.31213995454229787	0.31838276360702716	0.3152613590746625	-7.702011147953193e-32
0.3183827636070272	0.3247504288530511	0.32156659623003914	-7.700384430094556e-32
0.3247504288530511	0.3312454474039955	0.3279979381285233	-7.698726081741964e-32
0.33124544740399553	0.3378703663259588	0.33455790686497716	-7.697035505928728e-32
0.3378703663259588	0.3446277836263613	0.3412490749761601	-7.695312095136633e-32
0.3446277836263613	0.3515203492727719	0.3480740664495666	-7.693555231137867e-32
0.35152034927277187	0.3585507662321107	0.3550355577524413	-7.691764284835776e-32
0.3585507662321107	0.3657217915306363	0.36213627888137345	-7.68993861610444e-32
0.3657217915306363	0.37303623733513236	0.36937901443288434	-7.688077573627138e-32
0.3730362373351323	0.3804969720557183	0.37676660469542533	-7.686180494733773e-32
0.38049697205571836	0.38810692147071607	0.3843019467632172	-7.684246705237268e-32
0.38810692147071607	0.39586906987401377	0.3919879956723649	-7.68227551926903e-32
0.39586906987401377	0.4037864612453774	0.39982776555969557	-7.680266239113522e-32
0.40378646124537737	0.41186220044416827	0.4078243308447728	-7.678218155042018e-32
0.4118622004441684	0.4200994544269351	0.41598082743555176	-7.676130545145596e-32
0.420099454426935	0.4285014534893571	0.4243004539581461	-7.67400267516746e-32
0.4285014534893571	0.4370714925330276	0.43278647301119233	-7.671833798334654e-32
0.4370714925330277	0.4458129323575716	0.44144221244529963	-7.669623155189258e-32
0.4458129323575715	0.4547292009786063	0.4502710666680889	-7.667369973419137e-32
0.45472920097860636	0.46382379497206183	0.4592764979753341	-7.665073467688358e-32
0.46382379497206183	0.4731002808453864	0.4684620379087241	-7.662732839467336e-32
0.47310028084538636	0.48256229643617743	0.4778312886407819	-7.660347276862844e-32
0.48256229643617754	0.49221355233878444	0.487387924387481	-7.657915954447963e-32
0.49221355233878444	0.5020578333594435	0.49713569284911396	-7.655438033092095e-32
0.5020578333594434	0.5120990000005157	0.5070784166799795	-7.652912659791156e-32
0.5120990000005157	0.5223409899744094	0.5172199949874625	-7.650338967498056e-32
0.5223409899744094	0.5327878197477809	0.5275644048610951	-7.647716074953606e-32
0.5327878197477809	0.5434435861166199	0.5381157029322003	-7.645043086517984e-32
0.5434435861166199	0.5543124678128357	0.5488780269647278	-7.642319092002868e-32
0.5543124678128357	0.5653987271429758	0.5598555974779058	-7.639543166504438e-32
0.5653987271429758	0.5767067116597187	0.5710527194013473	-7.636714370237328e-32
0.5767067116597187	0.5882408558667964	0.5824737837632575	-7.63383174836974e-32
0.5882408558667964	0.6000056829580157	0.5941232694124061	-7.630894330859858e-32
0.6000056829580157	0.6120058065910594	0.6060057447745375	-7.627901132293722e-32
0.6120058065910593	0.6242459326967639	0.6181258696439116	-7.624851151724769e-32
0.6242459326967639	0.6367308613245826	0.6304883970106732	-7.621743372515199e-32
0.6367308613245826	0.6494654885249576	0.6430981749247701	-7.618576762179364e-32
0.6494654885249576	0.6624548082693401	0.6559601483971489	-7.615350272229379e-32
0.6624548082693401	0.6757039144086103	0.6690793613389752	-7.612062838023174e-32
0.6757039144086103	0.6892180026706659	0.6824609585396382	-7.608713378615175e-32
0.6892180026706657	0.7030023726979624	0.6961101876843141	-7.605300796609857e-32
0.7030023726979625	0.7170624301258052	0.7100324014118838	-7.601823978018394e-32
0.7170624301258051	0.7314036887022045	0.7242330594140047	-7.598281792118635e-32
0.7314036887022046	0.7460317724501321	0.7387177305761683	-7.594673091318671e-32
0.7460317724501321	0.760952417873018	0.7534920951615751	-7.590996711024226e-32
0.760952417873018	0.7761714762043618	0.76856194703869	-7.587251469510156e-32
0.7761714762043618	0.7916949157023324	0.7839331959533471	-7.583436167796323e-32
0.7916949157023324	0.8075288239902624	0.7996118698462974	-7.579549589528107e-32
0.8075288239902625	0.8236794104439511	0.8156041172171068	-7.575590500861886e-32
0.8236794104439509	0.8401530086267133	0.8319162095353321	-7.571557650355748e-32
0.8401530086267134	0.8569560787731311	0.8485545436999222	-7.567449768865758e-32
0.8569560787731311	0.8740952103224771	0.8655256445478041	-7.563265569448105e-32
0.8740952103224772	0.8915771245028101	0.8828361674126437	-7.559003747267453e-32
0.89157712450281	0.9094086769667495	0.9004929007347797	-7.554662979511828e-32
0.9094086769667494	0.9275968604799678	0.9185027687233587	-7.550241925314401e-32
0.9275968604799678	0.9461488076634506	0.9368728340717092	-7.545739225682511e-32
0.9461488076634507	0.965071793790603	0.9556103007270269	-7.541153503434314e-32
0.9650717937906028	0.9843732396402982	0.9747225167154505	-7.536483363143417e-32
0.9843732396402984	1.0040607144069877	0.9942169770236431	-7.531727391091891e-32
1.0040607144069877	1.024141938669011	1.0141013265379994	-7.526884155232068e-32
1.024141938669011	1.0446247874162746	1.0343833630426427	-7.521952205157518e-32
1.0446247874162744	1.0655172931384833	1.0550710402773789	-7.516930072083635e-32
1.0655172931384833	1.0868276489751363	1.0761724710568097	-7.51181626883824e-32
1.0868276489751365	1.1085642119285226	1.0976959304518297	-7.506609289862654e-32
1.1085642119285226	1.1307355061409765	1.1196498590347495	-7.501307611223694e-32
1.1307355061409763	1.1533502262376791	1.1420428661893278	-7.495909690637017e-32
1.1533502262376791	1.176417240736316	1.1648837334869975	-7.490413967502304e-32
1.1764172407363163	1.1999455955249259	1.188181418130621	-7.484818862950757e-32
1.1999455955249256	1.2239445174093075	1.2119450564671166	-7.479122779905372e-32
1.2239445174093078	1.2484234177313773	1.2361839675703425	-7.473324103154503e-32
1.2484234177313773	1.2733918960598882	1.2609076568956328	-7.467421199439204e-32
1.2733918960598882	1.2988597439549694	1.2861258200074288	-7.461412417554857e-32
1.2988597439549692	1.3248369488079519	1.3118483463814605	-7.455296088467612e-32
1.3248369488079519	1.3513336977579944	1.3380853232829732	-7.449070525446153e-32
1.3513336977579946	1.3783603816870378	1.364847039722516	-7.442734024209326e-32
1.3783603816870378	1.4059275992946618	1.3921439904908497	-7.436284863090164e-32
1.4059275992946618	1.4340461612544384	1.4199868802745501	-7.429721303216856e-32
1.4340461612544384	1.4627270944534105	1.4483866278539246	-7.423041588711214e-32
1.4627270944534108	1.4919816463163624	1.4773543703848866	-7.41624394690517e-32
1.4919816463163624	1.521821289216573	1.5069014677664678	-7.409326588575897e-32
1.5218212892165728	1.5522577249747875	1.5370395070956802	-7.402287708200089e-32
1.5522577249747878	1.5833028894481669	1.5677803072114773	-7.395125484227978e-32
1.5833028894481669	1.6149689572110135	1.59913592332959	-7.387838079377659e-32
1.6149689572110135	1.6472683463291171	1.6311186517700653	-7.380423640950281e-32
1.6472683463291171	1.6802137232295828	1.66374103477935	-7.372880301166697e-32
1.6802137232295828	1.7138180076680578	1.6970158654488203	-7.36520617752612e-32
1.713818007668058	1.7480943777953026	1.7309561927316803	-7.357399373187373e-32
1.7480943777953026	1.783056275325092	1.7655753265601972	-7.349457977373292e-32
1.7830562753250918	1.818717410805477	1.8008868430652845	-7.341380065798856e-32
1.818717410805477	1.85509176899547	1.8369045899004735	-7.333163701123591e-32
1.8550917689954702	1.892193614349263	1.8736426916723667	-7.324806933428822e-32
1.8921936143492628	1.9300374966101315	1.911115555479697	-7.31630780072031e-32
1.9300374966101317	1.9686382565162177	1.9493378765631748	-7.307664329456815e-32
1.9686382565162177	2.0080110316204256	1.9883246440683218	-7.298874535105126e-32
2.008011031620425	2.048171262226717	2.028091146923571	-7.289936422722079e-32
2.048171262226717	2.089134697445135	2.0686529798359263	-7.280847987564065e-32
2.089134697445135	2.1309174013679213	2.110026049406528	-7.271607215724536e-32
2.1309174013679213	2.1735357593691633	2.1522265803685423	-7.262212084799971e-32
2.173535759369163	2.2170064845304296	2.195271121949796	-7.252660564584804e-32
2.2170064845304296	2.2613466241949216	2.2391765543626754	-7.242950617795719e-32
2.2613466241949216	2.3065735666527036	2.2839600954238124	-7.233080200825772e-32
2.306573566652703	2.3527050479596405	2.329639307306172	-7.223047264528721e-32
2.352705047959641	2.399759158892717	2.376232103426179	-7.212849755033966e-32
2.3997591588927167	2.4477543520444547	2.4237567554685855	-7.202485614592451e-32
2.4477543520444547	2.496709449059227	2.472231900551841	-7.191952782453832e-32
2.496709449059227	2.546643648014295	2.521676548536761	-7.181249195775257e-32
2.5466436480142955	2.597576530948465	2.57211008948138	-7.170372790561991e-32
2.597576530948464	2.6495280715413165	2.6235523012448905	-7.159321502640125e-32
2.6495280715413174	2.702518642946027	2.6760233572436722	-7.148093268661588e-32
2.702518642946027	2.756569025778831	2.729543834362429	-7.136686027141616e-32
2.756569025778831	2.811700416268291	2.7841347210235607	-7.125097719528773e-32
2.8117004162682915	2.8679344345675406	2.839817425417916	-7.113326291307665e-32
2.8679344345675397	2.925293133232774	2.8966137839001567	-7.101369693134325e-32
2.925293133232774	2.983799005871313	2.954546069552044	-7.089225882004288e-32
2.983799005871313	3.043474995962623	3.013637000916968	-7.076892822453315e-32
3.043474995962623	3.104344505855759	3.073909750909191	-7.064368487790614e-32
3.1043445058557584	3.166431405946757	3.1353879559012574	-7.051650861364448e-32
3.1664314059467573	3.2297600440395757	3.1980957249931663	-7.038737937859873e-32
3.229760044039576	3.294355254894251	3.2620576494669136	-7.025627724628376e-32
3.29435525489425	3.3602423699660187	3.3272988124301346	-7.012318243049045e-32
3.3602423699660195	3.4274472273392234	3.3938447986526215	-6.998807529920899e-32
3.427447227339223	3.4959961818598906	3.4617217045995567	-6.985093638885937e-32
3.495996181859891	3.5659161154709724	3.5309561486654317	-6.971174641882357e-32
3.565916115470972	3.637234447754275	3.6015752816126234	-6.957048630627384e-32
3.6372344477542753	3.7099791466832444	3.67360679721876	-6.942713718129044e-32
3.7099791466832444	3.784178739590793	3.7470789431370184	-6.928168040226163e-32
3.784178739590793	3.859862324356492	3.822020531973642	-6.913409757155793e-32
3.8598623243564916	3.937059580817505	3.898460952586998	-6.898437055147205e-32
3.937059580817505	4.015800782407738	3.9764301816126215	-6.883248148041478e-32
4.015800782407738	4.096116808029777	4.055958795218757	-6.867841278935708e-32
4.096116808029777	4.178039154164256	4.137077981097017	-6.8522147218507e-32
4.178039154164256	4.261599947221424	4.21981955069284	-6.836366783420994e-32
4.261599947221424	4.346831956139736	4.304215951680581	-6.820295804605954e-32
4.346831956139736	4.4337686052364145	4.390300280688075	-6.804000162420595e-32
4.4337686052364145	4.522443987315026	4.478106296275721	-6.787478271684741e-32
4.522443987315026	4.61289287703521	4.567668432175118	-6.770728586789001e-32
4.612892877035209	4.705150744549797	4.6590218107925025	-6.753749603476011e-32
4.7051507445497975	4.799253769414677	4.752202256982237	-6.736539860635265e-32
4.799253769414676	4.895238854776853	4.8472463120957645	-6.719097942109817e-32
4.895238854776854	4.993143641846274	4.944191248311563	-6.701422478513037e-32
4.993143641846275	5.093006524657084	5.043075083251679	-6.683512149053523e-32
5.093006524657083	5.194866665124108	5.1439365948905955	-6.665365683366187e-32
5.194866665124109	5.298764008400474	5.246815336762292	-6.646981863347501e-32
5.2987640084004735	5.404739298542366	5.351751653471419	-6.628359524992755e-32
5.404739298542367	5.512834094487098	5.458786696514732	-6.609497560233124e-32
5.512834094487098	5.623090786350724	5.567962440418911	-6.590394918770325e-32
5.623090786350724	5.735552612051621	5.679321699201172	-6.57105060990646e-32
5.735552612051622	5.850263674266538	5.79290814315908	-6.551463704366726e-32
5.850263674266537	5.967268957725751	5.908766315996144	-6.531633336112444e-32
5.967268957725751	6.08661434685415	6.026941652289951	-6.511558704141977e-32
6.08661434685415	6.2083466437651165	6.147480495309633	-6.491239074276861e-32
6.208346643765116	6.332513586614302	6.270430115189709	-6.470673780930613e-32
6.332513586614301	6.45916386832047	6.395838727467385	-6.449862228857473e-32
6.459163868320471	6.588347155660764	6.523755511990617	-6.428803894878377e-32
6.588347155660765	6.720114108747864	6.654230632204314	-6.407498329581408e-32
6.720114108747862	6.854516400896703	6.787315254822282	-6.38594515899393e-32
6.854516400896704	6.991606738888521	6.923061569892612	-6.364144086223566e-32
6.991606738888521	7.1314388836401745	7.061522811264348	-6.342094893065183e-32
7.131438883640175	7.274067671286862	7.202753277463518	-6.319797441571023e-32
7.274067671286862	7.419549034686483	7.346808352986672	-6.297251675581089e-32
7.419549034686482	7.567940025354095	7.4937445300202885	-6.274457622210917e-32
7.567940025354096	7.719298835835061	7.643619430594578	-6.25141539329385e-32
7.719298835835062	7.873684822525647	7.796491829180354	-6.228125186774932e-32
7.873684822525647	8.031158528950042	7.9524216757378445	-6.204587288053557e-32
8.031158528950042	8.191781709502926	8.111470119226485	-6.180802071272055e-32
8.191781709502926	8.355617353666869	8.273699531584898	-6.156770000547385e-32
8.355617353666869	8.52272971071409	8.43917353219048	-6.13249163114316e-32
8.52272971071409	8.693184314902256	8.607957012808173	-6.107967610579269e-32
8.693184314902254	8.867048011174182	8.780116163038219	-6.083198679676429e-32
8.867048011174184	9.04438898137155	8.955718496272867	-6.058185673533013e-32
9.04438898137155	9.225276770972865	9.134832876172208	-6.032929522431604e-32
9.225276770972865	9.409782316366206	9.317529543669536	-6.007431252672796e-32
9.409782316366206	9.597977972667413	9.50388014451681	-5.981691987333802e-32
9.597977972667413	9.789937542094645	9.693957757381028	-5.955712946949574e-32
9.789937542094645	9.985736302910421	9.887836922502533	-5.929495450114174e-32
9.98573630291042	10.185451038942512	10.085593670926466	-5.903040914000306e-32
10.185451038942514	10.389160069695247	10.28730555431888	-5.876350854794934e-32
10.389160069695247	10.596943281063036	10.493051675379142	-5.84942688804912e-32
10.596943281063036	10.80888215665818	10.702912718860608	-5.822270728940288e-32
10.808882156658182	11.02505980976523	10.916970983211705	-5.794884192445233e-32
11.025059809765226	11.245561015934415	11.13531041284982	-5.767269193422384e-32
11.245561015934415	11.470472246226986	11.358016631080702	-5.739427746601891e-32
11.47047224622699	11.699881701125413	11.585176973676202	-5.711361966482364e-32
11.699881701125411	11.933879345121802	11.816880523123608	-5.683074067133081e-32
11.933879345121802	12.172556941998122	12.053218143559963	-5.654566361900826e-32
12.172556941998122	12.41600809081197	12.294282516405046	-5.625841263020508e-32
12.41600809081197	12.664328262602092	12.54016817670703	-5.596901281128998e-32
12.664328262602092	12.917614837828017	12.790971550215055	-5.567749024681703e-32
12.917614837828017	13.175967144558461	13.04679099119324	-5.53838719927163e-32
13.175967144558461	13.439486497423514	13.307726820990988	-5.508818606850829e-32
13.439486497423513	13.708276237345867	13.57388136738469	-5.47904614485428e-32
13.708276237345869	13.98244177206667	13.84535900470627	-5.449072805226495e-32
13.982441772066668	14.262090617481885	14.122266194774276	-5.41890167335124e-32
14.262090617481885	14.547332439805405	14.404711528643645	-5.388535926885004e-32
14.547332439805405	14.838279098575397	14.6928057691904	-5.357978834495e-32
14.838279098575397	15.135044690520788	14.986661894548092	-5.327233754502639e-32
15.135044690520788	15.437745594305087	15.286395142412937	-5.296304133433666e-32
15.437745594305088	15.746500516165074	15.592123055235081	-5.265193504476211e-32
15.746500516165074	16.06143053646226	15.903965526313668	-5.233905485848336e-32
16.061430536462257	16.382659157165385	16.222044846813823	-5.202443779076639e-32
16.38265915716539	16.71031235028258	16.546485753723985	-5.170812167187846e-32
16.710312350282578	17.044518607262113	16.877415478772345	-5.13901451281531e-32
17.044518607262116	17.385408989381244	17.21496379832168	-5.107054756222643e-32
17.38540898938124	17.73311717914275	17.559263084261993	-5.074936913246731e-32
17.73311717914275	18.087779532699486	17.91044835592112	-5.042665073162657e-32
18.087779532699486	18.44953513332736	18.268657333013422	-5.010243396473104e-32
18.449535133327363	18.818525845967795	18.63403048964758	-4.977676112625011e-32
18.81852584596779	19.19489637286103	19.00671110941441	-4.944967517656369e-32
19.194896372861034	19.57879431029214	19.38684534157659	-4.912121971776138e-32
19.57879431029214	19.970370206471866	19.774582258382004	-4.8791438968804835e-32
19.970370206471863	20.369777620575185	20.170073913523524	-4.846037774008499e-32
20.369777620575185	20.777173182960574	20.57347540176788	-4.8128081407408173e-32
20.77717318296057	21.192716656593667	20.98494491977712	-4.779459588544543e-32
21.192716656593667	21.616570999699423	21.404643828146547	-4.745996760068044e-32
21.616570999699423	22.048902429667294	21.832736714683357	-4.7124243463891895e-32
22.048902429667294	22.489880488234522	22.269391458950906	-4.678747084220769e-32
22.489880488234526	22.9396781079731	22.714779298103814	-4.6449697530767897e-32
22.9396781079731	23.398471680106447	23.169074894039774	-4.611097172403495e-32
23.398471680106447	23.86644112368246	23.63245640189445	-4.577134198678913e-32
23.866441123682456	24.34376995612999	24.105105539906223	-4.5430857224848465e-32
24.34376995612999	24.830645365226474	24.58720766067823	-4.5089566655551866e-32
24.830645365226477	25.32725828250489	25.078951823865683	-4.4747519778044966e-32
25.32725828250489	25.83380345812887	25.580530870316878	-4.4404766343407724e-32
25.833803458128866	26.350479537265326	26.092141497697096	-4.406135632466324e-32
26.35047953726533	26.87748913798452	26.613984337624924	-4.37173398867071e-32
26.877489137984522	27.415038930718097	27.14626403435131	-4.337276735619591e-32
27.415038930718097	27.963339719306344	27.689189325012222	-4.302768919143418e-32
27.963339719306337	28.522606523666347	28.242973121486344	-4.2682155952297607e-32
28.52260652366635	29.093058664113563	28.807832593889955	-4.233621827023088e-32
29.093058664113567	29.674919847369722	29.383989255741646	-4.19899268183574e-32
29.67491984736972	30.268418254290996	29.971669050830357	-4.1643332281737745e-32
30.268418254290996	30.8737866293507	30.571102441820848	-4.1296485327812953e-32
30.873786629350697	31.491262371911596	31.182524500631146	-4.094943657706822e-32
31.4912623719116	32.12108762932372	31.806175000617657	-4.0602236573951487e-32
32.12108762932371	32.76350939188407	32.44229851060389	-4.0254935758080706e-32
32.76350939188407	33.41877958969564	33.09114449078986	-3.990758443577263e-32
33.41877958969564	34.08715519146344	33.75296739057954	-3.9560232751924913e-32
34.08715519146343	34.76889830526658	34.428026748365006	-3.9212930662282324e-32
34.76889830526659	35.4642762813458	35.116587293306196	-3.8865727906116737e-32
35.4642762813458	36.1735618169466	35.8189190491462	-3.85186739793496e-32
36.1735618169466	36.89703306325942	36.53529744010301	-3.8171818108144136e-32
36.89703306325942	37.634973734498494	37.26600339887896	-3.782520922299334e-32
37.63497373449849	38.387673219162345	38.01132347683041	-3.747889593332917e-32
38.387673219162345	39.15542669351947	38.771549956340905	-3.713292650267594e-32
39.15542669351947	39.938535237363745	39.546980965441605	-3.6787348824370954e-32
39.93853523736375	40.73730595208491	40.33792059472433	-3.6442210397872876e-32
40.73730595208491	41.55205208110049	41.144679016592704	-3.609755830567791e-32
41.55205208110049	42.38309313269639	41.96757260689844	-3.575343919086198e-32
42.38309313269638	43.23075500532419	42.806924069010286	-3.540989923526605e-32
43.2307550053242	44.09537011540456	43.66306256036438	-3.5066984138340104e-32
44.09537011540456	44.97727752768654	44.53632382154555	-3.472473909666031e-32
44.97727752768654	45.87682308821415	45.427050307950346	-3.438320878413199e-32
45.87682308821416	46.794359559952326	46.33559132408324	-3.404243733289032e-32
46.79435955995232	47.73024676112525	47.262303160538785	-3.370246831490885e-32
47.73024676112525	48.68485170632164	48.20754923372344	-3.336334472432471e-32
48.684851706321645	49.658548750421964	49.171700228371805	-3.302510896048831e-32
49.65854875042196	50.65171973540428	50.15513424291312	-3.268780281174365e-32
50.65171973540428	51.664754140086245	51.15823693774526	-3.2351467439944483e-32
51.66475414008625	52.69804923286186	52.18140168647406	-3.2016143365709884e-32
52.69804923286186	53.75201022749298	53.225029730177425	-3.168187045442213e-32
53.75201022749298	54.82705044201673	54.28953033475486	-3.1348687902967955e-32
54.82705044201673	55.92359146083095	55.37532095142384	-3.101663422722357e-32
55.92359146083094	57.04206330002145	56.482827380426194	-3.06857472502826e-32
57.04206330002145	58.18290457599576	57.6124839380086	-3.0356064091424687e-32
58.18290457599576	59.34656267748956	58.764733626742654	-3.002762115582204e-32
59.34656267748956	60.53349394101323	59.940028309251396	-2.9700454124979437e-32
60.53349394101324	61.74416382980739	61.13882888541032	-2.937459794790307e-32
61.744163829807384	62.979047116377416	62.361605473092396	-2.9050086832991786e-32
62.979047116377416	64.23862806867885	63.60883759252813	-2.8726954240644036e-32
64.23862806867886	65.52340064002632	64.8810143543526	-2.840523287657279e-32
65.52340064002631	66.83386866280073	66.17863465141352	-2.8084954685819617e-32
66.83386866280071	68.17054604603061	67.50220735441566	-2.776615084745868e-32
68.17054604603062	69.53395697692513	68.85225151147787	-2.7448851769980554e-32
69.53395697692513	70.92463612643752	70.22929655168133	-2.7133087087344966e-32
70.92463612643752	72.34312885894015	71.63388249268883	-2.681888565569099e-32
72.34312885894013	73.78999144609283	73.06656015251647	-2.650627555069269e-32
73.78999144609283	75.26579128498857	74.5278913655407	-2.619528406554753e-32
75.26579128498857	76.77110712066222	76.0184492028254	-2.588593770958438e-32
76.77110712066222	78.30652927304935	77.53881819685579	-2.557826220747756e-32
78.30652927304935	79.87265986848422	79.08959457076679	-2.527228249905259e-32
79.87265986848422	81.47011307582778	80.671386472156	-2.496802273966951e-32
81.4701130758278	83.09951534731823	82.284814211573	-2.466550630116862e-32
83.09951534731823	84.76150566423848	83.93051050577836	-2.4364755773363606e-32
84.76150566423848	86.45673578749714	85.60912072586781	-2.4065792966066623e-32
86.45673578749714	88.18587051322096	87.32130315035906	-2.3768638911629524e-32
88.18587051322096	89.94958793345927	89.06772922334011	-2.3473313867985414e-32
89.94958793345927	91.74857970210235	90.84908381778081	-2.3179837322174432e-32
91.74857970210233	93.58355130611827	92.66606550411029	-2.2888227994337494e-32
93.58355130611828	95.45522234221453	94.5193868241664	-2.259850384216167e-32
95.45522234221453	97.3643267990327	96.40977457062361	-2.2310682065760884e-32
97.36432679903271	99.31161334498725	98.33797007200998	-2.2024779112975283e-32
99.31161334498725	101.29784562186089	100.30472948342407	-2.174081068507303e-32
101.29784562186089	103.32380254427198	102.31082408306644	-2.1458791742837893e-32
103.32380254427198	105.39027860513131	104.35704057470164	-2.1178736513026262e-32
105.3902786051313	107.49808418720781	106.44418139616955	-2.090065849517734e-32
107.49808418720781	109.64804588092585	108.57306503406683	-2.062457046876006e-32
109.64804588092584	111.84100680851824	110.74452634472203	-2.035048450064073e-32
111.84100680851826	114.07782695466251	112.95941688159039	-2.0078411952855332e-32
114.0778269546625	116.35938350372963	115.21860522919607	-1.9808363490670643e-32
116.35938350372963	118.68657118377811	117.52297734375387	-1.9540349090918415e-32
118.6865711837781	121.06030261742755	119.87343690060283	-1.9274378050587237e-32
121.06030261742755	123.48150867975	122.27090564858878	-1.901045899565676e-32
123.48150867975001	125.95113886331889	124.71632377153445	-1.874859989015916e-32
125.9511388633189	128.47016165055916	127.21065025693903	-1.8488808045453124e-32
128.47016165055916	131.03956489354422	129.7548632720517	-1.823109012969578e-32
131.03956489354422	133.660356201389	132.3499605474666	-1.7975452177498206e-32
133.660356201389	136.33356333539066	134.99695976838984	-1.772189959975062e-32
136.33356333539066	139.06023461207235	137.6968989737315	-1.747043719360347e-32
139.06023461207235	141.84143931428767	140.45083696318	-1.7221069152590932e-32
141.8414393142877	144.67826811054735	143.2598537124175	-1.6973799076883853e-32
144.67826811054735	147.5718334827322	146.12505079663975	-1.6728629983659175e-32
147.57183348273216	150.5232701623607	149.04755182254644	-1.6485564317573468e-32
150.5232701623607	153.5337355755818	152.02850286897126	-1.6244603961328312e-32
153.53373557558177	156.6044102970673	155.06907293632452	-1.6005750246315808e-32
156.6044102970673	159.73649851298254	158.1704544050249	-1.5769003963332575e-32
159.73649851298254	162.93122849321608	161.3338635030993	-1.5534365373351243e-32
162.93122849321608	166.18985307305428	164.5605407831352	-1.530183421833846e-32
166.18985307305428	169.51365014448925	167.85175160877176	-1.5071409732109008e-32
169.51365014448925	172.90392315735292	171.20878665092107	-1.4843090651205877e-32
172.90392315735292	176.36200163047386	174.63296239391337	-1.461687522579647e-32
176.36200163047388	179.88924167305726	178.12562165176558	-1.439276123057553e-32
179.88924167305726	183.48702651649228	181.68813409477477	-1.4170745975665585e-32
183.48702651649225	187.15676705679599	185.32189678664412	-1.3950826317506146e-32
187.156767056796	190.8999024079058	189.0283347323509	-1.3732998669723293e-32
190.89990240790584	194.71790046603783	192.80890143697184	-1.351725901397142e-32
194.7179004660378	198.61225848533246	196.66507947568513	-1.3303602910739395e-32
198.61225848533246	202.584503665013	200.5983810751727	-1.3092025510113677e-32
202.584503665013	206.63619374828713	204.61034870665006	-1.2882521562491245e-32
206.63619374828713	210.76891763322675	208.70255569075692	-1.267508542923552e-32
210.7689176332268	214.98429599586524	212.87660681454602	-1.246971109326876e-32
214.98429599586515	219.28398192575634	217.13413896081073	-1.2266392169594757e-32
219.2839819257564	223.6696615742454	221.4768217500009	-1.2065121915745868e-32
223.6696615742454	228.1430548157042	225.9063581949748	-1.1865893242148926e-32
228.14305481570415	232.70591592199213	230.42448536884814	-1.1668698722404536e-32
232.70591592199216	237.3600342504059	235.03297508619903	-1.1473530603474891e-32
237.36003425040587	242.1072349453879	239.73363459789687	-1.1280380815775329e-32
242.10723494538794	246.9493796542696	244.52830729982878	-1.1089240983165105e-32
246.94937965426953	251.8883672573288	249.41887345579917	-1.0900102432833285e-32
251.88836725732884	256.9261346124493	254.40725093488908	-1.071295620507572e-32
256.92613461244923	262.0646573146721	259.49539596356067	-1.0527793062959558e-32
262.06465731467216	267.3059504709395	264.6853038928058	-1.0344603501871713e-32
267.3059504709395	272.65206949033217	269.97900998063585	-1.0163377758948228e-32
272.65206949033217	278.1051108901127	275.37859019022244	-9.98410582238153e-33
278.10511089011266	283.6672131178888	280.88616200400077	-9.806777440602834e-33
283.6672131178889	289.34055739022057	286.5038852540547	-9.631382131337244e-33
289.3405573902205	295.1273685479988	292.23396296910965	-9.457909190529246e-33
295.12736854799886	301.0299159289327	298.0786422384658	-9.286347701136499e-33
301.02991592893267	307.0505142574852	304.04021509320893	-9.116686541790104e-33
307.0505142574852	313.19152455260877	310.121019405047	-8.948914395319567e-33
313.1915245526088	319.4553550536349	316.32343980312186	-8.783019757141125e-33
319.4553550536349	325.8444621646815	322.64990860915816	-8.61899094350797e-33
325.84446216468143	332.3613514179489	329.10290679131515	-8.456816099621335e-33
332.361351417949	339.00857845628184	335.6849649371154	-8.296483207601439e-33
339.0085784562819	345.78875003538144	342.3986642458317	-8.137980094317507e-33
