-0.0	9.973883354052327e-9	4.9869416770261635e-9	-1.3136799315858216e-32
9.973883354052327e-9	2.01472443751857e-8	1.5060563864619014e-8	-1.3136799315665064e-32
2.0147244375185677e-8	3.052407261674172e-8	2.5335658495963697e-8	-1.313679931538249e-32
3.052407261674168e-8	4.110843742312884e-8	3.581625501993526e-8	-1.3136799314989362e-32
4.1108437423128854e-8	5.190448952564376e-8	4.6506463474386306e-8	-1.3136799314483392e-32
5.190448952564377e-8	6.291646267020897e-8	5.741047609792637e-8	-1.3136799313863845e-32
6.291646267020898e-8	7.41486752776655e-8	6.853256897393724e-8	-1.313679931313013e-32
7.414867527766559e-8	8.560553213727123e-8	7.987710370746841e-8	-1.3136799312281528e-32
8.560553213727115e-8	9.72915261340689e-8	9.144852913567003e-8	-1.313679931131946e-32
9.729152613406889e-8	1.0921124001080259e-7	1.0325138307243573e-7	-1.313679931024524e-32
1.0921124001080262e-7	1.21369348165071e-7	1.152902940879368e-7	-1.313679930905981e-32
1.2136934816507097e-7	1.337706184824247e-7	1.2756998332374784e-7	-1.3136799307763875e-32
1.3377061848242481e-7	1.4641991420612564e-7	1.4009526634427524e-7	-1.3136799306357946e-32
1.464199142061256e-7	1.5932219584430044e-7	1.5287105502521303e-7	-1.313679930484241e-32
1.593221958443005e-7	1.7248252311523885e-7	1.6590235947976968e-7	-1.3136799303217546e-32
1.7248252311523871e-7	1.859060569315958e-7	1.7919429002341726e-7	-1.3136799301483557e-32
1.859060569315958e-7	1.9959806142428004e-7	1.9275205917793794e-7	-1.3136799299642248e-32
1.9959806142428012e-7	2.1356390600681805e-7	2.065809837155491e-7	-1.3136799297694074e-32
2.1356390600681803e-7	2.2780906748100672e-7	2.2068648674391236e-7	-1.3136799295640454e-32
2.2780906748100672e-7	2.423391321846792e-7	2.3507409983284297e-7	-1.3136799293481992e-32
2.4233913218467924e-7	2.5715979818242513e-7	2.497494651835522e-7	-1.313679929121955e-32
2.571597981824252e-7	2.72276877500126e-7	2.6471833784127557e-7	-1.3136799288853974e-32
2.722768775001259e-7	2.8769629840418076e-7	2.7998658795215335e-7	-1.313679928638578e-32
2.876962984041808e-7	3.0342410772631675e-7	2.955602030652488e-7	-1.313679928381563e-32
3.034241077263168e-7	3.194664732348955e-7	3.1144529048060614e-7	-1.3136799281144158e-32
3.194664732348954e-7	3.3582968605364565e-7	3.2764807964427054e-7	-1.3136799278372256e-32
3.3582968605364565e-7	3.525201631287709e-7	3.4417492459120826e-7	-1.3136799275501403e-32
3.525201631287709e-7	3.695444497453987e-7	3.610323064370848e-7	-1.313679927253193e-32
3.695444497453987e-7	3.86909222094359e-7	3.782268359198788e-7	-1.3136799269464358e-32
3.8690922209435894e-7	4.0462128989029843e-7	3.957652559923287e-7	-1.313679926629961e-32
4.046212898902985e-7	4.226875990421568e-7	4.1365444446622766e-7	-1.3136799263038058e-32
4.226875990421568e-7	4.4111523437705226e-7	4.319014167096045e-7	-1.3136799259679714e-32
4.4111523437705226e-7	4.5991142241864563e-7	4.5051332839784897e-7	-1.3136799256224802e-32
4.5991142241864563e-7	4.790835342210709e-7	4.6949747831985825e-7	-1.3136799252673583e-32
4.790835342210708e-7	4.986390882595446e-7	4.888613112403077e-7	-1.313679924902587e-32
4.986390882595447e-7	5.185857533787879e-7	5.086124208191662e-7	-1.313679924528119e-32
5.185857533787878e-7	5.389313518004159e-7	5.287585525896019e-7	-1.3136799241439237e-32
5.38931351800416e-7	5.596838621904767e-7	5.493076069954463e-7	-1.3136799237500855e-32
5.596838621904766e-7	5.808514227883384e-7	5.702676424894075e-7	-1.3136799233465315e-32
5.808514227883384e-7	6.024423345981575e-7	5.91646878693248e-7	-1.3136799229331624e-32
6.024423345981575e-7	6.24465064644173e-7	6.134536996211653e-7	-1.3136799225098917e-32
6.244650646441731e-7	6.469282492911089e-7	6.35696656967641e-7	-1.3136799220767148e-32
6.469282492911088e-7	6.698406976309833e-7	6.58384473461046e-7	-1.3136799216335643e-32
6.698406976309835e-7	6.932113949376555e-7	6.815260462843195e-7	-1.3136799211803074e-32
6.932113949376554e-7	7.170495061904609e-7	7.051304505640581e-7	-1.3136799207168094e-32
7.170495061904609e-7	7.413643796683224e-7	7.292069429293916e-7	-1.313679920242975e-32
7.413643796683223e-7	7.661655506157411e-7	7.537649651420317e-7	-1.3136799197587408e-32
7.66165550615741e-7	7.914627449821081e-7	7.788141477989246e-7	-1.313679919263986e-32
7.914627449821085e-7	8.17265883235803e-7	8.043643141089558e-7	-1.313679918758547e-32
8.17265883235803e-7	8.435850842545714e-7	8.304254837451871e-7	-1.3136799182422613e-32
8.435850842545714e-7	8.704306692937152e-7	8.570078767741432e-7	-1.313679917715003e-32
8.704306692937151e-7	8.978131660336417e-7	8.841219176636784e-7	-1.313679917176726e-32
8.978131660336417e-7	9.25743312708367e-7	9.117782393710043e-7	-1.3136799166273105e-32
9.257433127083667e-7	9.542320623165864e-7	9.399876875124765e-7	-1.3136799160665637e-32
9.542320623165864e-7	9.832905869169705e-7	9.687613246167783e-7	-1.3136799154942945e-32
9.832905869169707e-7	1.0129302820093625e-6	9.981104344631667e-7	-1.3136799149103403e-32
1.0129302820093625e-6	1.043162771003602e-6	1.0280465265064822e-6	-1.313679914314605e-32
1.0431627710036018e-6	1.0739999097777262e-6	1.0585813403906639e-6	-1.3136799137069586e-32
1.0739999097777262e-6	1.105453791327333e-6	1.0897268505525295e-6	-1.3136799130872004e-32
1.1054537913273332e-6	1.1375367505079322e-6	1.1214952709176327e-6	-1.3136799124550993e-32
1.1375367505079322e-6	1.1702613688721431e-6	1.1538990596900377e-6	-1.3136799118104352e-32
1.1702613688721431e-6	1.2036404796036382e-6	1.1869509242378906e-6	-1.3136799111530223e-32
1.2036404796036384e-6	1.2376871725497636e-6	1.220663826076701e-6	-1.3136799104826888e-32
1.2376871725497636e-6	1.2724147993548112e-6	1.2550509859522874e-6	-1.3136799097992082e-32
1.2724147993548112e-6	1.3078369786959598e-6	1.2901258890253855e-6	-1.313679909102292e-32
1.3078369786959596e-6	1.343967601623931e-6	1.3259022901599454e-6	-1.3136799083916255e-32
1.3439676016239313e-6	1.3808208370104622e-6	1.3623942193171967e-6	-1.3136799076669005e-32
1.3808208370104622e-6	1.4184111371047239e-6	1.399615987057593e-6	-1.3136799069278343e-32
1.4184111371047239e-6	1.4567532432008708e-6	1.4375821901527973e-6	-1.3136799061741498e-32
1.4567532432008708e-6	1.4958621914189405e-6	1.4763077173099057e-6	-1.3136799054055222e-32
1.4958621914189405e-6	1.5357533186013716e-6	1.5158077550101562e-6	-1.313679904621576e-32
1.5357533186013716e-6	1.5764422683274514e-6	1.5560977934644114e-6	-1.3136799038219616e-32
1.5764422683274512e-6	1.6179449970480525e-6	1.5971936326877517e-6	-1.313679903006306e-32
1.6179449970480527e-6	1.660277780343066e-6	1.6391113886955592e-6	-1.313679902174269e-32
1.6602777803430662e-6	1.7034572193039798e-6	1.681867499823523e-6	-1.313679901325527e-32
1.7034572193039796e-6	1.7475002470441115e-6	1.7254787331740454e-6	-1.3136799004597247e-32
1.7475002470441117e-6	1.7924241353390463e-6	1.7699621911915791e-6	-1.3136798995764622e-32
1.7924241353390463e-6	1.8382465013998796e-6	1.8153353183694629e-6	-1.3136798986753583e-32
1.8382465013998796e-6	1.8849853147819296e-6	1.8616159080909046e-6	-1.3136798977560222e-32
1.8849853147819292e-6	1.93265890443162e-6	1.9088221096067745e-6	-1.3136798968180833e-32
1.93265890443162e-6	1.981285965874305e-6	1.9569724351529624e-6	-1.3136798958611957e-32
1.981285965874305e-6	2.0308855685458433e-6	2.0060857672100742e-6	-1.3136798948849968e-32
2.0308855685458438e-6	2.081477163270813e-6	2.0561813659083284e-6	-1.3136798938890827e-32
2.0814771632708135e-6	2.133080589890282e-6	2.107278876580548e-6	-1.313679892873039e-32
2.1330805898902818e-6	2.1857160850421398e-6	2.1593983374662106e-6	-1.3136798918364536e-32
2.1857160850421398e-6	2.239404290097035e-6	2.2125601875695876e-6	-1.3136798907789194e-32
2.239404290097035e-6	2.294166259253028e-6	2.2667852746750317e-6	-1.3136798897000504e-32
2.294166259253028e-6	2.350023467792141e-6	2.3220948635225845e-6	-1.3136798885994662e-32
2.350023467792141e-6	2.406997820502036e-6	2.3785106441470884e-6	-1.313679887476758e-32
2.406997820502036e-6	2.465111660266129e-6	2.436054740384083e-6	-1.313679886331483e-32
2.4651116602661296e-6	2.5243877768255044e-6	2.494749718545817e-6	-1.3136798851631914e-32
2.524387776825504e-6	2.5848494157160664e-6	2.554618596270785e-6	-1.3136798839714342e-32
2.5848494157160664e-6	2.6465202873844403e-6	2.6156848515502534e-6	-1.313679882755771e-32
2.64652028738444e-6	2.709424576486181e-6	2.6779724319353104e-6	-1.3136798815157788e-32
2.7094245764861817e-6	2.7735869513699575e-6	2.7415057639280696e-6	-1.3136798802510292e-32
2.773586951369957e-6	2.8390325737514086e-6	2.8063097625606826e-6	-1.3136798789610595e-32
2.839032573751409e-6	2.9057871085804895e-6	2.8724098411659492e-6	-1.3136798776453667e-32
2.905787108580489e-6	2.973876734106151e-6	2.93983192134332e-6	-1.3136798763034313e-32
2.9738767341061516e-6	3.043328152142327e-6	3.0086024431242394e-6	-1.3136798749347217e-32
3.043328152142327e-6	3.1141685985392262e-6	3.0787483753407767e-6	-1.3136798735386995e-32
3.1141685985392254e-6	3.1864258538640623e-6	3.150297226201644e-6	-1.3136798721148267e-32
3.1864258538640627e-6	3.2601282542953965e-6	3.2232770540797296e-6	-1.3136798706625484e-32
3.2601282542953965e-6	3.3353047027353567e-6	3.297716478515377e-6	-1.3136798691812735e-32
3.3353047027353567e-6	3.4119846801441163e-6	3.3736446914397365e-6	-1.3136798676703916e-32
3.4119846801441163e-6	3.490198257101051e-6	3.4510914686225835e-6	-1.3136798661292542e-32
3.4901982571010514e-6	3.569976105597125e-6	3.530087181349088e-6	-1.3136798645572122e-32
3.569976105597124e-6	3.651349511063119e-6	3.6106628083301215e-6	-1.3136798629536256e-32
3.65134951106312e-6	3.7343503846384348e-6	3.6928499478507773e-6	-1.3136798613178678e-32
3.7343503846384335e-6	3.8190112756852544e-6	3.776680830161844e-6	-1.3136798596493075e-32
3.819011275685255e-6	3.905365384553013e-6	3.862188330119134e-6	-1.3136798579472846e-32
3.905365384553012e-6	3.9934465755981245e-6	3.949405980075569e-6	-1.3136798562111223e-32
3.9934465755981245e-6	4.0832893904641395e-6	4.0383679830311324e-6	-1.3136798544401074e-32
4.08328939046414e-6	4.174929061627476e-6	4.129109226045808e-6	-1.31367985263352e-32
4.174929061627476e-6	4.268401526214078e-6	4.2216652939207764e-6	-1.313679850790647e-32
4.268401526214077e-6	4.363743440092411e-6	4.316072483153244e-6	-1.31367984891079e-32
4.3637434400924116e-6	4.4609921922483126e-6	4.412367816170362e-6	-1.313679846993248e-32
4.460992192248312e-6	4.56018591944733e-6	4.510589055847821e-6	-1.313679845037294e-32
4.56018591944733e-6	4.661363521190329e-6	4.61077472031883e-6	-1.3136798430421767e-32
4.661363521190329e-6	4.764564674968188e-6	4.712964098079258e-6	-1.31367984100711e-32
4.764564674968189e-6	4.869829851821605e-6	4.817197263394897e-6	-1.3136798389312898e-32
4.8698298518216045e-6	4.977200332212089e-6	4.923515092016847e-6	-1.313679836813913e-32
4.97720033221209e-6	5.086718222210384e-6	5.031959277211237e-6	-1.3136798346541883e-32
5.086718222210384e-6	5.198426470008644e-6	5.142572346109514e-6	-1.3136798324513227e-32
5.198426470008644e-6	5.312368882762869e-6	5.255397676385757e-6	-1.3136798302045e-32
5.312368882762868e-6	5.428590143772178e-6	5.370479513267523e-6	-1.3136798279128635e-32
5.4285901437721785e-6	5.547135830001674e-6	5.487862986886926e-6	-1.3136798255755075e-32
5.547135830001674e-6	5.66805242995576e-6	5.6075941299787174e-6	-1.3136798231914787e-32
5.668052429955761e-6	5.7913873619089285e-6	5.729719895932345e-6	-1.3136798207597973e-32
5.7913873619089285e-6	5.9171889925011595e-6	5.854288177205044e-6	-1.3136798182794752e-32
5.9171889925011595e-6	6.0455066557052355e-6	5.981347824103198e-6	-1.3136798157495258e-32
6.0455066557052355e-6	6.176390672173393e-6	6.110948663939314e-6	-1.313679813168953e-32
6.176390672173393e-6	6.309892368970913e-6	6.243141520572153e-6	-1.3136798105367412e-32
6.309892368970912e-6	6.446064099704383e-6	6.377978234337647e-6	-1.3136798078518454e-32
6.446064099704383e-6	6.584959265052523e-6	6.515511682378453e-6	-1.3136798051131855e-32
6.584959265052523e-6	6.726632333707626e-6	6.655795799380074e-6	-1.3136798023196532e-32
6.726632333707626e-6	6.871138863735831e-6	6.798885598721729e-6	-1.313679799470129e-32
6.8711388637358304e-6	7.0185355243646e-6	6.944837194050215e-6	-1.313679796563491e-32
7.018535524364601e-6	7.168880118205945e-6	7.093707821285273e-6	-1.313679793598616e-32
7.168880118205944e-6	7.322231603924116e-6	7.24555586106503e-6	-1.3136797905743636e-32
7.322231603924116e-6	7.478650119356651e-6	7.400440861640383e-6	-1.3136797874895662e-32
7.478650119356651e-6	7.638197005097837e-6	7.558423562227244e-6	-1.3136797843430197e-32
7.638197005097837e-6	7.800934828553846e-6	7.71956591682584e-6	-1.3136797811334822e-32
7.800934828553846e-6	7.966927408478974e-6	7.88393111851641e-6	-1.3136797778596858e-32
7.966927408478974e-6	8.136239840002606e-6	8.051583624240791e-6	-1.3136797745203527e-32
8.136239840002608e-6	8.308938520156712e-6	8.22258918007966e-6	-1.3136797711142017e-32
8.30893852015671e-6	8.485091173913897e-6	8.397014847035305e-6	-1.3136797676399436e-32
8.485091173913897e-6	8.664766880746228e-6	8.574929027330063e-6	-1.3136797640962628e-32
8.664766880746228e-6	8.848036101715205e-6	8.756401491230716e-6	-1.3136797604818064e-32
8.848036101715207e-6	9.034970707103564e-6	8.941503404409386e-6	-1.3136797567951702e-32
9.034970707103564e-6	9.225644004599688e-6	9.130307355851625e-6	-1.3136797530348933e-32
9.225644004599684e-6	9.420130768045731e-6	9.322887386322708e-6	-1.3136797491994658e-32
9.420130768045731e-6	9.618507266760698e-6	9.519319017403214e-6	-1.3136797452873413e-32
9.6185072667607e-6	9.820851295449966e-6	9.719679281105333e-6	-1.3136797412969477e-32
9.820851295449965e-6	1.0027242204713016e-5	9.92404675008149e-6	-1.3136797372266946e-32
1.0027242204713018e-5	1.023776093216133e-5	1.0132501568437175e-5	-1.3136797330749743e-32
1.023776093216133e-5	1.0452490034158609e-5	1.0345125483159969e-5	-1.313679728840157e-32
1.045249003415861e-5	1.0671513718195836e-5	1.0562001876177224e-5	-1.3136797245205792e-32
1.0671513718195834e-5	1.0894917875913804e-5	1.0783215797054818e-5	-1.3136797201145334e-32
1.0894917875913802e-5	1.112279011678613e-5	1.1008853996349965e-5	-1.313679715620268e-32
1.1122790116786132e-5	1.1355219802475907e-5	1.1239004959631019e-5	-1.3136797110359974e-32
1.1355219802475905e-5	1.1592298081879475e-5	1.147375894217769e-5	-1.313679706359907e-32
1.1592298081879477e-5	1.1834117926871119e-5	1.1713208004375298e-5	-1.3136797015901616e-32
1.1834117926871119e-5	1.2080774168762594e-5	1.1957446047816857e-5	-1.3136796967249046e-32
1.2080774168762594e-5	1.2332363535491898e-5	1.2206568852127246e-5	-1.3136796917622498e-32
1.2332363535491898e-5	1.2588984689555787e-5	1.2460674112523843e-5	-1.3136796867002707e-32
1.2588984689555789e-5	1.2850738266700957e-5	1.2719861478128374e-5	-1.3136796815369878e-32
1.2850738266700959e-5	1.311772691538903e-5	1.2984232591044996e-5	-1.3136796762703734e-32
1.3117726915389029e-5	1.3390055337050862e-5	1.3253891126219944e-5	-1.3136796708983592e-32
1.3390055337050863e-5	1.3667830327145934e-5	1.3528942832098398e-5	-1.313679665418846e-32
1.3667830327145934e-5	1.3951160817042906e-5	1.380949557209442e-5	-1.3136796598297087e-32
1.3951160817042904e-5	1.4240157916737815e-5	1.4095659366890358e-5	-1.313679654128795e-32
1.4240157916737815e-5	1.4534934958426623e-5	1.4387546437582218e-5	-1.3136796483139143e-32
1.4534934958426625e-5	1.483560754094921e-5	1.4685271249687917e-5	-1.3136796423828197e-32
1.483560754094921e-5	1.5142293575122245e-5	1.4988950558035727e-5	-1.31367963633319e-32
1.5142293575122245e-5	1.5455113329978743e-5	1.5298703452550494e-5	-1.313679630162626e-32
1.5455113329978743e-5	1.577418947993237e-5	1.5614651404955557e-5	-1.313679623868654e-32
1.5774189479932367e-5	1.6099647152885065e-5	1.5936918316408716e-5	-1.3136796174487438e-32
1.6099647152885072e-5	1.6431613979296826e-5	1.6265630566090947e-5	-1.3136796109003274e-32
1.6431613979296826e-5	1.6770220142236814e-5	1.660091706076682e-5	-1.3136796042208155e-32
1.677022014223681e-5	1.71155984284356e-5	1.6942909285336206e-5	-1.3136795974075984e-32
1.71155984284356e-5	1.7467884280358367e-5	1.7291741354396984e-5	-1.3136795904580248e-32
1.7467884280358367e-5	1.7827215849319586e-5	1.7647550064838976e-5	-1.313679583369378e-32
1.782721584931959e-5	1.8193734049660035e-5	1.801047494948981e-5	-1.3136795761388592e-32
1.8193734049660032e-5	1.8567582614007284e-5	1.8380658331833658e-5	-1.31367956876359e-32
1.8567582614007284e-5	1.894890814964148e-5	1.8758245381824383e-5	-1.313679561240627e-32
1.894890814964148e-5	1.9337860195988364e-5	1.914338417281492e-5	-1.3136795535669838e-32
1.9337860195988364e-5	1.9734591283262184e-5	1.9536225739625273e-5	-1.3136795457396486e-32
1.9734591283262188e-5	2.0139256992281485e-5	1.9936924137771834e-5	-1.3136795377555847e-32
2.013925699228148e-5	2.0552016015481163e-5	2.0345636503881322e-5	-1.3136795296117044e-32
2.0552016015481166e-5	2.097303021914484e-5	2.0762523117313006e-5	-1.3136795213048427e-32
2.0973030219144838e-5	2.1402464706881787e-5	2.118774746301331e-5	-1.3136795128317394e-32
2.1402464706881787e-5	2.1840487884373476e-5	2.162147629562763e-5	-1.313679504189041e-32
2.184048788437348e-5	2.2287271525415e-5	2.206387970489424e-5	-1.3136794953733184e-32
2.2287271525415e-5	2.2742990839277353e-5	2.251513118234618e-5	-1.3136794863810937e-32
2.2742990839277353e-5	2.320782453941695e-5	2.2975407689347152e-5	-1.3136794772088585e-32
2.320782453941695e-5	2.3681954913559344e-5	2.3444889726488148e-5	-1.3136794678530728e-32
2.3681954913559344e-5	2.4165567895184582e-5	2.3923761404371963e-5	-1.313679458310138e-32
2.416556789518458e-5	2.4658853136442324e-5	2.441221051581345e-5	-1.313679448576364e-32
2.4658853136442327e-5	2.5162004082525226e-5	2.4910428609483778e-5	-1.3136794386479487e-32
2.516200408252523e-5	2.5675218047529787e-5	2.541861106502751e-5	-1.3136794285209817e-32
2.5675218047529784e-5	2.619869629183443e-5	2.5936957169682107e-5	-1.3136794181914576e-32
2.6198696291834434e-5	2.6732644101025175e-5	2.6465670196429804e-5	-1.3136794076553175e-32
2.673264410102518e-5	2.7277270866399734e-5	2.7004957483712454e-5	-1.3136793969084347e-32
2.727727086639973e-5	2.7832790167081777e-5	2.7555030516740755e-5	-1.3136793859465963e-32
2.783279016708178e-5	2.8399419853777467e-5	2.8116105010429625e-5	-1.3136793747654916e-32
2.839941985377747e-5	2.8977382134207074e-5	2.868840099399227e-5	-1.3136793633607e-32
2.897738213420707e-5	2.9566903660245263e-5	2.9272142897226167e-5	-1.3136793517276985e-32
2.9566903660245267e-5	3.0168215616804223e-5	2.9867559638524745e-5	-1.313679339861873e-32
3.016821561680422e-5	3.078155381249436e-5	3.0474884714649292e-5	-1.3136793277585295e-32
3.0781553812494354e-5	3.140715877209829e-5	3.109435629229632e-5	-1.3136793154129212e-32
3.14071587720983e-5	3.2045275830894315e-5	3.172621730149631e-5	-1.3136793028202265e-32
3.204527583089432e-5	3.269615523086626e-5	3.237071553088029e-5	-1.3136792899755243e-32
3.2696155230866254e-5	3.336005221883763e-5	3.3028103724851946e-5	-1.313679276873779e-32
3.336005221883764e-5	3.403722714656844e-5	3.3698639682703036e-5	-1.3136792635098262e-32
3.403722714656845e-5	3.472794557285387e-5	3.438258635971116e-5	-1.313679249878382e-32
3.4727945572853864e-5	3.5432478367664995e-5	3.508021197025943e-5	-1.3136792359740546e-32
3.5432478367664995e-5	3.615110181837235e-5	3.5791790093018676e-5	-1.3136792217913577e-32
3.6151101818372344e-5	3.6884097738093844e-5	3.651759977823309e-5	-1.3136792073247415e-32
3.6884097738093844e-5	3.7631753576209774e-5	3.725792565715181e-5	-1.3136791925685703e-32
3.7631753576209774e-5	3.839436253108802e-5	3.80130580536489e-5	-1.3136791775170918e-32
3.839436253108802e-5	3.9172223665063836e-5	3.878329309807593e-5	-1.3136791621644204e-32
3.9172223665063836e-5	3.996564202171917e-5	3.9568932843391506e-5	-1.313679146504522e-32
3.996564202171917e-5	4.0774928745507603e-5	4.037028538361338e-5	-1.3136791305312188e-32
4.0774928745507603e-5	4.1600401203771805e-5	4.118766497463971e-5	-1.313679114238209e-32
4.1600401203771805e-5	4.2442383111201296e-5	4.202139215748655e-5	-1.3136790976190764e-32
4.2442383111201296e-5	4.3301204656779375e-5	4.2871793883990336e-5	-1.3136790806673297e-32
4.3301204656779375e-5	4.417720263326902e-5	4.373920364502419e-5	-1.3136790633763765e-32
4.4177202633269024e-5	4.5070720569288455e-5	4.462396160127874e-5	-1.3136790457394914e-32
4.507072056928845e-5	4.5982108864028274e-5	4.5526414716658364e-5	-1.3136790277497936e-32
4.5982108864028274e-5	4.691172492466289e-5	4.6446916894345587e-5	-1.3136790094002287e-32
4.69117249246629e-5	4.785993330651021e-5	4.738582911558655e-5	-1.3136789906835744e-32
4.7859933306510204e-5	4.882710585599446e-5	4.834351958125233e-5	-1.313678971592461e-32
4.882710585599445e-5	4.98136218564684e-5	4.932036385623142e-5	-1.3136789521193834e-32
4.98136218564684e-5	5.081986817695182e-5	5.0316745016710105e-5	-1.3136789322567453e-32
5.081986817695182e-5	5.184623942384491e-5	5.1333053800398365e-5	-1.3136789119968332e-32
5.1846239423844924e-5	5.2893138095675876e-5	5.23696887597604e-5	-1.313678891331781e-32
5.289313809567586e-5	5.3960974740943435e-5	5.342705641830965e-5	-1.3136788702535423e-32
5.3960974740943435e-5	5.5050168119116356e-5	5.4505571430029895e-5	-1.313678848753869e-32
5.5050168119116356e-5	5.616114536485274e-5	5.5605656741984546e-5	-1.3136788268243147e-32
5.6161145364852743e-5	5.729434215550385e-5	5.67277437601783e-5	-1.3136788044562516e-32
5.729434215550385e-5	5.845020288196798e-5	5.7872272518735914e-5	-1.313678781640877e-32
5.845020288196798e-5	5.962918082296139e-5	5.9039691852464684e-5	-1.3136787583692396e-32
5.9629180822961396e-5	6.083173832277468e-5	6.023045957286804e-5	-1.3136787346322086e-32
6.0831738322774664e-5	6.205834697258422e-5	6.144504264767945e-5	-1.3136787104204522e-32
6.205834697258422e-5	6.330948779538995e-5	6.268391738398709e-5	-1.3136786857244465e-32
6.330948779538995e-5	6.45856514346518e-5	6.394756961502088e-5	-1.313678660534476e-32
6.45856514346518e-5	6.58873383466989e-5	6.523649489067535e-5	-1.3136786348406324e-32
6.58873383466989e-5	6.721505899698693e-5	6.655119867184291e-5	-1.313678608632809e-32
6.721505899698693e-5	6.856933406028073e-5	6.789219652863383e-5	-1.3136785819006988e-32
6.856933406028071e-5	6.995069462484039e-5	6.926001434256056e-5	-1.3136785546338168e-32
6.995069462484039e-5	7.135968240069124e-5	7.065518851276582e-5	-1.3136785268214724e-32
7.135968240069124e-5	7.279684993205913e-5	7.207826616637518e-5	-1.313678498452741e-32
7.279684993205913e-5	7.426276081405436e-5	7.352980537305674e-5	-1.31367846951647e-32
7.426276081405436e-5	7.57579899136895e-5	7.501037536387193e-5	-1.313678440001284e-32
7.575798991368951e-5	7.728312359531736e-5	7.652055675450343e-5	-1.3136784098955792e-32
7.728312359531734e-5	7.883875995057775e-5	7.806094177294754e-5	-1.3136783791875216e-32
7.883875995057775e-5	8.042550903294335e-5	7.963213449176056e-5	-1.3136783478650399e-32
8.042550903294336e-5	8.204399309695629e-5	8.123475106494983e-5	-1.3136783159158528e-32
8.204399309695629e-5	8.369484684224947e-5	8.286941996960289e-5	-1.3136782833274396e-32
8.369484684224946e-5	8.53787176624485e-5	8.453678225234899e-5	-1.313678250087009e-32
8.53787176624485e-5	8.709626589905152e-5	8.623749178075001e-5	-1.313678216181502e-32
8.709626589905152e-5	8.884816510038661e-5	8.797221549971907e-5	-1.3136781815975964e-32
8.884816510038661e-5	9.06351022857484e-5	8.974163369306751e-5	-1.3136781463217022e-32
9.06351022857484e-5	9.245777821481742e-5	9.15464402502829e-5	-1.3136781103399597e-32
9.245777821481742e-5	9.431690766246782e-5	9.338734293864262e-5	-1.3136780736382314e-32
9.431690766246782e-5	9.621321969907123e-5	9.526506368076952e-5	-1.3136780362021293e-32
9.621321969907124e-5	9.814745797640672e-5	9.718033883773898e-5	-1.3136779980169881e-32
9.814745797640671e-5	0.0001001203810192889	9.91339194978478e-5	-1.31367795906783e-32
0.0001001203810192889	0.00010213276252302873	0.00010112657177115881	-1.313677919339361e-32
0.00010213276252302872	0.00010418539165684334	0.00010315907708993603	-1.3136778788159776e-32
0.00010418539165684336	0.00010627907337333428	0.00010523223251508882	-1.3136778374817635e-32
0.00010627907337333428	0.00010841462872415502	0.00010734685104874466	-1.313677795320485e-32
0.00010841462872415502	0.00011059289518199217	0.0001095037619530736	-1.3136777523155835e-32
0.00011059289518199217	0.00011281472696898607	0.00011170381107548913	-1.3136777084502015e-32
0.00011281472696898606	0.00011508099539171983	0.00011394786118035295	-1.313677663707161e-32
0.00011508099539171984	0.00011739258918290829	0.00011623679228731407	-1.3136776180689206e-32
0.00011739258918290829	0.00011975041484992051	0.0001185715020164144	-1.3136775715175689e-32
0.00011975041484992053	0.00012215539703027298	0.00012095290594009675	-1.31367752403483e-32
0.00012215539703027298	0.0001246084788542325	0.00012338193794225275	-1.313677475602062e-32
0.0001246084788542325	0.00012711062231467122	0.00012585955058445187	-1.3136774262002485e-32
0.0001271106223146712	0.00012966280864431867	0.00012838671547949493	-1.3136773758099945e-32
0.0001296628086443187	0.0001322660387005591	0.0001309644236724389	-1.313677324411549e-32
0.0001322660387005591	0.00013492133335792436	0.00013359368602924174	-1.313677271984788e-32
0.00013492133335792436	0.0001376297339084369	0.00013627553363318063	-1.3136772185091676e-32
0.00013762973390843688	0.00014039230246995968	0.00013901101818919828	-1.3136771639637103e-32
0.00014039230246995968	0.00014321012240271292	0.0001418012124363363	-1.3136771083270096e-32
0.00014321012240271294	0.00014608429873412125	0.0001446472105684171	-1.3136770515772276e-32
0.00014608429873412123	0.0001490159585921577	0.00014755012866313948	-1.3136769936920907e-32
0.0001490159585921577	0.0001520062516473549	0.0001505111051197563	-1.313676934648879e-32
0.00015200625164735494	0.00015505635056365608	0.0001535313011055055	-1.3136768744244523e-32
0.00015505635056365608	0.00015816745145828327	0.0001566119010109697	-1.3136768129952334e-32
0.00015816745145828327	0.000161340774370803	0.00015975411291454313	-1.31367675033716e-32
0.00016134077437080296	0.00016457756374157307	0.000162959169056188	-1.3136766864256625e-32
0.0001645775637415731	0.0001678790888997586	0.00016622832632066584	-1.3136766212356675e-32
0.0001678790888997586	0.00017124664456110784	0.00016956286673043322	-1.3136765547415946e-32
0.00017124664456110786	0.00017468155133568407	0.00017296409794839598	-1.3136764869173514e-32
0.00017468155133568407	0.0001781851562457518	0.00017643335379071795	-1.313676417736324e-32
0.0001781851562457518	0.0001817588332540209	0.00017997199474988635	-1.3136763471714003e-32
0.00018175883325402087	0.00018540398380245533	0.00018358140852823808	-1.3136762751949568e-32
0.00018540398380245535	0.00018912203736185852	0.00018726301058215694	-1.3136762017788086e-32
0.00018912203736185852	0.00019291445199244974	0.00019101824467715413	-1.3136761268941793e-32
0.00019291445199244976	0.00019678271491565283	0.0001948485834540513	-1.3136760505116984e-32
0.0001967827149156528	0.0002007283430973199	0.00019875552900648635	-1.3136759726014016e-32
0.0002007283430973199	0.00020475288384262037	0.00020274061346997014	-1.3136758931327235e-32
0.00020475288384262037	0.00020885791540282685	0.0002068053996227236	-1.3136758120744876e-32
0.00020885791540282682	0.00021304504759423742	0.00021095148149853212	-1.3136757293949276e-32
0.00021304504759423742	0.00021731592242947622	0.00021518048501185683	-1.313675645061679e-32
0.00021731592242947622	0.0002216722147614198	0.000219494068595448	-1.313675559041727e-32
0.0002216722147614198	0.00022611563294000223	0.000223893923850711	-1.3136754713013655e-32
0.00022611563294000223	0.00023064791948215632	0.0002283817762110793	-1.3136753818061918e-32
0.00023064791948215635	0.00023527085175515354	0.00023295938561865493	-1.3136752905211055e-32
0.00023527085175515357	0.0002399862426736107	0.00023762854721438213	-1.313675197410301e-32
0.00023998624267361067	0.0002447959414104369	0.0002423910920420238	-1.313675102437257e-32
0.0002447959414104369	0.00024970183412199973	0.00024724888776621833	-1.3136750055647544e-32
0.00024970183412199973	0.00025470584468779376	0.0002522038394048967	-1.3136749067548732e-32
0.00025470584468779376	0.0002598099354649037	0.0002572578900763487	-1.313674805968938e-32
0.00025980993546490373	0.0002650161080575559	0.00026241302176122983	-1.31367470316747e-32
0.0002650161080575559	0.00027032640410206104	0.00026767125607980843	-1.3136745983101708e-32
0.000270326404102061	0.00027574290606745624	0.0002730346550847586	-1.3136744913559237e-32
0.0002757429060674563	0.00028126773807215946	0.00027850532206980785	-1.3136743822627842e-32
0.0002812677380721595	0.00028690306671695675	0.0002840854023945581	-1.3136742709879686e-32
0.00028690306671695675	0.00029265110193464996	0.00028977708432580335	-1.3136741574878705e-32
0.0002926511019346499	0.00029851409785669697	0.00029558259989567346	-1.3136740417180603e-32
0.00029851409785669697	0.000304494353697185	0.00030150422577694094	-1.3136739236332306e-32
0.00030449435369718503	0.0003105942146544828	0.0003075442841758339	-1.3136738031871374e-32
0.0003105942146544827	0.0003168160728309264	0.00031370514374270454	-1.313673680332579e-32
0.00031681607283092644	0.00032316236817089903	0.00031998922050091274	-1.31367355502139e-32
0.00032316236817089903	0.0003296355894176711	0.0003263989787942851	-1.313673427204435e-32
0.0003296355894176711	0.00033623827508937856	0.00033293693225352485	-1.3136732968315938e-32
0.00033623827508937856	0.0003429730144745202	0.0003396056447819494	-1.3136731638517765e-32
0.00034297301447452016	0.0003498424486473646	0.0003464077315609424	-1.3136730282129266e-32
0.0003498424486473646	0.00035684927150366597	0.0003533458600755153	-1.3136728898619653e-32
0.000356849271503666	0.0003639962308170934	0.0003604227511603797	-1.3136727487447248e-32
0.00036399623081709336	0.0003712861293167893	0.0003676411800669413	-1.3136726048059155e-32
0.0003712861293167893	0.0003787218257864791	0.0003750039775516342	-1.3136724579891154e-32
0.0003787218257864791	0.00038630623618556275	0.00038251403098602096	-1.313672308236766e-32
0.0003863062361855628	0.00039404233479262813	0.00039017428548909544	-1.3136721554901517e-32
0.0003940423347926281	0.0004019331553718347	0.0003979877450822314	-1.3136719996894168e-32
0.00040193315537183474	0.0004099817923626255	0.00040595747386723015	-1.3136718407735677e-32
0.0004099817923626255	0.0004181914020932321	0.0004140865972279288	-1.3136716786804208e-32
0.0004181914020932321	0.0004265652040184508	0.00042237830305584144	-1.313671513346524e-32
0.00042656520401845074	0.00043510648198217384	0.0004308358430003123	-1.3136713447071142e-32
0.00043510648198217384	0.0004438185855051714	0.0004394625337436726	-1.3136711726960987e-32
0.0004438185855051714	0.00045270493109862887	0.00044826175830190015	-1.31367099724605e-32
0.0004527049310986288	0.00046176900360395546	0.00045723696735129214	-1.313670818288186e-32
0.00046176900360395546	0.00047101435755938863	0.00046639168058167205	-1.3136706357523475e-32
0.00047101435755938863	0.0004804446185939305	0.00047572948807665953	-1.313670449566973e-32
0.0004804446185939305	0.0004900634848491632	0.0004852540517215468	-1.3136702596590692e-32
0.0004900634848491632	0.0004998747284295005	0.0004949691066393319	-1.313670065954184e-32
0.0004998747284295005	0.0005098821968814445	0.0005048784626554726	-1.3136698683763751e-32
0.0005098821968814445	0.0005200898147024275	0.000514986005791936	-1.313669666848183e-32
0.0005200898147024275	0.0005305015848798302	0.0005252956997911289	-1.3136694612905984e-32
0.0005305015848798301	0.0005411215904607807	0.0005358115876703054	-1.3136692516230323e-32
0.0005411215904607807	0.0005519539961533504	0.0005465377933070656	-1.3136690377632837e-32
0.0005519539961533503	0.0005630030499597714	0.0005574785230565609	-1.313668819627509e-32
0.0005630030499597715	0.000574273084842321	0.0005686380674010463	-1.313668597130186e-32
0.000574273084842321	0.0005857685204225216	0.0005800208026324213	-1.313668370184084e-32
0.0005857685204225214	0.0005974938647143259	0.0005916311925684237	-1.3136681387002277e-32
0.0005974938647143259	0.0006094537158919665	0.0006034737903031463	-1.3136679025878616e-32
0.0006094537158919666	0.00062165276409316	0.0006155532399925634	-1.3136676617544162e-32
0.00062165276409316	0.0006340957932583773	0.0006278742786757687	-1.3136674161054707e-32
0.0006340957932583773	0.0006467876830068989	0.0006404417381326381	-1.3136671655447152e-32
0.0006467876830068988	0.0006597334105503908	0.0006532605467786448	-1.313666909973916e-32
0.0006597334105503908	0.0006729380526447527	0.0006663357315975717	-1.3136666492928727e-32
0.0006729380526447528	0.0006864067875810019	0.0006796724201128773	-1.3136663833993825e-32
0.0006864067875810018	0.0007001448972159759	0.0006932758423984888	-1.3136661121891988e-32
0.000700144897215976	0.0007141577690436496	0.0007071513331298128	-1.3136658355559894e-32
0.0007141577690436495	0.0007284508983078765	0.000721304333675763	-1.3136655533912967e-32
0.0007284508983078767	0.0007430298901573883	0.0007357403942326326	-1.313665265584494e-32
0.0007430298901573882	0.00075790046184389	0.000750465176000639	-1.3136649720227427e-32
0.0007579004618438901	0.000773068444964122	0.000765484453404006	-1.3136646725909468e-32
0.0007730684449641219	0.0007885397877467584	0.0007808041163554402	-1.313664367171709e-32
0.0007885397877467583	0.0008043205573850476	0.000796430172565903	-1.3136640556452856e-32
0.0008043205573850476	0.0008204169424161026	0.0008123687499005752	-1.313663737889537e-32
0.0008204169424161026	0.0008368352551477787	0.0008286260987819407	-1.3136634137798822e-32
0.0008368352551477787	0.0008535819341340884	0.0008452085946409336	-1.3136630831892474e-32
0.0008535819341340884	0.0008706635467001242	0.0008621227404171063	-1.3136627459880194e-32
0.0008706635467001243	0.0008880867915174809	0.0008793751691088026	-1.3136624020439926e-32
0.0008880867915174809	0.0009058585012311845	0.0008969726463743328	-1.313662051222317e-32
0.0009058585012311845	0.0009239856451391622	0.0009149220731851734	-1.313661693385447e-32
0.0009239856451391622	0.0009424753319252995	0.0009332304885322309	-1.3136613283930856e-32
0.0009424753319252995	0.0009613348124471596	0.0009519050721862295	-1.3136609561021317e-32
0.0009613348124471596	0.0009805714825794568	0.0009709531475133082	-1.3136605763666208e-32
0.000980571482579457	0.0010001928861144002	0.0009903821843469285	-1.3136601890376715e-32
0.0010001928861144	0.001020206717720042	0.001010199801917221	-1.3136597939634238e-32
0.001020206717720042	0.001040620825957797	0.0010304137718389196	-1.3136593909889815e-32
0.0010406208259577969	0.0010614432163603069	0.0010510320211590519	-1.313658979956351e-32
0.001061443216360307	0.0010826820545708673	0.0010720626354655872	-1.3136585607043798e-32
0.0010826820545708673	0.0011043456695456388	0.001093513862058253	-1.3136581330686928e-32
0.0011043456695456386	0.0011264425568199054	0.001115394113182772	-1.313657696881627e-32
0.0011264425568199056	0.0011489813818396579	0.0011377119693297818	-1.3136572519721683e-32
0.0011489813818396579	0.001171970983359805	0.0011604761825997315	-1.3136567981658814e-32
0.0011719709833598049	0.0011954203769103551	0.00118369568013508	-1.3136563352848446e-32
0.0011954203769103551	0.0012193387583319163	0.0012073795676211356	-1.313655863147577e-32
0.0012193387583319165	0.001243735507381909	0.0012315371328569128	-1.3136553815689697e-32
0.001243735507381909	0.0012686201914129012	0.001256177849397405	-1.313654890360212e-32
0.001268620191412901	0.001294002569124513	0.001281311380268707	-1.3136543893287183e-32
0.0012940025691245132	0.0013198925943903575	0.0013069475817574353	-1.3136538782780506e-32
0.0013198925943903575	0.0013463004201615188	0.001333096507275938	-1.3136533570078443e-32
0.0013463004201615188	0.0013732364024481032	0.0013597684113048109	-1.3136528253137288e-32
0.0013732364024481032	0.0014007111043804193	0.0013869737534142612	-1.3136522829872456e-32
0.0014007111043804193	0.0014287353003513818	0.0014147232023659006	-1.3136517298157684e-32
0.0014287353003513818	0.0014573199802417635	0.0014430276402965726	-1.3136511655824198e-32
0.0014573199802417635	0.001486476353729953	0.0014718981669858582	-1.3136505900659854e-32
0.001486476353729953	0.001516215854687906	0.0015013461042089294	-1.313650003040828e-32
0.001516215854687906	0.001546550145665018	0.001531383000176462	-1.313649404276798e-32
0.0015465501456650183	0.0015774911224616728	0.0015620206340633456	-1.313648793539145e-32
0.0015774911224616726	0.0016090509187942602	0.0015932710206279664	-1.3136481705884234e-32
0.0016090509187942602	0.0016412419110534994	0.0016251464149238798	-1.3136475351804012e-32
0.0016412419110534994	0.0016740767231579236	0.0016576593171057116	-1.313646887065962e-32
0.0016740767231579233	0.0017075682315044359	0.0016908224773311796	-1.313646225991009e-32
0.0017075682315044359	0.0017417295700178786	0.0017246489007611571	-1.3136455516963642e-32
0.0017417295700178788	0.0017765741353015904	0.0017591518526597345	-1.3136448639176687e-32
0.0017765741353015904	0.0018121155918909763	0.0017943448635962833	-1.3136441623852764e-32
0.0018121155918909763	0.00184836787761215	0.0018302417347515632	-1.3136434468241502e-32
0.0018483678776121497	0.0018853452090477469	0.0018668565433299484	-1.3136427169537545e-32
0.001885345209047747	0.0019230620871120562	0.0019042036480799015	-1.313641972487944e-32
0.0019230620871120562	0.0019615333027376515	0.0019422976949248537	-1.3136412131348527e-32
0.0019615333027376515	0.0020007739426757586	0.001981153622706705	-1.3136404385967782e-32
0.0020007739426757586	0.002040799395412628	0.0020207866690441934	-1.3136396485700667e-32
0.0020407993954126274	0.002081625357204234	0.002061212376308431	-1.3136388427449932e-32
0.002081625357204234	0.002123267838231673	0.0021024465977179537	-1.3136380208056395e-32
0.0021232678382316727	0.00216574316887966	0.0021445055035556665	-1.313637182429772e-32
0.0021657431688796606	0.0022090680061406078	0.002187405587510134	-1.3136363272887136e-32
0.0022090680061406078	0.002253259340146774	0.002231163673143691	-1.3136354550472166e-32
0.002253259340146774	0.002298334500833064	0.0022757969204899187	-1.3136345653633307e-32
0.002298334500833064	0.002344311164733079	0.0023213228327830715	-1.3136336578882688e-32
0.002344311164733079	0.0023912073619110946	0.002367759263322087	-1.3136327322662703e-32
0.0023912073619110946	0.0024390414830326706	0.0024151244224718824	-1.3136317881344626e-32
0.002439041483032671	0.0024878322865766783	0.0024634368848046747	-1.313630825122718e-32
0.0024878322865766783	0.002537598906191566	0.002512715596384122	-1.3136298428535084e-32
0.002537598906191566	0.0025883608581987517	0.002562979882195159	-1.31362884094176e-32
0.0025883608581987513	0.0026401380492460805	0.002614249453722416	-1.3136278189946988e-32
0.0026401380492460805	0.0026929507841143563	0.0026665444166802184	-1.3136267766116988e-32
0.0026929507841143563	0.0027468197736799974	0.002719885278897177	-1.3136257133841252e-32
0.0027468197736799974	0.0028017661430369514	0.0027742929583584744	-1.3136246288951742e-32
0.002801766143036951	0.002857811439781044	0.0028297887914089975	-1.3136235227197087e-32
0.0028578114397810445	0.0029149776424600197	0.002886394541120532	-1.313622394424093e-32
0.0029149776424600197	0.0029732871691925743	0.002944132405826297	-1.3136212435660226e-32
0.0029732871691925743	0.0030327628864597798	0.003003025027826177	-1.313620069694351e-32
0.0030327628864597798	0.0030934281180723293	0.0030630955022660543	-1.313618872348913e-32
0.0030934281180723298	0.0031553066543171305	0.00312436738619473	-1.313617651060344e-32
0.0031553066543171296	0.0032184227612868264	0.003186864707801978	-1.3136164053498968e-32
0.0032184227612868273	0.003282801190395918	0.0032506119758413726	-1.3136151347292544e-32
0.003282801190395918	0.0033484671880871903	0.0033156341892415543	-1.313613838700338e-32
0.00334846718808719	0.0034154465057322876	0.0033819568469097387	-1.313612516755112e-32
0.0034154465057322876	0.0034837654097302872	0.003449605957731287	-1.3136111683753864e-32
0.0034837654097302872	0.003553450691808247	0.003518608050769267	-1.313609793032612e-32
0.003553450691808248	0.003624529679527767	0.0035889901856680072	-1.3136083901876743e-32
0.003624529679527766	0.0036970302470016756	0.003660779963264721	-1.3136069592906833e-32
0.003697030247001676	0.003770980825825064	0.0037340055364133698	-1.3136054997807571e-32
0.0037709808258250634	0.003846410416224919	0.003808695621024991	-1.3136040110858017e-32
0.003846410416224919	0.003923348598432771	0.003884879507328845	-1.3136024926222896e-32
0.003923348598432772	0.004001825544284782	0.003962587071358777	-1.3136009437950283e-32
0.004001825544284781	0.004081872029053831	0.004041848786669306	-1.3135993639969292e-32
0.004081872029053832	0.004163519443518262	0.004122695736286047	-1.31359775260877e-32
0.004163519443518261	0.0042467998062719805	0.004205159624895121	-1.3135961089989507e-32
0.004246799806271981	0.0043317457762807755	0.004289272791276378	-1.313594432523249e-32
0.004331745776280775	0.004418390665689744	0.004375068220985259	-1.3135927225245654e-32
0.004418390665689745	0.004506768452886894	0.00446257955928832	-1.3135909783326674e-32
0.004506768452886893	0.004596913795827985	0.004551841124357439	-1.3135891992639282e-32
0.004596913795827985	0.004688862045627899	0.004642887920727942	-1.3135873846210566e-32
0.004688862045627898	0.004782649260423811	0.004735755653025855	-1.3135855336928269e-32
0.004782649260423811	0.004878312219515641	0.004830480739969726	-1.313583645753798e-32
0.004878312219515642	0.004975888437789309	0.004927100328652475	-1.313581720064031e-32
0.004975888437789309	0.005075416180428449	0.005025652309108879	-1.3135797558688007e-32
0.005075416180428449	0.005176934477920373	0.005126175329174411	-1.3135777523982975e-32
0.005176934477920372	0.005280483141362134	0.005228708809641253	-1.3135757088673287e-32
0.005280483141362134	0.005386102778072731	0.005333292959717432	-1.3135736244750102e-32
0.005386102778072731	0.005493834807517539	0.005439968792795135	-1.3135714984044536e-32
0.00549383480751754	0.005603721477551245	0.005548778142534393	-1.3135693298224457e-32
0.005603721477551244	0.005715805880985623	0.005659763679268433	-1.313567117879124e-32
0.005715805880985624	0.005830131972488691	0.005772968926737157	-1.3135648617076427e-32
0.005830131972488691	0.0059467445858218185	0.005888438279155255	-1.313562560423836e-32
0.005946744585821818	0.006065689451421608	0.006006217018621713	-1.3135602131258697e-32
0.006065689451421608	0.006187013214333395	0.006126351332877502	-1.3135578188938893e-32
0.0061870132143333955	0.006310763452503417	0.006248888333418407	-1.3135553767896616e-32
0.006310763452503416	0.006436988695436839	0.0063738760739701274	-1.3135528858562062e-32
0.0064369886954368394	0.006565738443228931	0.006501363569332885	-1.313550345117422e-32
0.00656573844322893	0.006697063185976863	0.006631400814602896	-1.313547753577705e-32
0.006697063185976862	0.006831014423579754	0.006764038804778308	-1.3135451102215605e-32
0.006831014423579754	0.0069676446859347025	0.006899329554757228	-1.313542414013204e-32
0.006967644685934704	0.007107007553536752	0.007037326119735728	-1.3135396638961577e-32
0.007107007553536751	0.007249157678490841	0.007178082616013796	-1.313536858792837e-32
0.007249157678490842	0.007394150805944012	0.007321654242217427	-1.3135339976041306e-32
0.007394150805944013	0.007542043795946248	0.007468097300945131	-1.3135310792089675e-32
0.007542043795946247	0.007692894645748526	0.007617469220847387	-1.313528102463883e-32
0.007692894645748525	0.00784676251254685	0.007769828579147688	-1.3135250662025695e-32
0.007846762512546849	0.00800370773668114	0.007925235124613995	-1.31352196923542e-32
0.008003707736681142	0.00816379186529812	0.00808374980098963	-1.3135188103490662e-32
0.008163791865298118	0.008327077676487434	0.008245434770892776	-1.3135155883059015e-32
0.008327077676487434	0.008493629203900538	0.008410353440193986	-1.3135123018435985e-32
0.008493629203900538	0.008663511761861902	0.00857857048288122	-1.3135089496746167e-32
0.008663511761861904	0.008836791970982496	0.008750151866422199	-1.313505530485698e-32
0.008836791970982494	0.009013537784285498	0.008925164877633996	-1.3135020429373556e-32
0.0090135377842855	0.009193818513854564	0.009103678149070031	-1.313498485663348e-32
0.009193818513854564	0.00937770485801501	0.009285761685934788	-1.3134948572701494e-32
0.009377704858015009	0.009565268929058663	0.009471486893536836	-1.313491156336402e-32
0.009565268929058663	0.00975658428152319	0.009660926605290927	-1.3134873814123614e-32
0.00975658428152319	0.009951725941037009	0.0098541551112801	-1.3134835310193337e-32
0.009951725941037009	0.010150770433741104	0.010051248187389056	-1.3134796036490946e-32
0.010150770433741104	0.01035379581629928	0.010252283125020193	-1.3134755977633015e-32
0.010353795816299279	0.010560881706508618	0.010457338761403949	-1.3134715117928955e-32
0.010560881706508618	0.010772109314522145	0.010666495510515382	-1.3134673441374844e-32
0.010772109314522146	0.010987561474695944	0.010879835394609044	-1.3134630931647234e-32
0.010987561474695944	0.011207322678073218	0.011097442076384582	-1.3134587572096733e-32
0.011207322678073214	0.011431479105518033	0.011319400891795624	-1.3134543345741542e-32
0.011431479105518035	0.01166011866151175	0.011545798883514893	-1.3134498235260812e-32
0.01166011866151175	0.01189333100862534	0.011776724835068544	-1.31344522229879e-32
0.01189333100862534	0.012131207602681202	0.01201226930565327	-1.3134405290903465e-32
0.0121312076026812	0.012373841728618178	0.012252524665649689	-1.3134357420628446e-32
0.01237384172861818	0.012621328537073897	0.012497585132846038	-1.3134308593416895e-32
0.012621328537073897	0.01287376508169873	0.012747546809386313	-1.313425879014867e-32
0.012873765081698728	0.013131250357216058	0.013002507719457393	-1.313420799132197e-32
0.013131250357216058	0.013393885338243733	0.013262567847729896	-1.3134156177045742e-32
0.013393885338243733	0.013661773018891961	0.013527829178567846	-1.3134103327031924e-32
0.013661773018891963	0.013935018453153156	0.01379839573602256	-1.3134049420587544e-32
0.013935018453153156	0.014213728796099574	0.014074373624626366	-1.3133994436606636e-32
0.014213728796099574	0.01449801334590492	0.014355871071002247	-1.3133938353562045e-32
0.01449801334590492	0.014787983586706372	0.014642998466305646	-1.3133881149497006e-32
0.01478798358670637	0.015083753232323851	0.01493586840951511	-1.313382280201663e-32
0.015083753232323851	0.015385438270853683	0.015234595751588767	-1.3133763288279146e-32
0.015385438270853685	0.015693157010154113	0.015539297640503899	-1.3133702584987021e-32
0.015693157010154113	0.01600703012424055	0.015850093567197333	-1.313364066837789e-32
0.01600703012424055	0.016327180700608717	0.016167105412424634	-1.3133577514215293e-32
0.016327180700608714	0.01665373428850424	0.01649045749455648	-1.3133513097779258e-32
0.01665373428850424	0.01698681894815768	0.01682027661833096	-1.3133447393856662e-32
0.01698681894815768	0.01732656530100419	0.017156692124580937	-1.3133380376731425e-32
0.01732656530100419	0.01767310658090763	0.01749983594095591	-1.3133312020174503e-32
0.01767310658090763	0.018026578686409136	0.01784984263365838	-1.313324229743369e-32
0.018026578686409132	0.01838712023402067	0.0182068494602149	-1.3133171181223206e-32
0.01838712023402067	0.018754872612584437	0.018570996423302552	-1.3133098643713075e-32
0.01875487261258444	0.019129980038719484	0.018942426325651962	-1.3133024656518323e-32
0.019129980038719484	0.019512589613377228	0.019321284826048356	-1.313294919068793e-32
0.019512589613377224	0.019902851379528123	0.019707720496452676	-1.3132872216693578e-32
0.019902851379528127	0.020300918381002044	0.020101884880265083	-1.313279370441817e-32
0.02030091838100204	0.020706946722505434	0.020503932551753735	-1.3132713623144138e-32
0.02070694672250544	0.021121095630838905	0.020914021176672175	-1.313263194154149e-32
0.021121095630838905	0.021543527517339036	0.02133231157408897	-1.3132548627655673e-32
0.021543527517339036	0.021974408041569173	0.021758967779454103	-1.313246364889512e-32
0.02197440804156917	0.02241390617628391	0.02219415710892654	-1.3132376972018627e-32
0.02241390617628391	0.022862194273692942	0.022638050224988424	-1.313228856312244e-32
0.02286219427369294	0.02331944813305015	0.023090821203371546	-1.3132198387627082e-32
0.023319448133050154	0.02378584706959451	0.02355264760132233	-1.313210641026396e-32
0.02378584706959451	0.024261573984869753	0.02402371052723213	-1.3132012595061655e-32
0.024261573984869757	0.024746815438450507	0.024504194711660134	-1.3131916905331985e-32
0.024746815438450503	0.025241761721102866	0.024994288579776685	-1.3131819303655772e-32
0.02524176172110287	0.02574660692940828	0.025494184325255576	-1.313171975186833e-32
0.02574660692940828	0.0262615490418798	0.02600407798564404	-1.3131618211044692e-32
0.0262615490418798	0.02678678999660075	0.026524169519240276	-1.3131514641484485e-32
0.026786789996600755	0.027322535770416125	0.02705466288350844	-1.3131409002696584e-32
0.027322535770416122	0.0278689964597078	0.02759576611506196	-1.3131301253383416e-32
0.0278689964597078	0.02842638636278531	0.028147691411246553	-1.3131191351424955e-32
0.02842638636278531	0.02899492406392437	0.028710655213354842	-1.3131079253862446e-32
0.028994924063924368	0.02957483251908621	0.02928487829150529	-1.313096491688173e-32
0.029574832519086214	0.030166339143351293	0.02987058583121875	-1.3130848295796338e-32
0.030166339143351293	0.030769675900101674	0.030468007521726483	-1.313072934503017e-32
0.03076967590010167	0.03138507939198706	0.031077377646044364	-1.3130608018099882e-32
0.03138507939198706	0.03201279095371015	0.03169893517284861	-1.3130484267596912e-32
0.03201279095371016	0.032653056746667714	0.03233292385018893	-1.3130358045169154e-32
0.032653056746667714	0.033306127855484424	0.03297959230107607	-1.3130229301502277e-32
0.03330612785548442	0.03397226038647746	0.03363919412098094	-1.3130097986300667e-32
0.033972260386477465	0.034651715568090366	0.034311987977283916	-1.3129964048268008e-32
0.03465171556809037	0.03534475985333554	0.034998237710712955	-1.3129827435087484e-32
0.03534475985333553	0.0360516650242856	0.035698212438810564	-1.312968809340157e-32
0.0360516650242856	0.036772708298654665	0.03641218666147013	-1.312954596879147e-32
0.03677270829865466	0.03750817243851111	0.03714044036858288	-1.3129401005756092e-32
0.03750817243851111	0.03825834586116469	0.037883259149837895	-1.3129253147690694e-32
0.03825834586116469	0.039023522752271333	0.038640934306718014	-1.3129102336865032e-32
0.039023522752271333	0.039804003181200115	0.039413762966735724	-1.312894851440112e-32
0.039804003181200115	0.04060009321870747	0.040202048199953794	-1.3128791620250571e-32
0.04060009321870747	0.04141210505696498	0.041006099137836226	-1.312863159317145e-32
0.04141210505696498	0.042240357131987635	0.04182623109447631	-1.3128468370704734e-32
0.04224035713198763	0.04308517424851074	0.04266276569024918	-1.3128301889150253e-32
0.043085174248510744	0.04394688770736431	0.04351603097793753	-1.3128132083542198e-32
0.04394688770736431	0.04482583543539495	0.04438636157137963	-1.312795888762416e-32
0.04482583543539495	0.04572236211798621	0.04527409877669058	-1.3127782233823654e-32
0.04572236211798621	0.046636819334229286	0.04617959072610775	-1.3127602053226168e-32
0.04663681933422928	0.04756956569479722	0.047103192514513254	-1.3127418275548695e-32
0.04756956569479723	0.048520966982576526	0.04804526633868687	-1.3127230829112773e-32
0.048520966982576526	0.04949139629611141	0.04900618163934397	-1.3127039640816964e-32
0.049491396296111406	0.05048123419591699	0.0499863152460142	-1.3126844636108839e-32
0.05048123419591699	0.05149086885371869	0.05098605152481784	-1.3126645738956404e-32
0.05149086885371869	0.05252069620467642	0.052005782529197554	-1.3126442871818948e-32
0.05252069620467641	0.053571120102653295	0.053045908153664854	-1.312623595561738e-32
0.05357112010265331	0.05464255247858973	0.05410683629062152	-1.312602490970394e-32
0.05464255247858972	0.05573541350204487	0.0551889829903173	-1.3125809651831343e-32
0.05573541350204487	0.05685013174596912	0.05629277262400699	-1.3125590098121347e-32
0.05685013174596912	0.057987144354771855	0.05741863805037049	-1.312536616303269e-32
0.057987144354771855	0.05914689721575065	0.058567020785261256	-1.3125137759328403e-32
0.05914689721575066	0.060329845133949025	0.05973837117484984	-1.3124904798042513e-32
0.060329845133949025	0.06153645201051136	0.06093314857223019	-1.3124667188446102e-32
0.061536452010511354	0.06276719102460494	0.062151821517558145	-1.3124424838012695e-32
0.06276719102460494	0.0640225448189804	0.06339486792179266	-1.3124177652383e-32
0.0640225448189804	0.06530300568924335	0.06466277525411188	-1.3123925535328962e-32
0.06530300568924335	0.06660907577691158	0.06595604073307747	-1.3123668388717131e-32
0.06660907577691157	0.06794126726633315	0.06727517152162235	-1.3123406112471316e-32
0.06794126726633316	0.06930010258554319	0.06862068492593817	-1.3123138604534552e-32
0.0693001025855432	0.07068611461113741	0.0699931085983403	-1.3122865760830286e-32
0.0706861146111374	0.0720998468772435	0.07139298074419045	-1.312258747522289e-32
0.07209984687724351	0.07354185378867173	0.07282085033295763	-1.312230363947734e-32
0.07354185378867173	0.07501270083832852	0.07427727731350012	-1.312201414321821e-32
0.07501270083832852	0.07651296482897844	0.07576283283365348	-1.31217188738878e-32
0.07651296482897844	0.07804323409944137	0.07727809946420991	-1.3121417716703528e-32
0.07804323409944137	0.07960410875531355	0.07882367142737746	-1.3121110554614487e-32
0.07960410875531357	0.0811962009043032	0.08040015482980839	-1.312079726825716e-32
0.08119620090430318	0.0828201348962726	0.08200816790028789	-1.3120477735910326e-32
0.0828201348962726	0.08447654756808141	0.08364834123217701	-1.3120151833449087e-32
0.0844765475680814	0.08616608849332638	0.08532131803070389	-1.3119819434298025e-32
0.0861660884933264	0.08788942023707629	0.08702775436520134	-1.3119480409383485e-32
0.08788942023707627	0.08964721861570116	0.08876831942638871	-1.3119134627084932e-32
0.08964721861570116	0.09144017296189853	0.09054369578879984	-1.3118781953185417e-32
0.09144017296189855	0.09326898639501988	0.09235457967845921	-1.3118422250821085e-32
0.09326898639501986	0.09513437609680361	0.09420168124591174	-1.3118055380429733e-32
0.09513437609680361	0.09703707359262304	0.09608572484471332	-1.3117681199698426e-32
0.09703707359262305	0.09897782503835886	0.09800744931549096	-1.3117299563510083e-32
0.09897782503835884	0.10095739151300936	0.0999676082756841	-1.3116910323889097e-32
0.1009573915130094	0.10297654931715294	0.10196697041508118	-1.3116513329945917e-32
0.10297654931715294	0.10503609027737935	0.10400631979726616	-1.3116108427820607e-32
0.10503609027737935	0.1071368220568103	0.10608645616709483	-1.3115695460625317e-32
0.10713682205681029	0.10927956847182985	0.10820819526432007	-1.3115274268385724e-32
0.10927956847182983	0.11146516981514978	0.1103723691434898	-1.3114844687981343e-32
0.1114651698151498	0.11369448318533615	0.11257982650024298	-1.3114406553084747e-32
0.11369448318533616	0.11596838282292624	0.1148314330041312	-1.3113959694099646e-32
0.11596838282292625	0.11828776045326814	0.11712807163809719	-1.311350393809783e-32
0.11828776045326812	0.12065352563621684	0.11947064304474247	-1.3113039108754915e-32
0.12065352563621684	0.12306660612282454	0.1218600658795207	-1.3112565026284947e-32
0.12306660612282452	0.12552794821916438	0.12429727717099445	-1.3112081507373744e-32
0.12552794821916438	0.12803851715743103	0.12678323268829772	-1.3111588365111053e-32
0.12803851715743103	0.130599297474463	0.12931890731594703	-1.311108540892141e-32
0.130599297474463	0.1332112933978356	0.13190529543614932	-1.3110572444493795e-32
0.1332112933978356	0.13587552923967566	0.13454341131875563	-1.3110049273709932e-32
0.1358755292396757	0.13859304979835257	0.13723428951901412	-1.310951569457132e-32
0.13859304979835255	0.14136492076820295	0.13997898528327773	-1.3108971501124888e-32
0.14136492076820298	0.1441922291574504	0.1427785749628267	-1.3108416483387355e-32
0.14419222915745036	0.14707608371448272	0.14563415643596656	-1.310785042726815e-32
0.14707608371448277	0.1500176153626558	0.14854684953856928	-1.3107273114490967e-32
0.15001761536265573	0.1530179776437922	0.15151779650322397	-1.310668432251389e-32
0.15301797764379224	0.15607834717055144	0.15454816240717184	-1.310608382444808e-32
0.1560783471705514	0.1591999240878458	0.15763913562919862	-1.3105471388974977e-32
0.1591999240878458	0.16238393254348607	0.16079192831566594	-1.3104846780262016e-32
0.16238393254348607	0.16563162116823915	0.1640077768558626	-1.3104209757876853e-32
0.16563162116823915	0.16894426356548728	0.16728794236686323	-1.310356007670002e-32
0.16894426356548728	0.1723231588106804	0.17063371118808385	-1.3102897486836034e-32
0.17232315881068042	0.17576963196077738	0.1740463953857289	-1.3102221733522917e-32
0.17576963196077736	0.17928503457387626	0.1775273332673268	-1.310153255704012e-32
0.1792850345738763	0.18287074523923716	0.1810778899065567	-1.3100829692614784e-32
0.18287074523923713	0.18652817011790523	0.18469945767857118	-1.310011287032637e-32
0.18652817011790526	0.19025874349414673	0.18839345680602598	-1.3099381815009596e-32
0.1902587434941467	0.194063928337913	0.19216133591602985	-1.309863624615566e-32
0.19406392833791303	0.19794521687855465	0.19600457260823384	-1.3097875877811732e-32
0.19794521687855463	0.20190413119000908	0.19992467403428185	-1.3097100418478704e-32
0.20190413119000908	0.2059422237876926	0.20392317748885086	-1.3096309571007125e-32
0.20594222378769259	0.2100610782373298	0.2080016510125112	-1.3095503032491355e-32
0.2100610782373298	0.21426230977595975	0.21216169400664478	-1.3094680494161871e-32
0.21426230977595978	0.21854756594536234	0.21640493786066106	-1.3093841641275716e-32
0.21854756594536234	0.22291852723815295	0.22073304659175763	-1.3092986153005052e-32
0.22291852723815292	0.22737690775679933	0.22514771749747614	-1.309211370232383e-32
0.22737690775679936	0.2319244558858187	0.22965068182130904	-1.3091223955892483e-32
0.2319244558858187	0.23656295497741842	0.23424370543161854	-1.3090316573940672e-32
0.23656295497741844	0.24129422405085016	0.23892858951413432	-1.308939121014806e-32
0.24129422405085016	0.24612011850575052	0.24370717127830033	-1.308844751152304e-32
0.2461201185057505	0.25104253084974887	0.24858132467774968	-1.3087485118279438e-32
0.25104253084974887	0.25606339144062723	0.25355296114518805	-1.3086503663711152e-32
0.25606339144062723	0.2611846692433231	0.2586240303419752	-1.3085502774064673e-32
0.2611846692433231	0.26640837260207295	0.263796520922698	-1.308448206840952e-32
0.26640837260207295	0.2717365500279978	0.26907246131503537	-1.3083441158506506e-32
0.2717365500279978	0.2771712910024411	0.27445392051521944	-1.308237964867383e-32
0.2771712910024411	0.2827147267963733	0.27994300889940715	-1.3081297135650987e-32
0.2827147267963732	0.288369031306184	0.2855418790512786	-1.308019320846047e-32
0.2883690313061841	0.2941364219061911	0.2912527266061876	-1.3079067448267165e-32
0.29413642190619116	0.30001916031819836	0.2970777911121948	-1.3077919428235538e-32
0.3000191603181983	0.3060195534984456	0.30301935690832194	-1.3076748713384505e-32
0.3060195534984456	0.31213995454229787	0.30907975402037174	-1.3075554860439958e-32
0.31213995454229787	0.31838276360702716	0.3152613590746625	-1.307433741768497e-32
0.3183827636070272	0.3247504288530511	0.32156659623003914	-1.307309592480762e-32
0.3247504288530511	0.3312454474039955	0.3279979381285233	-1.3071829912746437e-32
0.33124544740399553	0.3378703663259588	0.33455790686497716	-1.307053890353341e-32
0.3378703663259588	0.3446277836263613	0.3412490749761601	-1.3069222410134573e-32
0.3446277836263613	0.3515203492727719	0.3480740664495666	-1.3067879936288118e-32
0.35152034927277187	0.3585507662321107	0.3550355577524413	-1.3066510976340043e-32
0.3585507662321107	0.3657217915306363	0.36213627888137345	-1.3065115015077282e-32
0.3657217915306363	0.37303623733513236	0.36937901443288434	-1.306369152755832e-32
0.3730362373351323	0.3804969720557183	0.37676660469542533	-1.3062239978941258e-32
0.38049697205571836	0.38810692147071607	0.3843019467632172	-1.3060759824309332e-32
0.38810692147071607	0.39586906987401377	0.3919879956723649	-1.305925050849382e-32
0.39586906987401377	0.4037864612453774	0.39982776555969557	-1.3057711465894407e-32
0.40378646124537737	0.41186220044416827	0.4078243308447728	-1.3056142120296871e-32
0.4118622004441684	0.4200994544269351	0.41598082743555176	-1.30545418846882e-32
0.420099454426935	0.4285014534893571	0.4243004539581461	-1.3052910161069028e-32
0.4285014534893571	0.4370714925330276	0.43278647301119233	-1.3051246340263426e-32
0.4370714925330277	0.4458129323575716	0.44144221244529963	-1.304954980172604e-32
0.4458129323575715	0.4547292009786063	0.4502710666680889	-1.304781991334653e-32
0.45472920097860636	0.46382379497206183	0.4592764979753341	-1.3046056031251327e-32
0.46382379497206183	0.4731002808453864	0.4684620379087241	-1.3044257499602708e-32
0.47310028084538636	0.48256229643617743	0.4778312886407819	-1.3042423650395153e-32
0.48256229643617754	0.49221355233878444	0.487387924387481	-1.304055380324898e-32
0.49221355233878444	0.5020578333594435	0.49713569284911396	-1.3038647265201333e-32
0.5020578333594434	0.5120990000005157	0.5070784166799795	-1.3036703330494367e-32
0.5120990000005157	0.5223409899744094	0.5172199949874625	-1.303472128036079e-32
0.5223409899744094	0.5327878197477809	0.5275644048610951	-1.3032700382806672e-32
0.5327878197477809	0.5434435861166199	0.5381157029322003	-1.3030639892391537e-32
0.5434435861166199	0.5543124678128357	0.5488780269647278	-1.302853905000577e-32
0.5543124678128357	0.5653987271429758	0.5598555974779058	-1.302639708264534e-32
0.5653987271429758	0.5767067116597187	0.5710527194013473	-1.3024213203183795e-32
0.5767067116597187	0.5882408558667964	0.5824737837632575	-1.3021986610141672e-32
0.5882408558667964	0.6000056829580157	0.5941232694124061	-1.3019716487453156e-32
0.6000056829580157	0.6120058065910594	0.6060057447745375	-1.3017402004230206e-32
0.6120058065910593	0.6242459326967639	0.6181258696439116	-1.3015042314523976e-32
0.6242459326967639	0.6367308613245826	0.6304883970106732	-1.301263655708372e-32
0.6367308613245826	0.6494654885249576	0.6430981749247701	-1.3010183855113082e-32
0.6494654885249576	0.6624548082693401	0.6559601483971489	-1.300768331602392e-32
0.6624548082693401	0.6757039144086103	0.6690793613389752	-1.3005134031187543e-32
0.6757039144086103	0.6892180026706659	0.6824609585396382	-1.3002535075683572e-32
0.6892180026706657	0.7030023726979624	0.6961101876843141	-1.2999885508046346e-32
0.7030023726979625	0.7170624301258052	0.7100324014118838	-1.2997184370008952e-32
0.7170624301258051	0.7314036887022045	0.7242330594140047	-1.2994430686244937e-32
0.7314036887022046	0.7460317724501321	0.7387177305761683	-1.299162346410775e-32
0.7460317724501321	0.760952417873018	0.7534920951615751	-1.298876169336795e-32
0.760952417873018	0.7761714762043618	0.76856194703869	-1.298584434594832e-32
0.7761714762043618	0.7916949157023324	0.7839331959533471	-1.298287037565679e-32
0.7916949157023324	0.8075288239902624	0.7996118698462974	-1.2979838717917452e-32
0.8075288239902625	0.8236794104439511	0.8156041172171068	-1.2976748289499562e-32
0.8236794104439509	0.8401530086267133	0.8319162095353321	-1.2973597988244724e-32
0.8401530086267134	0.8569560787731311	0.8485545436999222	-1.2970386692792274e-32
0.8569560787731311	0.8740952103224771	0.8655256445478041	-1.2967113262303013e-32
0.8740952103224772	0.8915771245028101	0.8828361674126437	-1.2963776536181322e-32
0.89157712450281	0.9094086769667495	0.9004929007347797	-1.296037533379585e-32
0.9094086769667494	0.9275968604799678	0.9185027687233587	-1.2956908454198786e-32
0.9275968604799678	0.9461488076634506	0.9368728340717092	-1.2953374675843907e-32
0.9461488076634507	0.965071793790603	0.9556103007270269	-1.2949772756303505e-32
0.9650717937906028	0.9843732396402982	0.9747225167154505	-1.2946101431984296e-32
0.9843732396402984	1.0040607144069877	0.9942169770236431	-1.2942359417842518e-32
1.0040607144069877	1.024141938669011	1.0141013265379994	-1.2938545407098246e-32
1.024141938669011	1.0446247874162746	1.0343833630426427	-1.2934658070949207e-32
1.0446247874162744	1.0655172931384833	1.0550710402773789	-1.2930696058284193e-32
1.0655172931384833	1.0868276489751363	1.0761724710568097	-1.2926657995396213e-32
1.0868276489751365	1.1085642119285226	1.0976959304518297	-1.2922542485695603e-32
1.1085642119285226	1.1307355061409765	1.1196498590347495	-1.2918348109423306e-32
1.1307355061409763	1.1533502262376791	1.1420428661893278	-1.2914073423364443e-32
1.1533502262376791	1.176417240736316	1.1648837334869975	-1.2909716960562423e-32
1.1764172407363163	1.1999455955249259	1.188181418130621	-1.2905277230033815e-32
1.1999455955249256	1.2239445174093075	1.2119450564671166	-1.2900752716484195e-32
1.2239445174093078	1.2484234177313773	1.2361839675703425	-1.2896141880025182e-32
1.2484234177313773	1.2733918960598882	1.2609076568956328	-1.289144315589293e-32
1.2733918960598882	1.2988597439549694	1.2861258200074288	-1.2886654954168342e-32
1.2988597439549692	1.3248369488079519	1.3118483463814605	-1.288177565949922e-32
1.3248369488079519	1.3513336977579944	1.3380853232829732	-1.2876803630824693e-32
1.3513336977579946	1.3783603816870378	1.364847039722516	-1.287173720110217e-32
1.3783603816870378	1.4059275992946618	1.3921439904908497	-1.2866574677037125e-32
1.4059275992946618	1.4340461612544384	1.4199868802745501	-1.286131433881604e-32
1.4340461612544384	1.4627270944534105	1.4483866278539246	-1.28559544398428e-32
1.4627270944534108	1.4919816463163624	1.4773543703848866	-1.2850493206478927e-32
1.4919816463163624	1.521821289216573	1.5069014677664678	-1.2844928837787944e-32
1.5218212892165728	1.5522577249747875	1.5370395070956802	-1.283925950528429e-32
1.5522577249747878	1.5833028894481669	1.5677803072114773	-1.2833483352687104e-32
1.5833028894481669	1.6149689572110135	1.59913592332959	-1.2827598495679325e-32
1.6149689572110135	1.6472683463291171	1.6311186517700653	-1.2821603021672484e-32
1.6472683463291171	1.6802137232295828	1.66374103477935	-1.2815494989577586e-32
1.6802137232295828	1.7138180076680578	1.6970158654488203	-1.280927242958256e-32
1.713818007668058	1.7480943777953026	1.7309561927316803	-1.2802933342936707e-32
1.7480943777953026	1.783056275325092	1.7655753265601972	-1.2796475701742589e-32
1.7830562753250918	1.818717410805477	1.8008868430652845	-1.2789897448755855e-32
1.818717410805477	1.85509176899547	1.8369045899004735	-1.278319649719352e-32
1.8550917689954702	1.892193614349263	1.8736426916723667	-1.277637073055114e-32
1.8921936143492628	1.9300374966101315	1.911115555479697	-1.27694180024295e-32
1.9300374966101317	1.9686382565162177	1.9493378765631748	-1.276233613637127e-32
1.9686382565162177	2.0080110316204256	1.9883246440683218	-1.2755122925708233e-32
2.008011031620425	2.048171262226717	2.028091146923571	-1.2747776133419655e-32
2.048171262226717	2.089134697445135	2.0686529798359263	-1.2740293492002385e-32
2.089134697445135	2.1309174013679213	2.110026049406528	-1.2732672703353255e-32
2.1309174013679213	2.1735357593691633	2.1522265803685423	-1.2724911438664493e-32
2.173535759369163	2.2170064845304296	2.195271121949796	-1.2717007338332664e-32
2.2170064845304296	2.2613466241949216	2.2391765543626754	-1.2708958011881913e-32
2.2613466241949216	2.3065735666527036	2.2839600954238124	-1.2700761037902116e-32
2.306573566652703	2.3527050479596405	2.329639307306172	-1.2692413964002628e-32
2.352705047959641	2.399759158892717	2.376232103426179	-1.2683914306782388e-32
2.3997591588927167	2.4477543520444547	2.4237567554685855	-1.2675259551817027e-32
2.4477543520444547	2.496709449059227	2.472231900551841	-1.2666447153663796e-32
2.496709449059227	2.546643648014295	2.521676548536761	-1.2657474535884988e-32
2.5466436480142955	2.597576530948465	2.57211008948138	-1.2648339091090723e-32
2.597576530948464	2.6495280715413165	2.6235523012448905	-1.2639038181001776e-32
2.6495280715413174	2.702518642946027	2.6760233572436722	-1.2629569136533333e-32
2.702518642946027	2.756569025778831	2.729543834362429	-1.2619929257900465e-32
2.756569025778831	2.811700416268291	2.7841347210235607	-1.261011581474612e-32
2.8117004162682915	2.8679344345675406	2.839817425417916	-1.260012604629255e-32
2.8679344345675397	2.925293133232774	2.8966137839001567	-1.2589957161516955e-32
2.925293133232774	2.983799005871313	2.954546069552044	-1.257960633935227e-32
2.983799005871313	3.043474995962623	3.013637000916968	-1.2569070728913972e-32
3.043474995962623	3.104344505855759	3.073909750909191	-1.2558347449753784e-32
3.1043445058557584	3.166431405946757	3.1353879559012574	-1.2547433592141194e-32
3.1664314059467573	3.2297600440395757	3.1980957249931663	-1.253632621737374e-32
3.229760044039576	3.294355254894251	3.2620576494669136	-1.2525022358116914e-32
3.29435525489425	3.3602423699660187	3.3272988124301346	-1.2513519018774723e-32
3.3602423699660195	3.4274472273392234	3.3938447986526215	-1.2501813175891755e-32
3.427447227339223	3.4959961818598906	3.4617217045995567	-1.2489901778587768e-32
3.495996181859891	3.5659161154709724	3.5309561486654317	-1.247778174902572e-32
3.565916115470972	3.637234447754275	3.6015752816126234	-1.246544998291422e-32
3.6372344477542753	3.7099791466832444	3.67360679721876	-1.245290335004536e-32
3.7099791466832444	3.784178739590793	3.7470789431370184	-1.2440138694868881e-32
3.784178739590793	3.859862324356492	3.822020531973642	-1.2427152837103634e-32
3.8598623243564916	3.937059580817505	3.898460952586998	-1.2413942572387344e-32
3.937059580817505	4.015800782407738	3.9764301816126215	-1.2400504672965536e-32
4.015800782407738	4.096116808029777	4.055958795218757	-1.2386835888420712e-32
4.096116808029777	4.178039154164256	4.137077981097017	-1.2372932946442572e-32
4.178039154164256	4.261599947221424	4.21981955069284	-1.2358792553640365e-32
4.261599947221424	4.346831956139736	4.304215951680581	-1.2344411396398157e-32
4.346831956139736	4.4337686052364145	4.390300280688075	-1.2329786141774046e-32
4.4337686052364145	4.522443987315026	4.478106296275721	-1.2314913438444125e-32
4.522443987315026	4.61289287703521	4.567668432175118	-1.2299789917692133e-32
4.612892877035209	4.705150744549797	4.6590218107925025	-1.2284412194445632e-32
4.7051507445497975	4.799253769414677	4.752202256982237	-1.2268776868359513e-32
4.799253769414676	4.895238854776853	4.8472463120957645	-1.2252880524947702e-32
4.895238854776854	4.993143641846274	4.944191248311563	-1.2236719736763784e-32
4.993143641846275	5.093006524657084	5.043075083251679	-1.2220291064631336e-32
5.093006524657083	5.194866665124108	5.1439365948905955	-1.2203591058924659e-32
5.194866665124109	5.298764008400474	5.246815336762292	-1.2186616260900582e-32
5.2987640084004735	5.404739298542366	5.351751653471419	-1.2169363204082026e-32
5.404739298542367	5.512834094487098	5.458786696514732	-1.2151828415693836e-32
5.512834094487098	5.623090786350724	5.567962440418911	-1.2134008418151506e-32
5.623090786350724	5.735552612051621	5.679321699201172	-1.211589973060325e-32
5.735552612051622	5.850263674266538	5.79290814315908	-1.2097498870525877e-32
5.850263674266537	5.967268957725751	5.908766315996144	-1.2078802355374854e-32
5.967268957725751	6.08661434685415	6.026941652289951	-1.2059806704288896e-32
6.08661434685415	6.2083466437651165	6.147480495309633	-1.2040508439849313e-32
6.208346643765116	6.332513586614302	6.270430115189709	-1.2020904089894351e-32
6.332513586614301	6.45916386832047	6.395838727467385	-1.200099018938863e-32
6.459163868320471	6.588347155660764	6.523755511990617	-1.1980763282347712e-32
6.588347155660765	6.720114108747864	6.654230632204314	-1.1960219923817821e-32
6.720114108747862	6.854516400896703	6.787315254822282	-1.1939356681910549e-32
6.854516400896704	6.991606738888521	6.923061569892612	-1.1918170139892384e-32
6.991606738888521	7.1314388836401745	7.061522811264348	-1.189665689832878e-32
7.131438883640175	7.274067671286862	7.202753277463518	-1.1874813577282367e-32
7.274067671286862	7.419549034686483	7.346808352986672	-1.1852636818564839e-32
7.419549034686482	7.567940025354095	7.4937445300202885	-1.1830123288041967e-32
7.567940025354096	7.719298835835061	7.643619430594578	-1.1807269677991013e-32
7.719298835835062	7.873684822525647	7.796491829180354	-1.1784072709509818e-32
7.873684822525647	8.031158528950042	7.9524216757378445	-1.1760529134976618e-32
8.031158528950042	8.191781709502926	8.111470119226485	-1.1736635740559632e-32
8.191781709502926	8.355617353666869	8.273699531584898	-1.1712389348775242e-32
8.355617353666869	8.52272971071409	8.43917353219048	-1.1687786821093581e-32
8.52272971071409	8.693184314902256	8.607957012808173	-1.1662825060590138e-32
8.693184314902254	8.867048011174182	8.780116163038219	-1.1637501014641879e-32
8.867048011174184	9.04438898137155	8.955718496272867	-1.1611811677666305e-32
9.04438898137155	9.225276770972865	9.134832876172208	-1.1585754093901694e-32
9.225276770972865	9.409782316366206	9.317529543669536	-1.1559325360226621e-32
9.409782316366206	9.597977972667413	9.50388014451681	-1.1532522629016816e-32
9.597977972667413	9.789937542094645	9.693957757381028	-1.1505343111037157e-32
9.789937542094645	9.985736302910421	9.887836922502533	-1.1477784078366578e-32
9.98573630291042	10.185451038942512	10.085593670926466	-1.1449842867353452e-32
10.185451038942514	10.389160069695247	10.28730555431888	-1.1421516881598927e-32
10.389160069695247	10.596943281063036	10.493051675379142	-1.139280359496552e-32
10.596943281063036	10.80888215665818	10.702912718860608	-1.1363700554608165e-32
10.808882156658182	11.02505980976523	10.916970983211705	-1.133420538402477e-32
11.025059809765226	11.245561015934415	11.13531041284982	-1.1304315786123197e-32
11.245561015934415	11.470472246226986	11.358016631080702	-1.1274029546301442e-32
11.47047224622699	11.699881701125413	11.585176973676202	-1.1243344535537693e-32
11.699881701125411	11.933879345121802	11.816880523123608	-1.121225871348675e-32
11.933879345121802	12.172556941998122	12.053218143559963	-1.1180770131579271e-32
12.172556941998122	12.41600809081197	12.294282516405046	-1.1148876936120071e-32
12.41600809081197	12.664328262602092	12.54016817670703	-1.1116577371381643e-32
12.664328262602092	12.917614837828017	12.790971550215055	-1.108386978268897e-32
12.917614837828017	13.175967144558461	13.04679099119324	-1.1050752619491548e-32
13.175967144558461	13.439486497423514	13.307726820990988	-1.101722443841844e-32
13.439486497423513	13.708276237345867	13.57388136738469	-1.0983283906312121e-32
13.708276237345869	13.98244177206667	13.84535900470627	-1.0948929803236715e-32
13.982441772066668	14.262090617481885	14.122266194774276	-1.0914161025456224e-32
14.262090617481885	14.547332439805405	14.404711528643645	-1.0878976588378155e-32
14.547332439805405	14.838279098575397	14.6928057691904	-1.0843375629458012e-32
14.838279098575397	15.135044690520788	14.986661894548092	-1.0807357411059936e-32
15.135044690520788	15.437745594305087	15.286395142412937	-1.0770921323268808e-32
15.437745594305088	15.746500516165074	15.592123055235081	-1.0734066886648999e-32
15.746500516165074	16.06143053646226	15.903965526313668	-1.0696793754945028e-32
16.061430536462257	16.382659157165385	16.222044846813823	-1.0659101717719223e-32
16.38265915716539	16.71031235028258	16.546485753723985	-1.0620990702921573e-32
16.710312350282578	17.044518607262113	16.877415478772345	-1.0582460779386915e-32
17.044518607262116	17.385408989381244	17.21496379832168	-1.0543512159254546e-32
17.38540898938124	17.73311717914275	17.559263084261993	-1.0504145200305488e-32
17.73311717914275	18.087779532699486	17.91044835592112	-1.0464360408212535e-32
18.087779532699486	18.44953513332736	18.268657333013422	-1.0424158438698311e-32
18.449535133327363	18.818525845967795	18.63403048964758	-1.0383540099596623e-32
18.81852584596779	19.19489637286103	19.00671110941441	-1.0342506352812439e-32
19.194896372861034	19.57879431029214	19.38684534157659	-1.0301058316175843e-32
19.57879431029214	19.970370206471866	19.774582258382004	-1.0259197265185544e-32
19.970370206471863	20.369777620575185	20.170073913523524	-1.0216924634637442e-32
20.369777620575185	20.777173182960574	20.57347540176788	-1.0174242020134e-32
20.77717318296057	21.192716656593667	20.98494491977712	-1.0131151179470225e-32
21.192716656593667	21.616570999699423	21.404643828146547	-1.008765403389221e-32
21.616570999699423	22.048902429667294	21.832736714683357	-1.0043752669224353e-32
22.048902429667294	22.489880488234522	22.269391458950906	-9.999449336861518e-33
22.489880488234526	22.9396781079731	22.714779298103814	-9.954746454622563e-33
22.9396781079731	23.398471680106447	23.169074894039774	-9.909646607461863e-33
23.398471680106447	23.86644112368246	23.63245640189445	-9.86415254803564e-33
23.866441123682456	24.34376995612999	24.105105539906223	-9.818267197120144e-33
24.34376995612999	24.830645365226474	24.58720766067823	-9.771993643878887e-33
24.830645365226477	25.32725828250489	25.078951823865683	-9.725335145976416e-33
25.32725828250489	25.83380345812887	25.580530870316878	-9.678295129536343e-33
25.833803458128866	26.350479537265326	26.092141497697096	-9.630877188941551e-33
26.35047953726533	26.87748913798452	26.613984337624924	-9.583085086474799e-33
26.877489137984522	27.415038930718097	27.14626403435131	-9.53492275179819e-33
27.415038930718097	27.963339719306344	27.689189325012222	-9.486394281270243e-33
27.963339719306337	28.522606523666347	28.242973121486344	-9.437503937099556e-33
28.52260652366635	29.093058664113563	28.807832593889955	-9.388256146334412e-33
29.093058664113567	29.674919847369722	29.383989255741646	-9.33865549968784e-33
29.67491984736972	30.268418254290996	29.971669050830357	-9.288706750198084e-33
30.268418254290996	30.8737866293507	30.571102441820848	-9.238414811724575e-33
30.873786629350697	31.491262371911596	31.182524500631146	-9.18778475727994e-33
31.4912623719116	32.12108762932372	31.806175000617657	-9.136821817198801e-33
32.12108762932371	32.76350939188407	32.44229851060389	-9.08553137714441e-33
32.76350939188407	33.41877958969564	33.09114449078986	-9.033918975954526e-33
33.41877958969564	34.08715519146344	33.75296739057954	-8.981990303328208e-33
34.08715519146343	34.76889830526658	34.428026748365006	-8.929751197355471e-33
34.76889830526659	35.4642762813458	35.116587293306196	-8.877207641892096e-33
35.4642762813458	36.1735618169466	35.8189190491462	-8.82436576378218e-33
36.1735618169466	36.89703306325942	36.53529744010301	-8.771231829931216e-33
36.89703306325942	37.634973734498494	37.26600339887896	-8.717812244232891e-33
37.63497373449849	38.387673219162345	38.01132347683041	-8.664113544353012e-33
38.387673219162345	39.15542669351947	38.771549956340905	-8.610142398374198e-33
39.15542669351947	39.938535237363745	39.546980965441605	-8.555905601305344e-33
39.93853523736375	40.73730595208491	40.33792059472433	-8.501410071459993e-33
40.73730595208491	41.55205208110049	41.144679016592704	-8.446662846708118e-33
41.55205208110049	42.38309313269639	41.96757260689844	-8.391671080605956e-33
42.38309313269638	43.23075500532419	42.806924069010286	-8.336442038408775e-33
43.2307550053242	44.09537011540456	43.66306256036438	-8.28098309297175e-33
44.09537011540456	44.97727752768654	44.53632382154555	-8.225301720544203e-33
44.97727752768654	45.87682308821415	45.427050307950346	-8.169405496462729e-33
45.87682308821416	46.794359559952326	46.33559132408324	-8.113302090748873e-33
46.79435955995232	47.73024676112525	47.262303160538785	-8.056999263617224e-33
47.73024676112525	48.68485170632164	48.20754923372344	-8.000504860899848e-33
48.684851706321645	49.658548750421964	49.171700228371805	-7.943826809393237e-33
49.65854875042196	50.65171973540428	50.15513424291312	-7.886973112133959e-33
50.65171973540428	51.664754140086245	51.15823693774526	-7.82995184360937e-33
51.66475414008625	52.69804923286186	52.18140168647406	-7.772771144909792e-33
52.69804923286186	53.75201022749298	53.225029730177425	-7.71543921882867e-33
53.75201022749298	54.82705044201673	54.28953033475486	-7.657964324917228e-33
54.82705044201673	55.92359146083095	55.37532095142384	-7.600354774500259e-33
55.92359146083094	57.04206330002145	56.482827380426194	-7.542618925659618e-33
57.04206330002145	58.18290457599576	57.6124839380086	-7.484765178192098e-33
58.18290457599576	59.34656267748956	58.764733626742654	-7.426801968548266e-33
59.34656267748956	60.53349394101323	59.940028309251396	-7.368737764758907e-33
60.53349394101324	61.74416382980739	61.13882888541032	-7.310581061355617e-33
61.744163829807384	62.979047116377416	62.361605473092396	-7.252340374292083e-33
62.979047116377416	64.23862806867885	63.60883759252813	-7.19402423587252e-33
64.23862806867886	65.52340064002632	64.8810143543526	-7.135641189693622e-33
65.52340064002631	66.83386866280073	66.17863465141352	-7.077199785606358e-33
66.83386866280071	68.17054604603061	67.50220735441566	-7.018708574703782e-33
68.17054604603062	69.53395697692513	68.85225151147787	-6.960176104340946e-33
69.53395697692513	70.92463612643752	70.22929655168133	-6.901610913192868e-33
70.92463612643752	72.34312885894015	71.63388249268883	-6.843021526356377e-33
72.34312885894013	73.78999144609283	73.06656015251647	-6.784416450501476e-33
73.78999144609283	75.26579128498857	74.5278913655407	-6.725804169077774e-33
75.26579128498857	76.77110712066222	76.0184492028254	-6.667193137581292e-33
76.77110712066222	78.30652927304935	77.53881819685579	-6.608591778886823e-33
78.30652927304935	79.87265986848422	79.08959457076679	-6.55000847865082e-33
79.87265986848422	81.47011307582778	80.671386472156	-6.491451580789607e-33
81.4701130758278	83.09951534731823	82.284814211573	-6.432929383037491e-33
83.09951534731823	84.76150566423848	83.93051050577836	-6.374450132589173e-33
84.76150566423848	86.45673578749714	85.60912072586781	-6.316022021830607e-33
86.45673578749714	88.18587051322096	87.32130315035906	-6.25765318416229e-33
88.18587051322096	89.94958793345927	89.06772922334011	-6.199351689918712e-33
89.94958793345927	91.74857970210235	90.84908381778081	-6.141125542387473e-33
91.74857970210233	93.58355130611827	92.66606550411029	-6.0829826739313815e-33
93.58355130611828	95.45522234221453	94.5193868241664	-6.024930942216567e-33
95.45522234221453	97.3643267990327	96.40977457062361	-5.96697812654947e-33
97.36432679903271	99.31161334498725	98.33797007200998	-5.9091319243253006e-33
99.31161334498725	101.29784562186089	100.30472948342407	-5.851399947590359e-33
101.29784562186089	103.32380254427198	102.31082408306644	-5.7937897197203414e-33
103.32380254427198	105.39027860513131	104.35704057470164	-5.7363086722165825e-33
105.3902786051313	107.49808418720781	106.44418139616955	-5.678964141621901e-33
107.49808418720781	109.64804588092585	108.57306503406683	-5.621763366557559e-33
109.64804588092584	111.84100680851824	110.74452634472203	-5.5647134848825367e-33
111.84100680851826	114.07782695466251	112.95941688159039	-5.507821530976208e-33
114.0778269546625	116.35938350372963	115.21860522919607	-5.451094433145196e-33
116.35938350372963	118.68657118377811	117.52297734375387	-5.394539011155046e-33
118.6865711837781	121.06030261742755	119.87343690060283	-5.338161973887101e-33
121.06030261742755	123.48150867975	122.27090564858878	-5.281969917120803e-33
123.48150867975001	125.95113886331889	124.71632377153445	-5.2259693214414125e-33
125.9511388633189	128.47016165055916	127.21065025693903	-5.1701665502729743e-33
128.47016165055916	131.03956489354422	129.7548632720517	-5.1145678480361644e-33
131.03956489354422	133.660356201389	132.3499605474666	-5.0591793384304754e-33
133.660356201389	136.33356333539066	134.99695976838984	-5.0040070228400206e-33
136.33356333539066	139.06023461207235	137.6968989737315	-4.9490567788620915e-33
139.06023461207235	141.84143931428767	140.45083696318	-4.894334358957415e-33
141.8414393142877	144.67826811054735	143.2598537124175	-4.839845389220931e-33
144.67826811054735	147.5718334827322	146.12505079663975	-4.785595368271762e-33
147.57183348273216	150.5232701623607	149.04755182254644	-4.731589666260888e-33
150.5232701623607	153.5337355755818	152.02850286897126	-4.6778335239949466e-33
153.53373557558177	156.6044102970673	155.06907293632452	-4.624332052174411e-33
156.6044102970673	159.73649851298254	158.1704544050249	-4.5710902307443265e-33
159.73649851298254	162.93122849321608	161.3338635030993	-4.5181129083556444e-33
162.93122849321608	166.18985307305428	164.5605407831352	-4.465404801935111e-33
166.18985307305428	169.51365014448925	167.85175160877176	-4.412970496361552e-33
169.51365014448925	172.90392315735292	171.20878665092107	-4.360814444246342e-33
172.90392315735292	176.36200163047386	174.63296239391337	-4.308940965815725e-33
176.36200163047388	179.88924167305726	178.12562165176558	-4.2573542488926176e-33
179.88924167305726	183.48702651649228	181.68813409477477	-4.206058348975431e-33
183.48702651649225	187.15676705679599	185.32189678664412	-4.155057189411402e-33
187.156767056796	190.8999024079058	189.0283347323509	-4.1043545616618657e-33
190.89990240790584	194.71790046603783	192.80890143697184	-4.053954125656872e-33
194.7179004660378	198.61225848533246	196.66507947568513	-4.003859410236462e-33
198.61225848533246	202.584503665013	200.5983810751727	-3.954073813675951e-33
202.584503665013	206.63619374828713	204.61034870665006	-3.9046006042924735e-33
206.63619374828713	210.76891763322675	208.70255569075692	-3.855442921130073e-33
210.7689176332268	214.98429599586524	212.87660681454602	-3.8066037747205593e-33
214.98429599586515	219.28398192575634	217.13413896081073	-3.758086047917385e-33
219.2839819257564	223.6696615742454	221.4768217500009	-3.7098924967997376e-33
223.6696615742454	228.1430548157042	225.9063581949748	-3.6620257516441174e-33
228.14305481570415	232.70591592199213	230.42448536884814	-3.614488317960562e-33
232.70591592199216	237.3600342504059	235.03297508619903	-3.567282577590805e-33
237.36003425040587	242.1072349453879	239.73363459789687	-3.5204107898655886e-33
242.10723494538794	246.9493796542696	244.52830729982878	-3.4738750928183836e-33
246.94937965426953	251.8883672573288	249.41887345579917	-3.427677504452829e-33
251.88836725732884	256.9261346124493	254.40725093488908	-3.381819924061134e-33
256.92613461244923	262.0646573146721	259.49539596356067	-3.336304133590849e-33
262.06465731467216	267.3059504709395	264.6853038928058	-3.2911317990572924e-33
267.3059504709395	272.65206949033217	269.97900998063585	-3.246304471999079e-33
272.65206949033217	278.1051108901127	275.37859019022244	-3.201823590974145e-33
278.10511089011266	283.6672131178888	280.88616200400077	-3.1576904830937586e-33
283.6672131178889	289.34055739022057	286.5038852540547	-3.113906365592002e-33
289.3405573902205	295.1273685479988	292.23396296910965	-3.0704723474283038e-33
295.12736854799886	301.0299159289327	298.0786422384658	-3.0273894309205878e-33
301.02991592893267	307.0505142574852	304.04021509320893	-2.9846585134067098e-33
307.0505142574852	313.19152455260877	310.121019405047	-2.9422803889318496e-33
313.1915245526088	319.4553550536349	316.32343980312186	-2.9002557499596235e-33
319.4553550536349	325.8444621646815	322.64990860915816	-2.858585189104698e-33
325.84446216468143	332.3613514179489	329.10290679131515	-2.8172692008847537e-33
332.361351417949	339.00857845628184	335.6849649371154	-2.7763081834897042e-33
339.0085784562819	345.78875003538144	342.3986642458317	-2.735702440566133e-33
345.7887500353813	352.7045250460628	349.2466375407221	-2.6954521830149473e-33
352.7045250460629	359.75861555695803	356.2315703015105	-2.6555575308003133e-33
359.75861555695803	366.95378787807107	363.3562017175145	-2.6160185147680374e-33
366.95378787807107	374.29286364560636	370.6233257618387	-2.5768350784715137e-33
374.2928636456064	381.7787209284924	378.0357922870494	-2.5380070800035334e-33
381.7787209284925	389.4142953570362	385.5965081427644	-2.499534293832222e-33
389.41429535703617	397.20258127415076	393.30843831559343	-2.4614164126394674e-33
397.20258127415076	405.14663290960766	401.17460709187924	-2.423653049160249e-33
405.1466329096077	413.24956557777375	409.19809924369076	-2.3862437380213478e-33
413.24956557777375	421.5145568993031	417.3820612385384	-2.349187937577944e-33
421.5145568993031	429.94484804726306	425.72970247328306	-2.3124850317467003e-33
429.944848047263	438.54374501818216	434.2442965327226	-2.2761343318339663e-33
438.54374501818216	447.3146199285197	442.9291824733509	-2.2401350783577927e-33
447.3146199285197	456.260912337064	451.78776613279183	-2.2044864428625077e-33
456.26091233706404	465.3861305937792	460.82352146542166	-2.169187529724664e-33
465.38613059377917	474.6938532156286	470.0399919047039	-2.134237377949205e-33
474.6938532156286	484.18773028991507	479.4407917527718	-2.099634962954763e-33
484.1877302899151	493.87148490568734	489.02960759780126	-2.0653791983470526e-33
493.8714849056873	503.7489146137749	498.81019975973106	-2.0314689376793733e-33
503.74891461377496	513.8238929160243	508.78640376489966	-1.9979029761992758e-33
513.8238929160243	524.1003707843187	518.9621318501715	-1.9646800525805183e-33
524.1003707843188	534.5823782099791	529.341374497149	-1.9317988506394568e-33
534.582378209979	545.2740257841524	539.9282019970657	-1.899258001035092e-33
545.2740257841524	556.1795063098093	550.7267660469809	-1.8670560829520126e-33
556.1795063098093	567.3030964459793	561.7413013778944	-1.8351916257655487e-33
567.3030964459795	578.649158384873	572.9761274154262	-1.8036631106884625e-33
578.649158384873	590.2221415625444	584.4356499737087	-1.7724689723985758e-33
590.2221415625444	602.0265844037691	596.1243629831567	-1.7416076006467535e-33
602.0265844037691	614.0671161018183	608.0468502527938	-1.7110773418447115e-33
614.0671161018183	626.3484584338286	620.2077872678235	-1.680876500632163e-33
626.3484584338287	638.8754276124791	632.6119430231539	-1.6510033414228428e-33
638.875427612479	651.6529361747025	645.2641818935908	-1.6214560899289974e-33
651.6529361747026	664.6859949081705	658.1694655414366	-1.5922329346639596e-33
664.6859949081705	677.9797148163078	671.3328548622392	-1.5633320284224583e-33
677.9797148163078	691.5393091226078	684.7595119694579	-1.5347514897383605e-33
691.539309122608	705.3700953150341	698.454702218821	-1.5064894043195593e-33
705.370095315034	719.4774972313086	712.4237962731713	-1.4785438264597657e-33
719.4774972313086	733.8670471859086	726.6722722086085	-1.4509127804269823e-33
733.8670471859086	748.5443881396008	741.2057176627548	-1.4235942618284804e-33
748.5443881396006	763.5152759123665	756.0298320259835	-1.3965862389521166e-33
