-0.0	9.953897499377266e-5	4.976948749688633e-5	-4.0462459338996154e-30
9.953897499377266e-5	0.0002010687294874207	0.00015030385224059668	-4.046172436036279e-30
0.00020106872948742058	0.0003046290790709416	0.00025284890427918107	-4.046106178944833e-30
0.0003046290790709413	0.00041026063564613265	0.000357444857358537	-4.046037690288879e-30
0.0004102606356461331	0.0005180048233528283	0.0004641327294994807	-4.045966836526221e-30
0.0005180048233528287	0.0006279038948136577	0.0005729543590832433	-4.045893821473453e-30
0.0006279038948136573	0.0007400009477037028	0.0006839524212586801	-4.045818792140873e-30
0.000740000947703703	0.0008543399416515495	0.0007971704446776262	-4.045741836680087e-30
0.0008543399416515493	0.0009709657154783526	0.0009126528285649509	-4.04566300466977e-30
0.0009709657154783523	0.0010899240047816917	0.001030444860130022	-4.045582321087565e-30
0.0010899240047816917	0.0012112614598710977	0.0011505927323263946	-4.0454997947377654e-30
0.0012112614598710973	0.0013350256640622914	0.0012731435619666943	-4.0454154233652185e-30
0.0013350256640622922	0.00146126515233731	0.0013981454081998012	-4.04532919684e-30
0.0014612651523373099	0.0015900294303778282	0.001525647291357569	-4.045241099200372e-30
0.0015900294303778277	0.0017213689939791564	0.001655699212178492	-4.045151110029668e-30
0.0017213689939791568	0.0018553353488525118	0.0017883521714158342	-4.0450592053880844e-30
0.0018553353488525112	0.0019919810308233333	0.0019236581898379223	-4.044965358469006e-30
0.0019919810308233333	0.002131359626433572	0.0020616703286284524	-4.0448695400579106e-30
0.0021313596264335728	0.002273525793956016	0.0022024427101947942	-4.044771718882299e-30
0.0022735257939560153	0.0024185352848289073	0.002346030539392461	-4.044671861861625e-30
0.002418535284828908	0.002566444965519258	0.002492490125174083	-4.0445699342848346e-30
0.002566444965519257	0.002717312839823414	0.0026418789026713355	-4.044465899959157e-30
0.002717312839823413	0.0028711980716136527	0.002794255455718533	-4.044359721304737e-30
0.002871198071613654	0.0030281610080396984	0.002949679539826676	-4.044251359457341e-30
0.003028161008039698	0.0031882632031942633	0.0031082121056169804	-4.04414077428816e-30
0.003188263203194263	0.0033515674422519193	0.0032699153227230913	-4.044027924497528e-30
0.0033515674422519197	0.0035181377660907292	0.0034348526041713245	-4.0439127676076535e-30
0.0035181377660907292	0.003688039496406315	0.003603088631248522	-4.043795260019903e-30
0.0036880394964063155	0.003861339261328213	0.0037746893788672643	-4.043675356991302e-30
0.003861339261328213	0.004038105021548549	0.003949722141438381	-4.043553012672151e-30
0.004038105021548548	0.00421840609697329	0.004128255559260919	-4.043428180122099e-30
0.00421840609697329	0.004402313193906526	0.004310359645439908	-4.0433008112854386e-30
0.004402313193906526	0.004589898432778427	0.004496105813342477	-4.043170856989337e-30
0.004589898432778428	0.004781235376427767	0.004685566904603098	-4.043038266953007e-30
0.0047812353764277666	0.0049763990589500925	0.00487881721768893	-4.042902989788531e-30
0.004976399058950093	0.005175466015122866	0.0050759325370364795	-4.042764972975971e-30
0.005175466015122865	0.005378514310419092	0.005276990162770979	-4.042624162835914e-30
0.005378514310419092	0.005585623571621245	0.005482068941020169	-4.042480504539352e-30
0.005585623571621245	0.00579687501804744	0.0056912492948343425	-4.042333942096664e-30
0.005796875018047441	0.00601235149340216	0.0059046132557248	-4.042184418323903e-30
0.00601235149340216	0.006232137498263974	0.006122244495833067	-4.042031874846897e-30
0.006232137498263972	0.006456319223223022	0.006344228360743497	-4.0418762520673094e-30
0.006456319223223021	0.006684984582681251	0.006570651902952136	-4.0417174891403675e-30
0.006684984582681254	0.006918223249328648	0.0068016039160049505	-4.041555523964959e-30
0.006918223249328647	0.00715612668930899	0.007037174969318818	-4.0413902931597696e-30
0.00715612668930899	0.007398788198088939	0.007277457443698964	-4.041221732043074e-30
0.007398788198088939	0.007646302937044488	0.0075225455675667135	-4.04104977460787e-30
0.007646302937044487	0.007898767970779146	0.007772535453911817	-4.0408743534966514e-30
0.007898767970779147	0.0081562823051885	0.008027525137983823	-4.040695399981622e-30
0.0081562823051885	0.00841894692628604	0.008287614615737269	-4.04051284393917e-30
0.00841894692628604	0.00868686483980553	0.008552905883045785	-4.040326613823692e-30
0.008686864839805528	0.008960141111595408	0.008823502975700469	-4.040136636640656e-30
0.008960141111595408	0.009238882908821085	0.009099512010208246	-4.039942837920571e-30
0.009238882908821085	0.009523199541991274	0.00938104122540618	-4.03974514169465e-30
0.009523199541991274	0.009813202507824869	0.009668201024908072	-4.039543470466271e-30
0.00981320250782487	0.010109005532975137	0.009961104020400003	-4.039337745177967e-30
0.010109005532975134	0.010410724618628405	0.01025986507580177	-4.039127885186816e-30
0.010410724618628405	0.010718478085994741	0.010564601352311572	-4.0389138082246546e-30
0.010718478085994743	0.011032386622708406	0.010875432354351573	-4.0386954303735725e-30
0.011032386622708406	0.011352573330156341	0.011192479976432374	-4.038472666046457e-30
0.011352573330156343	0.011679163771753237	0.01151586855095479	-4.038245427949626e-30
0.011679163771753237	0.01201228602218207	0.011845724896967653	-4.038013627033941e-30
0.012012286022182067	0.012352070717619476	0.012182178369900772	-4.0377771724732026e-30
0.01235207071761948	0.012698651106965636	0.012525360912292557	-4.037535971639167e-30
0.012698651106965634	0.013052163104098714	0.012875407105532175	-4.037289930050651e-30
0.013052163104098714	0.013412745341174455	0.013232454222636584	-4.0370389513306044e-30
0.013412745341174457	0.013780539222991713	0.013596642282083085	-4.036782937194352e-30
0.013780539222991713	0.014155688982445314	0.013968114102718514	-4.036521787422002e-30
0.014155688982445312	0.014538341737087986	0.014347015359766648	-4.036255399775514e-30
0.014538341737087988	0.014928647546823513	0.01473349464195575	-4.0359836700121926e-30
0.014928647546823513	0.01532675947275375	0.01512770350978863	-4.0357064918167155e-30
0.01532675947275375	0.01573283363720259	0.01552979655497817	-4.0354237567478124e-30
0.01573283363720259	0.01614702928494041	0.015939931461071498	-4.035135354257652e-30
0.016147029284940405	0.016569508845632977	0.01635826906528669	-4.034841171534038e-30
0.016569508845632984	0.01700043799753941	0.016784973421586198	-4.034541093564164e-30
0.017000437997539405	0.01743998573248396	0.017220211865011683	-4.034235003097486e-30
0.01743998573248396	0.017888324422127407	0.017664155077305684	-4.033922780533365e-30
0.017888324422127403	0.018345629885563715	0.01811697715384556	-4.03360430395509e-30
0.01834562988556372	0.018812081458268758	0.018578855671916236	-4.033279448989453e-30
0.018812081458268758	0.0192878620624279	0.01904997176034833	-4.032948088874024e-30
0.019287862062427896	0.019773158278670218	0.019530510170549055	-4.032610094217709e-30
0.019773158278670218	0.020268160419237388	0.020020659348953803	-4.032265333176477e-30
0.020268160419237388	0.0207730626026159	0.020520611510926642	-4.031913671307254e-30
0.0207730626026159	0.02128806282966198	0.021030562716138942	-4.0315549715469716e-30
0.02128806282966198	0.021813363061248984	0.021550712945455484	-4.031189094103786e-30
0.021813363061248984	0.022349169297467726	0.022081266179358357	-4.030815896488219e-30
0.02234916929746773	0.022895691658410846	0.022622430477939288	-4.030435233282843e-30
0.022895691658410842	0.02345314446657282	0.023174418062491833	-4.0300469563328224e-30
0.02345314446657282	0.024021746330898038	0.02373744539873543	-4.0296509145554695e-30
0.024021746330898045	0.02460172023250977	0.024311733281703905	-4.0292469539896725e-30
0.02460172023250977	0.025193293612153726	0.024897506922331746	-4.02883491753907e-30
0.025193293612153722	0.02579669845939056	0.02549499603577214	-4.028414645146038e-30
0.02579669845939056	0.026412171403572132	0.026104434931481346	-4.027985973366484e-30
0.026412171403572136	0.02703995380663734	0.02672606260510474	-4.0275487359219055e-30
0.02703995380663734	0.027680291857763845	0.027360122832200594	-4.027102763100431e-30
0.027680291857763845	0.028333436669912882	0.028006864263838364	-4.0266478820133185e-30
0.028333436669912882	0.0289996443783049	0.028666540524108892	-4.0261839162940876e-30
0.028999644378304903	0.02967917624086476	0.029339410309584833	-4.025710686021796e-30
0.02967917624086476	0.030372298740675815	0.03002573749077029	-4.0252280080629085e-30
0.030372298740675818	0.031079283690483094	0.030725791215579456	-4.024735695471935e-30
0.031079283690483087	0.03180040833928651	0.031439846014884795	-4.024233558017125e-30
0.03180040833928651	0.032535955481066	0.03216818191017626	-4.023721401459069e-30
0.032535955481066005	0.03328621356568108	0.032911084523373546	-4.023199027832876e-30
0.03328621356568108	0.03405147681198846	0.03366884518883477	-4.022666235526523e-30
0.03405147681198846	0.03483204532322199	0.03444176106760523	-4.022122818807916e-30
0.03483204532322199	0.03562822520468019	0.03523013526395109	-4.021568568348702e-30
0.03562822520468018	0.036440328683767544	0.03603427694422386	-4.021003270414014e-30
0.036440328683767544	0.037268674232436655	0.036854501458102096	-4.020426707224129e-30
0.037268674232436655	0.03811358669207914	0.0376911304622579	-4.019838656960062e-30
0.03811358669207915	0.03897539740091449	0.03854449204649682	-4.0192388933751624e-30
0.038975397400914484	0.03985444432392653	0.0394149208624205	-4.018627186169055e-30
0.03985444432392653	0.040751072185398814	0.040302758254662674	-4.0180033003431495e-30
0.040751072185398814	0.04166563260410055	0.04120835239474968	-4.0173669964412344e-30
0.04166563260410054	0.042598484231176306	0.042132058417638424	-4.016718030550147e-30
0.04259848423117632	0.0435499928907936	0.04307423856098496	-4.01605615406833e-30
0.043549992890793594	0.04452053172360322	0.04403526230719841	-4.015381113706576e-30
0.044520531723603214	0.04551048133306903	0.04501550652833612	-4.0146926511947865e-30
0.045510481333069036	0.04652022993472417	0.0460153556338966	-4.0139905035781104e-30
0.04652022993472417	0.047550173508412404	0.04703520172156829	-4.013274402712552e-30
0.04755017350841241	0.04860071595357441	0.048075444730993414	-4.012544075506979e-30
0.04860071595357442	0.04967226924763966	0.04913649260060704	-4.011799243741873e-30
0.04967226924763965	0.05076525360758619	0.05021876142761292	-4.0110396237771754e-30
0.0507652536075862	0.05188009765473167	0.051322675631158936	-4.0102649269325586e-30
0.051880097654731665	0.05301723858282005	0.052448668118775854	-4.0094748587763515e-30
0.05301723858282006	0.05417712232947021	0.05359718045614513	-4.0086691194417174e-30
0.0541771223294702	0.055360203751053355	0.054768663040261775	-4.007847403541396e-30
0.055360203751053355	0.05656694680106817	0.05596357527606076	-4.007009400016717e-30
0.05656694680106818	0.057797824712083286	0.057182385756575735	-4.006154791976233e-30
0.05779782471208328	0.059053320181318696	0.05842557244670099	-4.005283256384853e-30
0.0590533201813187	0.06033392555993882	0.059693622870628765	-4.004394464331561e-30
0.06033392555993882	0.06164014304613134	0.06098703430303508	-4.003488080973323e-30
0.06164014304613134	0.06297248488204772	0.06230631396408953	-4.002563765281903e-30
0.06297248488204771	0.06433147355468241	0.06365197921836506	-4.001621169805041e-30
0.06433147355468241	0.06571764200076981	0.06502455777772612	-4.0006599404342674e-30
0.06571764200076981	0.06713153381577895	0.06642458790827438	-3.9996797167959544e-30
0.06713153381577895	0.06857370346708827	0.0678526186414336	-3.99868013219002e-30
0.06857370346708827	0.07004471651142379	0.06930920998925602	-3.997660812911388e-30
0.07004471651142379	0.071545149816646	0.0707949331640349	-3.996621378434138e-30
0.071545149816646	0.07307559178797267	0.07231037080230934	-3.9955614409154665e-30
0.07307559178797267	0.07463664259872586	0.07385611719334927	-3.994480606043558e-30
0.07463664259872586	0.07622891442569413	0.07543277851221	-3.993378472491097e-30
0.07622891442569411	0.07785303168920174	0.07704097305744792	-3.9922546312656314e-30
0.07785303168920174	0.07950963129797951	0.07868133149359063	-3.991108666091778e-30
0.07950963129797951	0.08119936289893284	0.08035449709845618	-3.989940152912248e-30
0.08119936289893284	0.08292288913190524	0.08206112601541904	-3.988748660716226e-30
0.08292288913190525	0.0846808858895371	0.08380188751072118	-3.987533750502446e-30
0.08468088588953708	0.08647404258232155	0.08557746423592932	-3.986294975333342e-30
0.08647404258232155	0.08830306240896171	0.08738855249564163	-3.985031880364748e-30
0.08830306240896173	0.0901686626321347	0.08923586252054821	-3.983744002593311e-30
0.09016866263213469	0.09207157485977112	0.09112011874595291	-3.98243087115696e-30
0.09207157485977113	0.09401254533196028	0.09304206009586571	-3.981092006937976e-30
0.09401254533196027	0.09599233521359321	0.09500244027277674	-3.979726921851928e-30
0.09599233521359321	0.09801172089285881	0.09700202805322601	-3.978335120012731e-30
0.0980117208928588	0.1000714942857097	0.09904160758928425	-3.9769160964307496e-30
0.10007149428570972	0.10217246314641765	0.10112197871606368	-3.975469337190791e-30
0.10217246314641763	0.10431545138433972	0.10324395726537867	-3.973994320197849e-30
0.10431545138433973	0.10650129938702026	0.10540837538567999	-3.972490513501821e-30
0.10650129938702026	0.10873086434975439	0.10761608186838732	-3.970957377141264e-30
0.10873086434975437	0.1110050206117432	0.10986794248074878	-3.9693943610345266e-30
0.1110050206117432	0.11332465999897179	0.11216484030535749	-3.967800905542366e-30
0.11332465999897177	0.11569069217394494	0.11450767608645836	-3.9661764423209266e-30
0.11569069217394495	0.11810404499241757	0.11689736858318125	-3.964520392828648e-30
0.11810404499241758	0.12056566486725966	0.11933485492983861	-3.9628321697545484e-30
0.12056566486725963	0.12307651713959854	0.12182109100342908	-3.961111175072207e-30
0.12307651713959855	0.12563758645738424	0.1243570517984914	-3.9593568001968056e-30
0.12563758645738424	0.12824987716152564	0.12694373180945495	-3.957568427818474e-30
0.12824987716152564	0.13091441367974987	0.12958214542063776	-3.955745430032908e-30
0.13091441367974987	0.13363224092833859	0.13227332730404423	-3.9538871685374015e-30
0.13363224092833859	0.13640442472189906	0.13501833282511883	-3.95199299541977e-30
0.13640442472189906	0.13923205219133075	0.1378182384566149	-3.9500622492912166e-30
0.1392320521913308	0.14211623221015113	0.14067414220074098	-3.9480942609726146e-30
0.1421162322101511	0.14505809582934784	0.14358716401974947	-3.94608835104398e-30
0.14505809582934784	0.1480587967209285	0.14655844627513817	-3.944043826171e-30
0.1480587967209285	0.1511195116303408	0.14958915417563465	-3.941959985455133e-30
0.1511195116303408	0.1542414408379413	0.15268047623414105	-3.939836113731967e-30
0.1542414408379413	0.15742580862969385	0.15583362473381757	-3.9376714857656816e-30
0.15742580862969385	0.16067386377728143	0.15904983620348764	-3.9354653681820186e-30
0.16067386377728143	0.16398688002782077	0.16233037190255112	-3.933217009432585e-30
0.16398688002782077	0.1673661566033709	0.16567651831559582	-3.9309256523000264e-30
0.1673661566033709	0.17081301871043203	0.16908958765690146	-3.928590526621997e-30
0.170813018710432	0.17432881805963435	0.1725709183850332	-3.926210847390517e-30
0.17432881805963435	0.17791493339582073	0.17612187572772753	-3.9237858231197235e-30
0.17791493339582073	0.18157277103873085	0.1797438522172758	-3.9213146448980575e-30
0.18157277103873087	0.1853037654344992	0.18343826823661502	-3.9187964942515955e-30
0.18530376543449914	0.1891093797181828	0.187206572576341	-3.9162305426355374e-30
0.18910937971818284	0.19299110628754018	0.1910502430028615	-3.913615945714271e-30
0.19299110628754018	0.19695046738828467	0.1949707868379124	-3.910951849023595e-30
0.19695046738828464	0.20098901571104402	0.19896974154966435	-3.908237384015655e-30
0.20098901571104408	0.20510833500025866	0.20304867535565135	-3.905471670017885e-30
0.20510833500025863	0.2093100406752575	0.20720918783775805	-3.902653815572485e-30
0.2093100406752575	0.21359578046375632	0.2114529105695069	-3.899782915152446e-30
0.21359578046375632	0.21796723504802512	0.21578150775589072	-3.896858051328054e-30
0.21796723504802512	0.2224261187239793	0.2201966768860022	-3.8938782912898045e-30
0.22242611872397927	0.22697418007345255	0.2247001493987159	-3.8908426911478895e-30
0.22697418007345255	0.23161320264991528	0.22929369136168393	-3.8877502946926764e-30
0.23161320264991528	0.23634500567790726	0.23397910416391127	-3.884600131274458e-30
0.23634500567790728	0.2411714447664591	0.2387582252221832	-3.881391218696303e-30
0.24117144476645908	0.24609441263678192	0.2436329287016205	-3.878122559720346e-30
0.24609441263678195	0.25111583986451125	0.2486051262506466	-3.874793144039896e-30
0.25111583986451125	0.25623769563679516	0.2536767677506532	-3.871401948650729e-30
0.2562376956367951	0.2614619885245247	0.25884984208065986	-3.8679479367757296e-30
0.2614619885245247	0.26679076727000883	0.2641263778972668	-3.864430058454129e-30
0.26679076727000883	0.27222612159040266	0.2695084444302057	-3.860847249190459e-30
0.2722261215904027	0.2777701829972044	0.27499815229380353	-3.857198431258799e-30
0.2777701829972044	0.28342512563214217	0.2805976543146733	-3.8534825135846315e-30
0.28342512563214217	0.28919316711977866	0.2863091463759604	-3.8496983906224746e-30
0.28919316711977866	0.29507656943716787	0.29213486827847324	-3.84584494291245e-30
0.2950765694371678	0.3010776398009048	0.2980771046190363	-3.8419210364848506e-30
0.30107763980090485	0.3071987315719166	0.3041381856864107	-3.837925522084022e-30
0.30719873157191663	0.3134422451783486	0.3103204883751326	-3.8338572387290626e-30
0.31344224517834857	0.31981062905690916	0.31662643711762883	-3.829715009879131e-30
0.3198106290569092	0.326306380613041	0.3230585048349751	-3.825497643769812e-30
0.326306380613041	0.33293204720029546	0.32961921390666826	-3.821203933579948e-30
0.3329320472002955	0.33969022711929503	0.33631113715979527	-3.816832655125077e-30
0.33969022711929503	0.34658357063667455	0.3431368988779848	-3.812382571838351e-30
0.3465835706366745	0.35361478102440164	0.35009917583053807	-3.807852430485124e-30
0.35361478102440164	0.3607866156198833	0.35720069832214246	-3.803240960181007e-30
0.3607866156198833	0.3681018869072746	0.36444425126357893	-3.798546873960166e-30
0.36810188690727463	0.37556346362041376	0.3718326752638442	-3.793768862339192e-30
0.3755634636204137	0.3831742718678156	0.37936886774411466	-3.788905597336478e-30
0.38317427186781555	0.3909372962801655	0.38705578407399055	-3.783955732602024e-30
0.39093729628016555	0.3988555811807625	0.394896438730464	-3.7789178993856356e-30
0.3988555811807624	0.40693223177937127	0.40289390648006684	-3.7737907130530915e-30
0.40693223177937127	0.4151704153899523	0.4110513235846618	-3.768572764152664e-30
0.4151704153899523	0.4235733626727449	0.4193718890313486	-3.763262628342925e-30
0.423573362672745	0.43214436890119345	0.4278588657869692	-3.7578588595696166e-30
0.4321443689011934	0.4408867952542109	0.43651558207770214	-3.752359994760626e-30
0.4408867952542108	0.44980407013428864	0.44534543269424975	-3.746764550404835e-30
0.4498040701342887	0.45889969051196805	0.45435188032312834	-3.741071023664801e-30
0.4588996905119681	0.468177223297201	0.46353845690458456	-3.735277887038162e-30
0.4681772232972011	0.4776403067381387	0.4729087650176699	-3.729383597339343e-30
0.47764030673813856	0.4872926518478949	0.4824664792930167	-3.723386591133426e-30
0.48729265184789494	0.4971380438598464	0.49221534785387067	-3.71728528467895e-30
0.49713804385984633	0.5071803437120368	0.5021591937859415	-3.711078082678195e-30
0.5071803437120368	0.517423489561271	0.5123019166366539	-3.704763379423529e-30
0.5174234895612712	0.5278714983274901	0.5226474939443806	-3.698339543945786e-30
0.5278714983274901	0.5385284672690335	0.5331999827982619	-3.6918049391055816e-30
0.5385284672690335	0.5493985755894076	0.5439635214292206	-3.685157936117141e-30
0.5493985755894077	0.5604860860761894	0.5549423308327985	-3.67839687894219e-30
0.5604860860761894	0.5717953467727067	0.5661407164244481	-3.6715201009779865e-30
0.5717953467727067	0.5833307926831544	0.5775630697279306	-3.6645259746945576e-30
0.5833307926831544	0.595096947511811	0.5892138700974827	-3.657412834118502e-30
0.5950969475118111	0.6070984254370408	0.601097686474426	-3.650179011558221e-30
0.6070984254370407	0.619339932920775	0.6132191791789079	-3.642822876522118e-30
0.619339932920775	0.631826270554184	0.6255831017374796	-3.635342758030539e-30
0.631826270554184	0.6445623349402613	0.6381943027472227	-3.627737049395223e-30
0.6445623349402613	0.65755312061406	0.6510577277771606	-3.620004113172826e-30
0.65755312061406	0.6708037220013348	0.6641784213076973	-3.612142367852543e-30
0.6708037220013346	0.6843193354163548	0.6775615287088448	-3.604150178525158e-30
0.6843193354163548	0.6981052610996754	0.6912122982580151	-3.596026009923526e-30
0.6981052610996754	0.7121669052966624	0.7051360831981689	-3.587768328574166e-30
0.7121669052966624	0.7265097823775891	0.7193383438371257	-3.5793756283831226e-30
0.7265097823775891	0.7411395170001344	0.7338246496888617	-3.57084644714305e-30
0.7411395170001344	0.7560618463151305	0.7486006816576325	-3.562179327102679e-30
0.7560618463151304	0.7712826222164265	0.7636722342657785	-3.553372861898098e-30
0.7712826222164265	0.7868078136357485	0.7790452179260875	-3.544425747798634e-30
0.7868078136357485	0.8026435088834569	0.7947256612596028	-3.535336702570468e-30
0.8026435088834569	0.8187959180361195	0.8107197134597882	-3.526104558195907e-30
0.8187959180361196	0.8352713753718355	0.8270336467039776	-3.516728074595263e-30
0.8352713753718353	0.8520763418542654	0.8436738586130503	-3.5072060889227525e-30
0.8520763418542654	0.8692174076663441	0.8606468747603048	-3.4975375470913144e-30
0.8692174076663441	0.8867012947946644	0.8779593512305043	-3.4877214278970315e-30
0.8867012947946645	0.9045348596655512	0.8956180772301079	-3.4777569116988925e-30
0.9045348596655511	0.9227250958338555	0.9136299777497033	-3.467642988906445e-30
0.9227250958338556	0.9412791367255261	0.9320021162796909	-3.4573787147760715e-30
0.9412791367255261	0.96020425843503	0.950741697580278	-3.446963391912689e-30
0.9602042584350299	0.9795078825787238	0.9698560705068768	-3.4363963717735856e-30
0.9795078825787238	0.9991975792052916	0.9893527308920077	-3.4256769931024204e-30
0.9991975792052917	1.0192810697643908	1.0092393244848412	-3.414804573293158e-30
1.0192810697643908	1.039766230134672	1.0295236499495313	-3.4037785151673694e-30
1.039766230134672	1.0606610937123586	1.0502136619235154	-3.392598488798637e-30
1.0606610937123588	1.0819738545615993	1.071317474136979	-3.381263992474385e-30
1.0819738545615993	1.1037128706278245	1.0928433625947118	-3.369774878386801e-30
1.1037128706278245	1.1258866670153744	1.1147997688215994	-3.358130730972214e-30
1.1258866670153742	1.148503939330675	1.1371953031730246	-3.3463312953559335e-30
1.1485039393306753	1.171573557092282	1.1600387482114787	-3.334376503362903e-30
1.171573557092282	1.195104567209121	1.1833390621507016	-3.322266340797658e-30
1.195104567209121	1.2191061975282966	1.2071053823687088	-3.31000078255923e-30
1.2191061975282966	1.2435878604538557	1.2313470289910762	-3.297579861849279e-30
1.243587860453856	1.2685591566379264	1.2560735085458912	-3.285003957043158e-30
1.268559156637926	1.2940298787456777	1.2812945176918018	-3.272273004594031e-30
1.2940298787456779	1.3200100152955847	1.3070199470206312	-3.259387604841242e-30
1.3200100152955847	1.3465097545764897	1.3332598849360373	-3.246347948615851e-30
1.3465097545764895	1.3735394886430126	1.360024621609751	-3.2331544724653355e-30
1.3735394886430126	1.401109817390866	1.3873246530169392	-3.219807970694399e-30
1.401109817390866	1.4292315527136765	1.4151706850522712	-3.206308405373499e-30
1.4292315527136763	1.457915722742943	1.4435736377283095	-3.192657191097187e-30
1.4579157227429431	1.487173576172795	1.4725446494578691	-3.17885494000063e-30
1.487173576172795	1.5170165866712442	1.5020950814220195	-3.1649019758932805e-30
1.5170165866712444	1.5474564573796623	1.5322365220254532	-3.1508000160085854e-30
1.5474564573796623	1.5785051255022486	1.5629807914409555	-3.1365492807764264e-30
1.5785051255022486	1.6101747669872868	1.5943399462447676	-3.122151205956867e-30
1.6101747669872866	1.6424778013020254	1.626326284144656	-3.1076070788597117e-30
1.6424778013020256	1.6754268963030592	1.6589523488025424	-3.09291760514043e-30
1.6754268963030592	1.7090349732041135	1.6922309347535864	-3.078084685581969e-30
1.709034973204113	1.7433152116431883	1.7261750924236505	-3.0631090144688007e-30
1.7433152116431885	1.7782810548510453	1.7607981332471168	-3.0479925015389877e-30
1.7782810548510457	1.8139462149230596	1.7961136348870528	-3.0327367709748495e-30
1.8139462149230594	1.8503246781965137	1.8321354465597866	-3.01734281045918e-30
1.8503246781965135	1.8874307107354367	1.868877694465975	-3.0018128641228526e-30
1.887430710735437	1.9252788639251386	1.9063547873302877	-2.986147941339693e-30
1.9252788639251386	1.9638839801786343	1.9445814220518864	-2.9703505629976648e-30
1.9638839801786343	2.0032611987571998	1.983572589467917	-2.9544223052778616e-30
2.0032611987571998	2.0434259617073365	2.023343580232268	-2.9383648228043775e-30
2.0434259617073365	2.084394019916476	2.063909990811906	-2.922180613704959e-30
2.084394019916476	2.1261814392897986	2.1052877296031376	-2.9058710478146758e-30
2.126181439289799	2.1688046070505878	2.1474930231701936	-2.8894387004883145e-30
2.1688046070505878	2.2122802381665925	2.19054242260859	-2.8728857215867282e-30
2.212280238166592	2.2566253819049167	2.234452810035754	-2.8562142369045417e-30
2.256625381904917	2.3018574285180082	2.2792414052114625	-2.839426598257036e-30
2.3018574285180082	2.347994116063361	2.3249257722906846	-2.8225251043386508e-30
2.347994116063361	2.395053537359621	2.371523826711491	-2.8055120584084133e-30
2.395053537359621	2.4430541470818063	2.4190538422207135	-2.78838989868969e-30
2.4430541470818063	2.4920147689984353	2.467534458040121	-2.7711612312220813e-30
2.4920147689984353	2.5419546033533966	2.516984686175916	-2.7538286749993213e-30
2.5419546033533966	2.5928932343954574	2.567423918874427	-2.7363949152144153e-30
2.5928932343954574	2.6448506380583594	2.6188719362269084	-2.7188623257145763e-30
2.644850638058359	2.6978471897945187	2.6713489139264386	-2.701233722327844e-30
2.697847189794519	2.751903672565402	2.7248754311799606	-2.6835119586902013e-30
2.7519036725654016	2.807041284991702	2.779472478778552	-2.6656998827897364e-30
2.8070412849917026	2.863281649666529	2.835161467329116	-2.6477999617114416e-30
2.8632816496665288	2.920646821634852	2.8919642356506903	-2.6298147998592596e-30
2.920646821634852	2.9791592970425413	2.9499030593386966	-2.6117479805038674e-30
2.979159297042542	3.038842021958385	3.0090006595004635	-2.5936023640029356e-30
3.038842021958385	3.099718401372545	3.069280211665465	-2.5753808153805755e-30
3.099718401372545	3.1618123083749885	3.130765354873767	-2.5570859003903514e-30
3.161812308374988	3.2251480935174803	3.193480200946234	-2.5387207971868323e-30
3.2251480935174803	3.2897505943628222	3.2574493439401513	-2.5202888284649538e-30
3.2897505943628227	3.3556451452250715	3.322697869793947	-2.501793102136216e-30
3.355645145225072	3.422857587104566	3.389251366164819	-2.4832364031280803e-30
3.422857587104566	3.4914142778216495	3.4571359324631077	-2.464621925258531e-30
3.491414277821649	3.5613421023530742	3.5263781900873616	-2.44595293472043e-30
3.5613421023530742	3.632668483375128	3.597005292864101	-2.4272325240217023e-30
3.6326684833751277	3.7054213920176227	3.669044937696375	-2.4084637495128685e-30
3.705421392017622	3.779629358832967	3.7425253754252945	-2.389649603701107e-30
3.7796293588329672	3.8553214849846187	3.817475421908793	-2.370793401405521e-30
3.855321484984619	3.932527453659304	3.8939244693219615	-2.351898470902654e-30
3.9325274536593033	4.011277541707481	3.9719024976833923	-2.3329679390579573e-30
4.011277541707481	4.091602631516623	4.051440086612052	-2.3140048778632072e-30
4.091602631516623	4.173534223121948	4.132568427319285	-2.2950125033851123e-30
4.173534223121948	4.257104446559379	4.215319334840663	-2.2759939623386034e-30
4.257104446559379	4.342346074465558	4.299725260512469	-2.256952426928268e-30
4.342346074465559	4.429292534929862	4.38581930469771	-2.2378911219317142e-30
4.4292925349298615	4.517977924603451	4.473635229766656	-2.218813208274692e-30
4.51797792460345	4.608437022070511	4.5632074733369805	-2.1997218118546424e-30
4.608437022070511	4.700705301486913	4.654571161778712	-2.1806200827201917e-30
4.700705301486913	4.794818946491643	4.747762123989277	-2.1615111891092004e-30
4.794818946491643	4.890814864396467	4.842816905444055	-2.1423982353986037e-30
4.890814864396468	4.988730700659389	4.939772782527928	-2.1232843206016836e-30
4.988730700659389	5.088604853647568	5.038667777153478	-2.1041725168677965e-30
5.088604853647569	5.190476489695512	5.13954067167154	-2.08506586418891e-30
5.190476489695511	5.294385558464413	5.242431024079962	-2.0659673748204477e-30
5.294385558464413	5.400372808608692	5.347379183536552	-2.0468800324599262e-30
5.400372808608693	5.508479803755858	5.454426306182276	-2.0278068669568395e-30
5.508479803755859	5.618748938805967	5.563614371280913	-2.008750803786227e-30
5.618748938805966	5.731223456557077	5.6749861976815215	-1.9897149992000443e-30
5.7312234565570765	5.845947464663209	5.788585460610143	-1.9707024072514753e-30
5.845947464663211	5.962965952931467	5.904456708797339	-1.9517157438179336e-30
5.962965952931466	6.082324810965086	6.022645381948276	-1.932757786343127e-30
6.082324810965086	6.204070846159379	6.143197828562233	-1.9138312850525225e-30
6.20407084615938	6.328251802057558	6.266161324108468	-1.8949390815539725e-30
6.328251802057558	6.4549163770737	6.3915840895656295	-1.8760839929944714e-30
6.454916377073701	6.584114243590166	6.519515310331934	-1.8572690501796576e-30
6.584114243590165	6.71589606743696	6.650005155513563	-1.838496641841457e-30
6.715896067436961	6.850313527760691	6.783104797598826	-1.8197692681021774e-30
6.85031352776069	6.987419337290895	6.9188664325257925	-1.8010895705277252e-30
6.987419337290895	7.127267263011704	7.057343300151299	-1.782460107120901e-30
7.127267263011705	7.269912147246929	7.198589705129317	-1.763883504871773e-30
7.269912147246929	7.4154099291668585	7.342661038206893	-1.7453621002364657e-30
7.415409929166858	7.5638176667251855	7.489613797946022	-1.726898346126717e-30
7.5638176667251855	7.71519355903468	7.639505612879933	-1.7084945776207325e-30
7.715193559034678	7.869596969190362	7.79239526411252	-1.690153326556884e-30
7.869596969190363	8.027088447549161	7.948342708369762	-1.6718769210538453e-30
8.027088447549161	8.187729755475134	8.107409101512147	-1.6536674852808416e-30
8.187729755475134	8.351583889559627	8.26965682251738	-1.6355271137256588e-30
8.351583889559627	8.51871510632581	8.435149497942719	-1.6174581551221145e-30
8.51871510632581	8.689188947427317	8.603952026876563	-1.599462572597529e-30
8.689188947427317	8.863072265350853	8.776130606389085	-1.5815424828935172e-30
8.863072265350853	9.04043324963286	8.951752757491857	-1.563699919116056e-30
9.04043324963286	9.221341453600507	9.130887351616684	-1.545936765721508e-30
9.221341453600507	9.405867821647508	9.313604637624007	-1.5282550382596303e-30
9.405867821647508	9.594084717055448	9.499976269351478	-1.5106567124714874e-30
9.594084717055447	9.786065950371546	9.690075333713496	-1.4931433839555171e-30
9.786065950371546	9.981886808353966	9.883976379362757	-1.475717011787001e-30
9.981886808353966	10.181624083496034	10.081755445925001	-1.4583792008502097e-30
10.181624083496034	10.385356104140945	10.28349009381849	-1.4411317203483313e-30
10.385356104140945	10.593162765198754	10.48925943466985	-1.4239761505290004e-30
10.593162765198754	10.805125559477718	10.699144162338236	-1.4069140866780089e-30
10.805125559477718	11.021327609642261	10.91322658455999	-1.3899470852177355e-30
11.021327609642261	11.241853700810095	11.131590655226178	-1.3730765828677406e-30
11.241853700810095	11.466790313801287	11.35432200730569	-1.3563040047707706e-30
11.466790313801285	11.696225659052299	11.581507986426793	-1.33963073417548e-30
11.6962256590523	11.930249711208337	11.813237685130318	-1.3230581543085335e-30
11.930249711208337	12.168954244407493	12.049601977807914	-1.3065876093600334e-30
12.168954244407491	12.41243286827063	12.290693556339061	-1.2902202598723052e-30
12.41243286827063	12.660781064611031	12.53660696644083	-1.2739572670863142e-30
12.66078106461103	12.914096224878238	12.787438644744633	-1.2577998202355354e-30
12.91409622487824	13.172477688350792	13.043286956614516	-1.241749091376641e-30
13.172477688350792	13.436026781092796	13.304252234721794	-1.2258060386173367e-30
13.436026781092798	13.704846855689642	13.570436818391219	-1.2099715738832276e-30
13.70484685568964	13.97904333177842	13.84194509373403	-1.1942468909743494e-30
13.979043331778422	14.258723737388978	14.1188835345837	-1.1786326950334368e-30
14.258723737388976	14.543997751111744	14.401360744250361	-1.1631300019075486e-30
14.543997751111744	14.834977245108966	14.689487498110356	-1.14773953366992e-30
14.834977245108968	15.131776328986135	14.98337678704755	-1.1324620682216659e-30
15.131776328986136	15.434511394540847	15.283143861763492	-1.1172983415459669e-30
15.434511394540843	15.743301161406647	15.588906277973745	-1.1022490649027996e-30
15.743301161406647	16.058266723609766	15.900783942508205	-1.0873148089394342e-30
16.05826672360977	16.37953159705695	16.218899160333358	-1.0724962660981053e-30
16.37953159705695	16.707221767973074	16.54337668251501	-1.0577938494591785e-30
16.707221767973074	17.041465742307523	16.8743437551403	-1.0432082208888596e-30
17.041465742307526	17.382394596128663	17.211930169218093	-1.0287397416981036e-30
17.382394596128663	17.730142027026222	17.55626831157744	-1.0143888948995662e-30
17.730142027026222	18.084844406541734	17.907493216783976	-1.0001561027956225e-30
18.08484440654173	18.44664083364755	18.265742620094642	-9.860416488606321e-31
18.446640833647553	18.81567318929549	18.631157011471522	-9.720458497629752e-31
18.81567318929549	19.192086192056387	19.003879690675937	-9.581690526142037e-31
19.192086192056387	19.5760274548725	19.38405682346444	-9.444114890738784e-31
19.5760274548725	19.967647542944935	19.771837498908717	-9.307733091269507e-31
19.967647542944935	20.36710003277882	20.167373787861877	-9.172546341043763e-31
20.367100032778815	20.774541572409376	20.570820802594096	-9.038556844857381e-31
20.77454157240938	21.19013194283255	20.982336757620963	-8.905765902790729e-31
21.19013194283255	21.614034120664186	21.40208303174837	-8.774173919338962e-31
21.61403412066419	22.046414342052458	21.830224231358322	-8.643781014732856e-31
22.046414342052458	22.48744216786849	22.266928254960476	-8.514586983415525e-31
22.48744216786849	22.937290550200846	22.712366359034668	-8.386591669545625e-31
22.937290550200842	23.396135900179843	23.166713225190342	-8.259794412360368e-31
23.396135900179846	23.86415815715843	23.630147028669136	-8.134194307372194e-31
23.86415815715842	24.341540859276574	24.102849508217496	-8.009791455420117e-31
24.341540859276574	24.828471215437087	24.58500603735683	-7.886583291538962e-31
24.82847121543709	25.325140178720815	25.076805697078953	-7.764567821472856e-31
25.32514017872082	25.83174252127022	25.57844134999552	-7.643742849876141e-31
25.831742521270215	26.348476910670602	26.090109715970407	-7.524107067335391e-31
26.348476910670605	26.875545987859	26.612011449264802	-7.405657472153377e-31
26.875545987858995	27.413156446591156	27.144351217225076	-7.288390918350257e-31
27.41315644659116	27.961519114497964	27.68733778054456	-7.172305575709963e-31
27.961519114497964	28.520849035762904	28.241184075130434	-7.057397198165239e-31
28.52084903576291	29.09136555545315	28.80610729560803	-6.94366187689501e-31
29.091365555453145	29.67329240553719	29.382328980495167	-6.831097702837496e-31
29.67329240553719	30.266857792622915	29.970075099080052	-6.719699720436045e-31
30.266857792622922	30.87229448745036	30.56957614003664	-6.609463157501693e-31
30.872294487450354	31.48983991617434	31.181067201812347	-6.500385143320148e-31
31.489839916174343	32.11973625347281	31.804788084823578	-6.3924605847681636e-31
32.11973625347281	32.762230517517246	32.44098338549503	-6.285683881387415e-31
32.762230517517246	33.41757466684257	33.08990259217991	-6.180052070918177e-31
33.41757466684257	34.0860256991544	33.75180018299848	-6.0755587957234e-31
34.086025699154405	34.76784575211247	34.42693572563344	-5.972198638429866e-31
34.767845752112464	35.46330220612969	35.11557397912108	-5.8699679723650505e-31
35.4633022061297	36.17266778922727	35.81798499767848	-5.768859733489982e-31
36.17266778922727	36.89622068398679	36.53444423660703	-5.668868203387156e-31
36.8962206839868	37.63424463664151	37.265232660314155	-5.569988526521785e-31
37.634244636641505	38.387029068349314	38.01063685249541	-5.472213103238171e-31
38.387029068349314	39.15486918869128	38.7709491285203	-5.375536473626394e-31
39.15486918869128	39.93806611144008	39.54646765006568	-5.279953261015893e-31
39.93806611144008	40.73692697264386	40.33749654204197	-5.185456358612254e-31
40.736926972643865	41.55176505107172	41.14434601185779	-5.092041314245472e-31
41.55176505107172	42.38289989106813	41.96733247106992	-4.999700170234139e-31
42.38289989106812	43.23065742786446	42.80677865946629	-4.908426011322086e-31
43.23065742786446	44.09537011539672	43.66301377163059	-4.8182125364022845e-31
44.09537011539672	44.97737705667963	44.536373586038174	-4.729051360844073e-31
44.977377056679636	45.8770241367882	45.42720059673392	-4.640938301979544e-31
45.8770241367882	46.79466415849894	46.33584414764357	-4.553875606800362e-31
46.79466415849895	47.7306569806439	47.26266056957142	-4.46788374805439e-31
47.73065698064389	48.685369659231746	48.20801331993782	-4.383022103413652e-31
48.685369659231746	49.65917659139136	49.17227312531155	-4.299386435364218e-31
49.65917659139135	50.65245966219415	50.15581812679275	-4.217089661519402e-31
50.652459662194154	51.665608394413006	51.15903402830358	-4.136217834425462e-31
51.66560839441301	52.69902010127625	52.18231424784463	-4.056817793169981e-31
52.69902010127624	53.753100042276735	53.22606007177649	-3.978901363874868e-31
53.753100042276735	54.82826158209724	54.29068081218699	-3.9024522645707764e-31
54.82826158209724	55.92492635271416	55.3765939674057	-3.8274483900504286e-31
55.92492635271416	57.04352441874341	56.484225385728784	-3.753863373572268e-31
57.04352441874342	58.184494446093254	57.614009432418335	-3.681670341191313e-31
58.184494446093254	59.348283873990084	58.76638916004167	-3.6108454990291757e-31
59.348283873990084	60.53534909044485	59.94181648221747	-3.54136154745928e-31
60.535349090444846	61.74615561122871	61.14075235083678	-3.4731958212603865e-31
61.74615561122872	62.981178262428266	62.363666936828494	-3.406322718632635e-31
62.98117826242826	64.2409013666518	63.61103981454003	-3.3407185374675836e-31
64.2409013666518	65.5258189329598	64.8833601498058	-3.2763603842557986e-31
65.5258189329598	66.83643485059396	66.18112689177687	-3.213223457359015e-31
66.83643485059396	68.1732630865808	67.50484896858738	-3.1512872548522105e-31
68.17326308658079	69.53682788728737	68.85504548693407	-3.0905285680776482e-31
69.53682788728739	70.9276639840081	70.23224593564774	-3.030924575575951e-31
70.92766398400809	72.34631680266321	71.63699039333565	-2.972455989594994e-31
72.34631680266322	73.79334267769146	73.06982974017734	-2.9151000968275103e-31
73.79334267769144	75.26930907022023	74.53132587395584	-2.858835891481036e-31
75.26930907022025	76.77479479059961	76.02205193040993	-2.803643964419786e-31
76.7747947905996	78.31039022538656	77.54259250799308	-2.749504595834487e-31
78.31039022538656	79.87669756886925	79.0935438971279	-2.69639799367734e-31
79.87669756886925	81.4743310592216	80.67551431404542	-2.644303318320031e-31
81.47433105922158	83.10391721938097	82.28912413930128	-2.593203262370312e-31
83.10391721938097	84.76609510274355	83.93500616106226	-2.54307888101628e-31
84.76609510274358	86.4615165437734	85.61380582325849	-2.4939122708017895e-31
86.4615165437734	88.19084641362383	87.32618147869862	-2.4456857484330676e-31
88.19084641362382	89.95476288087124	89.07280464724752	-2.398380805385741e-31
89.95476288087124	91.75395767746362	90.85436027916742	-2.351980663837371e-31
91.75395767746362	93.58913636998784	92.67154702372574	-2.306468151503452e-31
93.58913636998786	95.46101863636257	94.52507750317521	-2.261826097672457e-31
95.46101863636258	97.37033854806478	96.41567859221368	-2.2180390291668367e-31
97.37033854806477	99.31784485800101	98.34409170303289	-2.175090685484337e-31
99.31784485800102	101.304301294136	100.31107307606851	-2.132964814748171e-31
101.304301294136	103.33048685899367	102.31739407656482	-2.0916467478944827e-31
103.33048685899367	105.39719613514849	104.36384149707108	-2.0511209898748177e-31
105.39719613514849	107.50523959682641	106.45121786598745	-2.0113721765381225e-31
107.50523959682641	109.65544392773789	108.58034176228216	-1.9723863706159412e-31
109.65544392773788	111.84865234526758	110.75204813650274	-1.9341490146454065e-31
111.84865234526758	114.08572493114788	112.96718863820773	-1.8966455371411318e-31
114.0857249311479	116.36753896874579	115.22663194994684	-1.8598625814825274e-31
116.36753896874578	118.69498928709564	117.5312641279207	-1.823786519849443e-31
118.69498928709562	121.06898861181249	119.88198894945405	-1.7884036042820619e-31
121.06898861181249	123.49046792302367	122.27972826741808	-1.7537007070720279e-31
123.49046792302369	125.9603768204591	124.72542237174139	-1.719665301900805e-31
125.9603768204591	128.47968389584324	127.22003035815118	-1.6862847963537892e-31
128.4796838958432	131.04937711273502	129.7645305042891	-1.653546255387878e-31
131.04937711273502	133.67046419396465	132.35992065334983	-1.6214381640199162e-31
133.67046419396468	136.3439730168189	135.00721860539178	-1.5899484401675603e-31
136.3439730168189	139.0709520161302	137.70746251647455	-1.5590652520229785e-31
139.0709520161302	141.85247059542775	140.46171130577898	-1.528776655824487e-31
141.85247059542775	144.68961954631123	143.2710450708695	-1.499071986363351e-31
144.68961954631123	147.58351147621238	146.1365655112618	-1.4699400648336388e-31
147.5835114762124	150.5352812447116	149.05939636046202	-1.441369966215321e-31
150.53528124471157	153.54608640858072	152.04068382664616	-1.4133505253977122e-31
153.54608640858075	156.61710767572728	155.08159704215402	-1.385871817162468e-31
156.61710767572728	159.74954936821675	158.18332852197202	-1.3589236529836573e-31
159.74954936821675	162.94463989455602	161.34709463138637	-1.332495612438679e-31
162.94463989455602	166.20363223142206	164.57413606298906	-1.3065776207016785e-31
166.20363223142203	169.5278044150254	167.86571832322372	-1.2811603073952961e-31
169.5278044150254	172.91846004230084	171.22313222866313	-1.2562340494761585e-31
172.91846004230084	176.37692878212178	174.6476944122113	-1.231789422156878e-31
176.37692878212178	179.90456689673914	178.14074783943045	-1.2078174181363795e-31
179.90456689673914	183.50275777364885	181.703662335194	-1.1843084304136502e-31
183.50275777364885	187.17291246809674	185.3378351208728	-1.1612543310193802e-31
187.17291246809674	190.9164702564336	189.04469136226516	-1.138646088629464e-31
190.91647025643357	194.73489920053714	192.82568472848536	-1.1164752101702846e-31
194.73489920053717	198.6296967235228	196.68229796203	-1.0947335123566738e-31
198.6296967235228	202.60239019696817	200.6160434602455	-1.0734122186888738e-31
202.6023901969682	206.65453753988248	204.62846386842534	-1.052503953256239e-31
206.65453753988243	210.78772782965498	208.7211326847687	-1.0320005152337406e-31
210.787727829655	215.00358192522302	212.89565487743903	-1.0118940838217946e-31
215.00358192522305	219.30375310270242	217.15366751396272	-9.921772929148456e-32
219.30375310270236	223.6899277037313	221.49684040321682	-9.728423900725979e-32
223.6899277037313	228.16382579678083	225.92687675025607	-9.538821979490137e-32
228.16382579678083	232.72720185169135	230.4455138242361	-9.352895333968316e-32
232.72720185169135	237.38184542770006	235.0545236396957	-9.1705731399982e-32
237.38184542770009	242.12958187522898	239.75571365146453	-8.991786052984743e-32
242.12958187522898	246.97227305170844	244.55092746346872	-8.816468105444698e-32
246.97227305170844	251.9118180517175	249.44204555171297	-8.644549124598966e-32
251.91181805171752	256.95015395172675	254.43098600172215	-8.475965766710271e-32
256.95015395172675	262.08925656973616	259.5197052607315	-8.310654151822503e-32
262.08925656973616	267.33114124010575	264.71019890492096	-8.148551514860945e-32
267.3311412401058	272.6778636038828	270.0045024219943	-7.989595758263003e-32
272.67786360388277	278.1315204149353	275.404692009409	-7.833726737267333e-32
278.1315204149353	283.6942503622089	280.91288538857214	-7.680885112493832e-32
283.6942503622089	289.36823490842795	286.53124263531845	-7.531011152037083e-32
289.36823490842795	295.15569914557136	292.2619670269996	-7.384048277394537e-32
295.15569914557136	301.05891266745766	298.1073059065145	-7.239940731322662e-32
301.05891266745766	307.0801904597817	304.0695515636197	-7.098633350909378e-32
307.08019045978165	313.22189380795214	310.1510421338669	-6.960073008691048e-32
313.2218938079522	319.48643122308613	316.3541625155192	-6.824204993401691e-32
319.4864312230861	325.87625938652263	322.6813453048044	-6.690979775025068e-32
325.87625938652263	332.39388411322795	329.1350717498753	-6.56034374310353e-32
332.39388411322795	339.04186133446734	335.7178727238477	-6.432249196558676e-32
339.04186133446734	345.82279810013154	342.43232971729947	-6.306645792899664e-32
345.8227981001316	352.7393536011091	349.28107585062037	-6.183485644510133e-32
352.73935360110903	359.79424021210605	356.2667969066075	-6.062721006607431e-32
359.7942402121061	366.99022455532304	363.3922323837146	-5.944306820801932e-32
366.9902245553231	374.3301285854044	370.6601765703638	-5.828197266418474e-32
374.33012858540434	381.81683069608727	378.0734796407458	-5.714347988500724e-32
381.81683069608727	389.45326684898384	385.6350487725356	-5.602714566824396e-32
389.4532668489838	397.2424317249383	393.34784928696104	-5.49325378528521e-32
397.24243172493834	405.1873798984119	401.2149058116751	-5.385924973579417e-32
405.18737989841185	413.2912270353549	409.23930346688337	-5.280686163532036e-32
413.29122703535495	421.55715111503685	417.4241890751959	-5.177496616754984e-32
421.5571511150369	429.98839367631246	425.7727723956747	-5.076317314008094e-32
429.98839367631246	438.5882610888135	434.288327382563	-4.977109226469543e-32
438.58826108881357	447.36012584956467	442.9741934691891	-4.8798337818983624e-32
447.3601258495646	456.3074279055307	451.8337768775476	-4.7844537405103323e-32
456.3074279055307	465.4336760026161	460.8705519540734	-4.6909329896422025e-32
465.43367600261604	474.74244906164313	470.0880625321296	-4.5992345141939575e-32
474.74244906164324	484.23739758185087	479.489923321747	-4.509323526365714e-32
484.2373975818509	493.9222450724627	489.0798213271568	-4.421165781749231e-32
493.9222450724626	503.80078951288664	498.86151729267465	-4.3347269770376046e-32
503.80078951288675	513.8769048421193	508.838847177503	-4.24997283253054e-32
513.8769048421193	524.1545424779365	519.0157236600279	-4.166871068438043e-32
524.1545424779364	534.6377328664698	529.3961376722032	-4.085390142335771e-32
534.6377328664698	545.330587062774	539.984159964622	-4.0054982293663734e-32
545.330587062774	556.2372983430043	550.7839427028891	-3.927164329194401e-32
556.2372983430042	567.3621438488391	561.7997210959217	-3.850359376220689e-32
567.3621438488391	578.7094862647906	573.0358150568148	-3.775052769105753e-32
578.7094862647906	590.2837755290611	584.4966308969258	-3.701215622237952e-32
590.2837755290612	602.0895505786173	596.1866630538393	-3.6288190360170324e-32
602.0895505786171	614.1314411291643	608.1104958538907	-3.5578358471495953e-32
614.1314411291643	626.4141694907223	620.2728053099434	-3.488237559613436e-32
626.4141694907223	638.9425524195115	632.6783609551169	-3.419998312396214e-32
638.9425524195115	651.7215030068764	645.332027713194	-3.3530912101156104e-32
651.7215030068764	664.7560326059887	658.2387678064326	-3.287490471136792e-32
664.7560326059887	678.0512527970832	671.403642701536	-3.223168842963186e-32
678.0512527970831	691.6123773919994	684.8318150945413	-3.1601037277840315e-32
691.6123773919994	705.4447244788141	698.5285509354068	-3.0982700219847424e-32
705.4447244788141	719.5537185073651	712.4992214930896	-3.0376443317677495e-32
719.5537185073651	733.9448924164872	726.7493054619262	-2.9782020580852636e-32
733.944892416487	748.6238898037915	741.2843911101393	-2.9199201484277674e-32
748.6238898037917	763.5964671388422	756.1101784713169	-2.862777453051485e-32
763.5964671388421	778.8684960205935	771.2324815797178	-2.806750891328324e-32
778.8684960205936	794.4459654799801	786.6572307502869	-2.7518187906816014e-32
794.4459654799801	810.3349843285544	802.3904749042672	-2.697959960902509e-32
810.3349843285545	826.5417835541002	818.4383839413274	-2.645152847113364e-32
826.5417835541001	843.0727187641568	834.8072511591284	-2.593378320218727e-32
843.0727187641568	859.9342726784146	851.5034957212856	-2.542615281916607e-32
859.9342726784146	877.1330576709574	868.533665174686	-2.492844277897889e-32
877.1330576709573	894.6758183633511	885.9044380171542	-2.4440463771975333e-32
894.6758183633511	912.5694342695928	903.622626316472	-2.3962020885275435e-32
912.5694342695929	930.8209224939593	921.695178381776	-2.3492934440422886e-32
930.8209224939593	949.437440482813	940.1291814883862	-2.30330172260439e-32
949.437440482813	968.4262888314439	958.9318646571285	-2.258207614814841e-32
968.4262888314439	987.7949141470474	978.1106014892457	-2.213995066163668e-32
987.7949141470475	1007.5509119689631	997.6729130580053	-2.1706473989679893e-32
1007.5509119689629	1027.7020297473166	1017.6264708581398	-2.1281470803433323e-32
1027.7020297473166	1048.2561698812374	1037.979099814277	-2.0864781832940197e-32
1048.2561698812376	1069.2213928178369	1058.7387813495372	-2.045624120500638e-32
1069.2213928178369	1090.6059202131682	1079.9136565155027	-2.0055682461015556e-32
1090.605920213168	1112.4181381564058	1101.512029184787	-1.9662949992191192e-32
1112.418138156406	1134.6666004585086	1123.5423693074572	-1.927790390913565e-32
1134.6666004585088	1157.3600320066535	1146.013316232581	-1.8900391761443153e-32
1157.3600320066535	1180.507332185761	1168.9336820962071	-1.8530261644613284e-32
1180.507332185761	1204.1175783684507	1192.312455277106	-1.816737424801155e-32
1204.1175783684507	1228.2000294747943	1216.1588039216226	-1.7811584773648394e-32
1228.2000294747943	1252.7641296032646	1240.4820795390294	-1.7462752284631098e-32
1252.7641296032646	1277.8195117343043	1265.2918206687846	-1.7120740594415376e-32
1277.8195117343043	1303.376001507965	1290.5977566211345	-1.678541948106987e-32
1303.376001507965	1329.4436210770987	1316.4098112925317	-1.645666273682092e-32
1329.4436210770984	1356.0325930376148	1342.7381070573565	-1.6134340293081218e-32
1356.0325930376152	1383.153344437342	1369.5929687374787	-1.5818322552978928e-32
1383.1533444373417	1410.816510865063	1396.9849276512023	-1.5508490528700258e-32
1410.816510865063	1439.0329406213386	1424.9247257432007	-1.52047193538662e-32
1439.0329406213386	1467.8136989727398	1453.4233197970393	-1.4906894002103327e-32
1467.8136989727395	1497.1700724911686	1482.491885731954	-1.4614897896020316e-32
1497.1700724911689	1527.1135734799666	1512.1418229855676	-1.4328615153960983e-32
1527.1135734799666	1557.6559444885402	1542.3847589842535	-1.4047937689039893e-32
1557.6559444885404	1588.8091629172854	1573.2325537029128	-1.377275488717171e-32
1588.8091629172857	1620.5854457146056	1604.6973043159455	-1.3502957965508684e-32
1620.5854457146054	1652.9972541678717	1636.7913499412384	-1.3238439197318675e-32
1652.9972541678717	1686.0572987902035	1669.5272764790375	-1.297909351049872e-32
1686.0572987902035	1719.7785443049818	1702.9179215475926	-1.2724819382359438e-32
1719.778544304982	1754.1742147300558	1736.976379517519	-1.2475523068377575e-32
1754.1742147300558	1789.2577985636312	1771.7160066468437	-1.2231108860059713e-32
1789.2577985636312	1825.043054073878	1807.1504263187546	-1.1991480118051586e-32
1825.0430540738782	1861.54401469433	1843.293534384104	-1.1756541042580971e-32
1861.54401469433	1898.7749945271908	1880.1595046107605	-1.1526203528696477e-32
1898.7749945271908	1936.7505939567088	1917.76279424195	-1.1300376975975486e-32
1936.7505939567088	1975.4857053748171	1956.118149665763	-1.1078972440507475e-32
1975.485705374817	2014.9955190212875	1995.240612198052	-1.0861902498417466e-32
2014.9955190212875	2055.2955289406873	2035.1455239809875	-1.0649080882149724e-32
2055.2955289406877	2096.4015390584755	2075.8485339995814	-1.044042002776178e-32
2096.4015390584755	2138.329669378619	2117.3656042185476	-1.0235843748925335e-32
2138.329669378619	2181.0963623051657	2159.7130158418922	-1.0035272853175112e-32
2181.0963623051653	2224.7183890902425	2202.907375697704	-9.838631473461902e-33
2224.718389090243	2269.2128564110217	2246.965622750632	-9.64584230759166e-33
2269.2128564110217	2314.597213078216	2291.905034744619	-9.456829442908724e-33
2314.5972130782156	2360.889256878754	2337.743234978485	-9.271518025341942e-33
2360.8892568787546	2408.1071415553038	2384.498199217029	-9.089834850270925e-33
2408.1071415553033	2456.2693839253834	2432.1882627403434	-8.911711186676353e-33
2456.269383925384	2505.3948711428657	2480.832127534125	-8.737077040824517e-33
2505.394871142865	2555.5028681046965	2530.448869623781	-8.565863734046161e-33
2555.5028681046965	2606.6130250057645	2581.0579465552305	-8.398003832192917e-33
2606.613025005764	2658.7453850448533	2632.679205025309	-8.233430985746303e-33
2658.7453850448533	2711.920392284724	2685.3328886647887	-8.072078261721164e-33
2711.920392284724	2766.1588996693927	2739.039645977058	-7.9138859461619e-33
2766.1588996693927	2821.4821772017544	2793.8205384355733	-7.758791207273023e-33
2821.482177201754	2877.911920284763	2849.697048743258	-7.606730676320266e-33
2877.911920284763	2935.4702582294317	2906.6910892570972	-7.45765032294576e-33
2935.470258229432	2994.1797629329944	2964.825010581213	-7.311491642874557e-33
2994.1797629329944	3054.063457730628	3024.121610331811	-7.168197265392425e-33
3054.0634577306278	3115.144826424214	3084.604142077421	-7.027710924260551e-33
3115.144826424215	3177.447822491673	3146.296324457944	-6.889977422282428e-33
3177.4478224916725	3240.9968784804796	3209.222350486076	-6.754942576052594e-33
3240.9968784804796	3305.816915589063	3273.406897034771	-6.622553063665482e-33
3305.816915589063	3371.9333534398174	3338.87513451444	-6.492756012457368e-33
3371.9333534398174	3439.3721200475875	3405.6527367437025	-6.36550275125062e-33
3439.3721200475875	3508.1596619875127	3473.76589101755	-6.240743327794929e-33
3508.159661987512	3578.322954766236	3543.2413083768743	-6.118428750963254e-33
3578.3229547662368	3649.889513400535	3614.106234083386	-5.998510960217979e-33
3649.8895134005347	3722.8874032075187	3686.3884583040267	-5.880942779928315e-33
3722.8874032075187	3797.3452508106425	3760.1163270090806	-5.7656778095338886e-33
3797.3452508106425	3873.2922553658286	3835.3187530882356	-5.6526694500611436e-33
3873.2922553658286	3950.7582000121183	3912.0252276889732	-5.5418759376827226e-33
3950.758200012119	4029.7734635513343	3990.265831781727	-5.433253769385473e-33
4029.7734635513343	4110.369032361335	4070.0712479563344	-5.326760265934856e-33
4110.369032361334	4192.576512547534	4151.472772454434	-5.2223535220848466e-33
4192.576512547535	4276.428142337459	4234.502327442497	-5.1199922403067145e-33
4276.428142337458	4361.9568047231805	4319.192473530319	-5.019635876094313e-33
4361.9568047231805	4449.196040356617	4405.576422539899	-4.921246664033302e-33
4449.196040356617	4538.180060702723	4493.68805052967	-4.824786011212841e-33
4538.180060702723	4628.94376145575	4583.561911079236	-4.730216079397408e-33
4628.94376145575	4721.522736223838	4675.233248839794	-4.6374997698031876e-33
4721.5227362238375	4815.953290487288	4768.7380133555625	-4.5466007080231984e-33
4815.953290487288	4912.272455836006	4864.112873161646	-4.457483229017396e-33
4912.272455836007	5010.5180044917	4961.395230163853	-4.370112362022408e-33
5010.5180044917	5110.728464120507	5060.623234306104	-4.28445381510469e-33
5110.728464120506	5212.943132941889	5161.835798531198	-4.20047395877167e-33
5212.943132941889	5317.2020951397	5265.072614040795	-4.118139807206713e-33
5317.202095139701	5423.546236581467	5370.374165860584	-4.037418992791064e-33
5423.5462365814665	5532.017260852069	5477.781748716768	-3.958279715086816e-33
5532.017260852069	5642.657705608083	5587.337483230076	-3.880690426614322e-33
5642.657705608082	5755.510959259216	5699.084332433649	-3.8046213008584825e-33
5755.510959259216	5870.621277983373	5813.066118621295	-3.7300430142185964e-33
5870.621277983374	5988.033803082014	5929.327540532694	-3.656926284400164e-33
5988.033803082014	6107.794578682627	6047.91419088232	-3.585242390729014e-33
6107.794578682627	6229.950569795252	6168.87257423894	-3.514963156225969e-33
6229.950569795251	6354.549680730128	6292.25012526269	-3.4460609229043795e-33
6354.54968073013	6481.640773883704	6418.095227306917	-3.378508506364729e-33
6481.640773883703	6611.27368890035	6546.457231392027	-3.31227904638503e-33
6611.27368890035	6743.4992622173295	6677.38647555884	-3.247345874709575e-33
6743.4992622173295	6878.369347000648	6810.934304608989	-3.1836850160181554e-33
6878.369347000648	7015.936833479634	6947.153090240141	-3.1212722015589155e-33
7015.936833479633	7156.2556696881975	7086.096251583915	-3.06008295111375e-33
7156.2556696881975	7299.380882620933	7227.818276154565	-3.000093263296764e-33
7299.380882620934	7445.368599812325	7372.374741216629	-2.941279605837982e-33
7445.368599812325	7594.276071347543	7519.822335579934	-2.8836189059103135e-33
7594.276071347542	7746.161692313464	7670.218881830503	-2.8270885404004533e-33
7746.161692313464	7901.085025698705	7823.623359006085	-2.7716663259313192e-33
7901.085025698706	8059.106825751652	7980.095925725179	-2.717330508220132e-33
8059.106825751651	8220.289061805655	8139.697943778653	-2.6640597497322043e-33
8220.289061805655	8384.69494258074	8302.492002193198	-2.6118331124072366e-33
8384.69494258074	8552.388940971327	8468.541941776033	-2.5606300208964864e-33
8552.388940971327	8723.436819329725	8637.912880150525	-2.5104299662904794e-33
8723.436819329725	8897.90565525529	8810.671237292507	-2.4612139283813673e-33
8897.905655255292	9075.863867899368	8986.88476157733	-2.412962835365781e-33
9075.863867899368	9257.381244796326	9166.622556347847	-2.365657765335569e-33
9257.381244796328	9442.528969231225	9349.955107013777	-2.3192801673543657e-33
9442.528969231224	9631.37964815482	9536.95430869302	-2.2738118541805226e-33
9631.379648154818	9824.007340656884	9727.693494405852	-2.2292349951324144e-33
9824.007340656886	10020.487587008995	9922.24746383294	-2.1855321090933216e-33
10020.487587008995	10220.897438288144	10120.69251264857	-2.142686057653075e-33
10220.897438288146	10425.31548659288	10323.106462440512	-2.1006800383837492e-33
10425.31548659288	10633.821895863708	10529.568691228294	-2.0594975782466984e-33
10633.821895863706	10846.49843331995	10740.160164591827	-2.019122527128285e-33
10846.498433319952	11063.42850152532	10954.963467422636	-1.979539051501679e-33
11063.428501525323	11284.6971710948	11174.062836310062	-1.940731628212163e-33
11284.697171094798	11510.391214055664	11397.544192575231	-1.9026850383833535e-33
11510.391214055666	11740.59913787575	11625.495175965709	-1.8653843614418215e-33
11740.599137875748	11975.411220172233	11858.00517902399	-1.8288149692575803e-33
11975.411220172233	12214.919544114648	12095.165382143441	-1.792962520397896e-33
12214.919544114648	12459.21803453591	12337.06878932528	-1.757812954491886e-33
12459.21803453591	12708.402494765598	12583.810264650754	-1.723352486703298e-33
12708.402494765598	12962.57064419988	12835.486569482739	-1.6895676023088167e-33
12962.570644199881	13221.822156622848	13092.196400411365	-1.6564450513791097e-33
13221.822156622848	13486.258699294274	13354.04042795856	-1.623971843559649e-33
13486.25869929427	13755.983972819125	13621.121336056698	-1.592135242948066e-33
13755.983972819127	14031.103751814479	13893.543862316803	-1.5609227630643602e-33
14031.103751814479	14311.725926389738	14171.414839102108	-1.5303221619096308e-33
14311.72592638974	14597.960544456502	14454.84323542312	-1.5003214371079278e-33
14597.960544456502	14889.919854884602	14743.940199670553	-1.4709088211241461e-33
14889.919854884598	15187.718351521258	15038.819103202928	-1.44207277654802e-33
15187.71835152126	15491.472818090653	15339.595584805957	-1.4138019914293223e-33
15491.472818090655	15801.302373991437	15646.387596041046	-1.3860853746402793e-33
15801.302373991437	16117.328521010233	15959.315447500834	-1.3589120512233304e-33
16117.328521010233	16439.675190969407	16278.50185598982	-1.332271357644462e-33
16439.675190969407	16768.468794327764	16604.071992648584	-1.3061528367826062e-33
16768.46879432776	17103.838269753283	16936.153532040524	-1.2805462322400413e-33
17103.838269753283	17445.915134687315	17274.8767022203	-1.2554414807250806e-33
17445.915134687315	17794.83353692003	17620.374335803674	-1.2308286971685289e-33
17794.833536920032	18150.730307197402	17972.78192205872	-1.2066980913295024e-33
18150.730307197402	18513.745012880318	18332.23766003886	-1.1830403467823233e-33
18513.745012880314	18884.020012676887	18698.8825127786	-1.159846368844239e-33
18884.02001267689	19261.700512469397	19072.860262573144	-1.1371070579145184e-33
19261.700512469393	19646.934622257748	19454.31756736357	-1.114813491720798e-33
19646.934622257748	20039.87341424187	19843.404018249807	-1.0929569214273628e-33
20039.873414241873	20440.670982065676	20240.272198153776	-1.071528767547478e-33
20440.670982065676	20849.484501245955	20645.077741655816	-1.0505206153730975e-33
20849.484501245955	21266.47429080984	21057.9793960279	-1.0299242091343778e-33
21266.47429080984	21691.803876165006	21479.139083487426	-1.0097314420379627e-33
21691.803876165002	22125.640053227267	21908.721964696135	-9.899343238682333e-34
22125.640053227267	22568.152953830777	22346.896503529024	-9.705249820102119e-34
22568.152953830777	23019.51611244636	22793.834533138568	-9.514961632178888e-34
23019.516112446363	23479.906534234255	23249.711323340307	-9.328404031728089e-34
23479.90653423425	23949.504764457903	23714.705649346077	-9.145503833857244e-34
23949.5047644579	24428.49495928602	24188.999861871962	-8.966189281598582e-34
24428.49495928602	24917.064958010706	24672.779958648363	-8.790390015170841e-34
24917.06495801071	25415.40635670989	25166.2356573603	-8.618037040070817e-34
25415.40635670989	25923.71458338305	25669.56047004647	-8.449062692193117e-34
25923.71458338305	26442.188974589677	26182.951778986364	-8.283400595202052e-34
26442.18897458967	26971.032853620425	26706.610914105047	-8.120985593893594e-34
26971.032853620432	27510.453610231805	27240.74323192612	-7.961753573764803e-34
