-0.0	9.953897499377266e-5	4.976948749688633e-5	-3.337223481170665e-30
9.953897499377266e-5	0.0002010687294874207	0.00015030385224059668	-3.3372184701531454e-30
0.00020106872948742058	0.0003046290790709416	0.00025284890427918107	-3.3372129244747446e-30
0.0003046290790709413	0.00041026063564613265	0.000357444857358537	-3.337206450464199e-30
0.0004102606356461331	0.0005180048233528283	0.0004641327294994807	-3.337199181701192e-30
0.0005180048233528287	0.0006279038948136577	0.0005729543590832433	-3.337191242909511e-30
0.0006279038948136573	0.0007400009477037028	0.0006839524212586801	-3.337182727895886e-30
0.000740000947703703	0.0008543399416515495	0.0007971704446776262	-3.337173704994753e-30
0.0008543399416515493	0.0009709657154783526	0.0009126528285649509	-3.337164223662421e-30
0.0009709657154783523	0.0010899240047816917	0.001030444860130022	-3.337154319653026e-30
0.0010899240047816917	0.0012112614598710977	0.0011505927323263946	-3.3371440186473226e-30
0.0012112614598710973	0.0013350256640622914	0.0012731435619666943	-3.337133339015887e-30
0.0013350256640622922	0.00146126515233731	0.0013981454081998012	-3.337122293660703e-30
0.0014612651523373099	0.0015900294303778282	0.001525647291357569	-3.337110891413457e-30
0.0015900294303778277	0.0017213689939791564	0.001655699212178492	-3.337099138010442e-30
0.0017213689939791568	0.0018553353488525118	0.0017883521714158342	-3.337087036806518e-30
0.0018553353488525112	0.0019919810308233333	0.0019236581898379223	-3.33707458924606e-30
0.0019919810308233333	0.002131359626433572	0.0020616703286284524	-3.3370617953179596e-30
0.0021313596264335728	0.002273525793956016	0.0022024427101947942	-3.337048653809931e-30
0.0022735257939560153	0.0024185352848289073	0.002346030539392461	-3.337035162428355e-30
0.002418535284828908	0.002566444965519258	0.002492490125174083	-3.3370213181512455e-30
0.002566444965519257	0.002717312839823414	0.0026418789026713355	-3.3370071170968934e-30
0.002717312839823413	0.0028711980716136527	0.002794255455718533	-3.336992554881802e-30
0.002871198071613654	0.0030281610080396984	0.002949679539826676	-3.3369776264538256e-30
0.003028161008039698	0.0031882632031942633	0.0031082121056169804	-3.3369623263322716e-30
0.003188263203194263	0.0033515674422519193	0.0032699153227230913	-3.3369466494930514e-30
0.0033515674422519197	0.0035181377660907292	0.0034348526041713245	-3.336930592174535e-30
0.0035181377660907292	0.003688039496406315	0.003603088631248522	-3.336914149895834e-30
0.0036880394964063155	0.003861339261328213	0.0037746893788672643	-3.336897317591949e-30
0.003861339261328213	0.004038105021548549	0.003949722141438381	-3.33688008942546e-30
0.004038105021548548	0.00421840609697329	0.004128255559260919	-3.3368624589923064e-30
0.00421840609697329	0.004402313193906526	0.004310359645439908	-3.336844419635087e-30
0.004402313193906526	0.004589898432778427	0.004496105813342477	-3.3368259642770246e-30
0.004589898432778428	0.004781235376427767	0.004685566904603098	-3.3368070852441386e-30
0.0047812353764277666	0.0049763990589500925	0.00487881721768893	-3.336787774324293e-30
0.004976399058950093	0.005175466015122866	0.0050759325370364795	-3.336768023023158e-30
0.005175466015122865	0.005378514310419092	0.005276990162770979	-3.3367478225695964e-30
0.005378514310419092	0.005585623571621245	0.005482068941020169	-3.3367271638381164e-30
0.005585623571621245	0.00579687501804744	0.0056912492948343425	-3.3367060373410255e-30
0.005796875018047441	0.00601235149340216	0.0059046132557248	-3.336684433237139e-30
0.00601235149340216	0.006232137498263974	0.006122244495833067	-3.336662341330122e-30
0.006232137498263972	0.006456319223223022	0.006344228360743497	-3.336639751051596e-30
0.006456319223223021	0.006684984582681251	0.006570651902952136	-3.336616651432556e-30
0.006684984582681254	0.006918223249328648	0.0068016039160049505	-3.336593031101574e-30
0.006918223249328647	0.00715612668930899	0.007037174969318818	-3.3365688781735106e-30
0.00715612668930899	0.007398788198088939	0.007277457443698964	-3.336544180149081e-30
0.007398788198088939	0.007646302937044488	0.0075225455675667135	-3.336518923896847e-30
0.007646302937044487	0.007898767970779146	0.007772535453911817	-3.336493095677137e-30
0.007898767970779147	0.0081562823051885	0.008027525137983823	-3.336466681213528e-30
0.0081562823051885	0.00841894692628604	0.008287614615737269	-3.33643966576269e-30
0.00841894692628604	0.00868686483980553	0.008552905883045785	-3.3364120341835326e-30
0.008686864839805528	0.008960141111595408	0.008823502975700469	-3.33638377097868e-30
0.008960141111595408	0.009238882908821085	0.009099512010208246	-3.336354860290989e-30
0.009238882908821085	0.009523199541991274	0.00938104122540618	-3.336325285890924e-30
0.009523199541991274	0.009813202507824869	0.009668201024908072	-3.336295031179581e-30
0.00981320250782487	0.010109005532975137	0.009961104020400003	-3.336264079208325e-30
0.010109005532975134	0.010410724618628405	0.01025986507580177	-3.336232412628573e-30
0.010410724618628405	0.010718478085994741	0.010564601352311572	-3.336200013706828e-30
0.010718478085994743	0.011032386622708406	0.010875432354351573	-3.336166864291083e-30
0.011032386622708406	0.011352573330156341	0.011192479976432374	-3.336132945807657e-30
0.011352573330156343	0.011679163771753237	0.01151586855095479	-3.336098239244567e-30
0.011679163771753237	0.01201228602218207	0.011845724896967653	-3.336062725131078e-30
0.012012286022182067	0.012352070717619476	0.012182178369900772	-3.336026383476605e-30
0.01235207071761948	0.012698651106965636	0.012525360912292557	-3.335989193681357e-30
0.012698651106965634	0.013052163104098714	0.012875407105532175	-3.335951134496614e-30
0.013052163104098714	0.013412745341174455	0.013232454222636584	-3.335912184208253e-30
0.013412745341174457	0.013780539222991713	0.013596642282083085	-3.33587232051903e-30
0.013780539222991713	0.014155688982445314	0.013968114102718514	-3.33583152077802e-30
0.014155688982445312	0.014538341737087986	0.014347015359766648	-3.335789761767053e-30
0.014538341737087988	0.014928647546823513	0.01473349464195575	-3.335747019702924e-30
0.014928647546823513	0.01532675947275375	0.01512770350978863	-3.335703270122134e-30
0.01532675947275375	0.01573283363720259	0.01552979655497817	-3.335658487818053e-30
0.01573283363720259	0.01614702928494041	0.015939931461071498	-3.3356126468176634e-30
0.016147029284940405	0.016569508845632977	0.01635826906528669	-3.335565720429404e-30
0.016569508845632984	0.01700043799753941	0.016784973421586198	-3.335517681285722e-30
0.017000437997539405	0.01743998573248396	0.017220211865011683	-3.335468501502778e-30
0.01743998573248396	0.017888324422127407	0.017664155077305684	-3.335418152624815e-30
0.017888324422127403	0.018345629885563715	0.01811697715384556	-3.335366605286733e-30
0.01834562988556372	0.018812081458268758	0.018578855671916236	-3.335313829165002e-30
0.018812081458268758	0.0192878620624279	0.01904997176034833	-3.3352597931687525e-30
0.019287862062427896	0.019773158278670218	0.019530510170549055	-3.335204465339716e-30
0.019773158278670218	0.020268160419237388	0.020020659348953803	-3.3351478128295656e-30
0.020268160419237388	0.0207730626026159	0.020520611510926642	-3.335089802035569e-30
0.0207730626026159	0.02128806282966198	0.021030562716138942	-3.3350303985831755e-30
0.02128806282966198	0.021813363061248984	0.021550712945455484	-3.334969567015154e-30
0.021813363061248984	0.022349169297467726	0.022081266179358357	-3.334907271040277e-30
0.02234916929746773	0.022895691658410846	0.022622430477939288	-3.334843473167139e-30
0.022895691658410842	0.02345314446657282	0.023174418062491833	-3.334778134850114e-30
0.02345314446657282	0.024021746330898038	0.02373744539873543	-3.334711216390724e-30
0.024021746330898045	0.02460172023250977	0.024311733281703905	-3.334642677813926e-30
0.02460172023250977	0.025193293612153726	0.024897506922331746	-3.334572478930645e-30
0.025193293612153722	0.02579669845939056	0.02549499603577214	-3.3345005779274754e-30
0.02579669845939056	0.026412171403572132	0.026104434931481346	-3.334426931523132e-30
0.026412171403572136	0.02703995380663734	0.02672606260510474	-3.334351495172323e-30
0.02703995380663734	0.027680291857763845	0.027360122832200594	-3.33427422256196e-30
0.027680291857763845	0.028333436669912882	0.028006864263838364	-3.334195066889245e-30
0.028333436669912882	0.0289996443783049	0.028666540524108892	-3.334113979738508e-30
0.028999644378304903	0.02967917624086476	0.029339410309584833	-3.33403091136527e-30
0.02967917624086476	0.030372298740675815	0.03002573749077029	-3.333945810366094e-30
0.030372298740675818	0.031079283690483094	0.030725791215579456	-3.33385862372729e-30
0.031079283690483087	0.03180040833928651	0.031439846014884795	-3.333769296936134e-30
0.03180040833928651	0.032535955481066	0.03216818191017626	-3.333677774642258e-30
0.032535955481066005	0.03328621356568108	0.032911084523373546	-3.333583999570136e-30
0.03328621356568108	0.03405147681198846	0.03366884518883477	-3.333487912671548e-30
0.03405147681198846	0.03483204532322199	0.03444176106760523	-3.333389453513881e-30
0.03483204532322199	0.03562822520468019	0.03523013526395109	-3.333288559267321e-30
0.03562822520468018	0.036440328683767544	0.03603427694422386	-3.33318516617237e-30
0.036440328683767544	0.037268674232436655	0.036854501458102096	-3.333079208223841e-30
0.037268674232436655	0.03811358669207914	0.0376911304622579	-3.3329706178683626e-30
0.03811358669207915	0.03897539740091449	0.03854449204649682	-3.332859324965438e-30
0.038975397400914484	0.03985444432392653	0.0394149208624205	-3.33274525791142e-30
0.03985444432392653	0.040751072185398814	0.040302758254662674	-3.332628341755863e-30
0.040751072185398814	0.04166563260410055	0.04120835239474968	-3.332508500608156e-30
0.04166563260410054	0.042598484231176306	0.042132058417638424	-3.332385657002885e-30
0.04259848423117632	0.0435499928907936	0.04307423856098496	-3.332259729771018e-30
0.043549992890793594	0.04452053172360322	0.04403526230719841	-3.332130636492115e-30
0.044520531723603214	0.04551048133306903	0.04501550652833612	-3.331998291457257e-30
0.045510481333069036	0.04652022993472417	0.0460153556338966	-3.3318626068858675e-30
0.04652022993472417	0.047550173508412404	0.04703520172156829	-3.331723493570553e-30
0.04755017350841241	0.04860071595357441	0.048075444730993414	-3.331580858406186e-30
0.04860071595357442	0.04967226924763966	0.04913649260060704	-3.331434606432533e-30
0.04967226924763965	0.05076525360758619	0.05021876142761292	-3.3312846401340425e-30
0.0507652536075862	0.05188009765473167	0.051322675631158936	-3.331130857278123e-30
0.051880097654731665	0.05301723858282005	0.052448668118775854	-3.3309731549462794e-30
0.05301723858282006	0.05417712232947021	0.05359718045614513	-3.3308114267636306e-30
0.0541771223294702	0.055360203751053355	0.054768663040261775	-3.330645562806464e-30
0.055360203751053355	0.05656694680106817	0.05596357527606076	-3.330475451166441e-30
0.05656694680106818	0.057797824712083286	0.057182385756575735	-3.330300974422472e-30
0.05779782471208328	0.059053320181318696	0.05842557244670099	-3.3301220124256144e-30
0.0590533201813187	0.06033392555993882	0.059693622870628765	-3.3299384443250514e-30
0.06033392555993882	0.06164014304613134	0.06098703430303508	-3.329750141894124e-30
0.06164014304613134	0.06297248488204772	0.06230631396408953	-3.329556976698031e-30
0.06297248488204771	0.06433147355468241	0.06365197921836506	-3.329358813387245e-30
0.06433147355468241	0.06571764200076981	0.06502455777772612	-3.329155514691769e-30
0.06571764200076981	0.06713153381577895	0.06642458790827438	-3.328946938834996e-30
0.06713153381577895	0.06857370346708827	0.0678526186414336	-3.3287329383463954e-30
0.06857370346708827	0.07004471651142379	0.06930920998925602	-3.328513366003883e-30
0.07004471651142379	0.071545149816646	0.0707949331640349	-3.328288065761539e-30
0.071545149816646	0.07307559178797267	0.07231037080230934	-3.328056878087121e-30
0.07307559178797267	0.07463664259872586	0.07385611719334927	-3.327819639945795e-30
0.07463664259872586	0.07622891442569413	0.07543277851221	-3.3275761816736164e-30
0.07622891442569411	0.07785303168920174	0.07704097305744792	-3.327326330194119e-30
0.07785303168920174	0.07950963129797951	0.07868133149359063	-3.327069907813669e-30
0.07950963129797951	0.08119936289893284	0.08035449709845618	-3.326806730592131e-30
0.08119936289893284	0.08292288913190524	0.08206112601541904	-3.3265366066647054e-30
0.08292288913190525	0.0846808858895371	0.08380188751072118	-3.3262593424621676e-30
0.08468088588953708	0.08647404258232155	0.08557746423592932	-3.325974736556697e-30
0.08647404258232155	0.08830306240896171	0.08738855249564163	-3.325682580357308e-30
0.08830306240896173	0.0901686626321347	0.08923586252054821	-3.3253826647532594e-30
0.09016866263213469	0.09207157485977112	0.09112011874595291	-3.325074768569878e-30
0.09207157485977113	0.09401254533196028	0.09304206009586571	-3.324758662436994e-30
0.09401254533196027	0.09599233521359321	0.09500244027277674	-3.3244341147784136e-30
0.09599233521359321	0.09801172089285881	0.09700202805322601	-3.324100886420153e-30
0.0980117208928588	0.1000714942857097	0.09904160758928425	-3.323758728686797e-30
0.10007149428570972	0.10217246314641765	0.10112197871606368	-3.323407389622764e-30
0.10217246314641763	0.10431545138433972	0.10324395726537867	-3.323046606170335e-30
0.10431545138433973	0.10650129938702026	0.10540837538567999	-3.322676103606479e-30
0.10650129938702026	0.10873086434975439	0.10761608186838732	-3.3222956019195276e-30
0.10873086434975437	0.1110050206117432	0.10986794248074878	-3.321904816279696e-30
0.1110050206117432	0.11332465999897179	0.11216484030535749	-3.32150344987915e-30
0.11332465999897177	0.11569069217394494	0.11450767608645836	-3.321091195540816e-30
0.11569069217394495	0.11810404499241757	0.11689736858318125	-3.320667739169957e-30
0.11810404499241758	0.12056566486725966	0.11933485492983861	-3.320232752151779e-30
0.12056566486725963	0.12307651713959854	0.12182109100342908	-3.3197858937929194e-30
0.12307651713959855	0.12563758645738424	0.1243570517984914	-3.3193268189750686e-30
0.12563758645738424	0.12824987716152564	0.12694373180945495	-3.31885517388295e-30
0.12824987716152564	0.13091441367974987	0.12958214542063776	-3.3183705933726586e-30
0.13091441367974987	0.13363224092833859	0.13227332730404423	-3.317872687696746e-30
0.13363224092833859	0.13640442472189906	0.13501833282511883	-3.317361058586092e-30
0.13640442472189906	0.13923205219133075	0.1378182384566149	-3.316835300070837e-30
0.1392320521913308	0.14211623221015113	0.14067414220074098	-3.316294988132547e-30
0.1421162322101511	0.14505809582934784	0.14358716401974947	-3.315739686476696e-30
0.14505809582934784	0.1480587967209285	0.14655844627513817	-3.315168954264032e-30
0.1480587967209285	0.1511195116303408	0.14958915417563465	-3.314582320039794e-30
0.1511195116303408	0.1542414408379413	0.15268047623414105	-3.313979274385558e-30
0.1542414408379413	0.15742580862969385	0.15583362473381757	-3.313359308722749e-30
0.15742580862969385	0.16067386377728143	0.15904983620348764	-3.312721904576606e-30
0.16067386377728143	0.16398688002782077	0.16233037190255112	-3.3120665245515226e-30
0.16398688002782077	0.1673661566033709	0.16567651831559582	-3.311392600735273e-30
0.1673661566033709	0.17081301871043203	0.16908958765690146	-3.3106995326490084e-30
0.170813018710432	0.17432881805963435	0.1725709183850332	-3.3099867220879136e-30
0.17432881805963435	0.17791493339582073	0.17612187572772753	-3.3092535537619365e-30
0.17791493339582073	0.18157277103873085	0.1797438522172758	-3.308499392556806e-30
0.18157277103873087	0.1853037654344992	0.18343826823661502	-3.307723562086841e-30
0.18530376543449914	0.1891093797181828	0.187206572576341	-3.306925372839499e-30
0.18910937971818284	0.19299110628754018	0.1910502430028615	-3.306104116886835e-30
0.19299110628754018	0.19695046738828467	0.1949707868379124	-3.305259075856828e-30
0.19695046738828464	0.20098901571104402	0.19896974154966435	-3.304389496733855e-30
0.20098901571104408	0.20510833500025866	0.20304867535565135	-3.303494609244242e-30
0.20510833500025863	0.2093100406752575	0.20720918783775805	-3.302573627994013e-30
0.2093100406752575	0.21359578046375632	0.2114529105695069	-3.301625728226026e-30
0.21359578046375632	0.21796723504802512	0.21578150775589072	-3.300650057102424e-30
0.21796723504802512	0.2224261187239793	0.2201966768860022	-3.299645762107271e-30
0.22242611872397927	0.22697418007345255	0.2247001493987159	-3.298611958156924e-30
0.22697418007345255	0.23161320264991528	0.22929369136168393	-3.2975477271917386e-30
0.23161320264991528	0.23634500567790726	0.23397910416391127	-3.29645215259924e-30
0.23634500567790728	0.2411714447664591	0.2387582252221832	-3.295324261906441e-30
0.24117144476645908	0.24609441263678192	0.2436329287016205	-3.294163058926419e-30
0.24609441263678195	0.25111583986451125	0.2486051262506466	-3.292967539048777e-30
0.25111583986451125	0.25623769563679516	0.2536767677506532	-3.29173665267153e-30
0.2562376956367951	0.2614619885245247	0.25884984208065986	-3.2904693594320695e-30
0.2614619885245247	0.26679076727000883	0.2641263778972668	-3.289164540198234e-30
0.26679076727000883	0.27222612159040266	0.2695084444302057	-3.2878210861136276e-30
0.2722261215904027	0.2777701829972044	0.27499815229380353	-3.286437890232569e-30
0.2777701829972044	0.28342512563214217	0.2805976543146733	-3.28501374209454e-30
0.28342512563214217	0.28919316711977866	0.2863091463759604	-3.283547410053146e-30
0.28919316711977866	0.29507656943716787	0.29213486827847324	-3.28203767648719e-30
0.2950765694371678	0.3010776398009048	0.2980771046190363	-3.280483223494108e-30
0.30107763980090485	0.3071987315719166	0.3041381856864107	-3.278882842962727e-30
0.30719873157191663	0.3134422451783486	0.3103204883751326	-3.277235171686977e-30
0.31344224517834857	0.31981062905690916	0.31662643711762883	-3.275538878833632e-30
0.3198106290569092	0.326306380613041	0.3230585048349751	-3.2737925892805345e-30
0.326306380613041	0.33293204720029546	0.32961921390666826	-3.2719948642475555e-30
0.3329320472002955	0.33969022711929503	0.33631113715979527	-3.270144276362232e-30
0.33969022711929503	0.34658357063667455	0.3431368988779848	-3.268239290295644e-30
0.3465835706366745	0.35361478102440164	0.35009917583053807	-3.266278420022461e-30
0.35361478102440164	0.3607866156198833	0.35720069832214246	-3.2642600568501976e-30
0.3607866156198833	0.3681018869072746	0.36444425126357893	-3.262182774605739e-30
0.36810188690727463	0.37556346362041376	0.3718326752638442	-3.260044917550364e-30
0.3755634636204137	0.3831742718678156	0.37936886774411466	-3.257844801482364e-30
0.38317427186781555	0.3909372962801655	0.38705578407399055	-3.255580788231098e-30
0.39093729628016555	0.3988555811807625	0.394896438730464	-3.253251193268828e-30
0.3988555811807624	0.40693223177937127	0.40289390648006684	-3.2508541392372834e-30
0.40693223177937127	0.4151704153899523	0.4110513235846618	-3.248388079276064e-30
0.4151704153899523	0.4235733626727449	0.4193718890313486	-3.245851144277389e-30
0.423573362672745	0.43214436890119345	0.4278588657869692	-3.243241376803128e-30
0.4321443689011934	0.4408867952542109	0.43651558207770214	-3.240557110895154e-30
0.4408867952542108	0.44980407013428864	0.44534543269424975	-3.2377964039411084e-30
0.4498040701342887	0.45889969051196805	0.45435188032312834	-3.234957366594981e-30
0.4588996905119681	0.468177223297201	0.46353845690458456	-3.2320378616797335e-30
0.4681772232972011	0.4776403067381387	0.4729087650176699	-3.229036085743544e-30
0.47764030673813856	0.4872926518478949	0.4824664792930167	-3.225949954246113e-30
0.48729265184789494	0.4971380438598464	0.49221534785387067	-3.222777403605276e-30
0.49713804385984633	0.5071803437120368	0.5021591937859415	-3.219516546768997e-30
0.5071803437120368	0.517423489561271	0.5123019166366539	-3.216164985873723e-30
0.5174234895612712	0.5278714983274901	0.5226474939443806	-3.212720914756451e-30
0.5278714983274901	0.5385284672690335	0.5331999827982619	-3.2091821100782296e-30
0.5385284672690335	0.5493985755894076	0.5439635214292206	-3.2055462979195884e-30
0.5493985755894077	0.5604860860761894	0.5549423308327985	-3.201811490665245e-30
0.5604860860761894	0.5717953467727067	0.5661407164244481	-3.1979750032263566e-30
0.5717953467727067	0.5833307926831544	0.5775630697279306	-3.19403521721113e-30
0.5833307926831544	0.595096947511811	0.5892138700974827	-3.189989712962946e-30
0.5950969475118111	0.6070984254370408	0.601097686474426	-3.185835716315596e-30
0.6070984254370407	0.619339932920775	0.6132191791789079	-3.181571912494687e-30
0.619339932920775	0.631826270554184	0.6255831017374796	-3.177194921461794e-30
0.631826270554184	0.6445623349402613	0.6381943027472227	-3.172703183616683e-30
0.6445623349402613	0.65755312061406	0.6510577277771606	-3.168094660913074e-30
0.65755312061406	0.6708037220013348	0.6641784213076973	-3.163365736375124e-30
0.6708037220013346	0.6843193354163548	0.6775615287088448	-3.1585156138722365e-30
0.6843193354163548	0.6981052610996754	0.6912122982580151	-3.1535408598385978e-30
0.6981052610996754	0.7121669052966624	0.7051360831981689	-3.148440039458877e-30
0.7121669052966624	0.7265097823775891	0.7193383438371257	-3.1432104078670152e-30
0.7265097823775891	0.7411395170001344	0.7338246496888617	-3.1378498603360536e-30
0.7411395170001344	0.7560618463151305	0.7486006816576325	-3.13235617627675e-30
0.7560618463151304	0.7712826222164265	0.7636722342657785	-3.126727058263534e-30
0.7712826222164265	0.7868078136357485	0.7790452179260875	-3.12096054393646e-30
0.7868078136357485	0.8026435088834569	0.7947256612596028	-3.115055280772099e-30
0.8026435088834569	0.8187959180361195	0.8107197134597882	-3.109008222298018e-30
0.8187959180361196	0.8352713753718355	0.8270336467039776	-3.1028185733168694e-30
0.8352713753718353	0.8520763418542654	0.8436738586130503	-3.0964843868206947e-30
0.8520763418542654	0.8692174076663441	0.8606468747603048	-3.0900045563115493e-30
0.8692174076663441	0.8867012947946644	0.8779593512305043	-3.083376100922173e-30
0.8867012947946645	0.9045348596655512	0.8956180772301079	-3.0765986610398346e-30
0.9045348596655511	0.9227250958338555	0.9136299777497033	-3.0696710684499095e-30
0.9227250958338556	0.9412791367255261	0.9320021162796909	-3.0625917004219655e-30
0.9412791367255261	0.96020425843503	0.950741697580278	-3.0553594662771084e-30
0.9602042584350299	0.9795078825787238	0.9698560705068768	-3.0479721398668466e-30
0.9795078825787238	0.9991975792052916	0.9893527308920077	-3.0404294711851923e-30
0.9991975792052917	1.0192810697643908	1.0092393244848412	-3.032730981952334e-30
1.0192810697643908	1.039766230134672	1.0295236499495313	-3.024875815485589e-30
1.039766230134672	1.0606610937123586	1.0502136619235154	-3.016861694159918e-30
1.0606610937123588	1.0819738545615993	1.071317474136979	-3.008687644835031e-30
1.0819738545615993	1.1037128706278245	1.0928433625947118	-3.0003547942918806e-30
1.1037128706278245	1.1258866670153744	1.1147997688215994	-2.9918626923984593e-30
1.1258866670153742	1.148503939330675	1.1371953031730246	-2.9832098653923334e-30
1.1485039393306753	1.171573557092282	1.1600387482114787	-2.9743936338018513e-30
1.171573557092282	1.195104567209121	1.1833390621507016	-2.96541588567335e-30
1.195104567209121	1.2191061975282966	1.2071053823687088	-2.9562774884152464e-30
1.2191061975282966	1.2435878604538557	1.2313470289910762	-2.946976668821557e-30
1.243587860453856	1.2685591566379264	1.2560735085458912	-2.9375127089724002e-30
1.268559156637926	1.2940298787456777	1.2812945176918018	-2.927887126670099e-30
1.2940298787456779	1.3200100152955847	1.3070199470206312	-2.918098336960834e-30
1.3200100152955847	1.3465097545764897	1.3332598849360373	-2.9081472967078672e-30
1.3465097545764895	1.3735394886430126	1.360024621609751	-2.898034589765458e-30
1.3735394886430126	1.401109817390866	1.3873246530169392	-2.8877597553580146e-30
1.401109817390866	1.4292315527136765	1.4151706850522712	-2.877323948093665e-30
1.4292315527136763	1.457915722742943	1.4435736377283095	-2.866726757093351e-30
1.4579157227429431	1.487173576172795	1.4725446494578691	-2.8559692027556677e-30
1.487173576172795	1.5170165866712442	1.5020950814220195	-2.8450515929112648e-30
1.5170165866712444	1.5474564573796623	1.5322365220254532	-2.833974850055977e-30
1.5474564573796623	1.5785051255022486	1.5629807914409555	-2.8227395198687532e-30
1.5785051255022486	1.6101747669872868	1.5943399462447676	-2.811345971959282e-30
1.6101747669872866	1.6424778013020254	1.626326284144656	-2.7997965494361892e-30
1.6424778013020256	1.6754268963030592	1.6589523488025424	-2.788091080546562e-30
1.6754268963030592	1.7090349732041135	1.6922309347535864	-2.7762313417249783e-30
1.709034973204113	1.7433152116431883	1.7261750924236505	-2.764218224540378e-30
1.7433152116431885	1.7782810548510453	1.7607981332471168	-2.752053050105209e-30
1.7782810548510457	1.8139462149230596	1.7961136348870528	-2.739736722064448e-30
1.8139462149230594	1.8503246781965137	1.8321354465597866	-2.7272707280796453e-30
1.8503246781965135	1.8874307107354367	1.868877694465975	-2.7146569224935377e-30
1.887430710735437	1.9252788639251386	1.9063547873302877	-2.701896633073209e-30
1.9252788639251386	1.9638839801786343	1.9445814220518864	-2.6889910192795626e-30
1.9638839801786343	2.0032611987571998	1.983572589467917	-2.6759421758262827e-30
2.0032611987571998	2.0434259617073365	2.023343580232268	-2.6627512419934755e-30
2.0434259617073365	2.084394019916476	2.063909990811906	-2.6494201009534575e-30
2.084394019916476	2.1261814392897986	2.1052877296031376	-2.6359525616555828e-30
2.126181439289799	2.1688046070505878	2.1474930231701936	-2.6223495272849315e-30
2.1688046070505878	2.2122802381665925	2.19054242260859	-2.608612364825621e-30
2.212280238166592	2.2566253819049167	2.234452810035754	-2.5947425284365178e-30
2.256625381904917	2.3018574285180082	2.2792414052114625	-2.5807424092420287e-30
2.3018574285180082	2.347994116063361	2.3249257722906846	-2.5666155534638362e-30
2.347994116063361	2.395053537359621	2.371523826711491	-2.5523636149356875e-30
2.395053537359621	2.4430541470818063	2.4190538422207135	-2.5379887882066747e-30
2.4430541470818063	2.4920147689984353	2.467534458040121	-2.5234932543862926e-30
2.4920147689984353	2.5419546033533966	2.516984686175916	-2.5088794806835513e-30
2.5419546033533966	2.5928932343954574	2.567423918874427	-2.4941500186475503e-30
2.5928932343954574	2.6448506380583594	2.6188719362269084	-2.4793072838500842e-30
2.644850638058359	2.6978471897945187	2.6713489139264386	-2.4643538834651137e-30
2.697847189794519	2.751903672565402	2.7248754311799606	-2.4492919674783444e-30
2.7519036725654016	2.807041284991702	2.779472478778552	-2.434124327982969e-30
2.8070412849917026	2.863281649666529	2.835161467329116	-2.4188538864650697e-30
2.8632816496665288	2.920646821634852	2.8919642356506903	-2.4034832868274312e-30
2.920646821634852	2.9791592970425413	2.9499030593386966	-2.3880158400565002e-30
2.979159297042542	3.038842021958385	3.0090006595004635	-2.3724539224424556e-30
3.038842021958385	3.099718401372545	3.069280211665465	-2.356799964454363e-30
3.099718401372545	3.1618123083749885	3.130765354873767	-2.341056800771392e-30
3.161812308374988	3.2251480935174803	3.193480200946234	-2.325227599486938e-30
3.2251480935174803	3.2897505943628222	3.2574493439401513	-2.3093157574730397e-30
3.2897505943628227	3.3556451452250715	3.322697869793947	-2.2933238838054126e-30
3.355645145225072	3.422857587104566	3.389251366164819	-2.2772551476471473e-30
3.422857587104566	3.4914142778216495	3.4571359324631077	-2.2611124439067514e-30
3.491414277821649	3.5613421023530742	3.5263781900873616	-2.2448985383182846e-30
3.5613421023530742	3.632668483375128	3.597005292864101	-2.22861656168892e-30
3.6326684833751277	3.7054213920176227	3.669044937696375	-2.2122698383895724e-30
3.705421392017622	3.779629358832967	3.7425253754252945	-2.195861293826479e-30
3.7796293588329672	3.8553214849846187	3.817475421908793	-2.179394136985068e-30
3.855321484984619	3.932527453659304	3.8939244693219615	-2.1628718053064137e-30
3.9325274536593033	4.011277541707481	3.9719024976833923	-2.1462972823360546e-30
4.011277541707481	4.091602631516623	4.051440086612052	-2.1296734504786784e-30
4.091602631516623	4.173534223121948	4.132568427319285	-2.1130036217157797e-30
4.173534223121948	4.257104446559379	4.215319334840663	-2.0962909424864778e-30
4.257104446559379	4.342346074465558	4.299725260512469	-2.0795385512069073e-30
4.342346074465559	4.429292534929862	4.38581930469771	-2.062749556141316e-30
4.4292925349298615	4.517977924603451	4.473635229766656	-2.045927046555366e-30
4.51797792460345	4.608437022070511	4.5632074733369805	-2.029074108079837e-30
4.608437022070511	4.700705301486913	4.654571161778712	-2.0121938150293193e-30
4.700705301486913	4.794818946491643	4.747762123989277	-1.995289228424393e-30
4.794818946491643	4.890814864396467	4.842816905444055	-1.978363388411891e-30
4.890814864396468	4.988730700659389	4.939772782527928	-1.9614193145501725e-30
4.988730700659389	5.088604853647568	5.038667777153478	-1.944459998321787e-30
5.088604853647569	5.190476489695512	5.13954067167154	-1.927489151555302e-30
5.190476489695511	5.294385558464413	5.242431024079962	-1.9105095338851085e-30
5.294385558464413	5.400372808608692	5.347379183536552	-1.8935239261587088e-30
5.400372808608693	5.508479803755858	5.454426306182276	-1.8765358593965654e-30
5.508479803755859	5.618748938805967	5.563614371280913	-1.8595479465553294e-30
5.618748938805966	5.731223456557077	5.6749861976815215	-1.842562925503629e-30
5.7312234565570765	5.845947464663209	5.788585460610143	-1.8255835528750473e-30
5.845947464663211	5.962965952931467	5.904456708797339	-1.8086133057050132e-30
5.962965952931466	6.082324810965086	6.022645381948276	-1.7916550057972786e-30
6.082324810965086	6.204070846159379	6.143197828562233	-1.77471154030187e-30
6.20407084615938	6.328251802057558	6.266161324108468	-1.7577857163607043e-30
6.328251802057558	6.4549163770737	6.3915840895656295	-1.740879836772818e-30
6.454916377073701	6.584114243590166	6.519515310331934	-1.7239970625934796e-30
6.584114243590165	6.71589606743696	6.650005155513563	-1.707140239444322e-30
6.715896067436961	6.850313527760691	6.783104797598826	-1.690312497911741e-30
6.85031352776069	6.987419337290895	6.9188664325257925	-1.6735160393813815e-30
6.987419337290895	7.127267263011704	7.057343300151299	-1.6567529307860246e-30
7.127267263011705	7.269912147246929	7.198589705129317	-1.640025959279043e-30
7.269912147246929	7.4154099291668585	7.342661038206893	-1.6233386295999504e-30
7.415409929166858	7.5638176667251855	7.489613797946022	-1.6066924709118164e-30
7.5638176667251855	7.71519355903468	7.639505612879933	-1.5900898011656434e-30
7.715193559034678	7.869596969190362	7.79239526411252	-1.5735336567028187e-30
7.869596969190363	8.027088447549161	7.948342708369762	-1.5570264299814407e-30
8.027088447549161	8.187729755475134	8.107409101512147	-1.5405698279972202e-30
8.187729755475134	8.351583889559627	8.26965682251738	-1.5241668717059255e-30
8.351583889559627	8.51871510632581	8.435149497942719	-1.5078195203820054e-30
8.51871510632581	8.689188947427317	8.603952026876563	-1.4915296674806859e-30
8.689188947427317	8.863072265350853	8.776130606389085	-1.4753000615403737e-30
8.863072265350853	9.04043324963286	8.951752757491857	-1.4591320868113222e-30
9.04043324963286	9.221341453600507	9.130887351616684	-1.4430279511432047e-30
9.221341453600507	9.405867821647508	9.313604637624007	-1.4269901692287632e-30
9.405867821647508	9.594084717055448	9.499976269351478	-1.4110200977121837e-30
9.594084717055447	9.786065950371546	9.690075333713496	-1.3951202016658088e-30
9.786065950371546	9.981886808353966	9.883976379362757	-1.3792922528895218e-30
9.981886808353966	10.181624083496034	10.081755445925001	-1.363537870629361e-30
10.181624083496034	10.385356104140945	10.28349009381849	-1.3478591640045357e-30
10.385356104140945	10.593162765198754	10.48925943466985	-1.3322573101946665e-30
10.593162765198754	10.805125559477718	10.699144162338236	-1.3167345407416124e-30
10.805125559477718	11.021327609642261	10.91322658455999	-1.301291616983357e-30
11.021327609642261	11.241853700810095	11.131590655226178	-1.2859310154930044e-30
11.241853700810095	11.466790313801287	11.35432200730569	-1.2706538739356878e-30
11.466790313801285	11.696225659052299	11.581507986426793	-1.2554619146518813e-30
11.6962256590523	11.930249711208337	11.813237685130318	-1.2403563896903178e-30
11.930249711208337	12.168954244407493	12.049601977807914	-1.2253388869488821e-30
12.168954244407491	12.41243286827063	12.290693556339061	-1.2104107471687023e-30
12.41243286827063	12.660781064611031	12.53660696644083	-1.1955733460539122e-30
12.66078106461103	12.914096224878238	12.787438644744633	-1.180827196233639e-30
12.91409622487824	13.172477688350792	13.043286956614516	-1.1661742656696636e-30
13.172477688350792	13.436026781092796	13.304252234721794	-1.1516152092443761e-30
13.436026781092798	13.704846855689642	13.570436818391219	-1.1371518372693136e-30
13.70484685568964	13.97904333177842	13.84194509373403	-1.1227843752545336e-30
13.979043331778422	14.258723737388978	14.1188835345837	-1.1085146048430199e-30
14.258723737388976	14.543997751111744	14.401360744250361	-1.0943433409164077e-30
14.543997751111744	14.834977245108966	14.689487498110356	-1.0802710698874892e-30
14.834977245108968	15.131776328986135	14.98337678704755	-1.0662990334995544e-30
15.131776328986136	15.434511394540847	15.283143861763492	-1.0524277686274585e-30
15.434511394540843	15.743301161406647	15.588906277973745	-1.0386587172868997e-30
15.743301161406647	16.058266723609766	15.900783942508205	-1.0249922271803167e-30
16.05826672360977	16.37953159705695	16.218899160333358	-1.0114290728014627e-30
16.37953159705695	16.707221767973074	16.54337668251501	-9.979700297511395e-31
16.707221767973074	17.041465742307523	16.8743437551403	-9.846154478759516e-31
17.041465742307526	17.382394596128663	17.211930169218093	-9.71366354984577e-31
17.382394596128663	17.730142027026222	17.55626831157744	-9.582230204466025e-31
17.730142027026222	18.084844406541734	17.907493216783976	-9.45186027911829e-31
18.08484440654173	18.44664083364755	18.265742620094642	-9.322559886546616e-31
18.446640833647553	18.81567318929549	18.631157011471522	-9.194335981553766e-31
18.81567318929549	19.192086192056387	19.003879690675937	-9.067187546848317e-31
19.192086192056387	19.5760274548725	19.38405682346444	-8.941121989958518e-31
19.5760274548725	19.967647542944935	19.771837498908717	-8.816140810791979e-31
19.967647542944935	20.36710003277882	20.167373787861877	-8.692250980399224e-31
20.367100032778815	20.774541572409376	20.570820802594096	-8.56945111131119e-31
20.77454157240938	21.19013194283255	20.982336757620963	-8.447748692814417e-31
21.19013194283255	21.614034120664186	21.40208303174837	-8.327143290302736e-31
21.61403412066419	22.046414342052458	21.830224231358322	-8.207636959561811e-31
22.046414342052458	22.48744216786849	22.266928254960476	-8.089229284695865e-31
22.48744216786849	22.937290550200846	22.712366359034668	-7.971920670910914e-31
22.937290550200842	23.396135900179843	23.166713225190342	-7.855719701725042e-31
23.396135900179846	23.86415815715843	23.630147028669136	-7.740621563464396e-31
23.86415815715842	24.341540859276574	24.102849508217496	-7.626628259426933e-31
24.341540859276574	24.828471215437087	24.58500603735683	-7.513736513136874e-31
24.82847121543709	25.325140178720815	25.076805697078953	-7.401945777608312e-31
25.32514017872082	25.83174252127022	25.57844134999552	-7.291263747671378e-31
25.831742521270215	26.348476910670602	26.090109715970407	-7.18168440092007e-31
26.348476910670605	26.875545987859	26.612011449264802	-7.073208128779046e-31
26.875545987858995	27.413156446591156	27.144351217225076	-6.965830142894755e-31
27.41315644659116	27.961519114497964	27.68733778054456	-6.859550831277002e-31
27.961519114497964	28.520849035762904	28.241184075130434	-6.754372599584137e-31
28.52084903576291	29.09136555545315	28.80610729560803	-6.650288352178198e-31
29.091365555453145	29.67329240553719	29.382328980495167	-6.5472960620323675e-31
29.67329240553719	30.266857792622915	29.970075099080052	-6.445394632950227e-31
30.266857792622922	30.87229448745036	30.56957614003664	-6.3445810576652234e-31
30.872294487450354	31.48983991617434	31.181067201812347	-6.244853374908551e-31
31.489839916174343	32.11973625347281	31.804788084823578	-6.146207304534806e-31
32.11973625347281	32.762230517517246	32.44098338549503	-6.048638543494069e-31
32.762230517517246	33.41757466684257	33.08990259217991	-5.952143272256911e-31
33.41757466684257	34.0860256991544	33.75180018299848	-5.85672210848942e-31
34.086025699154405	34.76784575211247	34.42693572563344	-5.762367561146591e-31
34.767845752112464	35.46330220612969	35.11557397912108	-5.669072791085484e-31
35.4633022061297	36.17266778922727	35.81798499767848	-5.576838025306801e-31
36.17266778922727	36.89622068398679	36.53444423660703	-5.485659672027224e-31
36.8962206839868	37.63424463664151	37.265232660314155	-5.395529030198437e-31
37.634244636641505	38.387029068349314	38.01063685249541	-5.306440925887483e-31
38.387029068349314	39.15486918869128	38.7709491285203	-5.218392971347456e-31
39.15486918869128	39.93806611144008	39.54646765006568	-5.131380184692391e-31
39.93806611144008	40.73692697264386	40.33749654204197	-5.045396686754192e-31
40.736926972643865	41.55176505107172	41.14434601185779	-4.960434184458588e-31
41.55176505107172	42.38289989106813	41.96733247106992	-4.876488522422558e-31
42.38289989106812	43.23065742786446	42.80677865946629	-4.793556116036811e-31
43.23065742786446	44.09537011539672	43.66301377163059	-4.711632267521469e-31
44.09537011539672	44.97737705667963	44.536373586038174	-4.630708795111315e-31
44.977377056679636	45.8770241367882	45.42720059673392	-4.550778720256359e-31
45.8770241367882	46.79466415849894	46.33584414764357	-4.471838553734868e-31
46.79466415849895	47.7306569806439	47.26266056957142	-4.393882073091812e-31
47.73065698064389	48.685369659231746	48.20801331993782	-4.316902306032845e-31
48.685369659231746	49.65917659139136	49.17227312531155	-4.240895720145139e-31
49.65917659139135	50.65245966219415	50.15581812679275	-4.165862242087903e-31
50.652459662194154	51.665608394413006	51.15903402830358	-4.091805268565401e-31
51.66560839441301	52.69902010127625	52.18231424784463	-4.018743349439341e-31
52.69902010127624	53.753100042276735	53.22606007177649	-3.946708134354777e-31
53.753100042276735	54.82826158209724	54.29068081218699	-3.8756044590816936e-31
54.82826158209724	55.92492635271416	55.3765939674057	-3.805687921272682e-31
55.92492635271416	57.04352441874341	56.484225385728784	-3.7369412929719674e-31
57.04352441874342	58.184494446093254	57.614009432418335	-3.6693482862386885e-31
58.184494446093254	59.348283873990084	58.76638916004167	-3.6028948889586316e-31
59.348283873990084	60.53534909044485	59.94181648221747	-3.537561718523206e-31
60.535349090444846	61.74615561122871	61.14075235083678	-3.4733329538597517e-31
61.74615561122872	62.981178262428266	62.363666936828494	-3.4101903212238926e-31
62.98117826242826	64.2409013666518	63.61103981454003	-3.3481214484634524e-31
64.2409013666518	65.5258189329598	64.8833601498058	-3.287109678092246e-31
65.5258189329598	66.83643485059396	66.18112689177687	-3.2271376473527573e-31
66.83643485059396	68.1732630865808	67.50484896858738	-3.168191460212595e-31
68.17326308658079	69.53682788728737	68.85504548693407	-3.110255461826904e-31
69.53682788728739	70.9276639840081	70.23224593564774	-3.053314228539393e-31
70.92766398400809	72.34631680266321	71.63699039333565	-2.997353061103072e-31
72.34631680266322	73.79334267769146	73.06982974017734	-2.9423572568849244e-31
73.79334267769144	75.26930907022023	74.53132587395584	-2.888310389467611e-31
75.26930907022025	76.77479479059961	76.02205193040993	-2.8352006961106713e-31
76.7747947905996	78.31039022538656	77.54259250799308	-2.7830114022872304e-31
78.31039022538656	79.87669756886925	79.0935438971279	-2.731729823740221e-31
79.87669756886925	81.4743310592216	80.67551431404542	-2.681340656218132e-31
81.47433105922158	83.10391721938097	82.28912413930128	-2.6318310500192976e-31
83.10391721938097	84.76609510274355	83.93500616106226	-2.5831858817821314e-31
84.76609510274358	86.4615165437734	85.61380582325849	-2.535393139693306e-31
86.4615165437734	88.19084641362383	87.32618147869862	-2.4884393270560035e-31
88.19084641362382	89.95476288087124	89.07280464724752	-2.442310783699105e-31
89.95476288087124	91.75395767746362	90.85436027916742	-2.3969947395732637e-31
91.75395767746362	93.58913636998784	92.67154702372574	-2.3524764551851407e-31
93.58913636998786	95.46101863636257	94.52507750317521	-2.308744883977987e-31
95.46101863636258	97.37033854806478	96.41567859221368	-2.2657863280120574e-31
97.37033854806477	99.31784485800101	98.34409170303289	-2.2235891782730163e-31
99.31784485800102	101.304301294136	100.31107307606851	-2.182142152652864e-31
101.304301294136	103.33048685899367	102.31739407656482	-2.1414306508231638e-31
103.33048685899367	105.39719613514849	104.36384149707108	-2.101445238464826e-31
105.39719613514849	107.50523959682641	106.45121786598745	-2.062171757465665e-31
107.50523959682641	109.65544392773789	108.58034176228216	-2.023599708990196e-31
109.65544392773788	111.84865234526758	110.75204813650274	-1.985718537158357e-31
111.84865234526758	114.08572493114788	112.96718863820773	-1.9485140895296932e-31
114.0857249311479	116.36753896874579	115.22663194994684	-1.911978237864104e-31
116.36753896874578	118.69498928709564	117.5312641279207	-1.876098584271213e-31
118.69498928709562	121.06898861181249	119.88198894945405	-1.8408631352339238e-31
121.06898861181249	123.49046792302367	122.27972826741808	-1.806263469636101e-31
123.49046792302369	125.9603768204591	124.72542237174139	-1.7722870766579396e-31
125.9603768204591	128.47968389584324	127.22003035815118	-1.7389237930713202e-31
128.4796838958432	131.04937711273502	129.7645305042891	-1.7061646961683123e-31
131.04937711273502	133.67046419396465	132.35992065334983	-1.6739984866341188e-31
133.67046419396468	136.3439730168189	135.00721860539178	-1.642414580982811e-31
136.3439730168189	139.0709520161302	137.70746251647455	-1.6114056037587074e-31
139.0709520161302	141.85247059542775	140.46171130577898	-1.5809597212636984e-31
141.85247059542775	144.68961954631123	143.2710450708695	-1.5510662593568953e-31
144.68961954631123	147.58351147621238	146.1365655112618	-1.5217189295258344e-31
147.5835114762124	150.5352812447116	149.05939636046202	-1.492907743708103e-31
150.53528124471157	153.54608640858072	152.04068382664616	-1.4646199855811265e-31
153.54608640858075	156.61710767572728	155.08159704215402	-1.4368510032129316e-31
156.61710767572728	159.74954936821675	158.18332852197202	-1.4095917621345314e-31
159.74954936821675	162.94463989455602	161.34709463138637	-1.3828291038703791e-31
162.94463989455602	166.20363223142206	164.57413606298906	-1.3565583761202188e-31
166.20363223142203	169.5278044150254	167.86571832322372	-1.3307715382086813e-31
169.5278044150254	172.91846004230084	171.22313222866313	-1.3054589780215874e-31
172.91846004230084	176.37692878212178	174.6476944122113	-1.280609715611822e-31
176.37692878212178	179.90456689673914	178.14074783943045	-1.2562197692248553e-31
179.90456689673914	183.50275777364885	181.703662335194	-1.232281098840895e-31
183.50275777364885	187.17291246809674	185.3378351208728	-1.2087819304172548e-31
187.17291246809674	190.9164702564336	189.04469136226516	-1.1857164771656274e-31
190.91647025643357	194.73489920053714	192.82568472848536	-1.1630796468578358e-31
194.73489920053717	198.6296967235228	196.68229796203	-1.1408636676760223e-31
198.6296967235228	202.60239019696817	200.6160434602455	-1.1190551618424535e-31
202.6023901969682	206.65453753988248	204.62846386842534	-1.097651724836014e-31
206.65453753988243	210.78772782965498	208.7211326847687	-1.076648404931141e-31
210.787727829655	215.00358192522302	212.89565487743903	-1.0560366809566683e-31
215.00358192522305	219.30375310270242	217.15366751396272	-1.0358042517862377e-31
219.30375310270236	223.6899277037313	221.49684040321682	-1.0159489274567184e-31
223.6899277037313	228.16382579678083	225.92687675025607	-9.964660881909458e-32
228.16382579678083	232.72720185169135	230.4455138242361	-9.773480823885526e-32
232.72720185169135	237.38184542770006	235.0545236396957	-9.585850698438264e-32
237.38184542770009	242.12958187522898	239.75571365146453	-9.401700160544678e-32
242.12958187522898	246.97227305170844	244.55092746346872	-9.221019103412957e-32
246.97227305170844	251.9118180517175	249.44204555171297	-9.043737355515669e-32
251.91181805171752	256.95015395172675	254.43098600172215	-8.869779031978496e-32
256.95015395172675	262.08925656973616	259.5197052607315	-8.699045160694156e-32
262.08925656973616	267.33114124010575	264.71019890492096	-8.531519658806556e-32
267.3311412401058	272.6778636038828	270.0045024219943	-8.367161192407599e-32
272.67786360388277	278.1315204149353	275.404692009409	-8.20590663196146e-32
278.1315204149353	283.6942503622089	280.91288538857214	-8.047677199147974e-32
283.6942503622089	289.36823490842795	286.53124263531845	-7.892398600783379e-32
289.36823490842795	295.15569914557136	292.2619670269996	-7.740048524636529e-32
295.15569914557136	301.05891266745766	298.1073059065145	-7.59059094275723e-32
301.05891266745766	307.0801904597817	304.0695515636197	-7.443969767759382e-32
307.08019045978165	313.22189380795214	310.1510421338669	-7.300100538399804e-32
313.2218938079522	319.48643122308613	316.3541625155192	-7.158932175079407e-32
319.4864312230861	325.87625938652263	322.6813453048044	-7.020437123621768e-32
325.87625938652263	332.39388411322795	329.1350717498753	-6.884576703657988e-32
332.39388411322795	339.04186133446734	335.7178727238477	-6.751305541026602e-32
339.04186133446734	345.82279810013154	342.43232971729947	-6.620556114384474e-32
345.8227981001316	352.7393536011091	349.28107585062037	-6.492262848147062e-32
352.73935360110903	359.79424021210605	356.2667969066075	-6.36640681382202e-32
359.7942402121061	366.99022455532304	363.3922323837146	-6.242951109330318e-32
366.9902245553231	374.3301285854044	370.6601765703638	-6.121853687051399e-32
374.33012858540434	381.81683069608727	378.0734796407458	-6.003064744151581e-32
381.81683069608727	389.45326684898384	385.6350487725356	-5.886517381627675e-32
389.4532668489838	397.2424317249383	393.34784928696104	-5.772185121100483e-32
397.24243172493834	405.1873798984119	401.2149058116751	-5.660041341104042e-32
405.18737989841185	413.2912270353549	409.23930346688337	-5.550047184712497e-32
413.29122703535495	421.55715111503685	417.4241890751959	-5.442158621653231e-32
421.5571511150369	429.98839367631246	425.7727723956747	-5.336332108753205e-32
429.98839367631246	438.5882610888135	434.288327382563	-5.232510159141968e-32
438.58826108881357	447.36012584956467	442.9741934691891	-5.130672069942304e-32
447.3601258495646	456.3074279055307	451.8337768775476	-5.030793878616412e-32
456.3074279055307	465.4336760026161	460.8705519540734	-4.932839086636797e-32
465.43367600261604	474.74244906164313	470.0880625321296	-4.836769833845209e-32
474.74244906164324	484.23739758185087	479.489923321747	-4.742548825909953e-32
484.2373975818509	493.9222450724627	489.0798213271568	-4.650135931271144e-32
493.9222450724626	503.80078951288664	498.86151729267465	-4.559485204039644e-32
503.80078951288675	513.8769048421193	508.838847177503	-4.4705832721777177e-32
513.8769048421193	524.1545424779365	519.0157236600279	-4.383398462112913e-32
524.1545424779364	534.6377328664698	529.3961376722032	-4.2979002203840517e-32
534.6377328664698	545.330587062774	539.984159964622	-4.214057309889248e-32
545.330587062774	556.2372983430043	550.7839427028891	-4.1318368820317236e-32
556.2372983430042	567.3621438488391	561.7997210959217	-4.0512022489446644e-32
567.3621438488391	578.7094862647906	573.0358150568148	-3.972111776616205e-32
578.7094862647906	590.2837755290611	584.4966308969258	-3.894551402719168e-32
590.2837755290612	602.0895505786173	596.1866630538393	-3.818494483480812e-32
602.0895505786171	614.1314411291643	608.1104958538907	-3.743914412861238e-32
614.1314411291643	626.4141694907223	620.2728053099434	-3.670784755083176e-32
626.4141694907223	638.9425524195115	632.6783609551169	-3.5990764124042586e-32
638.9425524195115	651.7215030068764	645.332027713194	-3.52875975132707e-32
651.7215030068764	664.7560326059887	658.2387678064326	-3.459804048586789e-32
664.7560326059887	678.0512527970832	671.403642701536	-3.392174549963032e-32
678.0512527970831	691.6123773919994	684.8318150945413	-3.3258577406336745e-32
691.6123773919994	705.4447244788141	698.5285509354068	-3.260830570754222e-32
705.4447244788141	719.5537185073651	712.4992214930896	-3.197070935166068e-32
719.5537185073651	733.9448924164872	726.7493054619262	-3.1345549819955193e-32
733.944892416487	748.6238898037915	741.2843911101393	-3.0732577726664327e-32
748.6238898037917	763.5964671388422	756.1101784713169	-3.0131546651762443e-32
763.5964671388421	778.8684960205935	771.2324815797178	-2.954221131486058e-32
778.8684960205936	794.4459654799801	786.6572307502869	-2.8964321534803474e-32
794.4459654799801	810.3349843285544	802.3904749042672	-2.8397584560953244e-32
810.3349843285545	826.5417835541002	818.4383839413274	-2.784187450340445e-32
826.5417835541001	843.0727187641568	834.8072511591284	-2.7297000895389124e-32
843.0727187641568	859.9342726784146	851.5034957212856	-2.676277960642397e-32
859.9342726784146	877.1330576709574	868.533665174686	-2.623899984963475e-32
877.1330576709573	894.6758183633511	885.9044380171542	-2.5725454580690107e-32
894.6758183633511	912.5694342695928	903.622626316472	-2.522194024979672e-32
912.5694342695929	930.8209224939593	921.695178381776	-2.472825641849006e-32
930.8209224939593	949.437440482813	940.1291814883862	-2.424420504955214e-32
949.437440482813	968.4262888314439	958.9318646571285	-2.3769588780478697e-32
968.4262888314439	987.7949141470474	978.1106014892457	-2.330420356714536e-32
987.7949141470475	1007.5509119689631	997.6729130580053	-2.284784163749398e-32
1007.5509119689629	1027.7020297473166	1017.6264708581398	-2.2400389329491014e-32
1027.7020297473166	1048.2561698812374	1037.979099814277	-2.1961696652651387e-32
1048.2561698812376	1069.2213928178369	1058.7387813495372	-2.1531591170151373e-32
1069.2213928178369	1090.6059202131682	1079.9136565155027	-2.1109903728572072e-32
1090.605920213168	1112.4181381564058	1101.512029184787	-2.0696468364651945e-32
1112.418138156406	1134.6666004585086	1123.5423693074572	-2.0291122199887531e-32
1134.6666004585088	1157.3600320066535	1146.013316232581	-1.9893705312964462e-32
1157.3600320066535	1180.507332185761	1168.9336820962071	-1.9504060569102778e-32
1180.507332185761	1204.1175783684507	1192.312455277106	-1.9122033356874487e-32
1204.1175783684507	1228.2000294747943	1216.1588039216226	-1.87474710925264e-32
1228.2000294747943	1252.7641296032646	1240.4820795390294	-1.838022195806831e-32
1252.7641296032646	1277.8195117343043	1265.2918206687846	-1.8020128788515944e-32
1277.8195117343043	1303.376001507965	1290.5977566211345	-1.7667041327282635e-32
1303.376001507965	1329.4436210770987	1316.4098112925317	-1.7320872042813922e-32
1329.4436210770984	1356.0325930376148	1342.7381070573565	-1.698148508843539e-32
1356.0325930376152	1383.153344437342	1369.5929687374787	-1.6648747261593977e-32
1383.1533444373417	1410.816510865063	1396.9849276512023	-1.632252794814901e-32
1410.816510865063	1439.0329406213386	1424.9247257432007	-1.6002699066569442e-32
1439.0329406213386	1467.8136989727398	1453.4233197970393	-1.5689135011520357e-32
1467.8136989727395	1497.1700724911686	1482.491885731954	-1.5381712596022185e-32
1497.1700724911689	1527.1135734799666	1512.1418229855676	-1.5080310990827797e-32
1527.1135734799666	1557.6559444885402	1542.3847589842535	-1.4784811658632537e-32
1557.6559444885404	1588.8091629172854	1573.2325537029128	-1.4495098278606998e-32
1588.8091629172857	1620.5854457146056	1604.6973043159455	-1.421105665190853e-32
1620.5854457146054	1652.9972541678717	1636.7913499412384	-1.3932574566278928e-32
1652.9972541678717	1686.0572987902035	1669.5272764790375	-1.3659541558323062e-32
1686.0572987902035	1719.7785443049818	1702.9179215475926	-1.3391848338582125e-32
1719.778544304982	1754.1742147300558	1736.976379517519	-1.3129384270303323e-32
1754.1742147300558	1789.2577985636312	1771.7160066468437	-1.28720387985248e-32
1789.2577985636312	1825.043054073878	1807.1504263187546	-1.261973787741018e-32
1825.0430540738782	1861.54401469433	1843.293534384104	-1.2372382551046915e-32
1861.54401469433	1898.7749945271908	1880.1595046107605	-1.2129875800989723e-32
1898.7749945271908	1936.7505939567088	1917.76279424195	-1.1892122507893764e-32
1936.7505939567088	1975.4857053748171	1956.118149665763	-1.1659029413826057e-32
1975.485705374817	2014.9955190212875	1995.240612198052	-1.1430505085221644e-32
2014.9955190212875	2055.2955289406873	2035.1455239809875	-1.1206459876444567e-32
2055.2955289406877	2096.4015390584755	2075.8485339995814	-1.0986805893904072e-32
2096.4015390584755	2138.329669378619	2117.3656042185476	-1.0771456960661927e-32
2138.329669378619	2181.0963623051657	2159.7130158418922	-1.0560328581444343e-32
2181.0963623051653	2224.7183890902425	2202.907375697704	-1.0353337907936382e-32
2224.718389090243	2269.2128564110217	2246.965622750632	-1.0150403704178066e-32
2269.2128564110217	2314.597213078216	2291.905034744619	-9.951446311780392e-33
2314.5972130782156	2360.889256878754	2337.743234978485	-9.756387614496836e-33
2360.8892568787546	2408.1071415553038	2384.498199217029	-9.565151001331042e-33
2408.1071415553033	2456.2693839253834	2432.1882627403434	-9.377661326611041e-33
2456.269383925384	2505.3948711428657	2480.832127534125	-9.193844863660192e-33
2505.394871142865	2555.5028681046965	2530.448869623781	-9.013629243431899e-33
2555.5028681046965	2606.6130250057645	2581.0579465552305	-8.836943345121626e-33
2606.613025005764	2658.7453850448533	2632.679205025309	-8.663717007308231e-33
2658.7453850448533	2711.920392284724	2685.3328886647887	-8.493881249813617e-33
2711.920392284724	2766.1588996693927	2739.039645977058	-8.327368223389008e-33
2766.1588996693927	2821.4821772017544	2793.8205384355733	-8.164114382408233e-33
2821.482177201754	2877.911920284763	2849.697048743258	-8.004061303254398e-33
2877.911920284763	2935.4702582294317	2906.6910892570972	-7.847146219444856e-33
2935.470258229432	2994.1797629329944	2964.825010581213	-7.693307595002375e-33
2994.1797629329944	3054.063457730628	3024.121610331811	-7.542485100311383e-33
3054.0634577306278	3115.144826424214	3084.604142077421	-7.394619588446052e-33
3115.144826424215	3177.447822491673	3146.296324457944	-7.249653071960755e-33
3177.4478224916725	3240.9968784804796	3209.222350486076	-7.107528700133605e-33
3240.9968784804796	3305.816915589063	3273.406897034771	-6.968190736653807e-33
3305.816915589063	3371.9333534398174	3338.87513451444	-6.831584537743877e-33
3371.9333534398174	3439.3721200475875	3405.6527367437025	-6.697656530707657e-33
3439.3721200475875	3508.1596619875127	3473.76589101755	-6.566354192895341e-33
3508.159661987512	3578.322954766236	3543.2413083768743	-6.437626031076655e-33
3578.3229547662368	3649.889513400535	3614.106234083386	-6.311421561213448e-33
3649.8895134005347	3722.8874032075187	3686.3884583040267	-6.187691288622921e-33
3722.8874032075187	3797.3452508106425	3760.1163270090806	-6.0663866885226184e-33
3797.3452508106425	3873.2922553658286	3835.3187530882356	-5.947460186948265e-33
3873.2922553658286	3950.7582000121183	3912.0252276889732	-5.8308651420352304e-33
3950.758200012119	4029.7734635513343	3990.265831781727	-5.71655582565407e-33
4029.7734635513343	4110.369032361335	4070.0712479563344	-5.604487405390046e-33
4110.369032361334	4192.576512547534	4151.472772454434	-5.494615926855649e-33
4192.576512547535	4276.428142337459	4234.502327442497	-5.386898296323922e-33
4276.428142337458	4361.9568047231805	4319.192473530319	-5.2812922636683814e-33
4361.9568047231805	4449.196040356617	4405.576422539899	-5.1777564055922685e-33
4449.196040356617	4538.180060702723	4493.68805052967	-5.07625010912496e-33
4538.180060702723	4628.94376145575	4583.561911079236	-4.976733555354985e-33
4628.94376145575	4721.522736223838	4675.233248839794	-4.8791677033541736e-33
4721.5227362238375	4815.953290487288	4768.7380133555625	-4.7835142742185715e-33
4815.953290487288	4912.272455836006	4864.112873161646	-4.689735735088136e-33
4912.272455836007	5010.5180044917	4961.395230163853	-4.597795282838351e-33
5010.5180044917	5110.728464120507	5060.623234306104	-4.5076568264761664e-33
5110.728464120506	5212.943132941889	5161.835798531198	-4.419284960357832e-33
5212.943132941889	5317.2020951397	5265.072614040795	-4.332644974038274e-33
5317.202095139701	5423.546236581467	5370.374165860584	-4.2477028282429955e-33
5423.5462365814665	5532.017260852069	5477.781748716768	-4.1644250514664375e-33
5532.017260852069	5642.657705608083	5587.337483230076	-4.082779146503391e-33
5642.657705608082	5755.510959259216	5699.084332433649	-4.0027327725075275e-33
5755.510959259216	5870.621277983373	5813.066118621295	-3.924254907682785e-33
5870.621277983374	5988.033803082014	5929.327540532694	-3.847314229910383e-33
5988.033803082014	6107.794578682627	6047.91419088232	-3.771881323899178e-33
6107.794578682627	6229.950569795252	6168.87257423894	-3.69792626572168e-33
6229.950569795251	6354.549680730128	6292.25012526269	-3.625420121389987e-33
6354.54968073013	6481.640773883704	6418.095227306917	-3.554334956421656e-33
