-0.0	9.953897499377266e-5	4.976948749688633e-5	-5.026979622757191e-30
9.953897499377264e-5	0.0002010687294874207	0.00015030385224059668	-5.026823300338546e-30
0.00020106872948742055	0.0003046290790709416	0.00025284890427918107	-5.0266920728046524e-30
0.0003046290790709413	0.0004102606356461327	0.000357444857358537	-5.026561397677702e-30
0.000410260635646133	0.0005180048233528283	0.00046413272949948065	-5.0264289742597424e-30
0.0005180048233528285	0.0006279038948136576	0.000572954359083243	-5.0262942092088476e-30
0.000627903894813658	0.0007400009477037037	0.0006839524212586809	-5.026156866802076e-30
0.0007400009477037037	0.0008543399416515503	0.000797170444677627	-5.0260168193330655e-30
0.0008543399416515499	0.0009709657154783534	0.0009126528285649516	-5.025873978912217e-30
0.0009709657154783537	0.0010899240047816932	0.0010304448601300233	-5.025728274041777e-30
0.0010899240047816928	0.001211261459871099	0.001150592732326396	-5.025579640094221e-30
0.0012112614598710993	0.0013350256640622935	0.0012731435619666963	-5.0254280153783485e-30
0.0013350256640622929	0.0014612651523373112	0.001398145408199802	-5.025273339170783e-30
0.0014612651523373112	0.0015900294303778297	0.0015256472913575704	-5.025115550677867e-30
0.0015900294303778312	0.00172136899397916	0.0016556992121784958	-5.024954588494384e-30
0.0017213689939791588	0.0018553353488525142	0.0017883521714158364	-5.024790390319131e-30
0.001855335348852515	0.0019919810308233377	0.0019236581898379264	-5.024622892624012e-30
0.0019919810308233377	0.0021313596264335767	0.002061670328628457	-5.0244520307208964e-30
0.0021313596264335767	0.0022735257939560205	0.0022024427101947986	-5.024277738771085e-30
0.00227352579395602	0.0024185352848289125	0.0023460305393924663	-5.0240999493899136e-30
0.002418535284828912	0.0025664449655192624	0.0024924901251740872	-5.023918593952179e-30
0.002566444965519263	0.0027173128398234204	0.0026418789026713416	-5.0237336023534516e-30
0.0027173128398234204	0.002871198071613661	0.002794255455718541	-5.0235449031192575e-30
0.002871198071613661	0.003028161008039706	0.0029496795398266835	-5.0233524231770604e-30
0.003028161008039706	0.0031882632031942724	0.003108212105616989	-5.02315609234037e-30
0.0031882632031942715	0.003351567442251929	0.0032699153227231	-5.022955865663659e-30
0.0033515674422519306	0.0035181377660907414	0.0034348526041713357	-5.0227516619501185e-30
0.003518137766090741	0.0036880394964063277	0.0036030886312485343	-5.022543399149171e-30
0.0036880394964063277	0.003861339261328226	0.003774689378867277	-5.02233099392027e-30
0.0038613392613282265	0.004038105021548563	0.003949722141438395	-5.0221143616211886e-30
0.004038105021548562	0.0042184060969733045	0.0041282555592609335	-5.0218934164009415e-30
0.004218406096973306	0.004402313193906544	0.004310359645439925	-5.021668071047483e-30
0.004402313193906543	0.004589898432778446	0.004496105813342494	-5.0214382368144226e-30
0.004589898432778446	0.0047812353764277865	0.004685566904603117	-5.021203823237004e-30
0.0047812353764277865	0.004976399058950114	0.004878817217688951	-5.020964738260651e-30
0.004976399058950114	0.005175466015122888	0.005075932537036501	-5.020720888302101e-30
0.005175466015122887	0.005378514310419117	0.005276990162771002	-5.020472178043826e-30
0.005378514310419117	0.005585623571621271	0.005482068941020194	-5.0202185103851744e-30
0.005585623571621272	0.005796875018047469	0.00569124929483437	-5.019959786395188e-30
0.005796875018047468	0.006012351493402189	0.005904613255724828	-5.019695905266631e-30
0.006012351493402189	0.006232137498264004	0.006122244495833097	-5.019426764270938e-30
0.006232137498264004	0.006456319223223056	0.00634422836074353	-5.019152258700604e-30
0.006456319223223056	0.006684984582681288	0.006570651902952172	-5.018872281793353e-30
0.0066849845826812875	0.006918223249328685	0.006801603916004986	-5.018586724717248e-30
0.006918223249328684	0.007156126689309029	0.007037174969318856	-5.01829547663574e-30
0.00715612668930903	0.007398788198088982	0.007277457443699006	-5.017998424574933e-30
0.007398788198088982	0.007646302937044533	0.007522545567566758	-5.0176954533766605e-30
0.007646302937044532	0.007898767970779194	0.0077725354539118635	-5.0173864456542526e-30
0.007898767970779196	0.00815628230518855	0.008027525137983873	-5.017071281747945e-30
0.008156282305188549	0.008418946926286091	0.008287614615737321	-5.016749839679904e-30
0.008418946926286091	0.008686864839805583	0.008552905883045837	-5.016421995108692e-30
0.008686864839805583	0.008960141111595467	0.008823502975700524	-5.016087621283345e-30
0.008960141111595465	0.009238882908821145	0.009099512010208305	-5.015746588996771e-30
0.009238882908821145	0.009523199541991339	0.009381041225406242	-5.015398766504081e-30
0.009523199541991342	0.00981320250782494	0.009668201024908141	-5.015044019447339e-30
0.009813202507824938	0.010109005532975208	0.009961104020400072	-5.014682210870078e-30
0.010109005532975208	0.010410724618628483	0.010259865075801846	-5.014313201203794e-30
0.010410724618628481	0.010718478085994822	0.010564601352311652	-5.0139368481927934e-30
0.01071847808599482	0.011032386622708487	0.010875432354351653	-5.013553006829268e-30
0.011032386622708489	0.01135257333015643	0.01119247997643246	-5.013161529301874e-30
0.01135257333015643	0.011679163771753329	0.01151586855095488	-5.012762264943468e-30
0.011679163771753329	0.012012286022182166	0.011845724896967749	-5.0123550601780825e-30
0.012012286022182165	0.012352070717619578	0.012182178369900872	-5.0119397584671005e-30
0.01235207071761958	0.012698651106965742	0.01252536091229266	-5.011516200254623e-30
0.01269865110696574	0.013052163104098825	0.012875407105532283	-5.0110842229119594e-30
0.013052163104098825	0.013412745341174571	0.013232454222636698	-5.010643660681321e-30
0.013412745341174571	0.013780539222991833	0.013596642282083203	-5.010194344388319e-30
0.013780539222991831	0.014155688982445437	0.013968114102718634	-5.009736101550364e-30
0.01415568898244544	0.01453834173708812	0.01434701535976678	-5.009268756415587e-30
0.014538341737088116	0.014928647546823649	0.014733494641955882	-5.008792130024245e-30
0.014928647546823649	0.01532675947275389	0.01512770350978877	-5.0083060400077185e-30
0.015326759472753894	0.01573283363720274	0.015529796554978317	-5.007810300506521e-30
0.01573283363720274	0.016147029284940564	0.01593993146107165	-5.007304722107508e-30
0.01614702928494056	0.01656950884563314	0.01635826906528685	-5.0067891117801484e-30
0.016569508845633144	0.017000437997539575	0.016784973421586358	-5.0062632780016196e-30
0.017000437997539575	0.017439985732484137	0.017220211865011856	-5.005727022158219e-30
0.01743998573248414	0.017888324422127594	0.017664155077305867	-5.0051801394525595e-30
0.017888324422127587	0.01834562988556391	0.018116977153845748	-5.0046224214307676e-30
0.01834562988556391	0.018812081458268955	0.01857885567191643	-5.0040536558036654e-30
0.01881208145826896	0.019287862062428107	0.019049971760348533	-5.003473626261194e-30
0.019287862062428104	0.019773158278670433	0.01953051017054927	-5.002882112401119e-30
0.019773158278670436	0.020268160419237614	0.020020659348954025	-5.002278889255475e-30
0.02026816041923761	0.020773062602616132	0.02052061151092687	-5.001663727500505e-30
0.020773062602616132	0.021288062829662224	0.02103056271613918	-5.001036393373143e-30
0.021288062829662228	0.02181336306124924	0.021550712945455734	-5.000396649042084e-30
0.021813363061249234	0.022349169297467986	0.02208126617935861	-4.999744252380139e-30
0.02234916929746799	0.022895691658411117	0.022622430477939555	-4.999078956710651e-30
0.02289569165841112	0.02345314446657311	0.023174418062492114	-4.998400510492851e-30
0.023453144466573112	0.024021746330898344	0.023737445398735728	-4.997708657020045e-30
0.024021746330898337	0.02460172023251007	0.024311733281704204	-4.997003134793875e-30
0.02460172023251007	0.02519329361215404	0.024897506922332058	-4.99628367739809e-30
0.02519329361215404	0.02579669845939089	0.025494996035772467	-4.995550014013136e-30
0.025796698459390893	0.02641217140357248	0.026104434931481686	-4.994801868771601e-30
0.026412171403572472	0.02703995380663769	0.02672606260510508	-4.9940389603939544e-30
0.027039953806637693	0.027680291857764213	0.027360122832200955	-4.9932610018081095e-30
0.027680291857764217	0.028333436669913267	0.028006864263838742	-4.99246770065466e-30
0.028333436669913267	0.0289996443783053	0.02866654052410928	-4.991658759021424e-30
0.0289996443783053	0.02967917624086517	0.029339410309585236	-4.990833874264761e-30
0.02967917624086517	0.030372298740676238	0.030025737490770706	-4.989992738151768e-30
0.03037229874067624	0.031079283690483534	0.03072579121557989	-4.9891350361832975e-30
0.031079283690483534	0.03180040833928697	0.03143984601488525	-4.988260447742752e-30
0.03180040833928697	0.03253595548106648	0.03216818191017672	-4.9873686460864586e-30
0.03253595548106647	0.033286213565681566	0.03291108452337402	-4.986459298739338e-30
0.033286213565681566	0.034051476811988966	0.03366884518883527	-4.985532067835512e-30
0.03405147681198896	0.0348320453232225	0.03444176106760573	-4.984586609334145e-30
0.03483204532322251	0.03562822520468072	0.03523013526395162	-4.9836225717079705e-30
0.03562822520468072	0.036440328683768106	0.03603427694422441	-4.982639597408705e-30
0.036440328683768106	0.03726867423243723	0.036854501458102665	-4.981637321389026e-30
0.03726867423243723	0.03811358669207974	0.037691130462258485	-4.9806153733827796e-30
0.03811358669207974	0.0389753974009151	0.03854449204649742	-4.97957337663189e-30
0.0389753974009151	0.039854444323927166	0.039414920862421134	-4.978510947022373e-30
0.03985444432392717	0.04075107218539948	0.040302758254663326	-4.977427692703592e-30
0.04075107218539948	0.041665632604101235	0.04120835239475036	-4.9763232147795384e-30
0.04166563260410123	0.042598484231177014	0.04213205841763912	-4.975197106883922e-30
0.04259848423117702	0.04354999289079432	0.043074238560985675	-4.974048956791706e-30
0.04354999289079433	0.04452053172360398	0.044035262307199154	-4.972878344911057e-30
0.04452053172360398	0.04551048133306982	0.0450155065283369	-4.971684842530728e-30
0.04551048133306983	0.04652022993472499	0.04601535563389741	-4.97046801388124e-30
0.04652022993472498	0.04755017350841324	0.04703520172156911	-4.969227413961946e-30
0.04755017350841324	0.04860071595357527	0.04807544473099426	-4.967962591819978e-30
0.04860071595357527	0.04967226924764054	0.0491364926006079	-4.966673088899494e-30
0.04967226924764054	0.05076525360758711	0.05021876142761382	-4.9653584376908645e-30
0.05076525360758711	0.051880097654732615	0.05132267563115986	-4.9640181615911034e-30
0.05188009765473262	0.053017238582821036	0.052448668118776826	-4.962651775455528e-30
0.053017238582821036	0.054177122329471215	0.05359718045614613	-4.9612587854686784e-30
0.05417712232947121	0.055360203751054396	0.0547686630402628	-4.959838691027025e-30
0.055360203751054396	0.056566946801069246	0.05596357527606182	-4.958390982824747e-30
0.05656694680106925	0.057797824712084396	0.057182385756576824	-4.9569151403271106e-30
0.057797824712084396	0.05905332018131985	0.05842557244670212	-4.955410635130724e-30
0.05905332018131985	0.06033392555994001	0.05969362287062993	-4.9538769273163264e-30
0.060333925559939994	0.06164014304613255	0.06098703430303627	-4.952313470797296e-30
0.06164014304613256	0.06297248488204897	0.06230631396409077	-4.9507197103453186e-30
0.06297248488204897	0.06433147355468372	0.06365197921836635	-4.9490950799531126e-30
0.06433147355468372	0.06571764200077115	0.06502455777772743	-4.947439003028756e-30
0.06571764200077114	0.06713153381578033	0.06642458790827574	-4.945750892732259e-30
0.06713153381578033	0.06857370346708969	0.067852618641435	-4.944030152364494e-30
0.06857370346708969	0.07004471651142524	0.06930920998925746	-4.942276177399831e-30
0.07004471651142524	0.0715451498166475	0.07079493316403637	-4.94048835314827e-30
0.07154514981664752	0.07307559178797422	0.07231037080231087	-4.938666051585798e-30
0.07307559178797422	0.07463664259872746	0.07385611719335083	-4.936808635488325e-30
0.07463664259872745	0.07622891442569575	0.0754327785122116	-4.93491545411627e-30
0.07622891442569575	0.07785303168920342	0.07704097305744959	-4.932985849732256e-30
0.07785303168920343	0.07950963129798126	0.07868133149359235	-4.931019154154186e-30
0.07950963129798126	0.08119936289893465	0.08035449709845796	-4.9290146870907025e-30
0.08119936289893465	0.0829228891319071	0.08206112601542087	-4.92697175494648e-30
0.08292288913190708	0.08468088588953898	0.08380188751072304	-4.9248896530841526e-30
0.084680885889539	0.08647404258232352	0.08557746423593127	-4.922767664226537e-30
0.08647404258232352	0.08830306240896375	0.08738855249564365	-4.920605063069001e-30
0.08830306240896375	0.09016866263213678	0.08923586252055027	-4.9184011125668355e-30
0.09016866263213677	0.09207157485977326	0.09112011874595502	-4.916155061277299e-30
0.09207157485977327	0.09401254533196249	0.09304206009586788	-4.9138661451166226e-30
0.09401254533196249	0.09599233521359549	0.09500244027277899	-4.9115335863114364e-30
0.09599233521359549	0.09801172089286114	0.09700202805322831	-4.909156596339366e-30
0.09801172089286114	0.10007149428571212	0.09904160758928662	-4.906734376489722e-30
0.10007149428571215	0.10217246314642014	0.10112197871606615	-4.904266115385218e-30
0.10217246314642012	0.10431545138434227	0.10324395726538119	-4.9017509851205375e-30
0.10431545138434228	0.10650129938702288	0.10540837538568258	-4.8991881452758956e-30
0.10650129938702287	0.10873086434975707	0.10761608186838997	-4.89657673959302e-30
0.1087308643497571	0.11100502061174598	0.10986794248075155	-4.893915902171401e-30
0.11100502061174598	0.11332465999897465	0.11216484030536031	-4.891204755029522e-30
0.11332465999897466	0.11569069217394791	0.11450767608646129	-4.8884424064717904e-30
0.1156906921739479	0.11810404499242061	0.11689736858318425	-4.885627946541663e-30
0.11810404499242058	0.12056566486726274	0.11933485492984167	-4.882760451793538e-30
0.12056566486726275	0.12307651713960176	0.12182109100343225	-4.8798389815546365e-30
0.12307651713960176	0.12563758645738754	0.12435705179849466	-4.876862585061036e-30
0.12563758645738754	0.12824987716152902	0.12694373180945828	-4.8738302980315545e-30
0.12824987716152905	0.13091441367975337	0.12958214542064123	-4.870741141064542e-30
0.13091441367975337	0.1336322409283422	0.13227332730404778	-4.867594115287653e-30
0.1336322409283422	0.13640442472190278	0.1350183328251225	-4.8643882053480505e-30
0.13640442472190276	0.13923205219133455	0.13781823845661867	-4.861122377761348e-30
0.13923205219133455	0.14211623221015499	0.14067414220074476	-4.857795585737061e-30
0.142116232210155	0.14505809582935186	0.14358716401975344	-4.854406767485643e-30
0.14505809582935186	0.14805879672093264	0.14655844627514225	-4.850954843033941e-30
0.1480587967209326	0.151119511630345	0.1495891541756388	-4.847438710860016e-30
0.15111951163034504	0.1542414408379457	0.15268047623414538	-4.843857244172388e-30
0.15424144083794566	0.15742580862969832	0.155833624733822	-4.8402092902589044e-30
0.15742580862969832	0.16067386377728604	0.15904983620349217	-4.836493669126352e-30
0.160673863777286	0.16398688002782547	0.16233037190255573	-4.832709181629625e-30
0.1639868800278255	0.16736615660337575	0.16567651831560062	-4.8288546117467474e-30
0.16736615660337573	0.17081301871043697	0.16908958765690635	-4.8249287327881984e-30
0.170813018710437	0.17432881805963948	0.17257091838503824	-4.8209303035357e-30
0.17432881805963946	0.17791493339582598	0.17612187572773272	-4.8168580710108e-30
0.17791493339582598	0.18157277103873623	0.17974385221728112	-4.81271077388601e-30
0.18157277103873626	0.18530376543450472	0.1834382682366205	-4.808487143112309e-30
0.18530376543450472	0.18910937971818856	0.18720657257634665	-4.804185904902471e-30
0.18910937971818853	0.19299110628754604	0.19105024300286727	-4.799805769226e-30
0.19299110628754604	0.1969504673882907	0.19497078683791835	-4.795345458071945e-30
0.1969504673882907	0.20098901571105024	0.19896974154967045	-4.790803695025144e-30
0.20098901571105027	0.205108335000265	0.20304867535565763	-4.7861791641627104e-30
0.20510833500026499	0.20931004067526401	0.20720918783776449	-4.781470542280938e-30
0.20931004067526404	0.21359578046376304	0.21145291056951354	-4.776676499805677e-30
0.213595780463763	0.217967235048032	0.2157815077558975	-4.771795693664357e-30
0.217967235048032	0.22242611872398638	0.2201966768860092	-4.7668267783391984e-30
0.2224261187239864	0.22697418007345985	0.22470014939872313	-4.761768403214454e-30
0.22697418007345982	0.23161320264992274	0.22929369136169128	-4.756619201005692e-30
0.23161320264992277	0.23634500567791494	0.23397910416391887	-4.751377803105417e-30
0.23634500567791494	0.24117144476646696	0.23875822522219095	-4.746042835587159e-30
0.24117144476646696	0.24609441263679002	0.2436329287016285	-4.7406128999921756e-30
0.24609441263679002	0.2511158398645195	0.24860512625065478	-4.7350866118832714e-30
0.2511158398645195	0.25623769563680365	0.2536767677506616	-4.729462567344033e-30
0.2562376956368037	0.2614619885245335	0.25884984208066864	-4.7237393804572616e-30
0.26146198852453345	0.2667907672700178	0.26412637789727567	-4.717915629209423e-30
0.2667907672700179	0.27222612159041193	0.26950844443021493	-4.711989891380746e-30
0.27222612159041193	0.2777701829972139	0.2749981522938129	-4.705960764183477e-30
0.2777701829972139	0.2834251256321519	0.28059765431468287	-4.699826841257633e-30
0.2834251256321519	0.28919316711978865	0.28630914637597027	-4.693586683029811e-30
0.28919316711978865	0.29507656943717814	0.2921348682784834	-4.687238836522194e-30
0.2950765694371781	0.30107763980091534	0.2980771046190467	-4.680781827971524e-30
0.3010776398009154	0.3071987315719274	0.30413818568642137	-4.6742142299731225e-30
0.3071987315719274	0.31344224517835967	0.31032048837514353	-4.667534656953176e-30
0.31344224517835967	0.3198106290569206	0.31662643711764016	-4.660741722442575e-30
0.3198106290569206	0.3263063806130527	0.32305850483498666	-4.653834030113416e-30
0.32630638061305267	0.33293204720030745	0.32961921390668003	-4.646810127761495e-30
0.3329320472003074	0.33969022711930724	0.3363111371598073	-4.639668556202925e-30
0.3396902271193073	0.34658357063668715	0.34313689887799725	-4.632407856284539e-30
0.34658357063668715	0.3536147810244146	0.3500991758305509	-4.6250265633984734e-30
0.3536147810244146	0.3607866156198966	0.3572006983221556	-4.617523205627727e-30
0.36078661561989656	0.3681018869072882	0.36444425126359237	-4.609896479324077e-30
0.3681018869072882	0.37556346362042764	0.3718326752638579	-4.60214511021345e-30
0.3755634636204277	0.38317427186782993	0.3793688677441288	-4.5942675076838215e-30
0.38317427186782993	0.3909372962801802	0.3870557840740051	-4.5862622229812335e-30
0.3909372962801802	0.3988555811807775	0.39489643873047886	-4.578128000295264e-30
0.3988555811807775	0.40693223177938675	0.40289390648008216	-4.569863430862722e-30
0.4069322317793867	0.41517041538996813	0.41105132358467744	-4.5614670427150975e-30
0.41517041538996813	0.4235733626727612	0.4193718890313647	-4.5529376235414474e-30
0.4235733626727612	0.4321443689012101	0.4278588657869856	-4.5442736818304136e-30
0.4321443689012101	0.44088679525422797	0.436515582077719	-4.535473904166194e-30
0.4408867952542281	0.44980407013430634	0.4453454326942672	-4.526537147452514e-30
0.4498040701343063	0.4588996905119861	0.4543518803231462	-4.517461924880047e-30
0.4588996905119861	0.4681772232972195	0.4635384569046028	-4.508247055834702e-30
0.46817722329721945	0.4776403067381575	0.47290876501768847	-4.49889114479412e-30
0.47764030673815755	0.48729265184791437	0.482466479293036	-4.489392992788922e-30
0.4872926518479144	0.4971380438598664	0.49221534785389043	-4.4797513366955084e-30
0.4971380438598663	0.5071803437120573	0.5021591937859619	-4.469964960432005e-30
0.5071803437120572	0.517423489561292	0.5123019166366747	-4.4600327001063645e-30
0.5174234895612922	0.5278714983275118	0.522647493944402	-4.449953329241035e-30
0.5278714983275117	0.5385284672690556	0.5331999827982836	-4.439725747551939e-30
0.5385284672690556	0.5493985755894304	0.543963521429243	-4.4293487411627284e-30
0.5493985755894303	0.5604860860762125	0.5549423308328214	-4.4188212640921646e-30
0.5604860860762126	0.5717953467727306	0.5661407164244716	-4.408142118295044e-30
0.5717953467727305	0.5833307926831788	0.5775630697279546	-4.397310326693316e-30
0.5833307926831788	0.5950969475118361	0.5892138700975074	-4.386325284495893e-30
0.595096947511836	0.6070984254370663	0.601097686474451	-4.375185478103518e-30
0.6070984254370664	0.6193399329208014	0.6132191791789339	-4.3638901604341145e-30
0.6193399329208014	0.631826270554211	0.6255831017375062	-4.352438371427118e-30
0.631826270554211	0.6445623349402889	0.63819430274725	-4.34082908797074e-30
0.6445623349402889	0.6575531206140883	0.6510577277771886	-4.329061841054072e-30
0.6575531206140883	0.6708037220013637	0.664178421307726	-4.3171351764631824e-30
0.6708037220013637	0.6843193354163847	0.6775615287088742	-4.30504864493431e-30
0.6843193354163846	0.6981052610997059	0.6912122982580453	-4.2928020940252555e-30
0.6981052610997058	0.7121669052966936	0.7051360831981996	-4.280394032115482e-30
0.7121669052966937	0.7265097823776212	0.7193383438371574	-4.267823952758377e-30
0.7265097823776212	0.7411395170001672	0.7338246496888943	-4.25509178459696e-30
0.7411395170001672	0.7560618463151642	0.7486006816576657	-4.2421966329243315e-30
0.7560618463151642	0.771282622216461	0.7636722342658127	-4.22913752732934e-30
0.7712826222164612	0.786807813635784	0.7790452179261226	-4.215914504184026e-30
0.7868078136357839	0.8026435088834932	0.7947256612596385	-4.2025273407697564e-30
0.8026435088834933	0.8187959180361568	0.8107197134598251	-4.1889745710966874e-30
0.8187959180361568	0.8352713753718736	0.8270336467040151	-4.175256551659082e-30
0.8352713753718735	0.8520763418543045	0.843673858613089	-4.161373666589242e-30
0.8520763418543045	0.8692174076663841	0.8606468747603443	-4.147325343223859e-30
0.8692174076663842	0.8867012947947055	0.8779593512305448	-4.1331103123447986e-30
0.8867012947947055	0.9045348596655932	0.8956180772301494	-4.1187292759968466e-30
0.9045348596655932	0.9227250958338986	0.9136299777497459	-4.1041828200176235e-30
0.9227250958338986	0.9412791367255702	0.9320021162797344	-4.0894706490628985e-30
0.9412791367255703	0.9602042584350753	0.9507416975803228	-4.074592232403856e-30
0.9602042584350751	0.9795078825787702	0.9698560705069226	-4.0595474046118425e-30
0.9795078825787704	0.9991975792053394	0.9893527308920549	-4.0443371195139794e-30
0.9991975792053394	1.0192810697644397	1.0092393244848896	-4.028961864428352e-30
1.0192810697644394	1.0397662301347217	1.0295236499495806	-4.013421628644654e-30
1.039766230134722	1.06066109371241	1.050213661923566	-3.997716078908551e-30
1.06066109371241	1.0819738545616517	1.0713174741370308	-3.981845645416383e-30
1.0819738545616517	1.1037128706278783	1.092843362594765	-3.9658116254724384e-30
1.1037128706278783	1.1258866670154293	1.1147997688216538	-3.949614745087449e-30
1.1258866670154293	1.1485039393307315	1.1371953031730804	-3.933255380995145e-30
1.1485039393307315	1.1715735570923396	1.1600387482115355	-3.91673384000484e-30
1.1715735570923396	1.1951045672091798	1.1833390621507598	-3.9000499272265765e-30
1.19510456720918	1.2191061975283572	1.2071053823687685	-3.883205656464783e-30
1.2191061975283572	1.243587860453918	1.2313470289911375	-3.86620243219778e-30
1.243587860453918	1.2685591566379897	1.2560735085459538	-3.8490410500394254e-30
1.2685591566379897	1.294029878745743	1.2812945176918662	-3.831722335856417e-30
1.2940298787457432	1.3200100152956515	1.3070199470206973	-3.814247102873679e-30
1.3200100152956513	1.3465097545765579	1.3332598849361046	-3.796615949293845e-30
1.3465097545765579	1.3735394886430825	1.3600246216098202	-3.778829817960001e-30
1.3735394886430825	1.4011098173909375	1.38732465301701	-3.760891031755082e-30
1.4011098173909378	1.42923155271375	1.415170685052344	-3.7428012224552236e-30
1.4292315527137498	1.4579157227430182	1.443573637728384	-3.724561691065908e-30
1.4579157227430184	1.4871735761728722	1.4725446494579453	-3.706173788568813e-30
1.4871735761728724	1.5170165866713232	1.5020950814220977	-3.687638897208104e-30
1.517016586671323	1.547456457379743	1.532236522025533	-3.6689583958047855e-30
1.547456457379743	1.5785051255023312	1.5629807914410372	-3.650133484004404e-30
1.5785051255023315	1.6101747669873716	1.5943399462448515	-3.6311655527238035e-30
1.6101747669873714	1.6424778013021122	1.6263262841447417	-3.612057558292219e-30
1.6424778013021124	1.675426896303148	1.65895234880263	-3.592811663038118e-30
1.6754268963031482	1.7090349732042047	1.6922309347536766	-3.5734297334446935e-30
1.7090349732042043	1.7433152116432817	1.726175092423743	-3.5539136972333345e-30
1.743315211643282	1.778281054851141	1.7607981332472114	-3.534265541258609e-30
1.778281054851141	1.813946214923157	1.7961136348871491	-3.514487300492912e-30
1.8139462149231576	1.850324678196614	1.8321354465598858	-3.494581054527208e-30
1.8503246781966136	1.8874307107355393	1.8688776944660765	-3.474548914730361e-30
1.8874307107355395	1.9252788639252436	1.9063547873303914	-3.4543929859387505e-30
1.9252788639252438	1.963883980178742	1.9445814220519928	-3.434115166681312e-30
1.9638839801787418	2.00326119875731	1.9835725894680258	-3.413717788020348e-30
2.00326119875731	2.0434259617074493	2.0233435802323796	-3.393204352604222e-30
2.0434259617074497	2.084394019916592	2.0639099908120206	-3.372577586693892e-30
2.0843940199165925	2.1261814392899177	2.105287729603255	-3.3518400356223595e-30
2.126181439289917	2.168804607050709	2.147493023170313	-3.3309942978784454e-30
2.168804607050709	2.2122802381667164	2.1905424226087127	-3.310043023832747e-30
2.212280238166716	2.2566253819050437	2.23445281003588	-3.2889889145461556e-30
2.2566253819050437	2.301857428518138	2.279241405211591	-3.267834721232453e-30
2.301857428518138	2.347994116063494	2.3249257722908157	-3.2465832423236124e-30
2.3479941160634943	2.3950535373597575	2.371523826711626	-3.225237318129459e-30
2.3950535373597575	2.443054147081946	2.4190538422208516	-3.203799832022233e-30
2.443054147081946	2.492014768998578	2.467534458040262	-3.182273709386033e-30
2.4920147689985783	2.541954603353543	2.5169846861760607	-3.160661915818387e-30
2.5419546033535427	2.592893234395607	2.567423918874575	-3.138967455270023e-30
2.592893234395607	2.6448506380585126	2.61887193622706	-3.117193368106962e-30
2.6448506380585126	2.6978471897946763	2.6713489139265945	-3.0953427290794598e-30
2.697847189794676	2.751903672565563	2.724875431180119	-3.0734186451716793e-30
2.751903672565563	2.8070412849918673	2.779472478778715	-3.051424253266877e-30
2.8070412849918673	2.863281649666698	2.8351614673292826	-3.0293627175116815e-30
2.863281649666698	2.920646821635025	2.8919642356508612	-3.0072372261248825e-30
2.9206468216350245	2.979159297042718	2.9499030593388715	-2.9850509869883992e-30
2.9791592970427185	3.038842021958566	3.009000659500642	-2.9628072200508025e-30
3.038842021958566	3.0997184013727304	3.069280211665648	-2.9405091381338436e-30
3.0997184013727304	3.161812308375178	3.1307653548739545	-2.9181598287331063e-30
3.1618123083751777	3.2251480935176744	3.193480200946426	-2.8957627871619218e-30
3.2251480935176753	3.289750594363022	3.2574493439403485	-2.8733217359610385e-30
3.289750594363022	3.355645145225276	3.322697869794149	-2.850840048872251e-30
3.3556451452252753	3.422857587104774	3.3892513661650248	-2.8283210661243948e-30
3.4228575871047733	3.4914142778218618	3.4571359324633173	-2.8057681372825497e-30
3.4914142778218618	3.561342102353292	3.526378190087577	-2.7831846181918613e-30
3.5613421023532927	3.6326684833753515	3.5970052928643224	-2.760573868885371e-30
3.632668483375351	3.7054213920178514	3.6690449376966012	-2.737939251506102e-30
3.705421392017851	3.779629358833201	3.742525375425526	-2.7152841282445397e-30
3.7796293588332013	3.8553214849848585	3.81747542190903	-2.6926118593028028e-30
3.855321484984859	3.932527453659549	3.893924469322204	-2.6699263750984245e-30
3.9325274536595485	4.011277541707733	3.9719024976836406	-2.6472309857481522e-30
4.011277541707733	4.0916026315168805	4.051440086612306	-2.6245289034442768e-30
4.0916026315168805	4.1735342231222115	4.132568427319546	-2.60182340245198e-30
4.173534223122211	4.257104446559648	4.215319334840929	-2.579117772713619e-30
4.257104446559648	4.3423460744658335	4.299725260512741	-2.55641530082983e-30
4.3423460744658335	4.429292534930143	4.385819304697988	-2.5337192630862785e-30
4.429292534930143	4.517977924603739	4.473635229766941	-2.5110329214499574e-30
4.5179779246037395	4.608437022070807	4.563207473337274	-2.488359520727906e-30
4.608437022070807	4.700705301487216	4.654571161779011	-2.465702286252849e-30
4.700705301487216	4.794818946491953	4.747762123989585	-2.44306442185727e-30
4.794818946491953	4.890814864396784	4.842816905444368	-2.4204491080340325e-30
4.890814864396785	4.988730700659714	4.93977278252825	-2.397859500234729e-30
4.988730700659713	5.0886048536479	5.038667777153806	-2.3752987191128892e-30
5.0886048536479	5.19047648969585	5.139540671671876	-2.3527698644186197e-30
5.19047648969585	5.29438555846476	5.242431024080306	-2.3302760077591053e-30
5.29438555846476	5.400372808609048	5.347379183536904	-2.3078201904221517e-30
5.400372808609048	5.508479803756222	5.454426306182635	-2.285405423835033e-30
5.508479803756222	5.618748938806339	5.563614371281281	-2.2630346795243077e-30
5.618748938806339	5.7312234565574585	5.674986197681899	-2.2407108917016812e-30
5.731223456557458	5.845947464663599	5.788585460610529	-2.2184369578984532e-30
5.8459474646636	5.962965952931865	5.904456708797732	-2.196215737791918e-30
5.962965952931865	6.082324810965495	6.02264538194868	-2.1740500522170653e-30
6.0823248109654955	6.204070846159798	6.143197828562647	-2.1519426821440765e-30
6.204070846159798	6.328251802057986	6.266161324108892	-2.1298963676780797e-30
6.328251802057984	6.454916377074136	6.39158408956606	-2.1079138071325208e-30
6.454916377074137	6.584114243590612	6.519515310332375	-2.0859987529188778e-30
6.584114243590613	6.715896067437418	6.650005155514016	-2.0641536297374208e-30
6.715896067437417	6.850313527761158	6.783104797599288	-2.0423807036134343e-30
6.850313527761158	6.9874193372913735	6.918866432526266	-2.0206823625785175e-30
6.987419337291374	7.127267263012194	7.057343300151784	-1.999061007493143e-30
7.127267263012194	7.26991214724743	7.198589705129812	-1.9775190177555056e-30
7.269912147247429	7.41540992916737	7.3426610382074	-1.9560587401091923e-30
7.415409929167371	7.56381766672571	7.489613797946541	-1.9346824857039953e-30
7.56381766672571	7.7151935590352165	7.6395056128804635	-1.913392512310496e-30
7.715193559035217	7.869596969190914	7.792395264113066	-1.8921910305748514e-30
7.869596969190913	8.027088447549723	7.948342708370317	-1.8710802050283455e-30
8.027088447549723	8.18772975547571	8.107409101512715	-1.8500621530964846e-30
8.187729755475711	8.351583889560217	8.269656822517964	-1.8291389425649923e-30
8.351583889560215	8.518715106326411	8.435149497943314	-1.8083136916535284e-30
8.518715106326413	8.689188947427933	8.603952026877174	-1.7875881839688058e-30
8.689188947427933	8.863072265351484	8.776130606389708	-1.766964031259486e-30
8.863072265351484	9.040433249633505	8.951752757492494	-1.7464429684513207e-30
9.040433249633505	9.221341453601168	9.130887351617336	-1.7260267405285525e-30
9.221341453601168	9.405867821648183	9.313604637624675	-1.705717070801144e-30
9.405867821648183	9.59408471705614	9.49997626935216	-1.6855156382801256e-30
9.59408471705614	9.786065950372254	9.690075333714198	-1.66542407385873e-30
9.786065950372253	9.98188680835469	9.883976379363471	-1.645443963956391e-30
9.981886808354691	10.181624083496777	10.081755445925733	-1.6255768468899973e-30
10.181624083496777	10.385356104141705	10.28349009381924	-1.605825127555469e-30
10.385356104141703	10.593162765199528	10.489259434670615	-1.5861902735197335e-30
10.59316276519953	10.805125559478512	10.69914416233902	-1.5666733386582288e-30
10.805125559478512	11.021327609643073	10.913226584560793	-1.5472755280789192e-30
11.021327609643073	11.241853700810926	11.131590655227	-1.5279980657221153e-30
11.241853700810926	11.466790313802136	11.354322007306532	-1.5088421503052275e-30
11.466790313802136	11.69622565905317	11.581507986427653	-1.4898089360003534e-30
11.69622565905317	11.930249711209225	11.813237685131197	-1.4708995381356276e-30
11.930249711209225	12.1689542444084	12.049601977808813	-1.4521150280021122e-30
12.1689542444084	12.41243286827156	12.290693556339981	-1.4334577326414919e-30
12.41243286827156	12.660781064611983	12.536606966441772	-1.4149280491334062e-30
12.660781064611983	12.914096224879215	12.787438644745599	-1.3965266961644575e-30
12.914096224879211	13.172477688351787	13.0432869566155	-1.378254472095673e-30
13.17247768835179	13.436026781093817	13.304252234722803	-1.3601121675255199e-30
13.436026781093817	13.704846855690684	13.57043681839225	-1.34210053677843e-30
13.70484685569068	13.979043331779485	13.841945093735083	-1.3242203020522377e-30
13.979043331779488	14.258723737390069	14.118883534584779	-1.3064727476186776e-30
14.258723737390067	14.54399775111286	14.401360744251463	-1.2888588609094367e-30
14.54399775111286	14.834977245110109	14.689487498111484	-1.2713788584185952e-30
14.834977245110109	15.131776328987302	14.983376787048705	-1.2540331666338765e-30
15.131776328987304	15.43451139454204	15.283143861764671	-1.2368222426376851e-30
15.434511394542039	15.74330116140787	15.588906277974955	-1.2197465159774936e-30
15.74330116140787	16.05826672361102	15.900783942509445	-1.2028063921510314e-30
16.058266723611016	16.37953159705823	16.218899160334622	-1.186003012154857e-30
16.37953159705823	16.707221767974385	16.543376682516307	-1.1693367216334873e-30
16.707221767974385	17.041465742308862	16.874343755141624	-1.1528075411032025e-30
17.041465742308862	17.38239459613003	17.211930169219446	-1.1364156302282408e-30
17.38239459613003	17.73014202702762	17.556268311578826	-1.1201611580848131e-30
17.730142027027618	18.084844406543162	17.90749321678539	-1.1040442761748337e-30
18.08484440654316	18.446640833649013	18.265742620096084	-1.0880653760598006e-30
18.446640833649013	18.815673189296984	18.631157011473	-1.0722253033132051e-30
18.815673189296984	19.192086192057914	19.00387969067745	-1.0565236369529086e-30
19.192086192057914	19.576027454874062	19.38405682346599	-1.0409602810641144e-30
19.576027454874062	19.967647542946533	19.771837498910298	-1.0255351765626763e-30
19.967647542946533	20.367100032780453	20.167373787863493	-1.0102482546025368e-30
20.367100032780453	20.774541572411053	20.570820802595755	-9.950999636984975e-31
20.774541572411056	21.190131942834267	20.98233675762266	-9.800904118329963e-31
21.190131942834263	21.614034120665938	21.402083031750102	-9.652191623666898e-31
21.614034120665938	22.046414342054245	21.83022423136009	-9.504859502604139e-31
22.04641434205425	22.487442167870324	22.266928254962288	-9.358905252011552e-31
22.48744216787032	22.937290550202714	22.712366359036515	-9.214326333541563e-31
22.937290550202718	23.39613590018176	23.16671322519224	-9.071129399402493e-31
23.396135900181758	23.864158157160382	23.630147028671068	-8.929307310913327e-31
23.864158157160386	24.34154085927858	24.102849508219485	-8.788855420256354e-31
24.341540859278584	24.828471215439144	24.585006037358866	-8.649769665831432e-31
24.82847121543914	25.32514017872291	25.076805697081028	-8.512046026830155e-31
25.325140178722915	25.83174252127236	25.57844134999764	-8.375688266554808e-31
25.831742521272364	26.3484769106728	26.09010971597258	-8.240689389396199e-31
26.348476910672794	26.875545987861237	26.612011449267015	-8.107043351915939e-31
26.87554598786124	27.413156446593455	27.144351217227346	-7.974744791543716e-31
27.413156446593455	27.961519114500312	27.687337780546883	-7.843788447587269e-31
27.96151911450031	28.520849035765302	28.241184075132807	-7.714177091170406e-31
28.520849035765302	29.091365555455596	28.80610729561045	-7.585901769040912e-31
29.0913655554556	29.673292405539698	29.382328980497647	-7.4589555409852795e-31
29.673292405539694	30.266857792625476	29.970075099082585	-7.333332008975852e-31
30.266857792625476	30.872294487452972	30.569576140039224	-7.209027400250046e-31
30.872294487452976	31.489839916177022	31.181067201814997	-7.086039741681574e-31
31.489839916177026	32.11973625347555	31.80478808482629	-6.964359476707513e-31
32.11973625347555	32.76223051752005	32.4409833854978	-6.843979096797081e-31
32.762230517520045	33.41757466684543	33.08990259218274	-6.724891437245428e-31
33.41757466684544	34.08602569915733	33.751800183001386	-6.607096207016763e-31
34.08602569915733	34.76784575211546	34.4269357256364	-6.490583627582517e-31
34.76784575211547	35.46330220613277	35.11557397912412	-6.375345207551994e-31
35.46330220613276	36.1726677892304	35.81798499768158	-6.261373009064868e-31
36.1726677892304	36.896220683989995	36.5344442366102	-6.148664385404446e-31
36.89622068399	37.63424463664479	37.265232660317395	-6.037210923495929e-31
37.63424463664479	38.38702906835267	38.01063685249873	-5.927003311549814e-31
38.38702906835267	39.154869188694704	38.77094912852368	-5.8180330070332325e-31
39.15486918869471	39.93806611144359	39.54646765006915	-5.710296101138087e-31
39.93806611144358	40.73692697264744	40.337496542045514	-5.603784369932182e-31
40.73692697264744	41.55176505107537	41.1443460118614	-5.498487991047659e-31
41.55176505107538	42.38289989107187	41.967332471073625	-5.394397985509432e-31
42.382899891071865	43.23065742786829	42.806778659470076	-5.291510272979508e-31
43.23065742786829	44.09537011540064	43.66301377163447	-5.189815587291125e-31
44.09537011540065	44.97737705668364	44.536373586042146	-5.089303999040641e-31
44.977377056683636	45.87702413679229	45.42720059673796	-4.990198682621276e-31
45.8770241367923	46.79466415850313	46.33584414764772	-4.8930151269895565e-31
46.794664158503124	47.73065698064817	47.262660569575644	-4.797714169699093e-31
47.73065698064817	48.685369659236116	48.20801331994214	-4.704258454491219e-31
48.685369659236116	49.65917659139582	49.17227312531597	-4.612614730792222e-31
49.65917659139582	50.65245966219872	50.15581812679727	-4.522747757913159e-31
50.65245966219873	51.66560839441769	51.15903402830821	-4.434621650764381e-31
51.66560839441769	52.69902010128103	52.18231424784936	-4.348204931104803e-31
52.69902010128102	53.75310004228162	53.22606007178132	-4.263464347728145e-31
53.75310004228162	54.828261582102236	54.29068081219193	-4.1803658165636235e-31
54.82826158210225	55.924926352719275	55.37659396741076	-4.098880664886765e-31
55.92492635271927	57.04352441874864	56.48422538573395	-4.018975982523321e-31
57.04352441874864	58.1844944460986	57.614009432423614	-3.9406198127616537e-31
58.1844944460986	59.34828387399555	58.76638916004707	-3.863786586346969e-31
59.34828387399555	60.53534909045044	59.94181648222299	-3.788443331823953e-31
60.53534909045044	61.74615561123443	61.14075235084243	-3.7145638141094245e-31
61.74615561123443	62.9811782624341	62.363666936834264	-3.6421181223492294e-31
62.9811782624341	64.24090136665777	63.61103981454593	-3.571078846570384e-31
64.24090136665777	65.5258189329659	64.88336014981184	-3.5014198082547722e-31
65.5258189329659	66.8364348506002	66.18112689178305	-3.433111869032461e-31
66.8364348506002	68.17326308658718	67.50484896859369	-3.3661328473063754e-31
68.17326308658718	69.53682788729391	68.85504548694055	-3.3004534796512346e-31
69.53682788729391	70.92766398401477	70.23224593565433	-3.236051942862907e-31
70.92766398401476	72.34631680267003	71.63699039334239	-3.172900493943177e-31
72.34631680267003	73.7933426776984	73.06982974018422	-3.1109778467729246e-31
73.79334267769842	75.26930907022737	74.53132587396288	-3.0502575001434995e-31
75.26930907022737	76.77479479060689	76.02205193041712	-2.990718909542348e-31
76.77479479060689	78.310390225394	77.54259250800044	-2.932336527336773e-31
78.310390225394	79.87669756887686	79.09354389713543	-2.8750907485266554e-31
79.87669756887686	81.47433105922939	80.67551431405312	-2.8189567212240715e-31
81.47433105922937	83.10391721938893	82.28912413930915	-2.76391593691854e-31
83.10391721938895	84.7660951027517	83.93500616107033	-2.7099440419324265e-31
84.7660951027517	86.46151654378171	85.61380582326672	-2.6570237226529233e-31
86.46151654378171	88.19084641363233	87.32618147870701	-2.6051324708005784e-31
88.19084641363231	89.95476288087994	89.07280464725613	-2.554251252762867e-31
89.95476288087994	91.75395767747251	90.85436027917623	-2.5043605643413365e-31
91.75395767747253	93.58913636999695	92.67154702373475	-2.4554401373706493e-31
93.58913636999694	95.46101863637185	94.52507750318439	-2.4074728278818405e-31
95.46101863637185	97.37033854807426	96.41567859222306	-2.3604378284019766e-31
97.37033854807426	99.31784485801072	98.3440917030425	-2.3143198227436545e-31
99.31784485801072	101.3043012941459	100.31107307607832	-2.2690995354552033e-31
101.3043012941459	103.3304868590038	102.31739407657486	-2.2247596092342316e-31
103.3304868590038	105.39719613515885	104.36384149708132	-2.1812838642687646e-31
105.39719613515886	107.50523959683701	106.45121786599793	-2.138653511327903e-31
107.50523959683701	109.65544392774872	108.58034176229287	-2.0968546904253522e-31
109.65544392774872	111.84865234527867	110.7520481365137	-2.055870197310408e-31
111.84865234527867	114.0857249311592	112.96718863821894	-2.015683508214814e-31
114.08572493115922	116.36753896875737	115.22663194995829	-1.976280652543915e-31
116.36753896875737	118.69498928710749	117.53126412793243	-1.9376449867003667e-31
118.69498928710748	121.0689886118246	119.88198894946603	-1.8997623537623975e-31
121.0689886118246	123.49046792303605	122.27972826743033	-1.8626186431312992e-31
123.49046792303606	125.96037682047175	124.72542237175391	-1.8261973833135143e-31
125.96037682047174	128.47968389585614	127.22003035816394	-1.7904871690573886e-31
128.47968389585617	131.04937711274826	129.76453050430223	-1.755473611286084e-31
131.04937711274823	133.67046419397818	132.3599206533632	-1.7211412592226088e-31
133.67046419397818	136.3439730168327	135.00721860540546	-1.6874793223728402e-31
136.3439730168327	139.07095201614433	137.70746251648853	-1.6544742696469288e-31
139.07095201614433	141.85247059544218	140.46171130579324	-1.6221118658104993e-31
141.85247059544218	144.68961954632599	143.2710450708841	-1.5903811142154855e-31
144.68961954632599	147.58351147622747	146.13656551127673	-1.5592698017939497e-31
147.58351147622744	150.53528124472695	149.0593963604772	-1.528765066259219e-31
150.53528124472697	153.54608640859647	152.04068382666173	-1.4988550412690852e-31
153.5460864085965	156.6171076757434	155.08159704216996	-1.4695291734207827e-31
156.61710767574337	159.7495493682332	158.1833285219883	-1.4407755890875056e-31
159.7495493682332	162.94463989457282	161.34709463140302	-1.412582082691447e-31
162.94463989457284	166.20363223143926	164.57413606300605	-1.3849394671533975e-31
166.20363223143926	169.527804415043	167.86571832324114	-1.3578366847815153e-31
169.527804415043	172.9184600423188	171.2231322286809	-1.331262527384421e-31
172.9184600423188	176.37692878214014	174.64769441222947	-1.3052067417221142e-31
176.37692878214014	179.9045668967579	178.14074783944903	-1.2796601213365084e-31
179.90456689675787	183.50275777366798	181.70366233521293	-1.2546124177174157e-31
183.50275777366804	187.17291246811635	185.33783512089218	-1.2300528636124582e-31
187.17291246811635	190.91647025645364	189.044691362285	-1.2059731423530805e-31
190.9164702564536	194.73489920055763	192.82568472850562	-1.18236406260812e-31
194.73489920055763	198.62969672354373	196.68229796205068	-1.1592161576358582e-31
198.62969672354373	202.60239019698955	200.61604346026664	-1.1365194811262727e-31
202.60239019698957	206.6545375399043	204.62846386844694	-1.1142663617634198e-31
206.65453753990434	210.78772782967738	208.72113268479086	-1.0924483144808275e-31
210.78772782967735	215.00358192524584	212.8956548774616	-1.071056626406e-31
215.00358192524584	219.3037531027257	217.15366751398577	-1.0500824897767774e-31
219.3037531027257	223.68992770375516	221.4968404032404	-1.0295177608473025e-31
223.6899277037552	228.16382579680524	225.9268767502802	-1.009355249644797e-31
228.16382579680524	232.7272018517163	230.4455138242608	-9.895869473797094e-32
232.7272018517163	237.38184542772558	235.05452363972094	-9.702049034633452e-32
237.38184542772555	242.129581875255	239.75571365149028	-9.512007429760558e-32
242.129581875255	246.97227305173504	244.55092746349504	-9.325684383237711e-32
246.97227305173504	251.9118180517447	249.44204555173985	-9.143006221761971e-32
251.91181805174475	256.9501539517546	254.43098600174966	-8.963900349915632e-32
256.95015395175454	262.0892565697646	259.51970526075957	-8.788294555999081e-32
262.0892565697646	267.3311412401348	264.7101989049497	-8.616114333106379e-32
267.33114124013485	272.6778636039125	270.0045024220237	-8.447304111872724e-32
272.67786360391244	278.1315204149656	275.40469200943903	-8.281797220352423e-32
278.1315204149656	283.69425036223987	280.9128853886027	-8.119528032376208e-32
283.69425036223987	289.3682349084596	286.5312426353497	-7.960431559167946e-32
289.3682349084596	295.15569914560376	292.2619670270317	-7.804437757722922e-32
295.1556991456037	301.0589126674907	298.1073059065472	-7.651498280110025e-32
301.05891266749074	307.08019045981547	304.06955156365314	-7.501552839812607e-32
307.0801904598155	313.22189380798676	310.1510421339011	-7.354542193147664e-32
313.2218938079867	319.4864312231214	316.35416251555404	-7.210407982352384e-32
319.4864312231214	325.87625938655873	322.6813453048401	-7.069092215005381e-32
325.8762593865588	332.3938841132649	329.13507174991184	-6.930534724924438e-32
332.39388411326485	339.0418613345051	335.71787272388497	-6.794691066035758e-32
339.0418613345051	345.82279810017013	342.4323297173376	-6.661507737512629e-32
345.82279810017013	352.7393536011485	349.2810758506593	-6.530932189679915e-32
352.7393536011485	359.79424021214635	356.2667969066474	-6.402912720175017e-32
359.79424021214635	366.9902245553642	363.3922323837553	-6.277398193852512e-32
366.99022455536414	374.33012858544635	370.66017657040527	-6.154335743372424e-32
374.3301285854464	381.81683069613024	378.0734796407883	-6.033681967357284e-32
381.8168306961302	389.4532668490277	385.63504877257895	-5.915392296924885e-32
389.4532668490277	397.2424317249832	393.3478492870055	-5.799420178818859e-32
397.2424317249832	405.1873798984578	401.2149058117205	-5.685719896938185e-32
405.1873798984577	413.2912270354018	409.23930346692975	-5.574246487940564e-32
413.2912270354019	421.5571511150848	417.42418907524336	-5.464955519433586e-32
421.5571511150848	429.9883936763614	425.7727723957231	-5.357801554970733e-32
