-0.0	9.953897499377266e-5	4.976948749688633e-5	-2.709947977819275e-30
9.953897499377266e-5	0.0002010687294874207	0.00015030385224059668	-2.7099479413431863e-30
0.00020106872948742058	0.0003046290790709416	0.00025284890427918107	-2.709947887620503e-30
0.0003046290790709413	0.00041026063564613265	0.000357444857358537	-2.7099478128670297e-30
0.0004102606356461331	0.0005180048233528283	0.0004641327294994807	-2.7099477165333354e-30
0.0005180048233528287	0.0006279038948136577	0.0005729543590832433	-2.7099475982509045e-30
0.0006279038948136573	0.0007400009477037028	0.0006839524212586801	-2.7099474575641225e-30
0.000740000947703703	0.0008543399416515495	0.0007971704446776262	-2.709947293945515e-30
0.0008543399416515493	0.0009709657154783526	0.0009126528285649509	-2.709947106803163e-30
0.0009709657154783523	0.0010899240047816917	0.001030444860130022	-2.7099468955097566e-30
0.0010899240047816917	0.0012112614598710977	0.0011505927323263946	-2.709946659325908e-30
0.0012112614598710973	0.0013350256640622914	0.0012731435619666943	-2.7099463974943072e-30
0.0013350256640622922	0.00146126515233731	0.0013981454081998012	-2.7099461091970964e-30
0.0014612651523373099	0.0015900294303778282	0.001525647291357569	-2.7099457935591925e-30
0.0015900294303778277	0.0017213689939791564	0.001655699212178492	-2.709945449658497e-30
0.0017213689939791568	0.0018553353488525118	0.0017883521714158342	-2.70994507653363e-30
0.0018553353488525112	0.0019919810308233333	0.0019236581898379223	-2.7099446731346908e-30
0.0019919810308233333	0.002131359626433572	0.0020616703286284524	-2.7099442384018576e-30
0.0021313596264335728	0.002273525793956016	0.0022024427101947942	-2.7099437712337456e-30
0.0022735257939560153	0.0024185352848289073	0.002346030539392461	-2.7099432704075813e-30
0.002418535284828908	0.002566444965519258	0.002492490125174083	-2.7099427347611795e-30
0.002566444965519257	0.002717312839823414	0.0026418789026713355	-2.709942162945036e-30
0.002717312839823413	0.0028711980716136527	0.002794255455718533	-2.7099415536875655e-30
0.002871198071613654	0.0030281610080396984	0.002949679539826676	-2.7099409055430884e-30
0.003028161008039698	0.0031882632031942633	0.0031082121056169804	-2.7099402170910527e-30
0.003188263203194263	0.0033515674422519193	0.0032699153227230913	-2.7099394868359755e-30
0.0033515674422519197	0.0035181377660907292	0.0034348526041713245	-2.7099387131498115e-30
0.0035181377660907292	0.003688039496406315	0.003603088631248522	-2.709937894415781e-30
0.0036880394964063155	0.003861339261328213	0.0037746893788672643	-2.7099370290243557e-30
0.003861339261328213	0.004038105021548549	0.003949722141438381	-2.709936115118187e-30
0.004038105021548548	0.00421840609697329	0.004128255559260919	-2.7099351507503787e-30
0.00421840609697329	0.004402313193906526	0.004310359645439908	-2.7099341341440475e-30
0.004402313193906526	0.004589898432778427	0.004496105813342477	-2.7099330634205912e-30
0.004589898432778428	0.004781235376427767	0.004685566904603098	-2.7099319364584016e-30
0.0047812353764277666	0.0049763990589500925	0.00487881721768893	-2.7099307509509703e-30
0.004976399058950093	0.005175466015122866	0.0050759325370364795	-2.7099295046451692e-30
0.005175466015122865	0.005378514310419092	0.005276990162770979	-2.70992819529562e-30
0.005378514310419092	0.005585623571621245	0.005482068941020169	-2.7099268205588525e-30
0.005585623571621245	0.00579687501804744	0.0056912492948343425	-2.7099253779846108e-30
0.005796875018047441	0.00601235149340216	0.0059046132557248	-2.7099238650184736e-30
0.00601235149340216	0.006232137498263974	0.006122244495833067	-2.709922278998884e-30
0.006232137498263972	0.006456319223223022	0.006344228360743497	-2.7099206171412e-30
0.006456319223223021	0.006684984582681251	0.006570651902952136	-2.7099188765235817e-30
0.006684984582681254	0.006918223249328648	0.0068016039160049505	-2.709917054140373e-30
0.006918223249328647	0.00715612668930899	0.007037174969318818	-2.7099151468816925e-30
0.00715612668930899	0.007398788198088939	0.007277457443698964	-2.7099131515215906e-30
0.007398788198088939	0.007646302937044488	0.0075225455675667135	-2.7099110647383538e-30
0.007646302937044487	0.007898767970779146	0.007772535453911817	-2.709908883102105e-30
0.007898767970779147	0.0081562823051885	0.008027525137983823	-2.7099066030558634e-30
0.0081562823051885	0.00841894692628604	0.008287614615737269	-2.709904220892682e-30
0.00841894692628604	0.00868686483980553	0.008552905883045785	-2.7099017327565583e-30
0.008686864839805528	0.008960141111595408	0.008823502975700469	-2.7098991346622583e-30
0.008960141111595408	0.009238882908821085	0.009099512010208246	-2.709896422463521e-30
0.009238882908821085	0.009523199541991274	0.00938104122540618	-2.7098935918452162e-30
0.009523199541991274	0.009813202507824869	0.009668201024908072	-2.709890638335305e-30
0.00981320250782487	0.010109005532975137	0.009961104020400003	-2.7098875573426214e-30
0.010109005532975134	0.010410724618628405	0.01025986507580177	-2.7098843441060095e-30
0.010410724618628405	0.010718478085994741	0.010564601352311572	-2.7098809937083592e-30
0.010718478085994743	0.011032386622708406	0.010875432354351573	-2.709877501064902e-30
0.011032386622708406	0.011352573330156341	0.011192479976432374	-2.7098738609312085e-30
0.011352573330156343	0.011679163771753237	0.01151586855095479	-2.709870067887291e-30
0.011679163771753237	0.01201228602218207	0.011845724896967653	-2.709866116321598e-30
0.012012286022182067	0.012352070717619476	0.012182178369900772	-2.7098620003747017e-30
0.01235207071761948	0.012698651106965636	0.012525360912292557	-2.7098577138883656e-30
0.012698651106965634	0.013052163104098714	0.012875407105532175	-2.7098532503636792e-30
0.013052163104098714	0.013412745341174455	0.013232454222636584	-2.7098486031359412e-30
0.013412745341174457	0.013780539222991713	0.013596642282083085	-2.7098437652805894e-30
0.013780539222991713	0.014155688982445314	0.013968114102718514	-2.7098387298242974e-30
0.014155688982445312	0.014538341737087986	0.014347015359766648	-2.709833489613971e-30
0.014538341737087988	0.014928647546823513	0.01473349464195575	-2.709828037272498e-30
0.014928647546823513	0.01532675947275375	0.01512770350978863	-2.7098223650721935e-30
0.01532675947275375	0.01573283363720259	0.01552979655497817	-2.70981646485663e-30
0.01573283363720259	0.01614702928494041	0.015939931461071498	-2.7098103280834748e-30
0.016147029284940405	0.016569508845632977	0.01635826906528669	-2.7098039459544757e-30
0.016569508845632984	0.01700043799753941	0.016784973421586198	-2.7097973093719663e-30
0.017000437997539405	0.01743998573248396	0.017220211865011683	-2.709790409047486e-30
0.01743998573248396	0.017888324422127407	0.017664155077305684	-2.709783235517036e-30
0.017888324422127403	0.018345629885563715	0.01811697715384556	-2.7097757789022703e-30
0.01834562988556372	0.018812081458268758	0.018578855671916236	-2.709768028819046e-30
0.018812081458268758	0.0192878620624279	0.01904997176034833	-2.709759974440448e-30
0.019287862062427896	0.019773158278670218	0.019530510170549055	-2.7097516045555802e-30
0.019773158278670218	0.020268160419237388	0.020020659348953803	-2.709742907545857e-30
0.020268160419237388	0.0207730626026159	0.020520611510926642	-2.7097338715497762e-30
0.0207730626026159	0.02128806282966198	0.021030562716138942	-2.7097244843487778e-30
0.02128806282966198	0.021813363061248984	0.021550712945455484	-2.7097147331859294e-30
0.021813363061248984	0.022349169297467726	0.022081266179358357	-2.7097046049519222e-30
0.02234916929746773	0.022895691658410846	0.022622430477939288	-2.709694085785116e-30
0.022895691658410842	0.02345314446657282	0.023174418062491833	-2.709683161428351e-30
0.02345314446657282	0.024021746330898038	0.02373744539873543	-2.7096718170308163e-30
0.024021746330898045	0.02460172023250977	0.024311733281703905	-2.709660037660111e-30
0.02460172023250977	0.025193293612153726	0.024897506922331746	-2.7096478075034728e-30
0.025193293612153722	0.02579669845939056	0.02549499603577214	-2.7096351104839694e-30
0.02579669845939056	0.026412171403572132	0.026104434931481346	-2.7096219296650813e-30
0.026412171403572136	0.02703995380663734	0.02672606260510474	-2.7096082474385895e-30
0.02703995380663734	0.027680291857763845	0.027360122832200594	-2.7095940454148706e-30
0.027680291857763845	0.028333436669912882	0.028006864263838364	-2.7095793052969938e-30
0.028333436669912882	0.0289996443783049	0.028666540524108892	-2.7095640077332996e-30
0.028999644378304903	0.02967917624086476	0.029339410309584833	-2.709548132843806e-30
0.02967917624086476	0.030372298740675815	0.03002573749077029	-2.7095316596938395e-30
0.030372298740675818	0.031079283690483094	0.030725791215579456	-2.7095145668300548e-30
0.031079283690483087	0.03180040833928651	0.031439846014884795	-2.7094968315418663e-30
0.03180040833928651	0.032535955481066	0.03216818191017626	-2.709478431375095e-30
0.032535955481066005	0.03328621356568108	0.032911084523373546	-2.7094593425285524e-30
0.03328621356568108	0.03405147681198846	0.03366884518883477	-2.7094395402269317e-30
0.03405147681198846	0.03483204532322199	0.03444176106760523	-2.7094189992625326e-30
0.03483204532322199	0.03562822520468019	0.03523013526395109	-2.7093976927083557e-30
0.03562822520468018	0.036440328683767544	0.03603427694422386	-2.7093755933387444e-30
0.036440328683767544	0.037268674232436655	0.036854501458102096	-2.7093526729020506e-30
0.037268674232436655	0.03811358669207914	0.0376911304622579	-2.709328902679595e-30
0.03811358669207915	0.03897539740091449	0.03854449204649682	-2.709304251879864e-30
0.038975397400914484	0.03985444432392653	0.0394149208624205	-2.7092786894786854e-30
0.03985444432392653	0.040751072185398814	0.040302758254662674	-2.7092521823783735e-30
0.040751072185398814	0.04166563260410055	0.04120835239474968	-2.7092246973250783e-30
0.04166563260410054	0.042598484231176306	0.042132058417638424	-2.709196200094508e-30
0.04259848423117632	0.0435499928907936	0.04307423856098496	-2.709166654218383e-30
0.043549992890793594	0.04452053172360322	0.04403526230719841	-2.7091360230666946e-30
0.044520531723603214	0.04551048133306903	0.04501550652833612	-2.7091042672649616e-30
0.045510481333069036	0.04652022993472417	0.0460153556338966	-2.709071346850167e-30
0.04652022993472417	0.047550173508412404	0.04703520172156829	-2.709037221480603e-30
0.04755017350841241	0.04860071595357441	0.048075444730993414	-2.7090018478728567e-30
0.04860071595357442	0.04967226924763966	0.04913649260060704	-2.7089651823663893e-30
0.04967226924763965	0.05076525360758619	0.05021876142761292	-2.7089271795685255e-30
0.0507652536075862	0.05188009765473167	0.051322675631158936	-2.708887790506123e-30
0.051880097654731665	0.05301723858282005	0.052448668118775854	-2.708846967537358e-30
0.05301723858282006	0.05417712232947021	0.05359718045614513	-2.7088046600906793e-30
0.0541771223294702	0.055360203751053355	0.054768663040261775	-2.7087608151313423e-30
0.055360203751053355	0.05656694680106817	0.05596357527606076	-2.7087153797464597e-30
0.05656694680106818	0.057797824712083286	0.057182385756575735	-2.7086682966433085e-30
0.05779782471208328	0.059053320181318696	0.05842557244670099	-2.708619506562629e-30
0.0590533201813187	0.06033392555993882	0.059693622870628765	-2.7085689516529654e-30
0.06033392555993882	0.06164014304613134	0.06098703430303508	-2.708516568046626e-30
0.06164014304613134	0.06297248488204772	0.06230631396408953	-2.708462292908553e-30
0.06297248488204771	0.06433147355468241	0.06365197921836506	-2.708406058224785e-30
0.06433147355468241	0.06571764200076981	0.06502455777772612	-2.7083477953952036e-30
0.06571764200076981	0.06713153381577895	0.06642458790827438	-2.7082874330858643e-30
0.06713153381577895	0.06857370346708827	0.0678526186414336	-2.708224896219796e-30
0.06857370346708827	0.07004471651142379	0.06930920998925602	-2.7081601109943586e-30
0.07004471651142379	0.071545149816646	0.0707949331640349	-2.708092996357219e-30
0.071545149816646	0.07307559178797267	0.07231037080230934	-2.708023470188422e-30
0.07307559178797267	0.07463664259872586	0.07385611719334927	-2.7079514483339388e-30
0.07463664259872586	0.07622891442569413	0.07543277851221	-2.70787684137758e-30
0.07622891442569411	0.07785303168920174	0.07704097305744792	-2.707799559314425e-30
0.07785303168920174	0.07950963129797951	0.07868133149359063	-2.7077195093533286e-30
0.07950963129797951	0.08119936289893284	0.08035449709845618	-2.7076365935939665e-30
0.08119936289893284	0.08292288913190524	0.08206112601541904	-2.7075507089973608e-30
0.08292288913190525	0.0846808858895371	0.08380188751072118	-2.707461752438246e-30
0.08468088588953708	0.08647404258232155	0.08557746423592932	-2.7073696152882594e-30
0.08647404258232155	0.08830306240896171	0.08738855249564163	-2.7072741843768422e-30
0.08830306240896173	0.0901686626321347	0.08923586252054821	-2.7071753472839607e-30
0.09016866263213469	0.09207157485977112	0.09112011874595291	-2.7070729820511043e-30
0.09207157485977113	0.09401254533196028	0.09304206009586571	-2.706966961743216e-30
0.09401254533196027	0.09599233521359321	0.09500244027277674	-2.7068571585432443e-30
0.09599233521359321	0.09801172089285881	0.09700202805322601	-2.7067434394309045e-30
0.0980117208928588	0.1000714942857097	0.09904160758928425	-2.706625664949773e-30
0.10007149428570972	0.10217246314641765	0.10112197871606368	-2.70650369433187e-30
0.10217246314641763	0.10431545138433972	0.10324395726537867	-2.7063773785201627e-30
0.10431545138433973	0.10650129938702026	0.10540837538567999	-2.7062465601051755e-30
0.10650129938702026	0.10873086434975439	0.10761608186838732	-2.706111078397451e-30
0.10873086434975437	0.1110050206117432	0.10986794248074878	-2.705970770633021e-30
0.1110050206117432	0.11332465999897179	0.11216484030535749	-2.705825466614613e-30
0.11332465999897177	0.11569069217394494	0.11450767608645836	-2.7056749870378365e-30
0.11569069217394495	0.11810404499241757	0.11689736858318125	-2.7055191480139987e-30
0.11810404499241758	0.12056566486725966	0.11933485492983861	-2.705357756642963e-30
0.12056566486725963	0.12307651713959854	0.12182109100342908	-2.7051906099071208e-30
0.12307651713959855	0.12563758645738424	0.1243570517984914	-2.7050175031678143e-30
0.12563758645738424	0.12824987716152564	0.12694373180945495	-2.7048382272295657e-30
0.12824987716152564	0.13091441367974987	0.12958214542063776	-2.7046525635589543e-30
0.13091441367974987	0.13363224092833859	0.13227332730404423	-2.7044602731383524e-30
0.13363224092833859	0.13640442472189906	0.13501833282511883	-2.7042611135453037e-30
0.13640442472189906	0.13923205219133075	0.1378182384566149	-2.704054837262276e-30
0.1392320521913308	0.14211623221015113	0.14067414220074098	-2.70384118222719e-30
0.1421162322101511	0.14505809582934784	0.14358716401974947	-2.7036198789627774e-30
0.14505809582934784	0.1480587967209285	0.14655844627513817	-2.7033906579174063e-30
0.1480587967209285	0.1511195116303408	0.14958915417563465	-2.703153221430246e-30
0.1511195116303408	0.1542414408379413	0.15268047623414105	-2.7029072391098212e-30
0.1542414408379413	0.15742580862969385	0.15583362473381757	-2.702652387218728e-30
0.15742580862969385	0.16067386377728143	0.15904983620348764	-2.7023883342184212e-30
0.16067386377728143	0.16398688002782077	0.16233037190255112	-2.7021147356188756e-30
0.16398688002782077	0.1673661566033709	0.16567651831559582	-2.7018312231490167e-30
0.1673661566033709	0.17081301871043203	0.16908958765690146	-2.70153739785913e-30
0.170813018710432	0.17432881805963435	0.1725709183850332	-2.7012328705706518e-30
0.17432881805963435	0.17791493339582073	0.17612187572772753	-2.7009172430038512e-30
0.17791493339582073	0.18157277103873085	0.1797438522172758	-2.7005900968433297e-30
0.18157277103873087	0.1853037654344992	0.18343826823661502	-2.7002509807650557e-30
0.18530376543449914	0.1891093797181828	0.187206572576341	-2.6998994390560737e-30
0.18910937971818284	0.19299110628754018	0.1910502430028615	-2.6995349972280324e-30
0.19299110628754018	0.19695046738828467	0.1949707868379124	-2.699157179107683e-30
0.19695046738828464	0.20098901571104402	0.19896974154966435	-2.6987654808678386e-30
0.20098901571104408	0.20510833500025866	0.20304867535565135	-2.698359386425834e-30
0.20510833500025863	0.2093100406752575	0.20720918783775805	-2.697938370620516e-30
0.2093100406752575	0.21359578046375632	0.2114529105695069	-2.6975018750280837e-30
0.21359578046375632	0.21796723504802512	0.21578150775589072	-2.697049322857643e-30
0.21796723504802512	0.2224261187239793	0.2201966768860022	-2.6965801394212233e-30
0.22242611872397927	0.22697418007345255	0.2247001493987159	-2.6960937242759503e-30
0.22697418007345255	0.23161320264991528	0.22929369136168393	-2.6955894543770133e-30
0.23161320264991528	0.23634500567790726	0.23397910416391127	-2.6950667106948256e-30
0.23634500567790728	0.2411714447664591	0.2387582252221832	-2.694524824828609e-30
0.24117144476645908	0.24609441263678192	0.2436329287016205	-2.6939631154672518e-30
0.24609441263678195	0.25111583986451125	0.2486051262506466	-2.693380900149357e-30
0.25111583986451125	0.25623769563679516	0.2536767677506532	-2.6927774539197504e-30
0.2562376956367951	0.2614619885245247	0.25884984208065986	-2.6921520695823995e-30
0.2614619885245247	0.26679076727000883	0.2641263778972668	-2.6915039725885e-30
0.26679076727000883	0.27222612159040266	0.2695084444302057	-2.6908324012220072e-30
0.2722261215904027	0.2777701829972044	0.27499815229380353	-2.6901366036819533e-30
0.2777701829972044	0.28342512563214217	0.2805976543146733	-2.689415736495426e-30
0.28342512563214217	0.28919316711977866	0.2863091463759604	-2.6886689447826594e-30
0.28919316711977866	0.29507656943716787	0.29213486827847324	-2.6878953893915277e-30
0.2950765694371678	0.3010776398009048	0.2980771046190363	-2.687094143366578e-30
0.30107763980090485	0.3071987315719166	0.3041381856864107	-2.6862644045504353e-30
0.30719873157191663	0.3134422451783486	0.3103204883751326	-2.685405217802302e-30
0.31344224517834857	0.31981062905690916	0.31662643711762883	-2.6845156667249795e-30
0.3198106290569092	0.326306380613041	0.3230585048349751	-2.6835948008583812e-30
0.326306380613041	0.33293204720029546	0.32961921390666826	-2.6826416187341686e-30
0.3329320472002955	0.33969022711929503	0.33631113715979527	-2.681655133120684e-30
0.33969022711929503	0.34658357063667455	0.3431368988779848	-2.680634254312584e-30
0.3465835706366745	0.35361478102440164	0.35009917583053807	-2.6795779503274856e-30
0.35361478102440164	0.3607866156198833	0.35720069832214246	-2.6784850752146128e-30
0.3607866156198833	0.3681018869072746	0.36444425126357893	-2.677354668534897e-30
0.36810188690727463	0.37556346362041376	0.3718326752638442	-2.6761855436866002e-30
0.3755634636204137	0.3831742718678156	0.37936886774411466	-2.6749764994217408e-30
0.38317427186781555	0.3909372962801655	0.38705578407399055	-2.673726394635304e-30
0.39093729628016555	0.3988555811807625	0.394896438730464	-2.6724340468480287e-30
0.3988555811807624	0.40693223177937127	0.40289390648006684	-2.6710980848507726e-30
0.40693223177937127	0.4151704153899523	0.4110513235846618	-2.6697174757939952e-30
0.4151704153899523	0.4235733626727449	0.4193718890313486	-2.6682908729037823e-30
0.423573362672745	0.43214436890119345	0.4278588657869692	-2.6668168506176812e-30
0.4321443689011934	0.4408867952542109	0.43651558207770214	-2.6652942716759844e-30
0.4408867952542108	0.44980407013428864	0.44534543269424975	-2.6637217259241112e-30
0.4498040701342887	0.45889969051196805	0.45435188032312834	-2.662097868575868e-30
0.4588996905119681	0.468177223297201	0.46353845690458456	-2.6604211159635187e-30
0.4681772232972011	0.4776403067381387	0.4729087650176699	-2.6586902159689948e-30
0.47764030673813856	0.4872926518478949	0.4824664792930167	-2.6569036347511404e-30
0.48729265184789494	0.4971380438598464	0.49221534785387067	-2.655059867692439e-30
0.49713804385984633	0.5071803437120368	0.5021591937859415	-2.6531575925846988e-30
0.5071803437120368	0.517423489561271	0.5123019166366539	-2.651194978085179e-30
0.5174234895612712	0.5278714983274901	0.5226474939443806	-2.649170778542879e-30
0.5278714983274901	0.5385284672690335	0.5331999827982619	-2.6470833299935306e-30
0.5385284672690335	0.5493985755894076	0.5439635214292206	-2.644930924432787e-30
0.5493985755894077	0.5604860860761894	0.5549423308327985	-2.6427121426756105e-30
0.5604860860761894	0.5717953467727067	0.5661407164244481	-2.6404248700719973e-30
0.5717953467727067	0.5833307926831544	0.5775630697279306	-2.638068053987976e-30
0.5833307926831544	0.595096947511811	0.5892138700974827	-2.635639825811283e-30
0.5950969475118111	0.6070984254370408	0.601097686474426	-2.6331379658539043e-30
0.6070984254370407	0.619339932920775	0.6132191791789079	-2.630561706084205e-30
0.619339932920775	0.631826270554184	0.6255831017374796	-2.6279082007893373e-30
0.631826270554184	0.6445623349402613	0.6381943027472227	-2.6251764253957972e-30
0.6445623349402613	0.65755312061406	0.6510577277771606	-2.622364852691676e-30
0.65755312061406	0.6708037220013348	0.6641784213076973	-2.6194703680881843e-30
0.6708037220013346	0.6843193354163548	0.6775615287088448	-2.6164926596829523e-30
0.6843193354163548	0.6981052610996754	0.6912122982580151	-2.6134287527496406e-30
0.6981052610996754	0.7121669052966624	0.7051360831981689	-2.6102776560835197e-30
0.7121669052966624	0.7265097823775891	0.7193383438371257	-2.6070370343671114e-30
0.7265097823775891	0.7411395170001344	0.7338246496888617	-2.6037051547395612e-30
0.7411395170001344	0.7560618463151305	0.7486006816576325	-2.60028009236204e-30
0.7560618463151304	0.7712826222164265	0.7636722342657785	-2.5967597699888596e-30
0.7712826222164265	0.7868078136357485	0.7790452179260875	-2.593142360909646e-30
0.7868078136357485	0.8026435088834569	0.7947256612596028	-2.5894265464129283e-30
0.8026435088834569	0.8187959180361195	0.8107197134597882	-2.585609218692426e-30
0.8187959180361196	0.8352713753718355	0.8270336467039776	-2.5816894083622132e-30
0.8352713753718353	0.8520763418542654	0.8436738586130503	-2.577664900142637e-30
0.8520763418542654	0.8692174076663441	0.8606468747603048	-2.5735342611336894e-30
0.8692174076663441	0.8867012947946644	0.8779593512305043	-2.5692941429009313e-30
0.8867012947946645	0.9045348596655512	0.8956180772301079	-2.564943733092856e-30
0.9045348596655511	0.9227250958338555	0.9136299777497033	-2.5604813021071303e-30
0.9227250958338556	0.9412791367255261	0.9320021162796909	-2.555904671294358e-30
0.9412791367255261	0.96020425843503	0.950741697580278	-2.55121208389116e-30
0.9602042584350299	0.9795078825787238	0.9698560705068768	-2.5464005319896747e-30
0.9795078825787238	0.9991975792052916	0.9893527308920077	-2.5414690809745834e-30
0.9991975792052917	1.0192810697643908	1.0092393244848412	-2.5364164629287302e-30
1.0192810697643908	1.039766230134672	1.0295236499495313	-2.5312408668924563e-30
1.039766230134672	1.0606610937123586	1.0502136619235154	-2.525939060125738e-30
1.0606610937123588	1.0819738545615993	1.071317474136979	-2.5205091552793418e-30
1.0819738545615993	1.1037128706278245	1.0928433625947118	-2.514951308396856e-30
1.1037128706278245	1.1258866670153744	1.1147997688215994	-2.509263949520743e-30
1.1258866670153742	1.148503939330675	1.1371953031730246	-2.5034446013790443e-30
1.1485039393306753	1.171573557092282	1.1600387482114787	-2.497489410083397e-30
1.171573557092282	1.195104567209121	1.1833390621507016	-2.4913994184645183e-30
1.195104567209121	1.2191061975282966	1.2071053823687088	-2.48517460817999e-30
1.2191061975282966	1.2435878604538557	1.2313470289910762	-2.478812026892392e-30
1.243587860453856	1.2685591566379264	1.2560735085458912	-2.4723099940077958e-30
1.268559156637926	1.2940298787456777	1.2812945176918018	-2.465669208370508e-30
1.2940298787456779	1.3200100152955847	1.3070199470206312	-2.4588871773819637e-30
1.3200100152955847	1.3465097545764897	1.3332598849360373	-2.451963877821591e-30
1.3465097545764895	1.3735394886430126	1.360024621609751	-2.444898878185846e-30
1.3735394886430126	1.401109817390866	1.3873246530169392	-2.4376907064829954e-30
1.401109817390866	1.4292315527136765	1.4151706850522712	-2.430339827831949e-30
1.4292315527136763	1.457915722742943	1.4435736377283095	-2.422844763252315e-30
1.4579157227429431	1.487173576172795	1.4725446494578691	-2.4152054441727648e-30
1.487173576172795	1.5170165866712442	1.5020950814220195	-2.407421295293269e-30
1.5170165866712444	1.5474564573796623	1.5322365220254532	-2.39949242111735e-30
1.5474564573796623	1.5785051255022486	1.5629807914409555	-2.3914182426442716e-30
1.5785051255022486	1.6101747669872868	1.5943399462447676	-2.38319827245636e-30
1.6101747669872866	1.6424778013020254	1.626326284144656	-2.3748339057570583e-30
1.6424778013020256	1.6754268963030592	1.6589523488025424	-2.3663239987271696e-30
1.6754268963030592	1.7090349732041135	1.6922309347535864	-2.3576694800332306e-30
1.709034973204113	1.7433152116431883	1.7261750924236505	-2.3488703252617243e-30
1.7433152116431885	1.7782810548510453	1.7607981332471168	-2.3399268975912935e-30
1.7782810548510457	1.8139462149230596	1.7961136348870528	-2.3308392513690896e-30
1.8139462149230594	1.8503246781965137	1.8321354465597866	-2.3216079378141254e-30
1.8503246781965135	1.8874307107354367	1.868877694465975	-2.3122341364702256e-30
1.887430710735437	1.9252788639251386	1.9063547873302877	-2.3027181797847727e-30
1.9252788639251386	1.9638839801786343	1.9445814220518864	-2.2930602957972823e-30
1.9638839801786343	2.0032611987571998	1.983572589467917	-2.283261918986737e-30
2.0032611987571998	2.0434259617073365	2.023343580232268	-2.2733235350902843e-30
2.0434259617073365	2.084394019916476	2.063909990811906	-2.2632461767354222e-30
2.084394019916476	2.1261814392897986	2.1052877296031376	-2.2530324840911e-30
2.126181439289799	2.1688046070505878	2.1474930231701936	-2.2426830568899002e-30
2.1688046070505878	2.2122802381665925	2.19054242260859	-2.232198411089557e-30
2.212280238166592	2.2566253819049167	2.234452810035754	-2.2215795425322597e-30
2.256625381904917	2.3018574285180082	2.2792414052114625	-2.2108277878875143e-30
2.3018574285180082	2.347994116063361	2.3249257722906846	-2.1999459800266374e-30
2.347994116063361	2.395053537359621	2.371523826711491	-2.1889354464321785e-30
2.395053537359621	2.4430541470818063	2.4190538422207135	-2.1777978034123807e-30
2.4430541470818063	2.4920147689984353	2.467534458040121	-2.16653462462288e-30
2.4920147689984353	2.5419546033533966	2.516984686175916	-2.1551476805842105e-30
2.5419546033533966	2.5928932343954574	2.567423918874427	-2.1436388035087998e-30
2.5928932343954574	2.6448506380583594	2.6188719362269084	-2.1320103195531107e-30
2.644850638058359	2.6978471897945187	2.6713489139264386	-2.1202639903382564e-30
2.697847189794519	2.751903672565402	2.7248754311799606	-2.1084017182879042e-30
2.7519036725654016	2.807041284991702	2.779472478778552	-2.0964257834174914e-30
2.8070412849917026	2.863281649666529	2.835161467329116	-2.0843388438051227e-30
2.8632816496665288	2.920646821634852	2.8919642356506903	-2.072142692649746e-30
2.920646821634852	2.9791592970425413	2.9499030593386966	-2.059840342113768e-30
2.979159297042542	3.038842021958385	3.0090006595004635	-2.0474335859999205e-30
3.038842021958385	3.099718401372545	3.069280211665465	-2.0349248568294505e-30
3.099718401372545	3.1618123083749885	3.130765354873767	-2.02231630769285e-30
3.161812308374988	3.2251480935174803	3.193480200946234	-2.0096108665770733e-30
3.2251480935174803	3.2897505943628222	3.2574493439401513	-1.9968116875505128e-30
3.2897505943628227	3.3556451452250715	3.322697869793947	-1.9839209328177575e-30
3.355645145225072	3.422857587104566	3.389251366164819	-1.97094170298369e-30
3.422857587104566	3.4914142778216495	3.4571359324631077	-1.957876242224729e-30
3.491414277821649	3.5613421023530742	3.5263781900873616	-1.9447271298599376e-30
3.5613421023530742	3.632668483375128	3.597005292864101	-1.9314972385961886e-30
3.6326684833751277	3.7054213920176227	3.669044937696375	-1.9181892978694033e-30
3.705421392017622	3.779629358832967	3.7425253754252945	-1.904806324496492e-30
3.7796293588329672	3.8553214849846187	3.817475421908793	-1.8913510599715792e-30
3.855321484984619	3.932527453659304	3.8939244693219615	-1.877826498818856e-30
3.9325274536593033	4.011277541707481	3.9719024976833923	-1.8642357094249674e-30
4.011277541707481	4.091602631516623	4.051440086612052	-1.850581323427935e-30
4.091602631516623	4.173534223121948	4.132568427319285	-1.8368663151418472e-30
4.173534223121948	4.257104446559379	4.215319334840663	-1.823093645752354e-30
4.257104446559379	4.342346074465558	4.299725260512469	-1.8092662306765935e-30
4.342346074465559	4.429292534929862	4.38581930469771	-1.7953868265420036e-30
4.4292925349298615	4.517977924603451	4.473635229766656	-1.7814583801126734e-30
4.51797792460345	4.608437022070511	4.5632074733369805	-1.767483910907054e-30
4.608437022070511	4.700705301486913	4.654571161778712	-1.7534663842775474e-30
4.700705301486913	4.794818946491643	4.747762123989277	-1.739408674286811e-30
4.794818946491643	4.890814864396467	4.842816905444055	-1.7253136312874852e-30
4.890814864396468	4.988730700659389	4.939772782527928	-1.7111841586336404e-30
4.988730700659389	5.088604853647568	5.038667777153478	-1.6970230883244902e-30
5.088604853647569	5.190476489695512	5.13954067167154	-1.6828339670817206e-30
5.190476489695511	5.294385558464413	5.242431024079962	-1.6686194450186174e-30
5.294385558464413	5.400372808608692	5.347379183536552	-1.6543822212961484e-30
5.400372808608693	5.508479803755858	5.454426306182276	-1.6401257297924228e-30
5.508479803755859	5.618748938805967	5.563614371280913	-1.6258524282764336e-30
5.618748938805966	5.731223456557077	5.6749861976815215	-1.6115650638977553e-30
5.7312234565570765	5.845947464663209	5.788585460610143	-1.5972662423861745e-30
5.845947464663211	5.962965952931467	5.904456708797339	-1.5829593109473007e-30
5.962965952931466	6.082324810965086	6.022645381948276	-1.568647024885515e-30
6.082324810965086	6.204070846159379	6.143197828562233	-1.5543321457569273e-30
6.20407084615938	6.328251802057558	6.266161324108468	-1.5400174756001253e-30
6.328251802057558	6.4549163770737	6.3915840895656295	-1.5257054475747134e-30
6.454916377073701	6.584114243590166	6.519515310331934	-1.5113989686341894e-30
6.584114243590165	6.71589606743696	6.650005155513563	-1.4971008045214167e-30
6.715896067436961	6.850313527760691	6.783104797598826	-1.482814117733673e-30
6.85031352776069	6.987419337290895	6.9188664325257925	-1.468540834037067e-30
6.987419337290895	7.127267263011704	7.057343300151299	-1.4542831164382825e-30
7.127267263011705	7.269912147246929	7.198589705129317	-1.4400437117668264e-30
7.269912147246929	7.4154099291668585	7.342661038206893	-1.4258259745372876e-30
7.415409929166858	7.5638176667251855	7.489613797946022	-1.4116316607214823e-30
7.5638176667251855	7.71519355903468	7.639505612879933	-1.3974628980860659e-30
7.715193559034678	7.869596969190362	7.79239526411252	-1.3833228450932048e-30
7.869596969190363	8.027088447549161	7.948342708369762	-1.3692138061424192e-30
8.027088447549161	8.187729755475134	8.107409101512147	-1.3551376254474778e-30
8.187729755475134	8.351583889559627	8.26965682251738	-1.3410972221898686e-30
8.351583889559627	8.51871510632581	8.435149497942719	-1.3270947852104075e-30
8.51871510632581	8.689188947427317	8.603952026876563	-1.3131320928974336e-30
8.689188947427317	8.863072265350853	8.776130606389085	-1.2992120766461747e-30
8.863072265350853	9.04043324963286	8.951752757491857	-1.285336015052747e-30
9.04043324963286	9.221341453600507	9.130887351616684	-1.2715059800643708e-30
9.221341453600507	9.405867821647508	9.313604637624007	-1.2577245072301749e-30
9.405867821647508	9.594084717055448	9.499976269351478	-1.2439928126983897e-30
9.594084717055447	9.786065950371546	9.690075333713496	-1.2303135952644637e-30
9.786065950371546	9.981886808353966	9.883976379362757	-1.2166887383584631e-30
9.981886808353966	10.181624083496034	10.081755445925001	-1.2031199111494973e-30
10.181624083496034	10.385356104140945	10.28349009381849	-1.1896092705017382e-30
10.385356104140945	10.593162765198754	10.48925943466985	-1.1761582141617697e-30
10.593162765198754	10.805125559477718	10.699144162338236	-1.162769056263098e-30
10.805125559477718	11.021327609642261	10.91322658455999	-1.1494425071201402e-30
11.021327609642261	11.241853700810095	11.131590655226178	-1.136180875809698e-30
11.241853700810095	11.466790313801287	11.35432200730569	-1.1229853398699915e-30
11.466790313801285	11.696225659052299	11.581507986426793	-1.109857706779786e-30
11.6962256590523	11.930249711208337	11.813237685130318	-1.096799422268883e-30
11.930249711208337	12.168954244407493	12.049601977807914	-1.0838121650590016e-30
12.168954244407491	12.41243286827063	12.290693556339061	-1.070897484574091e-30
12.41243286827063	12.660781064611031	12.53660696644083	-1.0580568176750473e-30
12.66078106461103	12.914096224878238	12.787438644744633	-1.0452907574370093e-30
12.91409622487824	13.172477688350792	13.043286956614516	-1.0326010723788279e-30
13.172477688350792	13.436026781092796	13.304252234721794	-1.0199884290085384e-30
13.436026781092798	13.704846855689642	13.570436818391219	-1.0074548326158497e-30
13.70484685568964	13.97904333177842	13.84194509373403	-9.950007451865257e-31
13.979043331778422	14.258723737388978	14.1188835345837	-9.826280658531825e-31
14.258723737388976	14.543997751111744	14.401360744250361	-9.703378320704437e-31
14.543997751111744	14.834977245108966	14.689487498110356	-9.58130612722317e-31
14.834977245108968	15.131776328986135	14.98337678704755	-9.460073523558387e-31
15.131776328986136	15.434511394540847	15.283143861763492	-9.33968766314409e-31
15.434511394540843	15.743301161406647	15.588906277973745	-9.220165077467567e-31
15.743301161406647	16.058266723609766	15.900783942508205	-9.101510982765279e-31
16.05826672360977	16.37953159705695	16.218899160333358	-8.983734096890082e-31
16.37953159705695	16.707221767973074	16.54337668251501	-8.866844570355179e-31
16.707221767973074	17.041465742307523	16.8743437551403	-8.75084322829834e-31
17.041465742307526	17.382394596128663	17.211930169218093	-8.635741621756969e-31
17.382394596128663	17.730142027026222	17.55626831157744	-8.521544802189383e-31
17.730142027026222	18.084844406541734	17.907493216783976	-8.408260283093662e-31
18.08484440654173	18.44664083364755	18.265742620094642	-8.295895719981937e-31
18.446640833647553	18.81567318929549	18.631157011471522	-8.184459006466537e-31
18.81567318929549	19.192086192056387	19.003879690675937	-8.073947798185085e-31
19.192086192056387	19.5760274548725	19.38405682346444	-7.964371658922368e-31
19.5760274548725	19.967647542944935	19.771837498908717	-7.85573405739536e-31
19.967647542944935	20.36710003277882	20.167373787861877	-7.74804320756908e-31
20.367100032778815	20.774541572409376	20.570820802594096	-7.641299357707039e-31
20.77454157240938	21.19013194283255	20.982336757620963	-7.535508465312317e-31
21.19013194283255	21.614034120664186	21.40208303174837	-7.430672181637653e-31
21.61403412066419	22.046414342052458	21.830224231358322	-7.3267939906278755e-31
22.046414342052458	22.48744216786849	22.266928254960476	-7.223875402787293e-31
22.48744216786849	22.937290550200846	22.712366359034668	-7.1219174822127025e-31
22.937290550200842	23.396135900179843	23.166713225190342	-7.020929139286138e-31
23.396135900179846	23.86415815715843	23.630147028669136	-6.9209063382119575e-31
23.86415815715842	24.341540859276574	24.102849508217496	-6.821853493586767e-31
24.341540859276574	24.828471215437087	24.58500603735683	-6.723767865408454e-31
24.82847121543709	25.325140178720815	25.076805697078953	-6.626650596803356e-31
25.32514017872082	25.83174252127022	25.57844134999552	-6.53050949138448e-31
25.831742521270215	26.348476910670602	26.090109715970407	-6.435339802838009e-31
26.348476910670605	26.875545987859	26.612011449264802	-6.341143016338127e-31
26.875545987858995	27.413156446591156	27.144351217225076	-6.247915696710646e-31
27.41315644659116	27.961519114497964	27.68733778054456	-6.155659207430142e-31
27.961519114497964	28.520849035762904	28.241184075130434	-6.06437670158814e-31
28.52084903576291	29.09136555545315	28.80610729560803	-5.9740615651357835e-31
29.091365555453145	29.67329240553719	29.382328980495167	-5.884713762666065e-31
29.67329240553719	30.266857792622915	29.970075099080052	-5.79633374639315e-31
30.266857792622922	30.87229448745036	30.56957614003664	-5.708918562501987e-31
30.872294487450354	31.48983991617434	31.181067201812347	-5.6224665329606865e-31
31.489839916174343	32.11973625347281	31.804788084823578	-5.5369759459522415e-31
32.11973625347281	32.762230517517246	32.44098338549503	-5.45244302822263e-31
32.762230517517246	33.41757466684257	33.08990259217991	-5.368864355172862e-31
33.41757466684257	34.0860256991544	33.75180018299848	-5.286240497398246e-31
34.086025699154405	34.76784575211247	34.42693572563344	-5.204567749373761e-31
34.767845752112464	35.46330220612969	35.11557397912108	-5.123838890674843e-31
35.4633022061297	36.17266778922727	35.81798499767848	-5.044053561304475e-31
36.17266778922727	36.89622068398679	36.53444423660703	-4.965210411505045e-31
36.8962206839868	37.63424463664151	37.265232660314155	-4.887302922115803e-31
37.634244636641505	38.387029068349314	38.01063685249541	-4.8103245485842534e-31
38.387029068349314	39.15486918869128	38.7709491285203	-4.7342737755174525e-31
39.15486918869128	39.93806611144008	39.54646765006568	-4.659148859441381e-31
39.93806611144008	40.73692697264386	40.33749654204197	-4.5849432990336246e-31
40.736926972643865	41.55176505107172	41.14434601185779	-4.511649051419226e-31
41.55176505107172	42.38289989106813	41.96733247106992	-4.439264062030991e-31
42.38289989106812	43.23065742786446	42.80677865946629	-4.367785791187042e-31
43.23065742786446	44.09537011539672	43.66301377163059	-4.297208589538627e-31
44.09537011539672	44.97737705667963	44.536373586038174	-4.227526740619257e-31
44.977377056679636	45.8770241367882	45.42720059673392	-4.1587344766179225e-31
45.8770241367882	46.79466415849894	46.33584414764357	-4.09082748577682e-31
46.79466415849895	47.7306569806439	47.26266056957142	-4.023801015766142e-31
47.73065698064389	48.685369659231746	48.20801331993782	-3.957649619503596e-31
48.685369659231746	49.65917659139136	49.17227312531155	-3.8923677593814088e-31
49.65917659139135	50.65245966219415	50.15581812679275	-3.8279518378325907e-31
50.652459662194154	51.665608394413006	51.15903402830358	-3.7643957235414644e-31
51.66560839441301	52.69902010127625	52.18231424784463	-3.7016938915019924e-31
52.69902010127624	53.753100042276735	53.22606007177649	-3.6398422103725374e-31
53.753100042276735	54.82826158209724	54.29068081218699	-3.578572987767641e-31
54.82826158209724	55.92492635271416	55.3765939674057	-3.5181833820283693e-31
55.92492635271416	57.04352441874341	56.484225385728784	-3.4586651249573035e-31
57.04352441874342	58.184494446093254	57.614009432418335	-3.400011231768629e-31
58.184494446093254	59.348283873990084	58.76638916004167	-3.3422155926183404e-31
59.348283873990084	60.53534909044485	59.94181648221747	-3.2852675690643417e-31
60.535349090444846	61.74615561122871	61.14075235083678	-3.2291604845617485e-31
61.74615561122872	62.981178262428266	62.363666936828494	-3.1738831585692456e-31
62.98117826242826	64.2409013666518	63.61103981454003	-3.1194314173881965e-31
64.2409013666518	65.5258189329598	64.8833601498058	-3.0657959868370905e-31
65.5258189329598	66.83643485059396	66.18112689177687	-3.012966306909249e-31
66.83643485059396	68.1732630865808	67.50484896858738	-2.960936726092538e-31
68.17326308658079	69.53682788728737	68.85504548693407	-2.909697234045287e-31
69.53682788728739	70.9276639840081	70.23224593564774	-2.859240499449635e-31
70.92766398400809	72.34631680266321	71.63699039333565	-2.809557431661136e-31
72.34631680266322	73.79334267769146	73.06982974017734	-2.760639707096453e-31
73.79334267769144	75.26930907022023	74.53132587395584	-2.7124773243476117e-31
75.26930907022025	76.77479479059961	76.02205193040993	-2.6650636264409533e-31
76.7747947905996	78.31039022538656	77.54259250799308	-2.6183890327891488e-31
78.31039022538656	79.87669756886925	79.0935438971279	-2.5724454218766052e-31
79.87669756886925	81.4743310592216	80.67551431404542	-2.5272236923768832e-31
81.47433105922158	83.10391721938097	82.28912413930128	-2.4827152824205995e-31
83.10391721938097	84.76609510274355	83.93500616106226	-2.438911347314015e-31
84.76609510274358	86.4615165437734	85.61380582325849	-2.395803825626708e-31
86.4615165437734	88.19084641362383	87.32618147869862	-2.3533852179518247e-31
88.19084641362382	89.95476288087124	89.07280464724752	-2.311645407953521e-31
89.95476288087124	91.75395767746362	90.85436027916742	-2.27057717109044e-31
91.75395767746362	93.58913636998784	92.67154702372574	-2.230169213320219e-31
93.58913636998786	95.46101863636257	94.52507750317521	-2.190415735627029e-31
95.46101863636258	97.37033854806478	96.41567859221368	-2.151306168194904e-31
97.37033854806477	99.31784485800101	98.34409170303289	-2.112834008553914e-31
99.31784485800102	101.304301294136	100.31107307606851	-2.0749910263851202e-31
101.304301294136	103.33048685899367	102.31739407656482	-2.037766983736415e-31
103.33048685899367	105.39719613514849	104.36384149707108	-2.001155793565554e-31
105.39719613514849	107.50523959682641	106.45121786598745	-1.965147304150619e-31
107.50523959682641	109.65544392773789	108.58034176228216	-1.9297337773386215e-31
109.65544392773788	111.84865234526758	110.75204813650274	-1.8949085360549938e-31
111.84865234526758	114.08572493114788	112.96718863820773	-1.8606607956264114e-31
114.0857249311479	116.36753896874579	115.22663194994684	-1.826985257806519e-31
116.36753896874578	118.69498928709564	117.5312641279207	-1.7938726994981311e-31
118.69498928709562	121.06898861181249	119.88198894945405	-1.7613140926819971e-31
121.06898861181249	123.49046792302367	122.27972826741808	-1.7293038223511375e-31
123.49046792302369	125.9603768204591	124.72542237174139	-1.6978322187005386e-31
125.9603768204591	128.47968389584324	127.22003035815118	-1.6668918570934204e-31
128.4796838958432	131.04937711273502	129.7645305042891	-1.6364766555876324e-31
131.04937711273502	133.67046419396465	132.35992065334983	-1.606577328693001e-31
133.67046419396468	136.3439730168189	135.00721860539178	-1.5771862247723023e-31
136.3439730168189	139.0709520161302	137.70746251647455	-1.548298112229841e-31
139.0709520161302	141.85247059542775	140.46171130577898	-1.519903487048261e-31
141.85247059542775	144.68961954631123	143.2710450708695	-1.4919942825565706e-31
144.68961954631123	147.58351147621238	146.1365655112618	-1.4645658040735288e-31
147.5835114762124	150.5352812447116	149.05939636046202	-1.4376103464465841e-31
150.53528124471157	153.54608640858072	152.04068382664616	-1.4111178238454164e-31
153.54608640858075	156.61710767572728	155.08159704215402	-1.3850846268986267e-31
156.61710767572728	159.74954936821675	158.18332852197202	-1.3595042290073976e-31
159.74954936821675	162.94463989455602	161.34709463138637	-1.3343652935172493e-31
162.94463989455602	166.20363223142206	164.57413606298906	-1.3096644881097194e-31
166.20363223142203	169.5278044150254	167.86571832322372	-1.2853961074949073e-31
169.5278044150254	172.91846004230084	171.22313222866313	-1.2615520161356667e-31
172.91846004230084	176.37692878212178	174.6476944122113	-1.238122401948556e-31
176.37692878212178	179.90456689673914	178.14074783943045	-1.215105767990498e-31
179.90456689673914	183.50275777364885	181.703662335194	-1.1924950591292588e-31
183.50275777364885	187.17291246809674	185.3378351208728	-1.170279621412073e-31
187.17291246809674	190.9164702564336	189.04469136226516	-1.1484559121788071e-31
190.91647025643357	194.73489920053714	192.82568472848536	-1.1270199577669284e-31
194.73489920053717	198.6296967235228	196.68229796203	-1.1059648047059078e-31
198.6296967235228	202.60239019696817	200.6160434602455	-1.0852790020282898e-31
202.6023901969682	206.65453753988248	204.62846386842534	-1.0649614598488686e-31
206.65453753988243	210.78772782965498	208.7211326847687	-1.0450076703841908e-31
210.787727829655	215.00358192522302	212.89565487743903	-1.0254110547434043e-31
215.00358192522305	219.30375310270242	217.15366751396272	-1.0061604119030554e-31
219.30375310270236	223.6899277037313	221.49684040321682	-9.87254095084013e-32
223.6899277037313	228.16382579678083	225.92687675025607	-9.686889830329415e-32
228.16382579678083	232.72720185169135	230.4455138242361	-9.504585789472557e-32
232.72720185169135	237.38184542770006	235.0545236396957	-9.325538465924151e-32
237.38184542770009	242.12958187522898	239.75571365146453	-9.149684541298868e-32
242.12958187522898	246.97227305170844	244.55092746346872	-8.977026827278445e-32
246.97227305170844	251.9118180517175	249.44204555171297	-8.80750579080056e-32
251.91181805171752	256.95015395172675	254.43098600172215	-8.641051276835646e-32
256.95015395172675	262.08925656973616	259.5197052607315	-8.477571918128785e-32
262.08925656973616	267.33114124010575	264.71019890492096	-8.317061601839583e-32
267.3311412401058	272.6778636038828	270.0045024219943	-8.159488400706853e-32
272.67786360388277	278.1315204149353	275.404692009409	-8.004796016307026e-32
278.1315204149353	283.6942503622089	280.91288538857214	-7.852910300048033e-32
283.6942503622089	289.36823490842795	286.53124263531845	-7.703765881461774e-32
289.36823490842795	295.15569914557136	292.2619670269996	-7.557349180025759e-32
295.15569914557136	301.05891266745766	298.1073059065145	-7.413631398470048e-32
301.05891266745766	307.0801904597817	304.0695515636197	-7.272558646512793e-32
307.08019045978165	313.22189380795214	310.1510421338669	-7.134054660149016e-32
313.2218938079522	319.48643122308613	316.3541625155192	-6.998075963737874e-32
319.4864312230861	325.87625938652263	322.6813453048044	-6.864602082833638e-32
325.87625938652263	332.39388411322795	329.1350717498753	-6.733596401718468e-32
332.39388411322795	339.04186133446734	335.7178727238477	-6.605019206639704e-32
339.04186133446734	345.82279810013154	342.43232971729947	-6.478809562527665e-32
345.8227981001316	352.7393536011091	349.28107585062037	-6.35490898702046e-32
352.73935360110903	359.79424021210605	356.2667969066075	-6.233303564225088e-32
359.7942402121061	366.99022455532304	363.3922323837146	-6.113957222855032e-32
366.9902245553231	374.3301285854044	370.6601765703638	-5.99683298518891e-32
374.33012858540434	381.81683069608727	378.0734796407458	-5.881886964681316e-32
381.81683069608727	389.45326684898384	385.6350487725356	-5.769059696954129e-32
389.4532668489838	397.2424317249383	393.34784928696104	-5.65832814019574e-32
397.24243172493834	405.1873798984119	401.2149058116751	-5.549665560078849e-32
405.18737989841185	413.2912270353549	409.23930346688337	-5.443037094414767e-32
413.29122703535495	421.55715111503685	417.4241890751959	-5.338404607155308e-32
421.5571511150369	429.98839367631246	425.7727723956747	-5.235730423509067e-32
429.98839367631246	438.5882610888135	434.288327382563	-5.134960331080469e-32
438.58826108881357	447.36012584956467	442.9741934691891	-5.036075425239347e-32
447.3601258495646	456.3074279055307	451.8337768775476	-4.939051385822157e-32
456.3074279055307	465.4336760026161	460.8705519540734	-4.843857307907338e-32
465.43367600261604	474.74244906164313	470.0880625321296	-4.75046061807168e-32
474.74244906164324	484.23739758185087	479.489923321747	-4.658827812568841e-32
484.2373975818509	493.9222450724627	489.0798213271568	-4.5689211323308734e-32
493.9222450724626	503.80078951288664	498.86151729267465	-4.4806963946008015e-32
503.80078951288675	513.8769048421193	508.838847177503	-4.39413988479666e-32
513.8769048421193	524.1545424779365	519.0157236600279	-4.3092228435622067e-32
524.1545424779364	534.6377328664698	529.3961376722032	-4.225920698362881e-32
534.6377328664698	545.330587062774	539.984159964622	-4.14420500390556e-32
545.330587062774	556.2372983430043	550.7839427028891	-4.0640451084162816e-32
556.2372983430042	567.3621438488391	561.7997210959217	-3.9854061975901356e-32
567.3621438488391	578.7094862647906	573.0358150568148	-3.9082478723310927e-32
578.7094862647906	590.2837755290611	584.4966308969258	-3.8325552284708155e-32
590.2837755290612	602.0895505786173	596.1866630538393	-3.758306219064896e-32
602.0895505786171	614.1314411291643	608.1104958538907	-3.6854772758419286e-32
614.1314411291643	626.4141694907223	620.2728053099434	-3.614044233200928e-32
626.4141694907223	638.9425524195115	632.6783609551169	-3.543979935534085e-32
638.9425524195115	651.7215030068764	645.332027713194	-3.475256355742462e-32
651.7215030068764	664.7560326059887	658.2387678064326	-3.40784410915198e-32
664.7560326059887	678.0512527970832	671.403642701536	-3.3417092161943065e-32
678.0512527970831	691.6123773919994	684.8318150945413	-3.276838048728863e-32
691.6123773919994	705.4447244788141	698.5285509354068	-3.2132103734036973e-32
705.4447244788141	719.5537185073651	712.4992214930896	-3.1508068416138824e-32
719.5537185073651	733.9448924164872	726.7493054619262	-3.089605588698757e-32
733.944892416487	748.6238898037915	741.2843911101393	-3.0295831081211597e-32
748.6238898037917	763.5964671388422	756.1101784713169	-2.970715980044435e-32
763.5964671388421	778.8684960205935	771.2324815797178	-2.912980809136583e-32
778.8684960205936	794.4459654799801	786.6572307502869	-2.8563537635912394e-32
794.4459654799801	810.3349843285544	802.3904749042672	-2.8008058812181594e-32
810.3349843285545	826.5417835541002	818.4383839413274	-2.7463236049859586e-32
826.5417835541001	843.0727187641568	834.8072511591284	-2.6928908950199473e-32
843.0727187641568	859.9342726784146	851.5034957212856	-2.6404910780437276e-32
859.9342726784146	877.1330576709574	868.533665174686	-2.589104718432952e-32
877.1330576709573	894.6758183633511	885.9044380171542	-2.5387123060399073e-32
894.6758183633511	912.5694342695928	903.622626316472	-2.4892943691091787e-32
912.5694342695929	930.8209224939593	921.695178381776	-2.4408321281967434e-32
930.8209224939593	949.437440482813	940.1291814883862	-2.3933065398839007e-32
949.437440482813	968.4262888314439	958.9318646571285	-2.3466986024891404e-32
968.4262888314439	987.7949141470474	978.1106014892457	-2.3009881818141777e-32
987.7949141470475	1007.5509119689631	997.6729130580053	-2.2561532089713462e-32
1007.5509119689629	1027.7020297473166	1017.6264708581398	-2.2121837326901925e-32
1027.7020297473166	1048.2561698812374	1037.979099814277	-2.1690666654609807e-32
1048.2561698812376	1069.2213928178369	1058.7387813495372	-2.1267859094369156e-32
1069.2213928178369	1090.6059202131682	1079.9136565155027	-2.0853257280721226e-32
1090.605920213168	1112.4181381564058	1101.512029184787	-2.0446701499182276e-32
1112.418138156406	1134.6666004585086	1123.5423693074572	-2.004803961655143e-32
1134.6666004585088	1157.3600320066535	1146.013316232581	-1.965711711798379e-32
1157.3600320066535	1180.507332185761	1168.9336820962071	-1.9273785582644862e-32
1180.507332185761	1204.1175783684507	1192.312455277106	-1.8897895599396693e-32
1204.1175783684507	1228.2000294747943	1216.1588039216226	-1.8529296073204038e-32
1228.2000294747943	1252.7641296032646	1240.4820795390294	-1.8167838187165056e-32
1252.7641296032646	1277.8195117343043	1265.2918206687846	-1.781336210332273e-32
1277.8195117343043	1303.376001507965	1290.5977566211345	-1.7465710283407097e-32
1303.376001507965	1329.4436210770987	1316.4098112925317	-1.7124808959071751e-32
1329.4436210770984	1356.0325930376148	1342.7381070573565	-1.6790534404751233e-32
1356.0325930376152	1383.153344437342	1369.5929687374787	-1.6462759923745025e-32
1383.1533444373417	1410.816510865063	1396.9849276512023	-1.6141365180684515e-32
1410.816510865063	1439.0329406213386	1424.9247257432007	-1.582622678174993e-32
1439.0329406213386	1467.8136989727398	1453.4233197970393	-1.5517222954399005e-32
1467.8136989727395	1497.1700724911686	1482.491885731954	-1.5214237746818623e-32
1497.1700724911689	1527.1135734799666	1512.1418229855676	-1.491715572471844e-32
1527.1135734799666	1557.6559444885402	1542.3847589842535	-1.46258619403754e-32
1557.6559444885404	1588.8091629172854	1573.2325537029128	-1.4340242539231614e-32
1588.8091629172857	1620.5854457146056	1604.6973043159455	-1.4060185396382011e-32
1620.5854457146054	1652.9972541678717	1636.7913499412384	-1.3785580215252326e-32
1652.9972541678717	1686.0572987902035	1669.5272764790375	-1.3516318868148726e-32
1686.0572987902035	1719.7785443049818	1702.9179215475926	-1.3252293045857717e-32
1719.778544304982	1754.1742147300558	1736.976379517519	-1.2993392059785784e-32
1754.1742147300558	1789.2577985636312	1771.7160066468437	-1.2739500988423707e-32
1789.2577985636312	1825.043054073878	1807.1504263187546	-1.2490546845730753e-32
1825.0430540738782	1861.54401469433	1843.293534384104	-1.224644067258652e-32
1861.54401469433	1898.7749945271908	1880.1595046107605	-1.2007091787894726e-32
1898.7749945271908	1936.7505939567088	1917.76279424195	-1.1772408707613294e-32
1936.7505939567088	1975.4857053748171	1956.118149665763	-1.1542303226620765e-32
1975.485705374817	2014.9955190212875	1995.240612198052	-1.1316687550192513e-32
2014.9955190212875	2055.2955289406873	2035.1455239809875	-1.1095474739809215e-32
2055.2955289406877	2096.4015390584755	2075.8485339995814	-1.0878580423287468e-32
2096.4015390584755	2138.329669378619	2117.3656042185476	-1.0665921453291965e-32
2138.329669378619	2181.0963623051657	2159.7130158418922	-1.0457415805238919e-32
2181.0963623051653	2224.7183890902425	2202.907375697704	-1.0252982415410172e-32
2224.718389090243	2269.2128564110217	2246.965622750632	-1.0052541714821551e-32
2269.2128564110217	2314.597213078216	2291.905034744619	-9.85601620907504e-33
2314.5972130782156	2360.889256878754	2337.743234978485	-9.663329095308763e-33
2360.8892568787546	2408.1071415553038	2384.498199217029	-9.474404934902697e-33
2408.1071415553033	2456.2693839253834	2432.1882627403434	-9.289169784820887e-33
2456.269383925384	2505.3948711428657	2480.832127534125	-9.107551062289204e-33
2505.394871142865	2555.5028681046965	2530.448869623781	-8.929477449600126e-33
2555.5028681046965	2606.6130250057645	2581.0579465552305	-8.754878770535309e-33
2606.613025005764	2658.7453850448533	2632.679205025309	-8.583685952391389e-33
2658.7453850448533	2711.920392284724	2685.3328886647887	-8.415830672295784e-33
2711.920392284724	2766.1588996693927	2739.039645977058	-8.251245092552775e-33
2766.1588996693927	2821.4821772017544	2793.8205384355733	-8.089864644601117e-33
2821.482177201754	2877.911920284763	2849.697048743258	-7.931629824562939e-33
2877.911920284763	2935.4702582294317	2906.6910892570972	-7.776481257684432e-33
2935.470258229432	2994.1797629329944	2964.825010581213	-7.624361372940425e-33
2994.1797629329944	3054.063457730628	3024.121610331811	-7.475212020180669e-33
3054.0634577306278	3115.144826424214	3084.604142077421	-7.328976026985325e-33
3115.144826424215	3177.447822491673	3146.296324457944	-7.185597334906262e-33
3177.4478224916725	3240.9968784804796	3209.222350486076	-7.04502049345122e-33
3240.9968784804796	3305.816915589063	3273.406897034771	-6.907191882605174e-33
3305.816915589063	3371.9333534398174	3338.87513451444	-6.772058197945871e-33
3371.9333534398174	3439.3721200475875	3405.6527367437025	-6.639566807005376e-33
3439.3721200475875	3508.1596619875127	3473.76589101755	-6.50966639559016e-33
3508.159661987512	3578.322954766236	3543.2413083768743	-6.382307887356519e-33
3578.3229547662368	3649.889513400535	3614.106234083386	-6.257440745929172e-33
3649.8895134005347	3722.8874032075187	3686.3884583040267	-6.135016706376513e-33
3722.8874032075187	3797.3452508106425	3760.1163270090806	-6.014988058924651e-33
3797.3452508106425	3873.2922553658286	3835.3187530882356	-5.8973074897071585e-33
3873.2922553658286	3950.7582000121183	3912.0252276889732	-5.781930032070444e-33
3950.758200012119	4029.7734635513343	3990.265831781727	-5.668809887141153e-33
4029.7734635513343	4110.369032361335	4070.0712479563344	-5.5579035077489924e-33
4110.369032361334	4192.576512547534	4151.472772454434	-5.449167128868212e-33
4192.576512547535	4276.428142337459	4234.502327442497	-5.342558630134907e-33
4276.428142337458	4361.9568047231805	4319.192473530319	-5.238036135551831e-33
4361.9568047231805	4449.196040356617	4405.576422539899	-5.135558968880646e-33
4449.196040356617	4538.180060702723	4493.68805052967	-5.0350869932609306e-33
4538.180060702723	4628.94376145575	4583.561911079236	-4.9365810022978715e-33
4628.94376145575	4721.522736223838	4675.233248839794	-4.8400024430287546e-33
4721.5227362238375	4815.953290487288	4768.7380133555625	-4.745313602462873e-33
4815.953290487288	4912.272455836006	4864.112873161646	-4.652477371398416e-33
4912.272455836007	5010.5180044917	4961.395230163853	-4.5614575290189534e-33
5010.5180044917	5110.728464120507	5060.623234306104	-4.472218302611792e-33
5110.728464120506	5212.943132941889	5161.835798531198	-4.384724914110551e-33
5212.943132941889	5317.2020951397	5265.072614040795	-4.2989428567793505e-33
5317.202095139701	5423.546236581467	5370.374165860584	-4.214838767950402e-33
5423.5462365814665	5532.017260852069	5477.781748716768	-4.132379270962966e-33
5532.017260852069	5642.657705608083	5587.337483230076	-4.051532585940832e-33
5642.657705608082	5755.510959259216	5699.084332433649	-3.972266371252734e-33
5755.510959259216	5870.621277983373	5813.066118621295	-3.894550348098586e-33
5870.621277983374	5988.033803082014	5929.327540532694	-3.818353113819299e-33
5988.033803082014	6107.794578682627	6047.91419088232	-3.7436460026540166e-33
6107.794578682627	6229.950569795252	6168.87257423894	-3.67039917309944e-33
6229.950569795251	6354.549680730128	6292.25012526269	-3.5985839590728875e-33
6354.54968073013	6481.640773883704	6418.095227306917	-3.528172755046794e-33
6481.640773883703	6611.27368890035	6546.457231392027	-3.4591368988554294e-33
6611.27368890035	6743.4992622173295	6677.38647555884	-3.391450998580741e-33
6743.4992622173295	6878.369347000648	6810.934304608989	-3.3250880048807114e-33
6878.369347000648	7015.936833479634	6947.153090240141	-3.260021262020403e-33
7015.936833479633	7156.2556696881975	7086.096251583915	-3.196226740807877e-33
7156.2556696881975	7299.380882620933	7227.818276154565	-3.1336792497679826e-33
7299.380882620934	7445.368599812325	7372.374741216629	-3.0723530202645886e-33
7445.368599812325	7594.276071347543	7519.822335579934	-3.0122260041394416e-33
7594.276071347542	7746.161692313464	7670.218881830503	-2.9532745843877093e-33
7746.161692313464	7901.085025698705	7823.623359006085	-2.895474945237029e-33
7901.085025698706	8059.106825751652	7980.095925725179	-2.8388045264572227e-33
8059.106825751651	8220.289061805655	8139.697943778653	-2.783242349759495e-33
8220.289061805655	8384.69494258074	8302.492002193198	-2.728766387402377e-33
8384.69494258074	8552.388940971327	8468.541941776033	-2.6753544836148205e-33
8552.388940971327	8723.436819329725	8637.912880150525	-2.6229865743259233e-33
8723.436819329725	8897.90565525529	8810.671237292507	-2.5716429951090964e-33
8897.905655255292	9075.863867899368	8986.88476157733	-2.521303295493225e-33
9075.863867899368	9257.381244796326	9166.622556347847	-2.4719471368698675e-33
9257.381244796328	9442.528969231225	9349.955107013777	-2.4235556778171815e-33
9442.528969231224	9631.37964815482	9536.95430869302	-2.3761110126011206e-33
9631.379648154818	9824.007340656884	9727.693494405852	-2.329594367339776e-33
9824.007340656886	10020.487587008995	9922.24746383294	-2.2839871546235432e-33
10020.487587008995	10220.897438288144	10120.69251264857	-2.2392705027046568e-33
10220.897438288146	10425.31548659288	10323.106462440512	-2.195428966285454e-33
10425.31548659288	10633.821895863708	10529.568691228294	-2.1524452510567856e-33
10633.821895863706	10846.49843331995	10740.160164591827	-2.110302335561532e-33
10846.498433319952	11063.42850152532	10954.963467422636	-2.0689833332277717e-33
11063.428501525323	11284.6971710948	11174.062836310062	-2.02847130446031e-33
11284.697171094798	11510.391214055664	11397.544192575231	-1.9887522310577707e-33
11510.391214055666	11740.59913787575	11625.495175965709	-1.9498104587016292e-33
11740.599137875748	11975.411220172233	11858.00517902399	-1.9116305952491012e-33
11975.411220172233	12214.919544114648	12095.165382143441	-1.874197440508027e-33
12214.919544114648	12459.21803453591	12337.06878932528	-1.8374951848733636e-33
12459.21803453591	12708.402494765598	12583.810264650754	-1.8015112543390115e-33
12708.402494765598	12962.57064419988	12835.486569482739	-1.7662317251480956e-33
12962.570644199881	13221.822156622848	13092.196400411365	-1.7316426932939716e-33
13221.822156622848	13486.258699294274	13354.04042795856	-1.6977304871832956e-33
13486.25869929427	13755.983972819125	13621.121336056698	-1.6644816038265958e-33
13755.983972819127	14031.103751814479	13893.543862316803	-1.6318819877446008e-33
14031.103751814479	14311.725926389738	14171.414839102108	-1.5999205009430066e-33
14311.72592638974	14597.960544456502	14454.84323542312	-1.5685848080741484e-33
14597.960544456502	14889.919854884602	14743.940199670553	-1.5378625751292496e-33
14889.919854884598	15187.718351521258	15038.819103202928	-1.507741688146468e-33
15187.71835152126	15491.472818090653	15339.595584805957	-1.4782102273949652e-33
15491.472818090655	15801.302373991437	15646.387596041046	-1.4492563843809542e-33
15801.302373991437	16117.328521010233	15959.315447500834	-1.4208680398797101e-33
16117.328521010233	16439.675190969407	16278.50185598982	-1.3930356852040647e-33
16439.675190969407	16768.468794327764	16604.071992648584	-1.3657483825004596e-33
16768.46879432776	17103.838269753283	16936.153532040524	-1.3389954001355162e-33
17103.838269753283	17445.915134687315	17274.8767022203	-1.3127662039912563e-33
17445.915134687315	17794.83353692003	17620.374335803674	-1.287050443709011e-33
17794.833536920032	18150.730307197402	17972.78192205872	-1.2618379222586515e-33
18150.730307197402	18513.745012880318	18332.23766003886	-1.2371184639449649e-33
18513.745012880314	18884.020012676887	18698.8825127786	-1.212882206733279e-33
18884.02001267689	19261.700512469397	19072.860262573144	-1.1891207057799727e-33
19261.700512469393	19646.934622257748	19454.31756736357	-1.1658246279419827e-33
19646.934622257748	20039.87341424187	19843.404018249807	-1.142984818282225e-33
20039.873414241873	20440.670982065676	20240.272198153776	-1.1205922943474031e-33
20440.670982065676	20849.484501245955	20645.077741655816	-1.0986382386428674e-33
20849.484501245955	21266.47429080984	21057.9793960279	-1.0771139864280272e-33
21266.47429080984	21691.803876165006	21479.139083487426	-1.0560109975074998e-33
21691.803876165002	22125.640053227267	21908.721964696135	-1.03532071906246e-33
22125.640053227267	22568.152953830777	22346.896503529024	-1.0150350493604226e-33
22568.152953830777	23019.51611244636	22793.834533138568	-9.951468276550622e-34
23019.516112446363	23479.906534234255	23249.711323340307	-9.756482464326146e-34
23479.90653423425	23949.504764457903	23714.705649346077	-9.565316489348266e-34
23949.5047644579	24428.49495928602	24188.999861871962	-9.377895253673168e-34
24428.49495928602	24917.064958010706	24672.779958648363	-9.194145086634137e-34
24917.06495801071	25415.40635670989	25166.2356573603	-9.013993692956851e-34
25415.40635670989	25923.71458338305	25669.56047004647	-8.837370078168601e-34
25923.71458338305	26442.188974589677	26182.951778986364	-8.664204408032407e-34
26442.18897458967	26971.032853620425	26706.610914105047	-8.49442758220021e-34
26971.032853620432	27510.453610231805	27240.74323192612	-8.32796770623689e-34
27510.453610231805	28060.662781975403	27785.558196103604	-8.164769913588782e-34
28060.662781975403	28621.876137153875	28341.26945956464	-8.004770171261726e-34
28621.876137153875	29194.313759435914	28908.094948294893	-7.847905693440304e-34
29194.31375943591	29778.20013416359	29486.256946799753	-7.694114914961951e-34
29778.200134163595	30373.76423638583	30075.98218527471	-7.5433374644754265e-34
30373.764236385836	30981.239620652515	30677.501928519174	-7.39551413679057e-34
30981.239620652508	31600.86451260452	31291.052066628516	-7.250586863511543e-34
31600.86451260452	32232.881902395573	31916.873207500044	-7.108498680131966e-34
32232.881902395577	32877.539639982446	32555.210771189013	-6.969193685503932e-34
32877.539639982446	33535.09053232105	33206.31508615175	-6.832616982959216e-34
33535.09053232105	34205.792442506434	33870.441487413744	-6.698714567322284e-34
34205.792442506434	34889.90839089552	34547.85041670098	-6.567432969742502e-34
34889.90839089553	35587.7066582524	35238.80752457396	-6.438716951275722e-34
35587.7066582524	36299.460890956405	35943.5837746044	-6.3125238196439555e-34
36299.460890956405	37025.45020831449	36662.455549635444	-6.188804075650858e-34
37025.45020831449	37765.95931201974	37395.704760167115	-6.067509187937114e-34
37765.95931201974	38521.27859779909	38143.61895490941	-5.948591573520572e-34
38521.27859779909	39291.70426929403	38906.49143354656	-5.832004578584902e-34
39291.70426929404	40077.53845421888	39684.62136175646	-5.717702459460089e-34
40077.53845421888	40879.089322842214	40478.313888530545	-5.605640363711989e-34
40879.08932284221	41696.67120883801	41287.88026584011	-5.495774311213818e-34
41696.671208838015	42530.60473255374	42113.637970695876	-5.388061174993903e-34
42530.60473255373	43381.216926743764	42955.91082964875	-5.282458661505774e-34
43381.21692674376	44248.841364817585	43815.029145780674	-5.178925289667486e-34
44248.841364817585	45133.81829165289	44691.32982823523	-5.077420367355846e-34
45133.8182916529	46036.49475702491	45585.156524338905	-4.977903962394772e-34
46036.49475702491	46957.224751704365	46496.85975436464	-4.880336860233043e-34
46957.224751704365	47896.36934627741	47426.79704899089	-4.7846804820652745e-34
47896.36934627741	48854.296832741915	48375.33308950966	-4.69089662283271e-34
48854.296832741915	49831.38286893571	49342.83985083881	-4.598945970248352e-34
49831.3828689357	50828.01062585337	50329.69674739454	-4.5087978932372165e-34
50828.01062585337	51844.57093790939	51336.290781881384	-4.420417037646583e-34
51844.5709379094	52881.46245620654	52363.01669705797	-4.333768741974861e-34
52881.46245620654	53939.09180486962	53410.277130538074	-4.248819023726173e-34
53939.09180486961	55017.87374050596	54478.482772687785	-4.165534566021619e-34
55017.87374050596	56118.23131485503	55568.0525276805	-4.083882704459735e-34
56118.23131485503	57240.59604069108	56679.41367777306	-4.003831414217968e-34
57240.59604069109	58385.40806104386	57813.00205086748	-3.9253492973861884e-34
58385.408061043854	59553.11632180368	58969.26219142377	-3.848405570521973e-34
59553.11632180369	60744.178747778715	60148.647534791206	-3.7729700524155683e-34
60744.17874777871	61959.06242227323	61351.62058502597	-3.699013152049728e-34
61959.06242227324	63198.24377025765	62578.65309626544	-3.626505856735514e-34
63198.24377025764	64462.208745201744	63830.22625772969	-3.5554197203988416e-34
64462.208745201744	65751.45301964473	65106.83088242324	-3.485726851982514e-34
65751.45301964473	67066.48217957657	66408.96759961065	-3.4173999039121158e-34
67066.48217957657	68407.81192270706	67737.14705114182	-3.3504120605461385e-34
68407.81192270706	69775.96826070015	69091.8900917036	-3.284737026480838e-34
69775.96826070013	71171.48772545307	70473.72799307661	-3.2203490144857696e-34
71171.48772545307	72594.91757950108	71883.20265247708	-3.157222732653792e-34
72594.91757950108	74046.81603063004	73320.86680506557	-3.095333369920714e-34
74046.81603063006	75527.7524507816	74787.28424070583	-3.0346565780298277e-34
75527.7524507816	77038.30759933617	76283.03002505889	-2.9751684447825985e-34
77038.30759933617	78579.07385086184	77808.690725099	-2.9168454407415076e-34
78579.07385086184	80150.65542741801	79364.86463913992	-2.8596642375664065e-34
80150.65542741802	81753.66863550532	80952.16203146167	-2.8036011383902115e-34
81753.66863550531	83388.74210775435	82571.20537162983	-2.7486372403591963e-34
83388.74210775437	85056.51704944839	84222.62957860138	-2.6947509892604064e-34
85056.51704944839	86757.6474899763	85907.08226971235	-2.641921253475915e-34
86757.6474899763	88492.80053931476	87625.22401464553	-2.590127315694698e-34
88492.80053931476	90262.65664963999	89377.72859447738	-2.539348864786875e-34
90262.65664964	92067.90988217173	91165.28326590586	-2.489565987837114e-34
92067.90988217172	93909.26817935408	92988.5890307629	-2.4407591623340567e-34
93909.2681793541	95787.45364248012	94848.36091091711	-2.3929092485126925e-34
95787.45364248012	97703.20281486865	96745.32822867439	-2.345997481846655e-34
97703.20281486865	99657.26697070496	98680.2348927868	-2.3000054656874768e-34
99657.26697070496	101650.41240965799	100653.83969018148	-2.2549151640478907e-34
101650.41240965799	103683.42075739008	102666.91658352403	-2.2107088945263233e-34
103683.4207573901	105757.08927207683	104720.25501473347	-2.167369321369768e-34
105757.08927207682	107872.23115705728	106814.66021456705	-2.124879448672286e-34
107872.2311570573	110029.67587973736	108950.95351839732	-2.083222613706415e-34
110029.67587973735	112230.26949687103	111129.97268830419	-2.042382480384831e-34
112230.26949687103	114474.87498634738	113352.5722416092	-2.0023430328496256e-34
114474.87498634738	116764.37258561325	115619.62378598031	-1.9630885691866292e-34
116764.37258561324	119099.66013686443	117932.01636123884	-1.9246036952622134e-34
119099.66013686443	121481.65343914065	120290.65678800254	-1.886873318680068e-34
121481.65343914065	123911.28660746239	122696.47002330152	-1.8498826428554581e-34
123911.2866074624	126389.51243915057	125150.39952330649	-1.8136171612044885e-34
126389.51243915057	128917.3027874725	127653.40761331153	-1.7780626514459235e-34
128917.3027874725	131495.64894276086	130206.47586511668	-1.7432051700131088e-34
131495.64894276083	134125.56202115497	132810.6054819579	-1.7090310465735398e-34
134125.562021155	136808.073361117	135466.817691136	-1.6755268786535953e-34
136808.073361117	139544.23492787828	138176.15414449765	-1.6426795263659159e-34
139544.23492787828	142335.11972597477	140939.67732692652	-1.6104761072368337e-34
142335.11972597474	145181.82222003315	143758.47097300395	-1.578903991131164e-34
145181.82222003318	148085.45876397277	146633.64049200297	-1.5479507952715024e-34
148085.45876397274	151047.1680387911	149566.31340138192	-1.5176043793489621e-34
151047.1680387911	154068.11149910584	152557.6397689485	-1.4878528407219352e-34
154068.11149910584	157149.47382862685	155608.79266386636	-1.4586845096990222e-34
157149.47382862685	160292.4634047383	158720.96861668257	-1.4300879449015441e-34
160292.46340473832	163498.31277237198	161895.38808855513	-1.4020519287000628e-34
163498.312772372	166768.27912735834	165133.2959498652	-1.3745654627177554e-34
166768.27912735834	170103.6448094444	168435.9619684014	-1.3476177633911232e-34
170103.6448094444	173505.7178051722	171804.68130730832	-1.321198257574695e-34
173505.7178051722	176975.83226081455	175240.77503299338	-1.2952965781701976e-34
176975.83226081452	180515.3490055697	178745.5906331921	-1.2699025597500153e-34
180515.34900556973	184125.65608522002	182320.50254539488	-1.2450062341257871e-34
184125.65608522005	187808.16930646336	185966.9126958417	-1.220597825776955e-34
187808.16930646333	191564.3327921315	189686.2510492974	-1.1966677469805655e-34
191564.3327921315	195395.61954751302	193479.97616982227	-1.1732065923191787e-34
195395.619547513	199303.53203800216	197349.57579275756	-1.1502051318272516e-34
199303.53203800213	203289.60277830105	201296.56740815158	-1.1276543007802114e-34
203289.6027783011	207355.39493340603	205322.49885585357	-1.105545179147332e-34
207355.39493340597	211502.50293161298	209428.94893250946	-1.0838689197541857e-34
