-0.0	9.953897499377266e-5	4.976948749688633e-5	0.011460195988495061	2.7741116919018393e9	0.011460195988495061	2.7741116919018393e9
9.953897499377266e-5	0.0002010687294874207	0.00015030385224059668	0.057947524521991645	1.9367956398584669e9	0.0694077205104867	2.0383819787103379e9
0.00020106872948742058	0.0003046290790709416	0.00025284890427918107	0.13129476644554033	1.556298242584644e9	0.20070248695602705	1.6949233860346875e9
0.0003046290790709413	0.00041026063564613265	0.000357444857358537	0.22407933285155046	1.3116893066376402e9	0.4247818198075775	1.4685805298656192e9
0.0004102606356461331	0.0005180048233528283	0.0004641327294994807	0.3322726374039741	1.134123938723411e9	0.7570544572115516	1.300280652337917e9
0.0005180048233528287	0.0006279038948136577	0.0005729543590832433	0.4534362874645565	9.971094599025074e8	1.2104907446761082	1.167329156487292e9
0.0006279038948136573	0.0007400009477037028	0.0006839524212586801	0.5860769765284729	8.874169946605417e8	1.796567721204581	1.0584202868043375e9
0.000740000947703703	0.0008543399416515495	0.0007971704446776262	0.7293258945777975	7.973906159677104e8	2.5258936157823784	9.670174558209723e8
0.0008543399416515493	0.0009709657154783526	0.0009126528285649509	0.8827502988219136	7.221570797298e8	3.408643914604292	8.889581981666855e8
0.0009709657154783523	0.0010899240047816917	0.001030444860130022	1.0462496671764743	6.584141915606077e8	4.454893581780766	8.2141016254607e8
0.0010899240047816917	0.0012112614598710977	0.0011505927323263946	1.2199342643885067	6.037903005867658e8	5.674827846169273	7.623429438565125e8
0.0012112614598710973	0.0013350256640622914	0.0012731435619666943	1.4041171656232008	5.565469402583169e8	7.078945011792474	7.102497442127581e8
0.0013350256640622922	0.00146126515233731	0.0013981454081998012	1.5992147093581284	5.153497380404007e8	8.678159721150601	6.639753356132827e8
0.0014612651523373099	0.0015900294303778282	0.001525647291357569	1.8057058563690993	4.7915468143541044e8	10.483865577519701	6.226117978689736e8
0.0015900294303778277	0.0017213689939791564	0.001655699212178492	2.024165996854215	4.471468047578932e8	12.508031574373916	5.854346610513674e8
0.0017213689939791568	0.0018553353488525118	0.0017883521714158342	2.255247931413403	4.186774334414893e8	14.76327950578732	5.518575335621554e8
0.0018553353488525112	0.0019919810308233333	0.0019236581898379223	2.499607346459646	3.9321278176852185e8	17.262886852246965	5.2139783010973454e8
0.0019919810308233333	0.002131359626433572	0.0020616703286284524	2.7579505207167423	3.7031960476291996e8	20.020837372963708	4.936548681082528e8
0.0021313596264335728	0.002273525793956016	0.0022024427101947942	3.031059565664122	3.49645820859353e8	23.05189693862783	4.682937941900941e8
0.0022735257939560153	0.0024185352848289073	0.002346030539392461	3.3196358750746024	3.308861482893421e8	26.371532813702434	4.4503019703044766e8
0.002418535284828908	0.002566444965519258	0.002492490125174083	3.624544975204668	3.137998332985743e8	29.9960777889071	4.236234517922671e8
0.002566444965519257	0.002717312839823414	0.0026418789026713355	3.9465734725165365	2.9817397537395585e8	33.942651261423634	4.038668713165869e8
0.002717312839823413	0.0028711980716136527	0.002794255455718533	4.28664186512423	2.8383662075013936e8	38.229293126547866	3.855832837546271e8
0.002871198071613654	0.0030281610080396984	0.002949679539826676	4.6456139462709025	2.706350220021087e8	42.87490707281877	3.686189803855286e8
0.003028161008039698	0.0031882632031942633	0.0031082121056169804	5.02443286752784	2.5844170026997355e8	47.899339940346614	3.5284049196509796e8
0.003188263203194263	0.0033515674422519193	0.0032699153227230913	5.424150575451301	2.4715030187452313e8	53.323490515797914	3.3813184335723597e8
0.0033515674422519197	0.0035181377660907292	0.0034348526041713245	5.8457567404383175	2.3666385378072998e8	59.16924725623623	3.2439108420131856e8
0.0035181377660907292	0.003688039496406315	0.003603088631248522	6.290253864462085	2.2689773021736676e8	65.45950112069832	3.115282185495734e8
0.0036880394964063155	0.003861339261328213	0.0037746893788672643	6.751704555205997	2.1755390155713934e8	72.21120567590432	2.994346842765921e8
0.003861339261328213	0.004038105021548549	0.003949722141438381	7.2253732294642905	2.084715066744398e8	79.43657890536862	2.8800438069585055e8
0.004038105021548548	0.00421840609697329	0.004128255559260919	7.728926134899576	2.0012843432221875e8	87.1655050402682	2.772112706075875e8
0.00421840609697329	0.004402313193906526	0.004310359645439908	8.261945906598548	1.923893822452846e8	95.42745094686674	2.6701883994929314e8
0.004402313193906526	0.004589898432778427	0.004496105813342477	8.821595724210823	1.85098366353108e8	104.24904667107756	2.5737968005952722e8
0.004589898432778428	0.004781235376427767	0.004685566904603098	9.411800714755826	1.7827046354268852e8	113.66084738583336	2.4825723134285325e8
0.0047812353764277666	0.0049763990589500925	0.00487881721768893	10.033697359233948	1.7185616852361143e8	123.6945447450673	2.396162898345152e8
0.004976399058950093	0.005175466015122866	0.0050759325370364795	10.688105902662002	1.658075743156209e8	134.3826506477293	2.3142283550508752e8
0.005175466015122865	0.005378514310419092	0.005276990162770979	11.376409155503408	1.600920781959711e8	145.7590598032327	2.236453967295599e8
0.005378514310419092	0.005585623571621245	0.005482068941020169	12.1002327537867	1.54683397749341e8	157.85929255701942	2.1625519555360517e8
0.005585623571621245	0.00579687501804744	0.0056912492948343425	12.86131508102364	1.4955837661742195e8	170.72060763804305	2.092259399439195e8
0.005796875018047441	0.00601235149340216	0.0059046132557248	13.661471078033173	1.446960352493923e8	184.38207871607622	2.025335665640747e8
0.00601235149340216	0.006232137498263974	0.006122244495833067	14.502588283298332	1.4007726069464785e8	198.88466699937456	1.9615600760800794e8
0.006232137498263972	0.006456319223223022	0.006344228360743497	15.386676983620639	1.3568503906106362e8	214.2713439829952	1.9007303022029403e8
0.006456319223223021	0.006684984582681251	0.006570651902952136	16.315853082929074	1.3150394895084034e8	230.58719706592427	1.84266060468404e8
0.006684984582681254	0.006918223249328648	0.0068016039160049505	17.292286541626826	1.2751955193159431e8	247.8794836075511	1.7871798366763932e8
0.006918223249328647	0.00715612668930899	0.007037174969318818	18.31833914007155	1.2371929887348607e8	266.19782274762264	1.7341307051741943e8
0.00715612668930899	0.007398788198088939	0.007277457443698964	19.396470849062823	1.2009152906359385e8	285.5942935966855	1.683368247003963e8
0.007398788198088939	0.007646302937044488	0.0075225455675667135	20.52919737520438	1.1662514785381135e8	306.12349097188985	1.634758285889458e8
0.007646302937044487	0.007898767970779146	0.007772535453911817	21.718979163845894	1.1330907701471014e8	327.84247013573577	1.5881756554912e8
0.007898767970779147	0.0081562823051885	0.008027525137983823	22.968588657652287	1.1013426240127845e8	350.81105879338804	1.5435045661689222e8
0.0081562823051885	0.00841894692628604	0.008287614615737269	24.28102294067434	1.070927540677926e8	375.0920817340624	1.5006381109149608e8
0.00841894692628604	0.00868686483980553	0.008552905883045785	25.659231883879745	1.0417635025577825e8	400.7513136179421	1.4594766540307188e8
0.008686864839805528	0.008960141111595408	0.008823502975700469	27.106374846732265	1.0137780047959307e8	427.85768846467437	1.4199275421004552e8
0.008960141111595408	0.009238882908821085	0.009099512010208246	28.625961562697775	9.869109324230076e7	456.48365002737216	1.3819051285642502e8
0.009238882908821085	0.009523199541991274	0.00938104122540618	30.22184801268751	9.611110144877622e7	486.7054980400597	1.3453305056695995e8
0.009523199541991274	0.009813202507824869	0.009668201024908072	31.898511155163316	9.363413542498976e7	518.6040091952231	1.310131766765807e8
0.00981320250782487	0.010109005532975137	0.009961104020400003	33.6598262586961	9.125413030499552e7	552.2638354539191	1.2762410006239319e8
0.010109005532975134	0.010410724618628405	0.01025986507580177	35.511475570843125	8.896956658421853e7	587.7753110247622	1.2435975399479437e8
0.010410724618628405	0.010718478085994741	0.010564601352311572	37.45885383025211	8.677701912090945e7	625.2341648550143	1.2121454032219516e8
0.010718478085994743	0.011032386622708406	0.010875432354351573	39.50731657242361	8.467229439179344e7	664.741481427438	1.1818320198487607e8
0.011032386622708406	0.011352573330156341	0.011192479976432374	41.662576348632044	8.265149072341986e7	706.40405777607	1.1526079969856657e8
0.011352573330156343	0.011679163771753237	0.01151586855095479	43.929136059389684	8.070804417428936e7	750.3331938354596	1.124424513433023e8
0.011679163771753237	0.01201228602218207	0.011845724896967653	46.31144095704494	7.883569183552584e7	796.6446347925046	1.0972334341576292e8
0.012012286022182067	0.012352070717619476	0.012182178369900772	48.81510302711752	7.703045623498067e7	845.4597378196221	1.0709890069619061e8
0.01235207071761948	0.012698651106965636	0.012525360912292557	51.44494903364411	7.528712029713404e7	896.9046868532662	1.045646554042865e8
0.012698651106965634	0.013052163104098714	0.012875407105532175	54.20788690558752	7.360363035200633e7	951.1125737588537	1.0211648024242344e8
0.013052163104098714	0.013412745341174455	0.013232454222636584	57.1070196723136	7.197267249234532e7	1008.2195934311675	9.975013377835813e7
0.013412745341174457	0.013780539222991713	0.013596642282083085	60.15005271589717	7.039338072459817e7	1068.3696461470647	9.746177052750957e7
0.013780539222991713	0.014155688982445314	0.013968114102718514	63.342399108443956	6.886179179498659e7	1131.7120452555087	9.524765512041567e7
0.014155688982445312	0.014538341737087986	0.014347015359766648	66.69255532039472	6.737732722126947e7	1198.4046005759033	9.310440711488383e7
0.014538341737087988	0.014928647546823513	0.01473349464195575	70.20564971807691	6.593564313509243e7	1268.6102502939802	9.102867314138095e7
0.014928647546823513	0.01532675947275375	0.01512770350978863	73.8914419020348	6.453688763955809e7	1342.501692196015	8.901746175552563e7
0.01532675947275375	0.01573283363720259	0.01552979655497817	77.75903608421771	6.317996314290551e7	1420.2607282802328	8.706800993610433e7
0.01573283363720259	0.01614702928494041	0.015939931461071498	81.81885839459049	6.186438289346291e7	1502.0795866748233	8.517780337315077e7
0.016147029284940405	0.016569508845632977	0.01635826906528669	86.07476851147975	6.058449084329504e7	1588.154355186303	8.33441640466187e7
0.016569508845632984	0.01700043799753941	0.016784973421586198	90.53990970285278	5.9341585889264226e7	1678.6942648891559	8.156477931467025e7
0.017000437997539405	0.01743998573248396	0.017220211865011683	95.22409092002462	5.813402124153619e7	1773.9183558091804	7.983744728980462e7
0.01743998573248396	0.017888324422127407	0.017664155077305684	100.13656081225676	5.695967958012243e7	1874.054916621437	7.816002973877162e7
0.017888324422127403	0.018345629885563715	0.01811697715384556	105.28611049744498	5.581620387624174e7	1979.341027118882	7.653042667731874e7
0.01834562988556372	0.018812081458268758	0.018578855671916236	110.68840798237848	5.470474289535487e7	2090.0294351012603	7.494682534893247e7
0.018812081458268758	0.0192878620624279	0.01904997176034833	116.3572822897709	5.362480485006835e7	2206.386717391031	7.340755353473055e7
0.019287862062427896	0.019773158278670218	0.019530510170549055	122.29798608270778	5.257182037838441e7	2328.684703473739	7.191077226742397e7
0.019773158278670218	0.020268160419237388	0.020020659348953803	128.52975645156812	5.154753093790621e7	2457.214459925307	7.045494075224905e7
0.020268160419237388	0.0207730626026159	0.020520611510926642	135.06704168323384	5.055100204320452e7	2592.281501608541	6.903859773543239e7
0.0207730626026159	0.02128806282966198	0.021030562716138942	141.91911716050998	4.957926994506288e7	2734.200618769051	6.76602094678261e7
0.02128806282966198	0.021813363061248984	0.021550712945455484	149.10120243302828	4.863163859927761e7	2883.3018212020793	6.6318334899185084e7
0.021813363061248984	0.022349169297467726	0.022081266179358357	156.63474083036354	4.770909845906434e7	3039.936562032443	6.501173484644477e7
0.02234916929746773	0.022895691658410846	0.022622430477939288	164.5364422989596	4.681064836253138e7	3204.4730043314025	6.373921417237e7
0.022895691658410842	0.02345314446657282	0.023174418062491833	172.8144911228601	4.593286872099995e7	3377.2874954542626	6.249944870291857e7
0.02345314446657282	0.024021746330898038	0.02373744539873543	181.5011067893912	4.5078806723603584e7	3558.7886022436537	6.129144383906751e7
0.024021746330898045	0.02460172023250977	0.024311733281703905	190.60767627819402	4.424555334688317e7	3749.3962785218478	6.011409431007957e7
0.02460172023250977	0.025193293612153726	0.024897506922331746	200.14496598198906	4.343042001197789e7	3949.541244503837	5.896620796137946e7
0.025193293612153722	0.02579669845939056	0.02549499603577214	210.14994359766254	4.263639228959686e7	4159.691188101499	5.7846901218460456e7
0.02579669845939056	0.026412171403572132	0.026104434931481346	220.64651437173393	4.186292112854351e7	4380.337702473234	5.675533134405321e7
0.026412171403572136	0.02703995380663734	0.02672606260510474	231.63548618644904	4.1105142689011596e7	4611.973188659683	5.569039888372029e7
0.02703995380663734	0.027680291857763845	0.027360122832200594	243.16636624158772	4.036718101727459e7	4855.1395549012705	5.465137757329201e7
0.027680291857763845	0.028333436669912882	0.028006864263838364	255.25596501175792	3.964677793933494e7	5110.395519913029	5.363745208864858e7
0.028333436669912882	0.0289996443783049	0.028666540524108892	267.9135345428394	3.894081344785919e7	5378.309054455868	5.2647666731386565e7
0.028999644378304903	0.02967917624086476	0.029339410309584833	281.1918678807006	3.825259410080974e7	5659.500922336569	5.168136760381398e7
0.02967917624086476	0.030372298740675815	0.03002573749077029	295.1199859383263	3.7581326793857396e7	5954.620908274895	5.073790371000757e7
0.030372298740675818	0.031079283690483094	0.030725791215579456	309.69681419925536	3.692252509058089e7	6264.31772247415	4.9816379978840515e7
0.031079283690483087	0.03180040833928651	0.031439846014884795	324.99699599279774	3.628100278980569e7	6589.314718466948	4.8916294556649946e7
0.03180040833928651	0.032535955481066	0.03216818191017626	341.0264425360023	3.5652970892076425e7	6930.34116100295	4.803693721637716e7
0.032535955481066005	0.03328621356568108	0.032911084523373546	357.793029082671	3.503548482081208e7	7288.1341900856205	4.7177461089196086e7
0.03328621356568108	0.03405147681198846	0.03366884518883477	375.36048100464933	3.44312420376851e7	7663.49467109027	4.6337264778554276e7
0.03405147681198846	0.03483204532322199	0.03444176106760523	393.73267613802864	3.38369554388303e7	8057.227347228298	4.551557970088486e7
0.03483204532322199	0.03562822520468019	0.03523013526395109	412.95840041957484	3.3253559290323015e7	8470.185747647873	4.471175929481133e7
0.03562822520468018	0.036440328683767544	0.03603427694422386	433.14445252802756	3.2685980388295233e7	8903.3302001759	4.3925530419379316e7
0.036440328683767544	0.037268674232436655	0.036854501458102096	454.29341038712823	3.213036554500176e7	9357.623610563029	4.315639228215032e7
0.037268674232436655	0.03811358669207914	0.0376911304622579	476.4519899440959	3.158646712777525e7	9834.075600507125	4.240386790805714e7
0.03811358669207915	0.03897539740091449	0.03854449204649682	499.7282864410834	3.105771044616157e7	10333.803886948208	4.166774041678404e7
0.038975397400914484	0.03985444432392653	0.0394149208624205	524.0774370101324	3.0537552145022314e7	10857.88132395834	4.094738824904318e7
0.03985444432392653	0.040751072185398814	0.040302758254662674	549.6169227134873	3.002966939829789e7	11407.498246671827	4.0242474919596374e7
0.040751072185398814	0.04166563260410055	0.04120835239474968	576.4193197612465	2.9534385253554057e7	11983.917566433072	3.955271168411689e7
0.04166563260410054	0.042598484231176306	0.042132058417638424	604.4478878532136	2.904646796466942e7	12588.36545428629	3.887749687599413e7
0.04259848423117632	0.0435499928907936	0.04307423856098496	633.8698946151951	2.857094720816122e7	13222.235348901484	3.821659663116806e7
0.043549992890793594	0.04452053172360322	0.04403526230719841	664.7009206036548	2.8105074704938803e7	13886.936269505139	3.756962024904108e7
0.044520531723603214	0.04551048133306903	0.04501550652833612	696.9735614212109	2.7647226244166452e7	14583.90983092635	3.693610319509513e7
0.045510481333069036	0.04652022993472417	0.0460153556338966	730.865127643104	2.7201391658680532e7	15314.774958569455	3.6315869956660606e7
0.04652022993472417	0.047550173508412404	0.04703520172156829	766.3286187190376	2.676260434528476e7	16081.103577288492	3.570844365012498e7
0.04755017350841241	0.04860071595357441	0.048075444730993414	803.4826560380758	2.6332320743533026e7	16884.58623332657	3.511347504292955e7
0.04860071595357442	0.04967226924763966	0.04913649260060704	842.5006690876523	2.591320301206653e7	17727.08690241422	3.4530809664304234e7
0.04967226924763965	0.05076525360758619	0.05021876142761292	883.3117472601261	2.550005147093458e7	18610.398649674346	3.395997692528084e7
0.0507652536075862	0.05188009765473167	0.051322675631158936	926.1599676456145	2.509726324353673e7	19536.55861731996	3.3400817828883972e7
0.051880097654731665	0.05301723858282005	0.052448668118775854	971.08983000968	2.470297793907241e7	20507.64844732964	3.2853068840662863e7
0.05301723858282006	0.05417712232947021	0.05359718045614513	1018.1121335716379	2.4314785925014623e7	21525.76058090128	3.2316334608653784e7
0.0541771223294702	0.055360203751053355	0.054768663040261775	1067.510099553848	2.3936813041301247e7	22593.270680455127	3.179050717685636e7
0.055360203751053355	0.05656694680106817	0.05596357527606076	1119.2019383461022	2.3564381879256994e7	23712.47261880123	3.1275194415779747e7
0.05656694680106818	0.057797824712083286	0.057182385756575735	1173.3736856700189	2.3199049505770914e7	24885.846304471248	3.07701295415611e7
0.05779782471208328	0.059053320181318696	0.05842557244670099	1230.2842061655465	2.2843243585031774e7	26116.130510636794	3.0275216705042146e7
0.0590533201813187	0.06033392555993882	0.059693622870628765	1289.7466648712757	2.2490892874258306e7	27405.877175508067	2.9789989377101745e7
0.06033392555993882	0.06164014304613134	0.06098703430303508	1352.1682276729664	2.2146940469240822e7	28758.045403181033	2.9314321192466862e7
0.06164014304613134	0.06297248488204772	0.06230631396408953	1417.5970514707712	2.1809544994095698e7	30175.642454651803	2.8847981008235075e7
0.06297248488204771	0.06433147355468241	0.06365197921836506	1486.0679496878313	2.1476951943381947e7	31661.710404339636	2.839064537694961e7
0.06433147355468241	0.06571764200076981	0.06502455777772612	1558.0014751362519	2.1152939674698535e7	33219.711879475886	2.7942247520636626e7
0.06571764200076981	0.06713153381577895	0.06642458790827438	1633.2599600445037	2.0833159372217596e7	34852.97183952039	2.7502457106557887e7
0.06713153381577895	0.06857370346708827	0.0678526186414336	1712.1270441508593	2.0519189194787007e7	36565.09888367125	2.7071064129291344e7
0.06857370346708827	0.07004471651142379	0.06930920998925602	1794.9449665151526	2.0212803321514964e7	38360.043850186405	2.6647982830548704e7
0.07004471651142379	0.071545149816646	0.0707949331640349	1881.52493642576	1.9909612630725324e7	40241.568786612166	2.623286361819696e7
0.071545149816646	0.07307559178797267	0.07231037080230934	1972.4232961296943	1.9613540793765575e7	42213.99208274186	2.5825622098138064e7
0.07307559178797267	0.07463664259872586	0.07385611719334927	2067.6858679141137	1.932273262387423e7	44281.677950655976	2.542606624891422e7
0.07463664259872586	0.07622891442569413	0.07543277851221	2167.3907829984887	1.9035917414307293e7	46449.068733654465	2.5033939409151446e7
0.07622891442569411	0.07785303168920174	0.07704097305744792	2272.1656551395936	1.8756557883098356e7	48721.23438879406	2.4649214613643475e7
0.07785303168920174	0.07950963129797951	0.07868133149359063	2381.6992764768947	1.847991893524008e7	51102.93366527095	2.4271577542815875e7
0.07950963129797951	0.08119936289893284	0.08035449709845618	2496.587339900583	1.8208861623663414e7	53599.52100517154	2.3900909868760686e7
0.08119936289893284	0.08292288913190524	0.08206112601541904	2617.2397861038876	1.7944230664801016e7	56216.760791275425	2.353715317163737e7
0.08292288913190525	0.0846808858895371	0.08380188751072118	2743.3223550306934	1.768175550286352e7	58960.08314630612	2.317999296178812e7
0.08468088588953708	0.08647404258232155	0.08557746423592932	2875.808224923675	1.7425975496690463e7	61835.891371229794	2.2829412182586357e7
0.08647404258232155	0.08830306240896171	0.08738855249564163	3014.5576701779214	1.7173957125966802e7	64850.449041407715	2.248521693311787e7
0.08830306240896173	0.0901686626321347	0.08923586252054821	3159.756986802582	1.6925073534455337e7	68010.20602821029	2.214718820084417e7
0.09016866263213469	0.09207157485977112	0.09112011874595291	3312.4714278193774	1.6683193326668013e7	71322.67745602966	2.1815356466249883e7
0.09207157485977113	0.09401254533196028	0.09304206009586571	3472.066305980399	1.6443142949634722e7	74794.74376201007	2.1489436924873456e7
0.09401254533196027	0.09599233521359321	0.09500244027277674	3639.4881643213653	1.6207876113176597e7	78434.23192633143	2.1169342428189777e7
0.09599233521359321	0.09801172089285881	0.09700202805322601	3815.329289341258	1.5978116275851052e7	82249.56121567269	2.0855035651279982e7
0.0980117208928588	0.1000714942857097	0.09904160758928425	3999.111643845272	1.5750096017849408e7	86248.67285951796	2.0546254224220738e7
0.10007149428570972	0.10217246314641765	0.10112197871606368	4192.243173134067	1.5527811348246304e7	90440.91603265202	2.02429943114242e7
0.10217246314641763	0.10431545138433972	0.10324395726537867	4394.582644334471	1.5308869041351644e7	94835.49867698649	1.9945108261587266e7
0.10431545138433973	0.10650129938702026	0.10540837538567999	4606.451601553966	1.5092837185715374e7	99441.95027854046	1.9652432099296696e7
0.10650129938702026	0.10873086434975439	0.10761608186838732	4829.322119683543	1.4882856464212129e7	104271.272398224	1.936500183754122e7
0.10873086434975437	0.1110050206117432	0.10986794248074878	5062.181417471603	1.4674051868836716e7	109333.4538156956	1.9082558079265103e7
0.1110050206117432	0.11332465999897179	0.11216484030535749	5306.505724067787	1.4469360450343551e7	114639.95953976338	1.8805034762004826e7
0.11332465999897177	0.11569069217394494	0.11450767608645836	5563.384961272848	1.42699992068028e7	120203.34450103623	1.8532443461321022e7
0.11569069217394495	0.11810404499241757	0.11689736858318125	5831.663042798185	1.407138497691926e7	126035.00754383445	1.8264520109213643e7
0.11810404499241758	0.12056566486725966	0.11933485492983861	6113.713141783937	1.3877913795998137e7	132148.72068561838	1.800128125864199e7
0.12056566486725963	0.12307651713959854	0.12182109100342908	6409.57047816072	1.368792315410076e7	138558.2911637791	1.7742643051236656e7
0.12307651713959855	0.12563758645738424	0.1243570517984914	6718.901210634035	1.3499288342598323e7	145277.19237441313	1.748839984632245e7
0.12563758645738424	0.12824987716152564	0.12694373180945495	7044.315495104948	1.3315871069579165e7	152321.50786951807	1.723859027454224e7
0.12824987716152564	0.13091441367974987	0.12958214542063776	7384.958148356701	1.3134418909685384e7	159706.46601787477	1.699305626466368e7
0.13091441367974987	0.13363224092833859	0.13227332730404423	7742.114718449093	1.2955913928144148e7	167448.58073632387	1.6751708519174378e7
0.13363224092833859	0.13640442472189906	0.13501833282511883	8118.189791622291	1.278281716834516e7	175566.77052794615	1.6514610541897852e7
0.13640442472189906	0.13923205219133075	0.1378182384566149	8511.040322939221	1.2610199818368496e7	184077.81085088538	1.6281527920340946e7
0.1392320521913308	0.14211623221015113	0.14067414220074098	8923.744329081024	1.2441453681816764e7	193001.5551799664	1.6052443292311871e7
0.1421162322101511	0.14505809582934784	0.14358716401974947	9357.993886927601	1.2277330020331575e7	202359.54906689402	1.5827385378751947e7
0.14505809582934784	0.1480587967209285	0.14655844627513817	9811.024858120005	1.2112810673454631e7	212170.57392501403	1.5606082385481924e7
0.1480587967209285	0.1511195116303408	0.14958915417563465	10288.284109262744	1.1953493274489008e7	222458.85803427678	1.5388612716354387e7
0.1511195116303408	0.1542414408379413	0.15268047623414105	10789.612423491424	1.1797521748481685e7	233248.4704577682	1.5174939722710375e7
0.1542414408379413	0.15742580862969385	0.15583362473381757	11313.97206728213	1.1642454744332219e7	244562.44252505034	1.496488402805253e7
0.15742580862969385	0.16067386377728143	0.15904983620348764	11866.313404238528	1.1492142715249943e7	256428.75592928886	1.475850625788618e7
0.16067386377728143	0.16398688002782077	0.16233037190255112	12446.342517973662	1.1344717257075755e7	268875.09844726254	1.4555752539405752e7
0.16398688002782077	0.1673661566033709	0.16567651831559582	13053.517314733996	1.1198425694723466e7	281928.61576199654	1.4356468434044857e7
0.1673661566033709	0.17081301871043203	0.16908958765690146	13693.955300365002	1.1057230510389546e7	295622.57106236153	1.4160744171551406e7
0.170813018710432	0.17432881805963435	0.1725709183850332	14365.408731476216	1.0917766451839324e7	309987.97979383776	1.3968465113441138e7
0.17432881805963435	0.17791493339582073	0.17612187572772753	15068.236142219557	1.0779204016681446e7	325056.2159360573	1.3779474608809784e7
0.17791493339582073	0.18157277103873085	0.1797438522172758	15809.643027840571	1.064546648445595e7	340865.8589638979	1.3593858052517341e7
0.18157277103873087	0.1853037654344992	0.18343826823661502	16586.633932176654	1.0513055186076777e7	357452.49289607455	1.3411488688808894e7
0.18530376543449914	0.1891093797181828	0.187206572576341	17399.957939366534	1.0381411979246395e7	374852.45083544106	1.3232214578476202e7
0.18910937971818284	0.19299110628754018	0.1910502430028615	18257.041371600884	1.0253814740857402e7	393109.49220704194	1.305608697071501e7
0.19299110628754018	0.19695046738828467	0.1949707868379124	19155.123687440846	1.012735353896199e7	412264.61589448276	1.2882982143998092e7
0.19695046738828464	0.20098901571104402	0.19896974154966435	20096.04375850366	1.0001990518113403e7	432360.65965298645	1.2712781756008398e7
0.20098901571104408	0.20510833500025866	0.20304867535565135	21087.97920156954	9.880625269975023e6	453448.63885455596	1.2545545958732147e7
0.20510833500025863	0.2093100406752575	0.20720918783775805	22126.364602221453	9.759817016812366e6	475575.0034567774	1.2381128303717505e7
0.2093100406752575	0.21359578046375632	0.2114529105695069	23214.22715961487	9.639985154000496e6	498789.2306163923	1.2219416037072804e7
0.21359578046375632	0.21796723504802512	0.21578150775589072	24361.225828520106	9.524013514169294e6	523150.45644491236	1.206047336475964e7
0.21796723504802512	0.2224261187239793	0.2201966768860022	25561.432070839146	9.408335893456627e6	548711.8885157515	1.1904150523917466e7
0.22242611872397927	0.22697418007345255	0.2247001493987159	26816.871239089563	9.292881077663226e6	575528.7597548411	1.1750302671786917e7
0.22697418007345255	0.23161320264991528	0.22929369136168393	28139.2874088188	9.180740659271406e6	603668.0471636599	1.1598975841926401e7
0.23161320264991528	0.23634500567790726	0.23397910416391127	29523.22000498438	9.06897599115887e6	633191.2671686444	1.1450040396496618e7
0.23634500567790728	0.2411714447664591	0.2387582252221832	30970.385602769446	8.957327356336674e6	664161.6527714138	1.1303359286627108e7
0.24117144476645908	0.24609441263678192	0.2436329287016205	32497.117050142362	8.849550681834746e6	696658.7698215562	1.1159024694585262e7
0.24609441263678195	0.25111583986451125	0.2486051262506466	34096.51759478825	8.742548775546744e6	730755.2874163444	1.1016941242723776e7
0.25111583986451125	0.25623769563679516	0.2536767677506532	35765.23216234448	8.634708791554814e6	766520.5195786889	1.0876924548411643e7
0.2562376956367951	0.2614619885245247	0.25884984208065986	37523.62388042851	8.530153429947399e6	804044.1434591174	1.073904356341479e7
0.2614619885245247	0.26679076727000883	0.2641263778972668	39367.22180209488	8.426727157298464e6	843411.3652612122	1.0603236581507985e7
0.26679076727000883	0.27222612159040266	0.2695084444302057	41289.40440937987	8.32226267806083e6	884700.7696705922	1.046931840759691e7
0.2722261215904027	0.2777701829972044	0.27499815229380353	43308.991236175345	8.219888210646746e6	928009.7609067674	1.0337298570130454e7
0.2777701829972044	0.28342512563214217	0.2805976543146733	45430.823741025495	8.119509092077515e6	973440.584647793	1.0207180532489106e7
0.28342512563214217	0.28919316711977866	0.2863091463759604	47646.532706204074	8.0187731886327695e6	1.0210871173539971e6	1.0078829654414719e7
0.28919316711977866	0.29507656943716787	0.29213486827847324	49969.86637580011	7.919327549410228e6	1.0710569837297972e6	9.95221594652433e6
0.2950765694371678	0.3010776398009048	0.2980771046190363	52413.989904535345	7.822340757106223e6	1.1234709736343324e6	9.82737975047405e6
0.30107763980090485	0.3071987315719166	0.3041381856864107	54966.73672929544	7.72510940536404e6	1.1784377103636279e6	9.704200653455045e6
0.30719873157191663	0.3134422451783486	0.3103204883751326	57633.0031036154	7.627755673179999e6	1.2360707134672431e6	9.58257261387257e6
0.31344224517834857	0.31981062905690916	0.31662643711762883	60436.80538965582	7.532747554165929e6	1.2965075188568989e6	9.462540461182404e6
0.3198106290569092	0.326306380613041	0.3230585048349751	63376.49236322796	7.438955142099754e6	1.3598840112201269e6	9.344080258438446e6
0.326306380613041	0.33293204720029546	0.32961921390666826	66444.48308045087	7.344797454175377e6	1.4263284943005778e6	9.227077009654025e6
0.3329320472002955	0.33969022711929503	0.33631113715979527	69661.63530564372	7.251985692605683e6	1.4959901296062216e6	9.111522701976102e6
0.33969022711929503	0.34658357063667455	0.3431368988779848	73044.41248440286	7.161397252957007e6	1.5690345420906243e6	8.997461154209536e6
0.3465835706366745	0.35361478102440164	0.35009917583053807	76582.17203414906	7.071164628772122e6	1.6456167141247734e6	8.884824424476005e6
0.35361478102440164	0.3607866156198833	0.35720069832214246	80276.31580564915	6.980846945090191e6	1.7258930299304225e6	8.773522862022799e6
0.3607866156198833	0.3681018869072746	0.36444425126357893	84157.25179118587	6.892463182004391e6	1.8100502817216085e6	8.663590154514564e6
0.36810188690727463	0.37556346362041376	0.3718326752638442	88231.86753203617	6.805739523329962e6	1.8982821492536447e6	8.555042029433291e6
0.3755634636204137	0.3831742718678156	0.37936886774411466	92481.3948633209	6.718553576084274e6	1.9907635441169657e6	8.447769342921928e6
0.38317427186781555	0.3909372962801655	0.38705578407399055	96926.34062951997	6.631920610976303e6	2.0876898847464856e6	8.341728727273133e6
0.39093729628016555	0.3988555811807625	0.394896438730464	101596.80993810196	6.54723755242733e6	2.1892866946845874e6	8.236960964497587e6
0.3988555811807624	0.40693223177937127	0.40289390648006684	106473.8107142826	6.462576493402552e6	2.29576050539887e6	8.133391924881658e6
0.40693223177937127	0.4151704153899523	0.4110513235846618	111556.93882679813	6.377472853428908e6	2.407317444225668e6	8.030924774012323e6
0.4151704153899523	0.4235733626727449	0.4193718890313486	116879.27608377143	6.293363957040627e6	2.5241967203094396e6	7.929552276254637e6
0.423573362672745	0.43214436890119345	0.4278588657869692	122454.33145612768	6.210361526589952e6	2.6466510517655676e6	7.829274163810958e6
0.4321443689011934	0.4408867952542109	0.43651558207770214	128288.50153048903	6.1281849969334435e6	2.7749395532960566e6	7.730073846908171e6
0.4408867952542108	0.44980407013428864	0.44534543269424975	134377.3764878741	6.046104153411157e6	2.9093169297839305e6	7.631893163045798e6
0.4498040701342887	0.45889969051196805	0.45435188032312834	140759.2776278191	5.965346519482267e6	3.0500762074117498e6	7.534748952655065e6
0.4588996905119681	0.468177223297201	0.46353845690458456	147440.26684821091	5.885558865156484e6	3.1975164742599605e6	7.4386364994776575e6
0.4681772232972011	0.4776403067381387	0.4729087650176699	154430.9692262716	5.806609836871582e6	3.3519474434862323e6	7.343543732132623e6
0.47764030673813856	0.4872926518478949	0.4824664792930167	161719.1175995172	5.727563101747446e6	3.5136665610857494e6	7.249404763797981e6
0.48729265184789494	0.4971380438598464	0.49221534785387067	169324.55233492836	5.64874899160237e6	3.682991113420678e6	7.156176843180451e6
0.49713804385984633	0.5071803437120368	0.5021591937859415	177296.46605652614	5.571340732348695e6	3.860287579477204e6	7.063888071221569e6
0.5071803437120368	0.517423489561271	0.5123019166366539	185623.2715038284	5.4944316172754215e6	4.0459108509810325e6	6.972512124566868e6
0.5174234895612712	0.5278714983274901	0.5226474939443806	194303.8728870918	5.417586541425908e6	4.240214723868124e6	6.881998916324431e6
0.5278714983274901	0.5385284672690335	0.5331999827982619	203373.50711881046	5.341412313473421e6	4.443588230986935e6	6.792336634813563e6
0.5385284672690335	0.5493985755894076	0.5439635214292206	212843.095027051	5.265769256670925e6	4.656431326013986e6	6.703506049890465e6
0.5493985755894077	0.5604860860761894	0.5549423308327985	222770.49839114383	5.1916285768688945e6	4.87920182440513e6	6.615545579839508e6
0.5604860860761894	0.5717953467727067	0.5661407164244481	233098.34152731227	5.117194003302491e6	5.112300165932442e6	6.528386914597887e6
0.5717953467727067	0.5833307926831544	0.5775630697279306	243859.38450802243	5.042918547600592e6	5.356159550440464e6	6.441992113105346e6
0.5833307926831544	0.595096947511811	0.5892138700974827	255122.0425224363	4.969849134258521e6	5.6112815929629e6	6.356386352024661e6
0.5950969475118111	0.6070984254370408	0.601097686474426	266820.14674666146	4.896316512697013e6	5.878101739709562e6	6.271496292993519e6
0.6070984254370407	0.619339932920775	0.6132191791789079	279100.9792935285	4.824704427594831e6	6.157202719003091e6	6.187391480202536e6
0.619339932920775	0.631826270554184	0.6255831017374796	291868.8430353397	4.752896560019018e6	6.44907156203843e6	6.104014388709733e6
0.631826270554184	0.6445623349402613	0.6381943027472227	305143.1982308698	4.680996591600656e6	6.7542147602693e6	6.021316900349243e6
0.6445623349402613	0.65755312061406	0.6510577277771606	319081.8395034478	4.611087890550457e6	7.073296599772748e6	5.939374781010926e6
0.65755312061406	0.6708037220013348	0.6641784213076973	333520.47049311287	4.540389531484267e6	7.40681707026586e6	5.858097808857387e6
0.6708037220013346	0.6843193354163548	0.6775615287088448	348653.5198171379	4.471328214231264e6	7.755470590082998e6	5.777542016794137e6
0.6843193354163548	0.6981052610996754	0.6912122982580151	364376.93879988865	4.402179799032367e6	8.119847528882887e6	5.697660030736636e6
0.6981052610996754	0.7121669052966624	0.7051360831981689	380754.97457621276	4.333505453302691e6	8.5006025034591e6	5.618439846119267e6
0.7121669052966624	0.7265097823775891	0.7193383438371257	397793.7164742231	4.26511719280209e6	8.898396219933324e6	5.539859254720273e6
0.7265097823775891	0.7411395170001344	0.7338246496888617	415543.4827123396	4.197311362984929e6	9.313939702645663e6	5.461914560884805e6
0.7411395170001344	0.7560618463151305	0.7486006816576325	434054.2986388533	4.1303110645482116e6	9.747994001284517e6	5.384615244912306e6
0.7560618463151304	0.7712826222164265	0.7636722342657785	453338.53543470957	4.0639429569131746e6	1.0201332536719227e7	5.307960180933832e6
0.7712826222164265	0.7868078136357485	0.7790452179260875	473372.6231293289	3.9977589561747187e6	1.0674705159848556e7	5.23192231284105e6
0.7868078136357485	0.8026435088834569	0.7947256612596028	494294.485996851	3.932691906532069e6	1.1168999645845408e7	5.1565303041406525e6
0.8026435088834569	0.8187959180361195	0.8107197134597882	515963.59006483835	3.867372922053218e6	1.1684963235910244e7	5.081731728536492e6
0.8187959180361196	0.8352713753718355	0.8270336467039776	538504.465289477	3.802605276567623e6	1.2223467701199722e7	5.007523829208862e6
0.8352713753718353	0.8520763418542654	0.8436738586130503	561872.8754292403	3.737894229907937e6	1.2785340576628963e7	4.933875318908162e6
0.8520763418542654	0.8692174076663441	0.8606468747603048	586277.543624968	3.6744405526046474e6	1.337161812025393e7	4.860826389283368e6
0.8692174076663441	0.8867012947946644	0.8779593512305043	611523.6946160583	3.610790248624941e6	1.3983141814869989e7	4.788330570293253e6
0.8867012947946645	0.9045348596655512	0.8956180772301079	637682.8928341537	3.547289926100544e6	1.4620824707704142e7	4.716364208092468e6
0.9045348596655511	0.9227250958338555	0.9136299777497033	664742.2268511704	3.483774514518787e6	1.5285566934555313e7	4.644895463232322e6
0.9227250958338556	0.9412791367255261	0.9320021162796909	692629.0365074092	3.419827346085301e6	1.5978195971062722e7	4.573870201430965e6
0.9412791367255261	0.96020425843503	0.950741697580278	721427.0499228762	3.3558647847371516e6	1.6699623020985598e7	4.503261585973352e6
0.9602042584350299	0.9795078825787238	0.9698560705068768	750663.8967351355	3.2897878930980796e6	1.7450286917720735e7	4.432922684519438e6
0.9795078825787238	0.9991975792052916	0.9893527308920077	780153.4959635041	3.2211765020985636e6	1.8230440413684238e7	4.36269077638711e6
0.9991975792052917	1.0192810697643908	1.0092393244848412	810088.0389657458	3.151232882135905e6	1.9040528452649985e7	4.292482298168944e6
1.0192810697643908	1.039766230134672	1.0295236499495313	840713.7728623374	3.081143647991939e6	1.9881242225512322e7	4.222287317852955e6
1.039766230134672	1.0606610937123586	1.0502136619235154	871981.3764472449	3.0108432951729638e6	2.0753223601959568e7	4.1520926888483656e6
1.0606610937123588	1.0819738545615993	1.071317474136979	903685.1128326904	2.9397936772680553e6	2.165690871479226e7	4.081854853435908e6
1.0819738545615993	1.1037128706278245	1.0928433625947118	936036.9448440206	2.868884634866499e6	2.259294565963628e7	4.011584342116726e6
1.1037128706278245	1.1258866670153744	1.1147997688215994	969170.5722978993	2.7986090975856534e6	2.3562116231934175e7	3.9413196290732287e6
1.1258866670153742	1.148503939330675	1.1371953031730246	1.0032530800384554e6	2.7294552638714775e6	2.456536931197263e7	3.8711252301251707e6
1.1485039393306753	1.171573557092282	1.1600387482114787	1.0377800575530595e6	2.6600864623945225e6	2.560314936952569e7	3.8009844936258537e6
1.171573557092282	1.195104567209121	1.1833390621507016	1.0727541696889293e6	2.5906996374998954e6	2.667590353921462e7	3.7308931446519643e6
1.195104567209121	1.2191061975282966	1.2071053823687088	1.1087019632846112e6	2.5226646945384624e6	2.778460550249923e7	3.6609264884830588e6
1.2191061975282966	1.2435878604538557	1.2313470289910762	1.1454677178435775e6	2.4555955428918917e6	2.8930073220342807e7	3.5911330984755056e6
1.243587860453856	1.2685591566379264	1.2560735085458912	1.1828352676947725e6	2.389070134425524e6	3.011290848803758e7	3.521534290775287e6
1.268559156637926	1.2940298787456777	1.2812945176918018	1.2209977523554277e6	2.3235472346989494e6	3.1333906240393005e7	3.452176705779997e6
1.2940298787456779	1.3200100152955847	1.3070199470206312	1.2600367536738904e6	2.259192248437198e6	3.2593942994066894e7	3.383113851836348e6
1.3200100152955847	1.3465097545764897	1.3332598849360373	1.299157370631206e6	2.1946555858502444e6	3.38931003646981e7	3.3143180081030005e6
1.3465097545764895	1.3735394886430126	1.360024621609751	1.3394041893295515e6	2.1318280849571256e6	3.523250455402765e7	3.2458725138904415e6
1.3735394886430126	1.401109817390866	1.3873246530169392	1.3803532786538643e6	2.0699885432572456e6	3.6612857832681514e7	3.1778141284752805e6
1.401109817390866	1.4292315527136765	1.4151706850522712	1.4221214288805667e6	2.0093369088791297e6	3.803497926156208e7	3.110189051398595e6
1.4292315527136763	1.457915722742943	1.4435736377283095	1.464098717156092e6	1.9490637038230118e6	3.949907797871817e7	3.0429939576860396e6
1.4579157227429431	1.487173576172795	1.4725446494578691	1.506932467290173e6	1.8901237311809973e6	4.100601044600834e7	2.9762809703781116e6
1.487173576172795	1.5170165866712442	1.5020950814220195	1.5505819658052735e6	1.832454076761144e6	4.255659241181362e7	2.910095549441324e6
1.5170165866712444	1.5474564573796623	1.5322365220254532	1.5954112697091259e6	1.7764544856052042e6	4.415200368152275e7	2.8445036485178308e6
1.5474564573796623	1.5785051255022486	1.5629807914409555	1.6406092662209612e6	1.7211977034870596e6	4.5792612947743714e7	2.779513749670933e6
1.5785051255022486	1.6101747669872868	1.5943399462447676	1.6859021384622122e6	1.6664919333080836e6	4.747851508620593e7	2.715122750551035e6
1.6101747669872866	1.6424778013020254	1.626326284144656	1.732270843928904e6	1.613366269906603e6	4.921078593013483e7	2.651387264617571e6
1.6424778013020256	1.6754268963030592	1.6589523488025424	1.7791717748451591e6	1.5612858584892924e6	5.098995770497999e7	2.588329685204665e6
1.6754268963030592	1.7090349732041135	1.6922309347535864	1.827036613555663e6	1.5106372515255641e6	5.2816994318535656e7	2.525993469331211e6
1.709034973204113	1.7433152116431883	1.7261750924236505	1.8748791448583226e6	1.4606145270860086e6	5.469187346339398e7	2.464372943135211e6
1.7433152116431885	1.7782810548510453	1.7607981332471168	1.9240934762659187e6	1.4123387916061147e6	5.66159669396599e7	2.4035276057948647e6
1.7782810548510457	1.8139462149230596	1.7961136348870528	1.9735475964078682e6	1.3649340690296034e6	5.858951453606777e7	2.3434628494003965e6
1.8139462149230594	1.8503246781965137	1.8321354465597866	2.0232696790463156e6	1.318469650519383e6	6.061278421511409e7	2.284187764207788e6
1.8503246781965135	1.8874307107354367	1.868877694465975	2.074197004218107e6	1.2735605258415272e6	6.2686981219332196e7	2.2257464799393583e6
1.887430710735437	1.9252788639251386	1.9063547873302877	2.1254766111856345e6	1.2296458531663187e6	6.481245783051783e7	2.168148141463749e6
1.9252788639251386	1.9638839801786343	1.9445814220518864	2.177568932634751e6	1.1869998247286666e6	6.699002676315258e7	2.111417221238517e6
1.9638839801786343	2.0032611987571998	1.983572589467917	2.230155840618694e6	1.145433426975853e6	6.922018260377127e7	2.0555658483862414e6
2.0032611987571998	2.0434259617073365	2.023343580232268	2.28186455064639e6	1.1042852134226249e6	7.150204715441766e7	2.0005672108572968e6
2.0434259617073365	2.084394019916476	2.063909990811906	2.336040869402788e6	1.0651957535008476e6	7.383808802382044e7	1.9464908996569265e6
2.084394019916476	2.1261814392897986	2.1052877296031376	2.389599825732112e6	1.0266740513335975e6	7.622768784955254e7	1.8933162820457658e6
2.126181439289799	2.1688046070505878	2.1474930231701936	2.4439759325067988e6	989380.9804910887	7.867166378205934e7	1.841062127659919e6
2.1688046070505878	2.2122802381665925	2.19054242260859	2.4995960753003513e6	953446.8380610254	8.117125985735969e7	1.7897536538203836e6
2.212280238166592	2.2566253819049167	2.234452810035754	2.5544433999386276e6	918086.7608576679	8.372570325729832e7	1.7393692533224686e6
2.256625381904917	2.3018574285180082	2.2792414052114625	2.609932441908206e6	883849.3734942063	8.633563569920653e7	1.689920284345884e6
2.3018574285180082	2.347994116063361	2.3249257722906846	2.66741063108604e6	851140.3270757196	8.900304633029257e7	1.641440895958348e6
2.347994116063361	2.395053537359621	2.371523826711491	2.724104977002833e6	819026.8852211209	9.17271513072954e7	1.5939093548720307e6
2.395053537359621	2.4430541470818063	2.4190538422207135	2.7794250843704687e6	787395.6943466268	9.450657639166586e7	1.5472986385191157e6
2.4430541470818063	2.4920147689984353	2.467534458040121	2.838648547046801e6	757729.3952916572	9.734522493871266e7	1.5016689748141346e6
2.4920147689984353	2.5419546033533966	2.516984686175916	2.8977296731666094e6	728828.7785815924	1.0024295461187926e8	1.4570078067645503e6
2.5419546033533966	2.5928932343954574	2.567423918874427	2.9559127498773932e6	700527.3014756448	1.0319886736175665e8	1.4132936834628764e6
2.5928932343954574	2.6448506380583594	2.6188719362269084	3.0140794740639688e6	673061.3089944589	1.0621294683582062e8	1.3705200556866203e6
2.644850638058359	2.6978471897945187	2.6713489139264386	3.073165266830778e6	646625.7014929679	1.0928611210265139e8	1.3286920177773575e6
2.697847189794519	2.751903672565402	2.7248754311799606	3.133766714098058e6	621300.1602162464	1.1241987881674944e8	1.2878189757805187e6
2.7519036725654016	2.807041284991702	2.779472478778552	3.193942000992521e6	596664.5105712755	1.1561382081774196e8	1.2478855170571224e6
2.8070412849917026	2.863281649666529	2.835161467329116	3.2545319720129e6	572876.1127971933	1.1886835278975487e8	1.2088862151817302e6
2.8632816496665288	2.920646821634852	2.8919642356506903	3.3149992079517217e6	549825.8946661612	1.2218335199770662e8	1.170809658668817e6
2.920646821634852	2.9791592970425413	2.9499030593386966	3.37399004050416e6	527297.5253417607	1.2555734203821078e8	1.1336326008883435e6
2.979159297042542	3.038842021958385	3.0090006595004635	3.435977709730387e6	505979.6223102473	1.2899331974794117e8	1.0973729243040236e6
3.038842021958385	3.099718401372545	3.069280211665465	3.4982293363624234e6	485402.8058963497	1.3249154908430359e8	1.062020363494116e6
3.099718401372545	3.1618123083749885	3.130765354873767	3.560574136138863e6	465528.1068865648	1.3605212322044244e8	1.0275629980225317e6
3.161812308374988	3.2251480935174803	3.193480200946234	3.6229036010134877e6	446328.95758062473	1.3967502682145593e8	993988.0645225295
3.2251480935174803	3.2897505943628222	3.2574493439401513	3.6856388245369024e6	427842.5792142216	1.4336066564599282e8	961285.6900460311
3.2897505943628227	3.3556451452250715	3.322697869793947	3.7471451418611747e6	409869.129672485	1.47107810787854e8	929435.0315386752
3.355645145225072	3.422857587104566	3.389251366164819	3.8098434484229693e6	392668.2618858393	1.5091765423627695e8	898431.4510162645
3.422857587104566	3.4914142778216495	3.4571359324631077	3.8713919561412386e6	375976.1441271302	1.547890461924182e8	868255.3420978048
3.491414277821649	3.5613421023530742	3.5263781900873616	3.934749184834275e6	360068.5318005956	1.5872379537725246e8	838904.1608704062
3.5613421023530742	3.632668483375128	3.597005292864101	3.998210298570169e6	344753.9066671343	1.6272200567582262e8	810364.4510569124
3.6326684833751277	3.7054213920176227	3.669044937696375	4.061572958418932e6	329999.85002167744	1.6678357863424155e8	782621.6639157753
3.705421392017622	3.779629358832967	3.7425253754252945	4.124689156130209e6	315781.7971552979	1.7090826779037175e8	755660.6749488757
3.7796293588329672	3.8553214849846187	3.817475421908793	4.1880309482225175e6	302122.16384711553	1.7509629873859426e8	729468.5302809508
3.855321484984619	3.932527453659304	3.8939244693219615	4.25124052147247e6	288978.58658985293	1.7934753926006675e8	704030.5800568657
3.9325274536593033	4.011277541707481	3.9719024976833923	4.314542696404798e6	276351.9126252464	1.8366208195647162e8	679333.0717984305
4.011277541707481	4.091602631516623	4.051440086612052	4.3784128477076795e6	264254.6012425869	1.880404948041793e8	655363.768976451
4.091602631516623	4.173534223121948	4.132568427319285	4.441440889976404e6	252585.43214496877	1.9248193569415572e8	632105.2988210599
4.173534223121948	4.257104446559379	4.215319334840663	4.504373826515744e6	241378.07159525357	1.9698630952067146e8	609543.2381706196
4.257104446559379	4.342346074465558	4.299725260512469	4.568020408922808e6	230659.20980273746	2.0155432992959428e8	587665.5399969597
4.342346074465559	4.429292534929862	4.38581930469771	4.63161092742309e6	220371.0830881618	2.0618594085701737e8	566457.519459439
4.4292925349298615	4.517977924603451	4.473635229766656	4.6937068076964365e6	210435.32891209252	2.108796476647138e8	545900.8170035691
4.51797792460345	4.608437022070511	4.5632074733369805	4.755976578216236e6	200919.8941167904	2.1563562424293002e8	525982.0584982994
4.608437022070511	4.700705301486913	4.654571161778712	4.818472322858465e6	191811.001254315	2.2045409656578848e8	506687.8483461272
4.700705301486913	4.794818946491643	4.747762123989277	4.880920210781792e6	183082.6233027105	2.2533501677657026e8	488004.0634212147
4.794818946491643	4.890814864396467	4.842816905444055	4.94339868244358e6	174724.05008615222	2.3027841545901385e8	469916.7793968905
4.890814864396468	4.988730700659389	4.939772782527928	5.005868327948763e6	166720.28924777143	2.352842837869626e8	452412.0119690624
4.988730700659389	5.088604853647568	5.038667777153478	5.068140387735914e6	159052.3153637104	2.403524241746985e8	435475.4874288583
5.088604853647569	5.190476489695512	5.13954067167154	5.130012856310491e6	151702.40840965707	2.45482437031009e8	419092.734703138
5.190476489695511	5.294385558464413	5.242431024079962	5.19161328259162e6	144663.6271926723	2.506740503136006e8	403249.71898234147
5.294385558464413	5.400372808608692	5.347379183536552	5.252803685925627e6	137921.35082100792	2.5592685399952623e8	387932.37310597626
5.400372808608693	5.508479803755858	5.454426306182276	5.314523496139987e6	131488.65936169625	2.6124137749566624e8	373128.1985262385
5.508479803755859	5.618748938805967	5.563614371280913	5.375606692294256e6	125324.33158083569	2.666169841879605e8	358823.0399082999
5.618748938805966	5.731223456557077	5.6749861976815215	5.4360205961964e6	119418.95174613259	2.720530047841569e8	345003.0168707249
5.7312234565570765	5.845947464663209	5.788585460610143	5.495913372340832e6	113767.0740829178	2.775489181564978e8	331654.73722008517
5.845947464663211	5.962965952931467	5.904456708797339	5.555910086821477e6	108371.91834678834	2.831048282433193e8	318765.76891264407
5.962965952931466	6.082324810965086	6.022645381948276	5.615756333483813e6	103217.88061454037	2.887205845768031e8	306323.49795237125
6.082324810965086	6.204070846159379	6.143197828562233	5.674629529610737e6	98281.00905228319	2.9439521410641384e8	294314.65700152615
6.20407084615938	6.328251802057558	6.266161324108468	5.73414774896905e6	93580.77971646641	3.001293618553829e8	282727.8698472882
6.328251802057558	6.4549163770737	6.3915840895656295	5.793073815154783e6	89086.68543405968	3.059224356705377e8	271550.6569979655
6.454916377073701	6.584114243590166	6.519515310331934	5.850593761846091e6	84779.3155133427	3.117730294323838e8	260770.13989148676
6.584114243590165	6.71589606743696	6.650005155513563	5.907547002408735e6	80664.72017746813	3.176805764347925e8	250374.53351271444
6.715896067436961	6.850313527760691	6.783104797598826	5.965510174127542e6	76755.72452391563	3.2364608660892004e8	240353.47421754466
6.85031352776069	6.987419337290895	6.9188664325257925	6.022906576987099e6	73022.43327164279	3.296689931859071e8	230695.47185296667
6.987419337290895	7.127267263011704	7.057343300151299	6.079328095780367e6	69453.31676478391	3.357483212816875e8	221389.03482246335
7.127267263011705	7.269912147246929	7.198589705129317	6.135530179570745e6	66050.63225574893	3.4188385146125823e8	212423.46587205885
7.269912147246929	7.4154099291668585	7.342661038206893	6.191128012501276e6	62803.28731348155	3.4807497947375953e8	203788.04569054826
7.415409929166858	7.5638176667251855	7.489613797946022	6.246322399426251e6	59706.955973744145	3.543213018731857e8	195472.42468458973
7.5638176667251855	7.71519355903468	7.639505612879933	6.301119602903812e6	56755.3001521415	3.606224214760895e8	187466.4854701669
7.715193559034678	7.869596969190362	7.79239526411252	6.3554842763455715e6	53941.83795448926	3.66977905752435e8	179760.32113688567
7.869596969190363	8.027088447549161	7.948342708369762	6.409401215497092e6	51260.53768303184	3.733873069679321e8	172344.24905097776
8.027088447549161	8.187729755475134	8.107409101512147	6.4627571346670985e6	48704.86630545785	3.798500641025992e8	165208.76894724995
8.187729755475134	8.351583889559627	8.26965682251738	6.515318560619218e6	46267.83784705358	3.8636538266321844e8	158344.52623597404
8.351583889559627	8.51871510632581	8.435149497942719	6.566344199038863e6	43939.63340246639	3.929317268622573e8	151742.140079697
8.51871510632581	8.689188947427317	8.603952026876563	6.618436075404455e6	41732.80729139062	3.9955016293766177e8	145393.49605078684
8.689188947427317	8.863072265350853	8.776130606389085	6.669072492311112e6	39625.731546219286	4.062192354299729e8	139289.700334326
8.863072265350853	9.04043324963286	8.951752757491857	6.719935144756354e6	37624.155711762716	4.1293917057472926e8	133422.70464678082
9.04043324963286	9.221341453600507	9.130887351616684	6.770563277655263e6	35720.415259383066	4.197097338523845e8	127784.4832882163
9.221341453600507	9.405867821647508	9.313604637624007	6.821054343160184e6	33910.43876899476	4.265307881955447e8	122367.2391731104
9.405867821647508	9.594084717055448	9.499976269351478	6.870072152430073e6	32183.522931319225	4.334008603479748e8	117163.00790786199
9.594084717055447	9.786065950371546	9.690075333713496	6.918241205755637e6	30539.26256968148	4.403191015537304e8	112164.26170712865
9.786065950371546	9.981886808353966	9.883976379362757	6.9664832203829e6	28977.91800848553	4.4728558477411336e8	107363.92257197182
9.981886808353966	10.181624083496034	10.081755445925001	7.014777495016864e6	27495.295598590736	4.5430036226913023e8	102755.0792873254
10.181624083496034	10.385356104140945	10.28349009381849	7.061720319591226e6	26082.311887413285	4.6136208258872145e8	98330.69561510794
10.385356104140945	10.593162765198754	10.48925943466985	7.105409227017748e6	24729.53262706088	4.684674918157392e8	94083.59725988163
10.593162765198754	10.805125559477718	10.699144162338236	7.151264890749906e6	23453.144646754878	4.7561875670648915e8	90007.95826066924
10.805125559477718	11.021327609642261	10.91322658455999	7.196786109549652e6	22240.69605972403	4.828155428160388e8	86097.57058396704
11.021327609642261	11.241853700810095	11.131590655226178	7.242168290796613e6	21089.685827999787	4.900577111068354e8	82346.44036559177
11.241853700810095	11.466790313801287	11.35432200730569	7.286804754958973e6	19995.41862388068	4.973445158617944e8	78748.64892103008
11.466790313801285	11.696225659052299	11.581507986426793	7.330995962238688e6	18956.072799739035	5.046755118240331e8	75298.514212749
11.6962256590523	11.930249711208337	11.813237685130318	7.374758648444931e6	17969.06028053154	5.1205027047247803e8	71990.53295565698
11.930249711208337	12.168954244407493	12.049601977807914	7.417151451128753e6	17029.70051229506	5.194674219236068e8	68819.24955185413
12.168954244407491	12.41243286827063	12.290693556339061	7.456597723720201e6	16132.550299538774	5.26924019647327e8	65779.2093256187
12.41243286827063	12.660781064611031	12.53660696644083	7.496781178812978e6	15283.743372473571	5.3442080082614e8	62865.62645050781
12.66078106461103	12.914096224878238	12.787438644744633	7.537678896781959e6	14480.556708010092	5.41958479722922e8	60073.83430026868
12.91409622487824	13.172477688350792	13.043286956614516	7.5785178212500755e6	13719.072733964262	5.49536997544172e8	57399.209637253014
13.172477688350792	13.436026781092796	13.304252234721794	7.618862519732472e6	12996.41604462438	5.571558600639045e8	54837.23023353737
13.436026781092798	13.704846855689642	13.570436818391219	7.659174861865914e6	12311.431903464507	5.648150349257704e8	52383.568313974785
13.70484685568964	13.97904333177842	13.84194509373403	7.6980927438612925e6	11660.118398229577	5.725131276696317e8	50033.91505025583
13.979043331778422	14.258723737388978	14.1188835345837	7.734071397327002e6	11038.787155159658	5.802471990669587e8	47783.9975526288
14.258723737388976	14.543997751111744	14.401360744250361	7.769589778641722e6	10449.72239858023	5.880167888456004e8	45629.921391688804
14.543997751111744	14.834977245108966	14.689487498110356	7.806280815689871e6	9893.37414146869	5.958230696612903e8	43568.042920116415
14.834977245108968	15.131776328986135	14.98337678704755	7.842139878975744e6	9365.448115375448	6.03665209540266e8	41594.68106555493
15.131776328986136	15.434511394540847	15.283143861763492	7.878337190578787e6	8865.89064093199	6.115435467308449e8	39706.364151570415
15.434511394540843	15.743301161406647	15.588906277973745	7.915311455633999e6	8393.628675337515	6.194588581864789e8	37899.75899476817
15.743301161406647	16.058266723609766	15.900783942508205	7.9496415158746755e6	7943.709186985056	6.274084997023535e8	36171.43905086633
16.05826672360977	16.37953159705695	16.218899160333358	7.978720809458112e6	7512.823991817849	6.353872205118116e8	34517.984699299595
16.37953159705695	16.707221767973074	16.54337668251501	8.013605641293135e6	7110.369517403241	6.434008261531048e8	32936.71582666044
16.707221767973074	17.041465742307523	16.8743437551403	8.046335324531654e6	6727.546268216405	6.514471614776365e8	31424.599342536476
17.041465742307526	17.382394596128663	17.211930169218093	8.079614235303861e6	6365.663145904322	6.595267757129403e8	29978.85274187273
17.382394596128663	17.730142027026222	17.55626831157744	8.11227813655693e6	6022.688757101235	6.676390538494973e8	28596.73692615724
17.730142027026222	18.084844406541734	17.907493216783976	8.141644047951647e6	5695.795073664444	6.75780697897449e8	27275.507735324532
18.08484440654173	18.44664083364755	18.265742620094642	8.169656091166006e6	5385.682795827939	6.83950353988615e8	26012.619820157674
18.446640833647553	18.81567318929549	18.631157011471522	8.199005709838533e6	5093.226958840178	6.921493596984535e8	24805.72522379352
18.81567318929549	19.192086192056387	19.003879690675937	8.229506593498205e6	4817.265393289256	7.003788662919518e8	23652.54445650195
19.192086192056387	19.5760274548725	19.38405682346444	8.260467102822829e6	4556.44787282238	7.086393333947743e8	22550.851693001176
19.5760274548725	19.967647542944935	19.771837498908717	8.287932677715778e6	4307.875335935671	7.169272660724901e8	21498.382318566273
19.967647542944935	20.36710003277882	20.167373787861877	8.30971010213755e6	4070.033491974101	7.252369761746277e8	20492.915055337042
20.367100032778815	20.774541572409376	20.570820802594096	8.337615618406705e6	3848.1258005113846	7.335745917930343e8	19532.657014783545
20.77454157240938	21.19013194283255	20.982336757620963	8.364777317496826e6	3637.953470467782	7.419393691105311e8	18615.676549275922
21.19013194283255	21.614034120664186	21.40208303174837	8.392021892383797e6	3439.2584222142514	7.503313910029149e8	17740.138600689443
21.61403412066419	22.046414342052458	21.830224231358322	8.416146334176987e6	3250.1769332933554	7.587475373370919e8	16904.20649479913
22.046414342052458	22.48744216786849	22.266928254960476	8.436812844479594e6	3070.2076031941547	7.671843501815715e8	16106.120625848278
22.48744216786849	22.937290550200846	22.712366359034668	8.46080498391587e6	2901.3270748284763	7.756451551654874e8	15344.336966071314
22.937290550200842	23.396135900179843	23.166713225190342	8.486263927273266e6	2742.1884236162546	7.841314190927607e8	14617.322888707899
23.396135900179846	23.86415815715843	23.630147028669136	8.510522440011939e6	2591.390163044453	7.926419415327727e8	13923.553361417826
23.86415815715842	24.341540859276574	24.102849508217496	8.53014792549548e6	2447.5357552189457	8.011720894582682e8	13261.510792529487
24.341540859276574	24.828471215437087	24.58500603735683	8.549485345219672e6	2311.5773094502997	8.097215748034878e8	12629.820091822306
24.82847121543709	25.325140178720815	25.076805697078953	8.571959577782622e6	2183.9596086069664	8.182935343812704e8	12027.211179625496
25.32514017872082	25.83174252127022	25.57844134999552	8.594291177279126e6	2063.3393273678903	8.268878255585495e8	11452.409773103842
25.831742521270215	26.348476910670602	26.090109715970407	8.613033906149488e6	1948.5561280980742	8.35500859464699e8	10904.148184286483
26.348476910670605	26.875545987859	26.612011449264802	8.629341068432575e6	1839.6306373935963	8.441302005331316e8	10381.23306640799
26.875545987858995	27.413156446591156	27.144351217225076	8.649635775543531e6	1737.5892426549303	8.527798363086752e8	9882.59914380192
27.41315644659116	27.961519114497964	27.68733778054456	8.669676688445974e6	1641.1510805368812	8.614495129971211e8	9407.168721262531
27.961519114497964	28.520849035762904	28.241184075130434	8.68767846340826e6	1549.6935428664854	8.701371914605293e8	8953.89037319236
28.52084903576291	29.09136555545315	28.80610729560803	8.701362710644763e6	1462.600912929732	8.78838554171174e8	8521.737824797776
29.091365555453145	29.67329240553719	29.382328980495167	8.719349690677298e6	1381.081174915228	8.875579038618513e8	8109.813704434736
29.67329240553719	30.266857792622915	29.970075099080052	8.737135925848655e6	1304.0696942367779	8.962950397876999e8	7717.211004917736
30.266857792622922	30.87229448745036	30.56957614003664	8.752806086381245e6	1231.049946684683	9.050478458740811e8	7343.0452577492215
30.872294487450354	31.48983991617434	31.181067201812347	8.765734086749954e6	1161.7518443699328	9.13813579960831e8	6986.467448285464
31.489839916174343	32.11973625347281	31.804788084823578	8.783609301130736e6	1096.9702635774581	9.225971892619618e8	6646.723403650458
32.11973625347281	32.762230517517246	32.44098338549503	8.799854162359936e6	1035.605002222101	9.313970434243218e8	6323.039000166212
32.762230517517246	33.41757466684257	33.08990259217991	8.812031045436854e6	977.2182189923157	9.402090744697586e8	6014.659523114764
33.41757466684257	34.0860256991544	33.75180018299848	8.823818066545036e6	922.0808550415727	9.490328925363036e8	5720.889433310196
34.086025699154405	34.76784575211247	34.42693572563344	8.839595072727796e6	870.4459410876376	9.578724876090314e8	5441.087919337869
34.767845752112464	35.46330220612969	35.11557397912108	8.853309589287033e6	821.5085868026389	9.667257971983185e8	5174.604712833155
35.4633022061297	36.17266778922727	35.81798499767848	8.861152449384576e6	774.8073561173729	9.75586949647703e8	4920.800446146284
36.17266778922727	36.89622068398679	36.53444423660703	8.87518178193562e6	731.2702446156268	9.844621314296389e8	4679.126172915166
36.8962206839868	37.63424463664151	37.265232660314155	8.888543003901279e6	690.1259975682855	9.933506744335401e8	4449.020129406341
37.634244636641505	38.387029068349314	38.01063685249541	8.898608289798403e6	651.0541477385758	1.0022492827233385e9	4229.934477465556
38.387029068349314	39.15486918869128	38.7709491285203	8.907577226094408e6	614.1180627169152	1.0111568599494328e9	4021.356642317775
39.15486918869128	39.93806611144008	39.54646765006568	8.92054078186114e6	579.536450515148	1.020077400731294e9	3822.816238621527
39.93806611144008	40.73692697264386	40.33749654204197	8.93146014262932e6	546.7759192737313	1.0290088608739233e9	3633.8392516313083
40.736926972643865	41.55176505107172	41.14434601185779	8.938346449393224e6	515.6339239924199	1.0379472073233166e9	3453.967331130654
41.55176505107172	42.38289989106813	41.96733247106992	8.951337017767183e6	486.5972291985839	1.0468985443410838e9	3282.7966498595165
42.38289989106812	43.23065742786446	42.80677865946629	8.961181329387633e6	459.03357625636494	1.0558597256704714e9	3119.910207820532
43.23065742786446	44.09537011539672	43.66301377163059	8.964506001234785e6	432.71610075511137	1.0648242316717062e9	2964.9019768891035
44.09537011539672	44.97737705667963	44.536373586038174	8.975049036614249e6	408.2357802699907	1.0737992807083204e9	2817.4234440087994
44.977377056679636	45.8770241367882	45.42720059673392	8.983637898864355e6	385.05614301432297	1.0827829186071846e9	2677.1152573172067
45.8770241367882	46.79466415849894	46.33584414764357	8.987271220426915e6	362.9921930943021	1.0917701898276114e9	2543.6281257648416
46.79466415849895	47.7306569806439	47.26266056957142	8.996671867425295e6	342.41199730489495	1.1007668616950366e9	2416.65414119933
47.73065698064389	48.685369659231746	48.20801331993782	9.00172458132118e6	322.8423533263876	1.109768586276358e9	2295.8758635152735
48.685369659231746	49.65917659139136	49.17227312531155	8.99331594647458e6	303.9361520563172	1.1187619022228324e9	2180.974143944626
49.65917659139135	50.65245966219415	50.15581812679275	8.966584086174577e6	285.55337422908667	1.1277284863090074e9	2071.6401691443107
50.652459662194154	51.665608394413006	51.15903402830358	8.872093407410072e6	266.24666168444907	1.1366005797164176e9	1967.4994534699613
51.66560839441301	52.69902010127625	52.18231424784463	8.564714236371575e6	242.1970063088111	1.145165293952789e9	1867.9788236539011
52.69902010127624	53.753100042276735	53.22606007177649	3.2788857862419456e7	873.7356237302224	1.1779541518152084e9	1810.627992211797
