-0.0	9.953897499377266e-5	4.976948749688633e-5	0.18392676265296626	4.452222136876836e10	0.18392676265296626	4.452222136876836e10
9.953897499377266e-5	0.0002010687294874207	0.00015030385224059668	0.7759299381946755	2.5934114244358505e10	0.9598567008476417	2.818929344980549e10
0.00020106872948742058	0.0003046290790709416	0.00025284890427918107	1.5636903581464732	1.8535152787977478e10	2.523547058994115	2.1311240288643265e10
0.0003046290790709413	0.00041026063564613265	0.000357444857358537	2.446667354696045	1.4322014284915339e10	4.97021441369016	1.718331570901337e10
0.0004102606356461331	0.0005180048233528283	0.0004641327294994807	3.3929613896404027	1.1580967861873684e10	8.363175803330563	1.4364192147055256e10
0.0005180048233528287	0.0006279038948136577	0.0005729543590832433	4.393833027075843	9.662068514690392e9	12.757008830406406	1.230214144370332e10
0.0006279038948136573	0.0007400009477037028	0.0006839524212586801	5.449284699283237	8.251113837522792e9	18.206293529689642	1.0725958276940308e10
0.000740000947703703	0.0008543399416515495	0.0007971704446776262	6.562357520173662	7.174792975424008e9	24.768651049863305	9.482472964300749e9
0.0008543399416515493	0.0009709657154783526	0.0009126528285649509	7.7368835703934815	6.329360922178514e9	32.50553462025679	8.477289564528427e9
0.0009709657154783523	0.0010899240047816917	0.001030444860130022	8.976725567785916	5.649132987086795e9	41.4822601880427	7.64865635021927e9
0.0010899240047816917	0.0012112614598710977	0.0011505927323263946	10.285585328452857	5.090714179005634e9	51.767845516495555	6.954369862478679e9
0.0012112614598710973	0.0013350256640622914	0.0012731435619666943	11.667090372357642	4.624459843827168e9	63.4349358888532	6.364599091270849e9
0.0013350256640622922	0.00146126515233731	0.0013981454081998012	13.124741593539405	4.2294709412679563e9	76.5596774823926	5.857663281642905e9
0.0014612651523373099	0.0015900294303778282	0.001525647291357569	14.66218214280097	3.8906963661891723e9	91.22185962519357	5.417448898617966e9
0.0015900294303778277	0.0017213689939791564	0.001655699212178492	16.28318345658108	3.597023892908131e9	107.50504308177466	5.031741252303457e9
0.0017213689939791568	0.0018553353488525118	0.0017883521714158342	17.99164745865133	3.340074799071586e9	125.49669054042599	4.691118533975025e9
0.0018553353488525112	0.0019919810308233333	0.0019236581898379223	19.79158515110428	3.1134106978429475e9	145.28827569153026	4.388199513460209e9
0.0019919810308233333	0.002131359626433572	0.0020616703286284524	21.687207425387193	2.91201673918852e9	166.97548311691745	4.117123502871335e9
0.0021313596264335728	0.002273525793956016	0.0022024427101947942	23.682959408913558	2.7319317233853116e9	190.658442525831	3.8731808355078497e9
0.0022735257939560153	0.0024185352848289073	0.002346030539392461	25.783404514849398	2.5699720483689566e9	216.4418470406804	3.6525430097145996e9
0.002418535284828908	0.002566444965519258	0.002492490125174083	27.99336991939018	2.4235634746604123e9	244.43521696007056	3.452067669544124e9
0.002566444965519257	0.002717312839823414	0.0026418789026713355	30.317787743400586	2.2905883696190753e9	274.75300470347116	3.2691505309879646e9
0.002717312839823413	0.0028711980716136527	0.002794255455718533	32.76198641867571	2.169309171777377e9	307.51499112214685	3.1016173824650464e9
0.002871198071613654	0.0030281610080396984	0.002949679539826676	35.33135561850269	2.058264486839952e9	342.84634674064955	2.9476371937039614e9
0.003028161008039698	0.0031882632031942633	0.0031082121056169804	37.97744490512741	1.9534454319457557e9	380.82379164577696	2.805258990283647e9
0.003188263203194263	0.0033515674422519193	0.0032699153227230913	40.73786455735628	1.8562123936311138e9	421.5616562031332	2.673182466524094e9
0.0033515674422519197	0.0035181377660907292	0.0034348526041713245	43.63452002049141	1.766531541500239e9	465.19617622362466	2.5504041198628626e9
0.0035181377660907292	0.003688039496406315	0.003603088631248522	46.67129899551052	1.6834951397121367e9	511.8674752191352	2.4360277722627406e9
0.0036880394964063155	0.003861339261328213	0.0037746893788672643	49.858844364701454	1.606555208389157e9	561.7263195838367	2.329283129675868e9
0.003861339261328213	0.004038105021548549	0.003949722141438381	53.20212112331623	1.535024696527144e9	614.928440707153	2.2294777441146755e9
0.004038105021548548	0.00421840609697329	0.004128255559260919	56.70771888865439	1.4683575437376556e9	671.6361595958074	2.1359953470302448e9
0.00421840609697329	0.004402313193906526	0.004310359645439908	60.38268986608576	1.4060838128178415e9	732.0188494618932	2.0482871759108722e9
0.004402313193906526	0.004589898432778427	0.004496105813342477	64.23437405491701	1.3477921764934711e9	796.2532235168102	1.965863539853179e9
0.004589898432778428	0.004781235376427767	0.004685566904603098	68.27097068777422	1.293131671597932e9	864.5241942045843	1.8882877245633836e9
0.0047812353764277666	0.0049763990589500925	0.00487881721768893	72.50079512863152	1.2417863943499687e9	937.0249893332159	1.8151685823250911e9
0.004976399058950093	0.005175466015122866	0.0050759325370364795	76.93230762605593	1.1934723916613188e9	1013.9572969592718	1.7461545192951124e9
0.005175466015122865	0.005378514310419092	0.005276990162770979	81.57531191506185	1.1479510832861679e9	1095.5326088743336	1.680930333062125e9
0.005378514310419092	0.005585623571621245	0.005482068941020169	86.4457005324864	1.1050791295731406e9	1181.97830940682	1.6192201694338934e9
0.005585623571621245	0.00579687501804744	0.0056912492948343425	91.5659763173358	1.064779043599956e9	1273.5442857241558	1.560786971926563e9
0.005796875018047441	0.00601235149340216	0.0059046132557248	96.95650571435718	1.026918835341289e9	1370.500791438513	1.5054196980627036e9
0.00601235149340216	0.006232137498263974	0.006122244495833067	102.62945126467987	9.912749447839711e8	1473.1302427031928	1.452919179014352e9
0.006232137498263972	0.006456319223223022	0.006344228360743497	108.59056614395097	9.575891678618909e8	1581.7208088471439	1.4030922731503024e9
0.006456319223223021	0.006684984582681251	0.006570651902952136	114.8445549648073	9.256342537905928e8	1696.565363811951	1.3557535712938814e9
0.006684984582681254	0.006918223249328648	0.0068016039160049505	121.39864957769143	8.952373858703967e8	1817.9640133896426	1.3107291419394774e9
0.006918223249328647	0.00715612668930899	0.007037174969318818	128.2631314292084	8.662698386791347e8	1946.227144818851	1.2678586985565472e9
0.00715612668930899	0.007398788198088939	0.007277457443698964	135.450581837992	8.386302648589218e8	2081.677726656843	1.2269958693566115e9
0.007398788198088939	0.007646302937044488	0.0075225455675667135	142.97489205292698	8.122318481479027e8	2224.6526187097697	1.188007261420989e9
0.007646302937044487	0.007898767970779146	0.007772535453911817	150.85100038053415	7.869977447336571e8	2375.503619090304	1.1507712883594527e9
0.007898767970779147	0.0081562823051885	0.008027525137983823	159.09443770874387	7.628569961507428e8	2534.5980567990478	1.115176838360816e9
0.0081562823051885	0.00841894692628604	0.008287614615737269	167.7214481109084	7.397444431530491e8	2702.3195049099563	1.081122165573156e9
0.00841894692628604	0.00868686483980553	0.008552905883045785	176.74883122084012	7.175993510596691e8	2879.0683361307965	1.0485138486527566e9
0.008686864839805528	0.008960141111595408	0.008823502975700469	186.19411106249188	6.963656906723561e8	3065.2624471932886	1.0172659484405522e9
0.008960141111595408	0.009238882908821085	0.009099512010208246	196.07562484032374	6.759918869895632e8	3261.338072033612	9.872992838746463e8
0.009238882908821085	0.009523199541991274	0.00938104122540618	206.41252921302848	6.5643025956465e8	3467.7506012466406	9.585407784991187e8
0.009523199541991274	0.009813202507824869	0.009668201024908072	217.2248924200855	6.376368130663928e8	3684.975493666726	9.309228946182159e8
0.00981320250782487	0.010109005532975137	0.009961104020400003	228.53345902112778	6.19570103787375e8	3913.5089526878537	9.04383061335873e8
0.010109005532975134	0.010410724618628405	0.01025986507580177	240.36009462181923	6.021921955899533e8	4153.869047309673	8.788632716631054e8
0.010410724618628405	0.010718478085994741	0.010564601352311572	252.72736444952398	5.854671217810134e8	4406.5964117591975	8.543096146396422e8
0.010718478085994743	0.011032386622708406	0.010875432354351573	265.6600247786001	5.693640008414484e8	4672.2564365377975	8.30672135848587e8
0.011032386622708406	0.011352573330156341	0.011192479976432374	279.1818344854223	5.538494453638574e8	4951.43827102322	8.079041003430054e8
0.011352573330156343	0.011679163771753237	0.01151586855095479	293.31770533566294	5.388928725419775e8	5244.755976358883	7.859617880753789e8
0.011679163771753237	0.01201228602218207	0.011845724896967653	308.095070317971	5.2446841466584474e8	5552.851046676855	7.64804475824778e8
0.012012286022182067	0.012352070717619476	0.012182178369900772	323.5433565887362	5.1055289908908844e8	5876.394403265591	7.443942656217464e8
0.01235207071761948	0.012698651106965636	0.012525360912292557	339.68978457466307	4.971190788478589e8	6216.084187840254	7.246954002949566e8
0.012698651106965634	0.013052163104098714	0.012875407105532175	356.56564209058854	4.841458912126732e8	6572.649829930843	7.056744753630726e8
0.013052163104098714	0.013412745341174455	0.013232454222636584	374.2044781868665	4.716144619042276e8	6946.854308117707	6.873003173993696e8
0.013412745341174457	0.013780539222991713	0.013596642282083085	392.6403498585039	4.595055263870825e8	7339.494657976211	6.695436796835891e8
0.013780539222991713	0.014155688982445314	0.013968114102718514	411.90273486277783	4.477942226240214e8	7751.397392838989	6.523765728831925e8
0.014155688982445312	0.014538341737087986	0.014347015359766648	432.0292746664005	4.364651746889084e8	8183.42666750539	6.35772833048267e8
0.014538341737087988	0.014928647546823513	0.01473349464195575	453.05934160493933	4.2550363378221714e8	8636.48600911033	6.197079535115154e8
0.014928647546823513	0.01532675947275375	0.01512770350978863	475.030488812145	4.148922864772184e8	9111.516497922474	6.041586957420614e8
0.01532675947275375	0.01573283363720259	0.01552979655497817	497.98508862899496	4.046176641287125e8	9609.501586551469	5.891032279910985e8
0.01573283363720259	0.01614702928494041	0.015939931461071498	521.971079986414	3.9466963222416264e8	10131.472666537882	5.745212133407656e8
0.016147029284940405	0.016569508845632977	0.01635826906528669	547.0275599231584	3.850302099944023e8	10678.500226461041	5.603930573496561e8
0.016569508845632984	0.01700043799753941	0.016784973421586198	573.195942974451	3.756835675342455e8	11251.696169435492	5.466999763869003e8
0.017000437997539405	0.01743998573248396	0.017220211865011683	600.5356791519393	3.666252267762807e8	11852.231848587431	5.3342473873128486e8
0.01743998573248396	0.017888324422127407	0.017664155077305684	629.0921815866044	3.578402213824306e8	12481.324030174035	5.2055073131814134e8
0.017888324422127403	0.018345629885563715	0.01811697715384556	658.9158865815205	3.493165745126584e8	13140.239916755556	5.080621043537024e8
0.01834562988556372	0.018812081458268758	0.018578855671916236	690.0695759842494	3.4104816775515187e8	13830.309492739805	4.959441109612094e8
0.018812081458268758	0.0192878620624279	0.01904997176034833	722.5976100277193	3.3301874244847953e8	14552.907102767524	4.84182259987308e8
0.019287862062427896	0.019773158278670218	0.019530510170549055	756.5477146694315	3.252145994978265e8	15309.454817436956	4.727624642670055e8
0.019773158278670218	0.020268160419237388	0.020020659348953803	791.6159156289739	3.1748170251298755e8	16101.07073306593	4.616609592067979e8
0.020268160419237388	0.0207730626026159	0.020520611510926642	828.4062829977828	3.1004430971869457e8	16929.477016063713	4.5087208038865566e8
0.0207730626026159	0.02128806282966198	0.021030562716138942	866.8677926241552	3.028392027593087e8	17796.344808687867	4.403862720430419e8
0.02128806282966198	0.021813363061248984	0.021550712945455484	907.0237164923913	2.958396636757138e8	18703.36852518026	4.3019299903839266e8
0.021813363061248984	0.022349169297467726	0.022081266179358357	949.0149180426426	2.890587740880053e8	19652.3834432229	4.2028361955595094e8
0.02234916929746773	0.022895691658410846	0.022622430477939288	992.8506447796183	2.8246619265563846e8	20645.23408800252	4.106481769062257e8
0.022895691658410842	0.02345314446657282	0.023174418062491833	1038.570460630656	2.760446784045529e8	21683.804548633176	4.012764183965708e8
0.02345314446657282	0.024021746330898038	0.02373744539873543	1086.3889246762867	2.698226871915051e8	22770.193473309464	3.921609824180552e8
0.024021746330898045	0.02460172023250977	0.024311733281703905	1136.175866000889	2.6373927258424172e8	23906.369339310353	3.832909712177608e8
0.02460172023250977	0.025193293612153726	0.024897506922331746	1188.3091367043237	2.5785692214604023e8	25094.678476014677	3.7466073605379635e8
0.025193293612153722	0.02579669845939056	0.02549499603577214	1242.6269509596552	2.5211108432260746e8	26337.305426974333	3.6626072381347924e8
0.02579669845939056	0.026412171403572132	0.026104434931481346	1299.3873638899506	2.465307502583396e8	27636.692790864283	3.5808418508775777e8
0.026412171403572136	0.02703995380663734	0.02672606260510474	1358.563010850531	2.4108536793051714e8	28995.255801714815	3.50122885645456e8
0.02703995380663734	0.027680291857763845	0.027360122832200594	1420.445449650901	2.358030819700402e8	30415.701251365717	3.4237120363858217e8
0.027680291857763845	0.028333436669912882	0.028006864263838364	1484.975029101823	2.306487733657682e8	31900.67628046754	3.348216373706796e8
0.028333436669912882	0.0289996443783049	0.028666540524108892	1552.3165265519847	2.2562678057917932e8	33452.992807019524	3.274676108492284e8
0.028999644378304903	0.02967917624086476	0.029339410309584833	1622.60678042237	2.2073511237904006e8	35075.59958744189	3.203029703641007e8
0.02967917624086476	0.030372298740675815	0.03002573749077029	1696.0315266232465	2.1597695205919796e8	36771.63111406514	3.133222933021053e8
0.030372298740675818	0.031079283690483094	0.030725791215579456	1772.7408365757638	2.1134885803330734e8	38544.3719506409	3.0652038485374147e8
0.031079283690483087	0.03180040833928651	0.031439846014884795	1852.8013780744557	2.0683727171547407e8	40397.17332871536	2.9989158421366656e8
0.03180040833928651	0.032535955481066	0.03216818191017626	1936.4264407402727	2.024457546838808e8	42333.599769455635	2.9343093320016044e8
0.032535955481066005	0.03328621356568108	0.032911084523373546	2023.7900068089189	1.981717314220842e8	44357.38977626456	2.871337129103328e8
0.03328621356568108	0.03405147681198846	0.03366884518883477	2114.9983843140053	1.9400556255874595e8	46472.388160578565	2.8099495693680954e8
0.03405147681198846	0.03483204532322199	0.03444176106760523	2210.0600919052113	1.8993014646495336e8	48682.44825248377	2.750089774036686e8
0.03483204532322199	0.03562822520468019	0.03523013526395109	2309.328613442874	1.8595915687860635e8	50991.776865926644	2.691714350983586e8
0.03562822520468018	0.036440328683767544	0.03603427694422386	2413.062971842122	1.820947457897994e8	53404.83983776876	2.6347848098340172e8
0.036440328683767544	0.037268674232436655	0.036854501458102096	2521.287788986143	1.7832065456384468e8	55926.127626754904	2.5792551646951953e8
0.037268674232436655	0.03811358669207914	0.0376911304622579	2634.086381170705	1.746272124927662e8	58560.214007925606	2.5250767640342137e8
0.03811358669207915	0.03897539740091449	0.03854449204649682	2751.9149702081545	1.710292985931639e8	61312.12897813376	2.4722143971475434e8
0.038975397400914484	0.03985444432392653	0.0394149208624205	2875.044960342192	1.6752645543493575e8	64187.17393847596	2.420635346297441e8
0.03985444432392653	0.040751072185398814	0.040302758254662674	3003.3919831555318	1.6409769168384025e8	67190.56592163148	2.3702959277014285e8
0.040751072185398814	0.04166563260410055	0.04120835239474968	3137.2235032954127	1.607440354553165e8	70327.7894249269	2.3211564691473076e8
0.04166563260410054	0.042598484231176306	0.042132058417638424	3277.0457368050197	1.574769404041312e8	73604.83516173191	2.2731876981565875e8
0.04259848423117632	0.0435499928907936	0.04307423856098496	3423.187961717516	1.5429621026128414e8	77028.02312344943	2.226362495695346e8
0.043549992890793594	0.04452053172360322	0.04403526230719841	3575.3953954730387	1.511758921564392e8	80603.41851892247	2.1806392466711837e8
0.044520531723603214	0.04551048133306903	0.04501550652833612	3734.162932814608	1.481250554548851e8	84337.58145173707	2.1359852384168467e8
0.045510481333069036	0.04652022993472417	0.0460153556338966	3900.1287204072137	1.451552753449615e8	88237.71017214429	2.0923776004243845e8
0.04652022993472417	0.047550173508412404	0.04703520172156829	4073.4491109424894	1.422576479774858e8	92311.15928308677	2.0497895643139797e8
0.04755017350841241	0.04860071595357441	0.048075444730993414	4253.931397132692	1.39412948280212e8	96565.09068021947	2.008184183350331e8
0.04860071595357442	0.04967226924763966	0.04913649260060704	4442.327704643107	1.3663483470132175e8	101007.41838486257	1.9675358721547347e8
0.04967226924763965	0.05076525360758619	0.05021876142761292	4639.273958172943	1.3392975366638911e8	105646.69234303551	1.927825030370594e8
0.0507652536075862	0.05188009765473167	0.051322675631158936	4844.770695626342	1.3128454019860227e8	110491.46303866185	1.8890252377045706e8
0.051880097654731665	0.05301723858282005	0.052448668118775854	5058.881402470852	1.2868988204765303e8	115550.34444113271	1.8511061520469695e8
0.05301723858282006	0.05417712232947021	0.05359718045614513	5282.427105635579	1.2615612760397984e8	120832.77154676829	1.81404613431452e8
0.0541771223294702	0.055360203751053355	0.054768663040261775	5516.023806239137	1.2368597789987735e8	126348.79535300743	1.7778268327177963e8
0.055360203751053355	0.05656694680106817	0.05596357527606076	5759.648473239207	1.2126726327355352e8	132108.44382624663	1.7424236312479746e8
0.05656694680106818	0.057797824712083286	0.057182385756575735	6013.685910740103	1.1889801080356835e8	138122.12973698674	1.707812453940851e8
0.05779782471208328	0.059053320181318696	0.05842557244670099	6278.930501059093	1.1658374395962818e8	144401.06023804584	1.673974400366896e8
0.0590533201813187	0.06033392555993882	0.059693622870628765	6555.8846733259425	1.1432299373185962e8	150956.9449113718	1.6408910236700463e8
0.06033392555993882	0.06164014304613134	0.06098703430303508	6844.874402097185	1.1211106931832212e8	157801.819313469	1.6085422883430624e8
0.06164014304613134	0.06297248488204772	0.06230631396408953	7146.244041069052	1.0994402872860186e8	164948.06335453806	1.5769071383145726e8
0.06297248488204771	0.06433147355468241	0.06365197921836506	7460.692242767188	1.0782342005016153e8	172408.75559730525	1.545966966893038e8
0.06433147355468241	0.06571764200076981	0.06502455777772612	7789.408440635254	1.0575656665019242e8	180198.1640379405	1.5157090225768253e8
0.06571764200076981	0.06713153381577895	0.06642458790827438	8132.223280700825	1.0373113148055261e8	188330.38731864133	1.48611384502345e8
0.06713153381577895	0.06857370346708827	0.0678526186414336	8489.628001245537	1.0174495154786508e8	196820.01531988685	1.4571619985505155e8
0.06857370346708827	0.07004471651142379	0.06930920998925602	8862.478235726774	9.980001217961577e7	205682.49355561362	1.4288366244367057e8
0.07004471651142379	0.071545149816646	0.0707949331640349	9252.330588235485	9.790479752721998e7	214934.8241438491	1.4011272667984423e8
0.071545149816646	0.07307559178797267	0.07231037080230934	9659.135574724856	9.604928617458452e7	224593.95971857395	1.3740180549253556e8
0.07307559178797267	0.07463664259872586	0.07385611719334927	10082.924505355588	9.422594471772443e7	234676.88422392955	1.347489589715968e8
0.07463664259872586	0.07622891442569413	0.07543277851221	10525.461836023858	9.244379178396326e7	245202.34605995342	1.3215293312864897e8
0.07622891442569411	0.07785303168920174	0.07704097305744792	10987.993958681465	9.070506995779851e7	256190.3400186349	1.2961269869866143e8
0.07785303168920174	0.07950963129797951	0.07868133149359063	11470.206164606487	8.899884304704127e7	267660.54618324136	1.2712662925365436e8
0.07950963129797951	0.08119936289893284	0.08035449709845618	11973.02936657922	8.732529860572834e7	279633.57554982055	1.2469322038998608e8
0.08119936289893284	0.08292288913190524	0.08206112601541904	12498.006484526048	8.56884082227582e7	292131.5820343466	1.223113124241459e8
0.08292288913190525	0.0846808858895371	0.08380188751072118	13046.511781511743	8.408972830440046e7	305178.09381585836	1.1997992012985659e8
0.08468088588953708	0.08647404258232155	0.08557746423592932	13618.915443168773	8.252389180452289e7	318797.00925902714	1.1769779921594726e8
0.08647404258232155	0.08830306240896171	0.08738855249564163	14215.675828298861	8.098680931104496e7	333012.685087326	1.1546354075185369e8
0.08830306240896173	0.0901686626321347	0.08923586252054821	14838.257371615513	7.948035187095146e7	347850.9424589415	1.1327594398528428e8
0.09016866263213469	0.09207157485977112	0.09112011874595291	15488.502605578937	7.800752065039837e7	363339.4450645204	1.1113407116857792e8
0.09207157485977113	0.09401254533196028	0.09304206009586571	16168.025213021656	7.656914539134791e7	379507.4702775421	1.090370985292397e8
0.09401254533196027	0.09599233521359321	0.09500244027277674	16876.695217738376	7.515765210351992e7	396384.16549528047	1.0698379937427299e8
0.09599233521359321	0.09801172089285881	0.09700202805322601	17615.010913180642	7.376943671873222e7	413999.1764084611	1.0497281026167712e8
0.0980117208928588	0.1000714942857097	0.09904160758928425	18386.49363976718	7.241334227405103e7	432385.6700482283	1.0300339246020691e8
0.10007149428570972	0.10217246314641765	0.10112197871606368	19192.73425156559	7.108870941103804e7	451578.4042997939	1.0107481735481812e8
0.10217246314641763	0.10431545138433972	0.10324395726537867	20033.878297585503	6.978956685306807e7	471612.2825973794	9.918604494227897e7
0.10431545138433973	0.10650129938702026	0.10540837538567999	20910.859091984395	6.851351517126302e7	492523.1416893638	9.733595904213972e7
0.10650129938702026	0.10873086434975439	0.10761608186838732	21824.96818068661	6.72595160809941e7	514348.1098700504	9.552345400303207e7
0.10873086434975437	0.1110050206117432	0.10986794248074878	22780.206916075487	6.603436548433416e7	537128.3167861259	9.37479055437808e7
0.1110050206117432	0.11332465999897179	0.11216484030535749	23778.0257326794	6.4836041458171345e7	560906.3425188053	9.200860949045035e7
0.11332465999897177	0.11569069217394494	0.11450767608645836	24820.405442174015	6.366396868774519e7	585726.7479609794	9.030487367409898e7
0.11569069217394495	0.11810404499241757	0.11689736858318125	25906.93349144173	6.2511573809072584e7	611633.681452421	8.863565680729476e7
0.11810404499241758	0.12056566486725966	0.11933485492983861	27040.520356535315	6.138103012098962e7	638674.2018089563	8.70001153227426e7
0.12056566486725963	0.12307651713959854	0.12182109100342908	28226.04313862486	6.027797193934564e7	666900.2449475812	8.539779826600812e7
0.12307651713959855	0.12563758645738424	0.1243570517984914	29463.941527777315	5.919751309386935e7	696364.1864753586	8.382799207981537e7
0.12563758645738424	0.12824987716152564	0.12694373180945495	30755.249650441125	5.813665491594971e7	727119.4361257997	8.228985003723955e7
0.12824987716152564	0.13091441367974987	0.12958214542063776	32101.60526163459	5.709388228198579e7	759221.0413874342	8.078248924604753e7
0.13091441367974987	0.13363224092833859	0.13227332730404423	33509.38236012041	5.60757221290516e7	792730.4237475547	7.930547356392102e7
0.13363224092833859	0.13640442472189906	0.13501833282511883	34977.38931030716	5.507503323475998e7	827707.8130578618	7.785796898827587e7
0.13640442472189906	0.13923205219133075	0.1378182384566149	36509.02043618079	5.409280480463616e7	864216.8334940425	7.643925380642487e7
0.1392320521913308	0.14211623221015113	0.14067414220074098	38112.0061388184	5.313562800673108e7	902328.8396328609	7.504904567073444e7
0.1421162322101511	0.14505809582934784	0.14358716401974947	39784.27947941362	5.219545286006076e7	942113.1191122745	7.36866012764182e7
0.14505809582934784	0.1480587967209285	0.14655844627513817	41529.48243667082	5.127280436004782e7	983642.6015489453	7.235125584883386e7
0.1480587967209285	0.1511195116303408	0.14958915417563465	43352.89122730497	5.036976897330053e7	1.0269954927762502e6	7.104251113857707e7
0.1511195116303408	0.1542414408379413	0.15268047623414105	45260.61531496359	4.948862596448671e7	1.0722561080912137e6	6.97600364780882e7
0.1542414408379413	0.15742580862969385	0.15583362473381757	47250.59123113138	4.8622434877863124e7	1.1195066993223452e6	6.850311008923925e7
0.15742580862969385	0.16067386377728143	0.15904983620348764	49329.64788280832	4.7774176717746906e7	1.1688363472051534e6	6.727123283095796e7
0.16067386377728143	0.16398688002782077	0.16233037190255112	51502.39802858357	4.69439229116427e7	1.2203387452337374e6	6.606394155669736e7
0.16398688002782077	0.1673661566033709	0.16567651831559582	53767.373337078505	4.6126260118114315e7	1.274106118570816e6	6.488048126454504e7
0.1673661566033709	0.17081301871043203	0.16908958765690146	56135.827736246756	4.53270639166359e7	1.3302419463070629e6	6.37204927222801e7
0.170813018710432	0.17432881805963435	0.1725709183850332	58614.304190755334	4.454709892726961e7	1.3888562504978182e6	6.258368500470836e7
0.17432881805963435	0.17791493339582073	0.17612187572772753	61204.024851759925	4.3782873077670194e7	1.4500602753495781e6	6.146957900154035e7
0.17791493339582073	0.18157277103873085	0.1797438522172758	63906.57999747841	4.3031670879686095e7	1.5139668553470566e6	6.037756491765196e7
0.18157277103873087	0.1853037654344992	0.18343826823661502	66731.53807182686	4.229624559567493e7	1.5806983934188834e6	5.930723395435733e7
0.18530376543449914	0.1891093797181828	0.187206572576341	69685.7460921082	4.157690735714917e7	1.6503841395109915e6	5.825822139418305e7
0.18910937971818284	0.19299110628754018	0.1910502430028615	72770.11571752855	4.087032888028475e7	1.7231542552285201e6	5.7229988759396836e7
0.19299110628754018	0.19695046738828467	0.1949707868379124	75987.57866854889	4.01747901137617e7	1.799141833897069e6	5.622192937981441e7
0.19695046738828464	0.20098901571104402	0.19896974154966435	79351.88868035779	3.949418341804136e7	1.8784937225774268e6	5.523370406624288e7
0.20098901571104408	0.20510833500025866	0.20304867535565135	82873.3660863242	3.8829736473729126e7	1.961367088663751e6	5.426506740638446e7
0.20510833500025863	0.2093100406752575	0.20720918783775805	86547.16810590065	3.8175477048411496e7	2.0479142567696518e6	5.331543706834408e7
0.2093100406752575	0.21359578046375632	0.2114529105695069	90385.2586083598	3.753355841373352e7	2.1382995153780114e6	5.238439362049927e7
0.21359578046375632	0.21796723504802512	0.21578150775589072	94402.29003052016	3.6906545358100355e7	2.2327018054085313e6	5.147169485154756e7
0.21796723504802512	0.2224261187239793	0.2201966768860022	98596.77210348856	3.629028089621277e7	2.33129857751202e6	5.057686877892586e7
0.22242611872397927	0.22697418007345255	0.2247001493987159	102970.14413415694	3.56823618779865e7	2.4342687216461767e6	4.969933088311803e7
0.22697418007345255	0.23161320264991528	0.22929369136168393	107540.00320271785	3.508606545565727e7	2.5418087248488944e6	4.88387254101709e7
0.23161320264991528	0.23634500567790726	0.23397910416391127	112326.53629885857	3.450459200224093e7	2.654135261147753e6	4.799490696357599e7
0.23634500567790728	0.2411714447664591	0.2387582252221832	117326.96355973012	3.39335788003721e7	2.771462224707483e6	4.716748271217247e7
0.24117144476645908	0.24609441263678192	0.2436329287016205	122547.51168419086	3.3371896156469423e7	2.894009736391674e6	4.635601748476778e7
0.24609441263678195	0.25111583986451125	0.2486051262506466	128005.71727250563	3.282142299994836e7	3.0220154536641794e6	4.5560213194396995e7
0.25111583986451125	0.25623769563679516	0.2536767677506532	133720.17293737284	3.228372033570144e7	3.155735626601552e6	4.477988185384246e7
0.2562376956367951	0.2614619885245247	0.25884984208065986	139683.28855189562	3.1753859561756108e7	3.2954189151534475e6	4.401455763023465e7
0.2614619885245247	0.26679076727000883	0.2641263778972668	145922.6236386988	3.1235380074878227e7	3.4413415387921464e6	4.3264010892576456e7
0.26679076727000883	0.27222612159040266	0.2695084444302057	152441.3517763217	3.072596930444021e7	3.5937828905684683e6	4.252789039976118e7
0.2722261215904027	0.2777701829972044	0.27499815229380353	159257.54288883216	3.0226499437720127e7	3.7530404334573005e6	4.1805917502970755e7
0.2777701829972044	0.28342512563214217	0.2805976543146733	166369.75128611055	2.9734013099005226e7	3.919410184743411e6	4.1097657080968484e7
0.28342512563214217	0.28919316711977866	0.2863091463759604	173802.31282673465	2.9250424890538014e7	4.0932124975701454e6	4.0402812650537476e7
0.28919316711977866	0.29507656943716787	0.29213486827847324	181565.79392580557	2.8774921730899848e7	4.274778291495951e6	3.97210581012511e7
0.2950765694371678	0.3010776398009048	0.2980771046190363	189682.86494572845	2.8308549074247405e7	4.464461156441679e6	3.9052148382315956e7
0.30107763980090485	0.3071987315719166	0.3041381856864107	198118.60908921316	2.784389289817569e7	4.662579765530893e6	3.839541895981037e7
0.30719873157191663	0.3134422451783486	0.3103204883751326	206922.73320989806	2.738632323764331e7	4.869502498740791e6	3.775055972059009e7
0.31344224517834857	0.31981062905690916	0.31662643711762883	216097.90853635353	2.6934100528520003e7	5.0856004072771445e6	3.711717743503284e7
0.3198106290569092	0.326306380613041	0.3230585048349751	225677.15032275792	2.6489351733545396e7	5.311277557599902e6	3.6495027049055345e7
0.326306380613041	0.33293204720029546	0.32961921390666826	235677.22779175063	2.6051846932063073e7	5.546954785391653e6	3.588386488694223e7
0.3329320472002955	0.33969022711929503	0.33631113715979527	246122.918572473	2.5622135861133356e7	5.793077703964126e6	3.528349416842383e7
0.33969022711929503	0.34658357063667455	0.3431368988779848	257047.18695642965	2.520133923923572e7	6.050124890920556e6	3.469379559460954e7
0.3465835706366745	0.35361478102440164	0.35009917583053807	268433.1961932287	2.478560312004994e7	6.318558087113785e6	3.411443183458233e7
0.35361478102440164	0.3607866156198833	0.35720069832214246	280341.07821590913	2.43785248464168e7	6.598899165329694e6	3.3545296079871897e7
0.3607866156198833	0.3681018869072746	0.36444425126357893	292700.83278331015	2.397214346194088e7	6.891599998113004e6	3.2985822822400127e7
0.36810188690727463	0.37556346362041376	0.3718326752638442	305612.8569304557	2.3573359121002257e7	7.19721285504346e6	3.243588340852442e7
0.3755634636204137	0.3831742718678156	0.37936886774411466	319074.425408971	2.317999879907411e7	7.51628728045243e6	3.1895230072923932e7
0.38317427186781555	0.3909372962801655	0.38705578407399055	333101.05214418593	2.279153137222756e7	7.849388332596616e6	3.1363598886955794e7
0.39093729628016555	0.3988555811807625	0.394896438730464	347729.1020874688	2.2408824023568995e7	8.197117434684085e6	3.0840792343381498e7
0.3988555811807624	0.40693223177937127	0.40289390648006684	362961.1962224895	2.2030436207634293e7	8.560078630906574e6	3.0326540703718234e7
0.40693223177937127	0.4151704153899523	0.4110513235846618	378786.8002630832	2.1654435495631512e7	8.938865431169657e6	2.982047756723405e7
0.4151704153899523	0.4235733626727449	0.4193718890313486	395316.32678790187	2.1285805371120997e7	9.33418175795756e6	2.9322549074825402e7
0.423573362672745	0.43214436890119345	0.4278588657869692	412536.61329095985	2.092209790398305e7	9.74671837124852e6	2.8832561918221835e7
0.4321443689011934	0.4408867952542109	0.43651558207770214	430442.11142165714	2.056169382129424e7	1.0177160482670179e7	2.8350239914030593e7
0.4408867952542108	0.44980407013428864	0.44534543269424975	449051.73735459725	2.0204394856310677e7	1.0626212220024776e7	2.7875311747869216e7
0.4498040701342887	0.45889969051196805	0.45435188032312834	468403.06135645334	1.9850816364415083e7	1.1094615281381229e7	2.7407558102436963e7
0.4588996905119681	0.468177223297201	0.46353845690458456	488559.95860874257	1.9502463316282727e7	1.1583175239989972e7	2.6946860419218644e7
0.4681772232972011	0.4776403067381387	0.4729087650176699	509496.8319996682	1.9157098678889167e7	1.209267207198964e7	2.6492976902595486e7
0.47764030673813856	0.4872926518478949	0.4824664792930167	531321.5528833092	1.8817674537365153e7	1.2623993624872949e7	2.6045852083935373e7
0.48729265184789494	0.4971380438598464	0.49221534785387067	553985.0475657784	1.8481209225996364e7	1.3177978672438728e7	2.5605260211460173e7
0.49713804385984633	0.5071803437120368	0.5021591937859415	577505.3524909248	1.8147451920763467e7	1.3755484024929652e7	2.5170974316565994e7
0.5071803437120368	0.517423489561271	0.5123019166366539	601980.6886256711	1.7818572540921416e7	1.4357464713555323e7	2.4742907216809254e7
0.5174234895612712	0.5278714983274901	0.5226474939443806	627329.0283332163	1.749120720264143e7	1.498479374188854e7	2.432078114170271e7
0.5278714983274901	0.5385284672690335	0.5331999827982619	653690.8578270015	1.71685705118039e7	1.5638484599715542e7	2.3904521827402398e7
0.5385284672690335	0.5493985755894076	0.5439635214292206	681044.0771195595	1.6849129934321865e7	1.6319528676835101e7	2.3493970286934804e7
0.5493985755894077	0.5604860860761894	0.5549423308327985	709332.5175872134	1.653087368122769e7	1.7028861194422316e7	2.30888599116713e7
0.5604860860761894	0.5717953467727067	0.5661407164244481	738637.3805051876	1.6215262405431272e7	1.7767498574927505e7	2.268902479057333e7
0.5717953467727067	0.5833307926831544	0.5775630697279306	768895.6960360665	1.5900468110067694e7	1.8536394270963572e7	2.2294202511039585e7
0.5833307926831544	0.595096947511811	0.5892138700974827	800305.9628126278	1.559018521920341e7	1.9336700233776197e7	2.190436095976902e7
0.5950969475118111	0.6070984254370408	0.601097686474426	832768.6903578376	1.5281826127348702e7	2.0169468924134035e7	2.1519319533861052e7
0.6070984254370407	0.619339932920775	0.6132191791789079	866067.4632861465	1.497135386371388e7	2.103553638742018e7	2.113867360957825e7
0.619339932920775	0.631826270554184	0.6255831017374796	900445.9489860474	1.4663183671511836e7	2.1935982336406227e7	2.076229896409828e7
0.631826270554184	0.6445623349402613	0.6381943027472227	935581.4659708731	1.4352126079706779e7	2.28715638023771e7	2.0389777131572623e7
0.6445623349402613	0.65755312061406	0.6510577277771606	971750.147931114	1.4042871718236279e7	2.3843313950308215e7	2.002098675979973e7
0.65755312061406	0.6708037220013348	0.6641784213076973	1.0089393382396536e6	1.3735221716595003e7	2.485225328854787e7	1.9655802101453193e7
0.6708037220013346	0.6843193354163548	0.6775615287088448	1.0469071794746103e6	1.3426124628603283e7	2.589916046802248e7	1.9293927565792266e7
0.6843193354163548	0.6981052610996754	0.6912122982580151	1.0860437569700181e6	1.312091787022854e7	2.69852042249925e7	1.893539490576594e7
0.6981052610996754	0.7121669052966624	0.7051360831981689	1.1262523178971428e6	1.2818271295954267e7	2.811145654288964e7	1.858015681932554e7
0.7121669052966624	0.7265097823775891	0.7193383438371257	1.1676547709583214e6	1.2519515096952109e7	2.9279111313847963e7	1.8228246053896338e7
0.7265097823775891	0.7411395170001344	0.7338246496888617	1.2099484280031037e6	1.222141724455536e7	3.0489059741851065e7	1.787950584481451e7
0.7411395170001344	0.7560618463151305	0.7486006816576325	1.2531832281545e6	1.1924859561083166e7	3.1742242970005564e7	1.753383982196541e7
0.7560618463151304	0.7712826222164265	0.7636722342657785	1.2974720399058023e6	1.1631158496841172e7	3.3039715009911366e7	1.7191233697241277e7
0.7712826222164265	0.7868078136357485	0.7790452179260875	1.342917010745351e6	1.1341294880164312e7	3.438263202065672e7	1.6851730979858667e7
0.7868078136357485	0.8026435088834569	0.7947256612596028	1.3898981645149677e6	1.1058268739268547e7	3.5772530185171686e7	1.6515546763781965e7
0.8026435088834569	0.8187959180361195	0.8107197134597882	1.4380618739390427e6	1.0778903121458774e7	3.721059205911072e7	1.6182699293677393e7
0.8187959180361196	0.8352713753718355	0.8270336467039776	1.4868968764816674e6	1.049960078823434e7	3.869748893559239e7	1.5852997096438188e7
0.8352713753718353	0.8520763418542654	0.8436738586130503	1.537553135222966e6	1.022866780663905e7	4.0235042070815355e7	1.5526741727264076e7
0.8520763418542654	0.8692174076663441	0.8606468747603048	1.58903387426904e6	9.95912357648074e6	4.182407594508439e7	1.5203812301019948e7
0.8692174076663441	0.8867012947946644	0.8779593512305043	1.6410194905147594e6	9.689529982766043e6	4.3465095435599156e7	1.4884011617022155e7
0.8867012947946645	0.9045348596655512	0.8956180772301079	1.695632064779787e6	9.432428891158506e6	4.5160727500378944e7	1.4567881296187857e7
0.9045348596655511	0.9227250958338555	0.9136299777497033	1.7515177207297191e6	9.179336817687057e6	4.691224522110866e7	1.4255439522165753e7
0.9227250958338556	0.9412791367255261	0.9320021162796909	1.806653773706968e6	8.920278611746019e6	4.8718898994815625e7	1.3946125129675157e7
0.9412791367255261	0.96020425843503	0.950741697580278	1.8633888824765908e6	8.667932719798086e6	5.0582287877292216e7	1.3640144669266427e7
0.9602042584350299	0.9795078825787238	0.9698560705068768	1.923257769206084e6	8.42868579661219e6	5.25055456464983e7	1.3338062890133506e7
0.9795078825787238	0.9991975792052916	0.9893527308920077	1.9835277167795135e6	8.189789452472412e6	5.4489073363277815e7	1.30396727880153e7
0.9991975792052917	1.0192810697643908	1.0092393244848412	2.0439759170069695e6	7.951042121532433e6	5.6533049280284785e7	1.274476776737578e7
1.0192810697643908	1.039766230134672	1.0295236499495313	2.106941801280137e6	7.721760434113865e6	5.863999108156492e7	1.2453693177430296e7
1.039766230134672	1.0606610937123586	1.0502136619235154	2.171435900106087e6	7.49769822764996e6	6.0811426981671005e7	1.2166528256612206e7
1.0606610937123588	1.0819738545615993	1.071317474136979	2.2329030248104814e6	7.2638954665460875e6	6.304433000648148e7	1.188248091209817e7
1.0819738545615993	1.1037128706278245	1.0928433625947118	2.3056823505930486e6	7.066747423737142e6	6.535001235707453e7	1.1603492978657266e7
1.1037128706278245	1.1258866670153744	1.1147997688215994	2.3710603007612913e6	6.846752386323058e6	6.772107265783584e7	1.1327946536757767e7
1.1258866670153742	1.148503939330675	1.1371953031730246	2.433552219246352e6	6.620734136668155e6	7.01546248770822e7	1.1055292306933848e7
1.1485039393306753	1.171573557092282	1.1600387482114787	2.5100153218800602e6	6.433788864549081e6	7.266464019896226e7	1.0787624859928476e7
1.171573557092282	1.195104567209121	1.1833390621507016	2.5807610134976627e6	6.23253380043353e6	7.524540121245992e7	1.0523825411854018e7
1.195104567209121	1.2191061975282966	1.2071053823687088	2.6535218071222682e6	6.037642216474424e6	7.78989230195822e7	1.02640374246465e7
1.2191061975282966	1.2435878604538557	1.2313470289910762	2.7266998038529553e6	5.845360616317132e6	8.062562282343516e7	1.0008178703911668e7
1.243587860453856	1.2685591566379264	1.2560735085458912	2.802285243729155e6	5.660007075188313e6	8.342790806716432e7	9.756421874123443e6
1.268559156637926	1.2940298787456777	1.2812945176918018	2.8796935352538903e6	5.480029703340408e6	8.630760160241821e7	9.508839705389744e6
1.2940298787456779	1.3200100152955847	1.3070199470206312	2.958602134082242e6	5.30464765257018e6	8.926620373650046e7	9.265455560770085e6
1.3200100152955847	1.3465097545764897	1.3332598849360373	3.0374083406680166e6	5.131068284757853e6	9.230361207716848e7	9.026129814873844e6
1.3465097545764895	1.3735394886430126	1.360024621609751	3.117375094257421e6	4.96168955586916e6	9.54209871714259e7	8.790869778589647e6
1.3735394886430126	1.401109817390866	1.3873246530169392	3.198625627091861e6	4.796683939278329e6	9.861961279851775e7	8.559692344369458e6
1.401109817390866	1.4292315527136765	1.4151706850522712	3.2850233121099453e6	4.641459198562729e6	1.019046361106277e8	8.332926418559468e6
1.4292315527136763	1.457915722742943	1.4435736377283095	3.3687426264829934e6	4.484597864789601e6	1.0527337873711069e8	8.110221093637228e6
1.4579157227429431	1.487173576172795	1.4725446494578691	3.4535227174130837e6	4.331703899175603e6	1.0872690145452377e8	7.891570144170799e6
1.487173576172795	1.5170165866712442	1.5020950814220195	3.5424842861967217e6	4.1864538058987637e6	1.122693857407205e8	7.677180461748782e6
1.5170165866712444	1.5474564573796623	1.5322365220254532	3.6305340670808693e6	4.0425178454356664e6	1.1589991980780134e8	7.46688071359675e6
1.5474564573796623	1.5785051255022486	1.5629807914409555	3.7213790989321303e6	3.904177119297127e6	1.1962129890673347e8	7.260757219601826e6
1.5785051255022486	1.6101747669872868	1.5943399462447676	3.8149035864396766e6	3.7709816650145347e6	1.2343620249317315e8	7.058865278796584e6
1.6101747669872866	1.6424778013020254	1.626326284144656	3.9049568273884533e6	3.636917201966485e6	1.273411593205616e8	6.86090908126346e6
1.6424778013020256	1.6754268963030592	1.6589523488025424	4.000030056388215e6	3.5101671737764417e6	1.3134118937694982e8	6.6670833759339405e6
1.6754268963030592	1.7090349732041135	1.6922309347535864	4.097038671114392e6	3.387528849507446e6	1.354382280480642e8	6.477386378405459e6
1.709034973204113	1.7433152116431883	1.7261750924236505	4.190501689664256e6	3.2645878324944493e6	1.3962872973772845e8	6.2915611014917195e6
1.7433152116431885	1.7782810548510453	1.7607981332471168	4.288322109933663e6	3.147749182391827e6	1.4391705184766212e8	6.109735923597822e6
1.7782810548510457	1.8139462149230596	1.7961136348870528	4.389714632905652e6	3.0359901462099925e6	1.4830676648056778e8	5.931972645855558e6
1.8139462149230594	1.8503246781965137	1.8321354465597866	4.493120921662983e6	2.9279554933668883e6	1.5279988740223077e8	5.758251129626751e6
1.8503246781965135	1.8874307107354367	1.868877694465975	4.589897160115634e6	2.8182047456957605e6	1.573897845623464e8	5.588237815159355e6
1.887430710735437	1.9252788639251386	1.9063547873302877	4.694495728798729e6	2.715893073226666e6	1.6208428029114512e8	5.422147883863517e6
1.9252788639251386	1.9638839801786343	1.9445814220518864	4.799484922100999e6	2.6162146584396255e6	1.668837652132461e8	5.259906180694157e6
1.9638839801786343	2.0032611987571998	1.983572589467917	4.901232818013949e6	2.51732896907634e6	1.7178499803126004e8	5.101335505562757e6
2.0032611987571998	2.0434259617073365	2.023343580232268	5.0109027466764925e6	2.4249755786276567e6	1.7679590077793655e8	4.946600778387189e6
2.0434259617073365	2.084394019916476	2.063909990811906	5.114453653545435e6	2.3321057369284183e6	1.81910354431482e8	4.795449867824529e6
2.084394019916476	2.1261814392897986	2.1052877296031376	5.222363115271729e6	2.2437500368700842e6	1.8713271754675373e8	4.647936085035275e6
2.126181439289799	2.1688046070505878	2.1474930231701936	5.332108664391378e6	2.158567450805244e6	1.924648262111451e8	4.504032143334341e6
2.1688046070505878	2.2122802381665925	2.19054242260859	5.444592352492322e6	2.0767872914791957e6	1.9790941856363744e8	4.363725604631256e6
2.212280238166592	2.2566253819049167	2.234452810035754	5.556127751999744e6	1.9969153870731276e6	2.0346554631563717e8	4.226918396663674e6
2.256625381904917	2.3018574285180082	2.2792414052114625	5.671113529613363e6	1.9205133664297275e6	2.0913665984525055e8	4.0936084017978967e6
2.3018574285180082	2.347994116063361	2.3249257722906846	5.778882818882283e6	1.8439756351248745e6	2.1491554266413283e8	3.963585241755052e6
2.347994116063361	2.395053537359621	2.371523826711491	5.892939657556112e6	1.7717657921665262e6	2.2080848232168895e8	3.836908707963371e6
2.395053537359621	2.4430541470818063	2.4190538422207135	6.007432249861312e6	1.7018722016359898e6	2.2681591457155025e8	3.7135188810201865e6
2.4430541470818063	2.4920147689984353	2.467534458040121	6.12532664630913e6	1.6350527297577318e6	2.329412412178594e8	3.5934031187640177e6
2.4920147689984353	2.5419546033533966	2.516984686175916	6.244046093830019e6	1.57048482821387e6	2.391852873116894e8	3.476501986854397e6
2.5419546033533966	2.5928932343954574	2.567423918874427	6.357377823702605e6	1.5066468830936295e6	2.45542665135392e8	3.362671573129005e6
2.5928932343954574	2.6448506380583594	2.6188719362269084	6.478168238113926e6	1.446612284696096e6	2.5202083337350595e8	3.2519538990208944e6
2.644850638058359	2.6978471897945187	2.6713489139264386	6.5985141424281085e6	1.388395502907326e6	2.5861934751593405e8	3.1442738338467563e6
2.697847189794519	2.751903672565402	2.7248754311799606	6.712104367471399e6	1.330740894061222e6	2.6533145188340545e8	3.039488053210172e6
2.7519036725654016	2.807041284991702	2.779472478778552	6.8315314413137045e6	1.276207383420569e6	2.7216298332471913e8	2.9376093858655444e6
2.8070412849917026	2.863281649666529	2.835161467329116	6.955337721900924e6	1.2243071727606596e6	2.791183210466201e8	2.8386217424475797e6
2.8632816496665288	2.920646821634852	2.8919642356506903	7.079347344494269e6	1.17418081971251e6	2.8619766839111435e8	2.7424603185473373e6
2.920646821634852	2.9791592970425413	2.9499030593386966	7.199505613109986e6	1.1251608475138682e6	2.9339717400422436e8	2.64902550548161e6
2.979159297042542	3.038842021958385	3.0090006595004635	7.320150746693561e6	1.077960168244722e6	3.007173247509179e8	2.5582646504146936e6
3.038842021958385	3.099718401372545	3.069280211665465	7.445933655149961e6	1.0331732831690506e6	3.0816325840606785e8	2.4701624969280106e6
3.099718401372545	3.1618123083749885	3.130765354873767	7.572381527713401e6	990052.8123933244	3.1573563993378127e8	2.3846615037917364e6
3.161812308374988	3.2251480935174803	3.193480200946234	7.695354075227382e6	948040.5058664058	3.2343099400900865e8	2.3016752175216177e6
3.2251480935174803	3.2897505943628222	3.2574493439401513	7.817873565953424e6	907527.6633619874	3.312488675749621e8	2.2211447945565837e6
3.2897505943628227	3.3556451452250715	3.322697869793947	7.941351342341661e6	868638.56079306	3.3919021891730374e8	2.1430219791092393e6
3.355645145225072	3.422857587104566	3.389251366164819	8.065981770191497e6	831334.6952392495	3.4725620068749523e8	2.0672590879899035e6
3.422857587104566	3.4914142778216495	3.4571359324631077	8.193380048706741e6	795712.6204166069	3.55449580736202e8	1.9938167778163434e6
3.491414277821649	3.5613421023530742	3.5263781900873616	8.31357718365492e6	760774.6745503517	3.637631579198569e8	1.9226003638901205e6
3.5613421023530742	3.632668483375128	3.597005292864101	8.44027695717005e6	727780.2409186857	3.72203434877027e8	1.8535933780616757e6
3.6326684833751277	3.7054213920176227	3.669044937696375	8.567183129992474e6	696077.4007876759	3.8077061800701946e8	1.7867426582110212e6
3.705421392017622	3.779629358832967	3.7425253754252945	8.69393571271214e6	665598.434158998	3.894645537197316e8	1.7219942097446902e6
3.7796293588329672	3.8553214849846187	3.817475421908793	8.819455359207904e6	636230.4791963919	3.9828400907893956e8	1.6592906465199874e6
3.855321484984619	3.932527453659304	3.8939244693219615	8.943815257463017e6	607956.9195786708	4.072278243364026e8	1.5985769448841794e6
3.9325274536593033	4.011277541707481	3.9719024976833923	9.06851369045525e6	580849.7630846978	4.1629633802685773e8	1.539805424601733e6
4.011277541707481	4.091602631516623	4.051440086612052	9.194234990577493e6	554908.590321199	4.2549057301743525e8	1.482931141438682e6
4.091602631516623	4.173534223121948	4.132568427319285	9.320105670469774e6	530035.8547437268	4.34810678687905e8	1.4279061200803951e6
4.173534223121948	4.257104446559379	4.215319334840663	9.445549683522446e6	506163.2661002757	4.442562283714275e8	1.3746812185979327e6
4.257104446559379	4.342346074465558	4.299725260512469	9.570511017602893e6	483256.70883971296	4.538267393890304e8	1.323208169039462e6
4.342346074465559	4.429292534929862	4.38581930469771	9.694943248174556e6	461283.3801364171	4.6352168263720495e8	1.2734396024819955e6
4.4292925349298615	4.517977924603451	4.473635229766656	9.819397293933818e6	440238.00035383774	4.7334107993113875e8	1.2253305860345366e6
4.51797792460345	4.608437022070511	4.5632074733369805	9.94411081942287e6	420096.6216014097	4.832851907505616e8	1.1788374039084967e6
4.608437022070511	4.700705301486913	4.654571161778712	1.0069104444970999e7	400825.1736057324	4.933542951955326e8	1.1339169024257432e6
4.700705301486913	4.794818946491643	4.747762123989277	1.0194250113284053e7	382384.8726765096	5.035485453088167e8	1.0905261852142587e6
4.794818946491643	4.890814864396467	4.842816905444055	1.0319253973962918e7	364733.2460968265	5.138677992827796e8	1.0486223851827336e6
4.890814864396468	4.988730700659389	4.939772782527928	1.0443937947578618e7	347835.0290966554	5.243117372303582e8	1.0081630788147207e6
4.988730700659389	5.088604853647568	5.038667777153478	1.0567295934395874e7	331631.0829838769	5.3487903316475403e8	969104.8820610044
5.088604853647569	5.190476489695512	5.13954067167154	1.0689209110921025e7	316096.4331944012	5.45568242275675e8	931405.4780775005
5.190476489695511	5.294385558464413	5.242431024079962	1.0810848647953026e7	301242.8879647166	5.563790909236281e8	895025.6788922629
5.294385558464413	5.400372808608692	5.347379183536552	1.0933326240081077e7	287073.19255793415	5.673124171637092e8	859928.7212088056
5.400372808608693	5.508479803755858	5.454426306182276	1.105573131222302e7	273534.078749144	5.783681484759321e8	826076.892544944
5.508479803755859	5.618748938805967	5.563614371280913	1.117623229126074e7	260557.35132225952	5.895443807671928e8	793430.7242730147
5.618748938805966	5.731223456557077	5.6749861976815215	1.1295359904112881e7	248137.40409450847	6.008397406713058e8	761952.7060614041
5.7312234565570765	5.845947464663209	5.788585460610143	1.1414630320616782e7	236286.3104520919	6.122543709919226e8	731608.1931498634
5.845947464663211	5.962965952931467	5.904456708797339	1.1534982369336965e7	224997.91176004967	6.237893533612596e8	702364.1881968336
5.962965952931466	6.082324810965086	6.022645381948276	1.1653855579389244e7	214198.44495750527	6.354432089406488e8	674185.3435843246
6.082324810965086	6.204070846159379	6.143197828562233	1.1760905945435785e7	203691.48288094767	6.472041148860846e8	647027.0165934889
6.20407084615938	6.328251802057558	6.266161324108468	1.1885157172931315e7	193964.7047803458	6.590892720590159e8	620875.2944946269
6.328251802057558	6.4549163770737	6.3915840895656295	1.2003402768295119e7	184589.9777351373	6.71092674827311e8	595692.356974225
6.454916377073701	6.584114243590166	6.519515310331934	1.2118789667690502e7	175609.98672941167	6.832114644950016e8	571445.0332544497
6.584114243590165	6.71589606743696	6.650005155513563	1.2226924920910636e7	166952.79393867252	6.954383894159122e8	548097.9173826906
6.715896067436961	6.850313527760691	6.783104797598826	1.2338027834553372e7	158748.24415598004	7.077764172504655e8	525625.1439275314
6.85031352776069	6.987419337290895	6.9188664325257925	1.2456114691838652e7	151019.41102392523	7.202325319423041e8	504003.6740931498
6.987419337290895	7.127267263011704	7.057343300151299	1.2572646478924787e7	143636.26781033594	7.328051784212289e8	483204.2958376144
7.127267263011705	7.269912147246929	7.198589705129317	1.2680798450442253e7	136512.20524483357	7.454859768716711e8	463194.48634163657
7.269912147246929	7.4154099291668585	7.342661038206893	1.2785288666122742e7	129694.96929524849	7.582712655377939e8	443946.3575947583
7.415409929166858	7.5638176667251855	7.489613797946022	1.2896778084975075e7	123276.91593272309	7.71168043622769e8	425438.9632497057
7.5638176667251855	7.71519355903468	7.639505612879933	1.300962459062768e7	117179.99261075542	7.841776682133967e8	407648.0625980799
7.715193559034678	7.869596969190362	7.79239526411252	1.3117722481168361e7	111335.97844695068	7.97295390694565e8	390546.8782333165
7.869596969190363	8.027088447549161	7.948342708369762	1.3226076912898589e7	105778.3389114507	8.105214676074636e8	374112.11111817916
8.027088447549161	8.187729755475134	8.107409101512147	1.333468554158419e7	100493.34409370997	8.238561531490477e8	358321.0158801178
8.187729755475134	8.351583889559627	8.26965682251738	1.3437561969876096e7	95425.4089799827	8.372937151189238e8	343148.9532705647
8.351583889559627	8.51871510632581	8.435149497942719	1.3531710097084519e7	90549.37769807696	8.508254252160083e8	328571.25559055095
8.51871510632581	8.689188947427317	8.603952026876563	1.3643724644151922e7	86031.0388774728	8.644691498601602e8	314574.247704237
8.689188947427317	8.863072265350853	8.776130606389085	1.3740000258352827e7	81639.17281004025	8.782091501185131e8	301131.70101704396
8.863072265350853	9.04043324963286	8.951752757491857	1.3839110308614029e7	77483.61106875434	8.920482604271271e8	288225.2400904272
9.04043324963286	9.221341453600507	9.130887351616684	1.394110290667015e7	73551.04214793009	9.059893633337972e8	275836.7827107558
9.221341453600507	9.405867821647508	9.313604637624007	1.4039003075414881e7	69794.01280448143	9.200283664092121e8	263946.55268549745
9.405867821647508	9.594084717055448	9.499976269351478	1.4138402600575536e7	66232.72568496909	9.341667690097877e8	252537.0818527658
9.594084717055447	9.786065950371546	9.690075333713496	1.4237716236982342e7	62849.69569897057	9.4840448524677e8	241590.90194376354
9.786065950371546	9.981886808353966	9.883976379362757	1.4336157917557959e7	59632.95906264477	9.62740643164328e8	231090.86317142457
9.981886808353966	10.181624083496034	10.081755445925001	1.4432657457122529e7	56570.60161048413	9.771733006214505e8	221020.11867499107
10.181624083496034	10.385356104140945	10.28349009381849	1.4514699030025883e7	53609.728213504844	9.916879996514765e8	211359.7422045026
10.385356104140945	10.593162765198754	10.48925943466985	1.4614999375951981e7	50865.76893246351	1.0063029990274285e9	202098.56123623296
10.593162765198754	10.805125559477718	10.699144162338236	1.4702911142669678e7	48219.37196081909	1.0210059101700982e9	193219.16146212613
10.805125559477718	11.021327609642261	10.91322658455999	1.4793960379280128e7	45718.73768466884	1.0357998705493783e9	184707.91546051804
11.021327609642261	11.241853700810095	11.131590655226178	1.488479999040102e7	43345.548295128356	1.0506846705397793e9	176550.92574756665
11.241853700810095	11.466790313801287	11.35432200730569	1.4969485822873501e7	41077.14501461044	1.0656541563626528e9	168733.78986641724
11.466790313801285	11.696225659052299	11.581507986426793	1.5059207277277965e7	38939.24248831098	1.0807133636399307e9	161244.42075232448
11.6962256590523	11.930249711208337	11.813237685130318	1.5148878898010137e7	36911.190057482876	1.095862242537941e9	154070.2377004762
11.930249711208337	12.168954244407493	12.049601977807914	1.5230365382122574e7	34968.756248182406	1.1110926079200635e9	147197.9882328717
12.168954244407491	12.41243286827063	12.290693556339061	1.5310717882867776e7	33125.1511103619	1.1264033258029313e9	140615.947252994
12.41243286827063	12.660781064611031	12.53660696644083	1.539560069488936e7	31387.12528395046	1.1417989264978206e9	134313.45614512212
12.66078106461103	12.914096224878238	12.787438644744633	1.547796626979495e7	29734.560381727093	1.1572768927676156e9	128279.31086380439
12.91409622487824	13.172477688350792	13.043286956614516	1.5561306958858695e7	28169.980864267734	1.1728381997264743e9	122503.09987776047
13.172477688350792	13.436026781092796	13.304252234721794	1.5639696237479148e7	26678.523019334232	1.1884778959639535e9	116974.15513312597
13.436026781092798	13.704846855689642	13.570436818391219	1.5721081148231678e7	25270.218201826225	1.2041989771121852e9	111683.0032498425
13.70484685568964	13.97904333177842	13.84194509373403	1.5801206815513099e7	23933.712990236047	1.2200001839276984e9	106620.06269166083
13.979043331778422	14.258723737388978	14.1188835345837	1.5861894132031279e7	22639.57289839408	1.2358620780597296e9	101774.60676820636
14.258723737388976	14.543997751111744	14.401360744250361	1.5942388773859033e7	21441.741688219812	1.2518044668335886e9	97139.64040298837
14.543997751111744	14.834977245108966	14.689487498110356	1.6018454437661825e7	20301.16090639928	1.2678229212712505e9	92706.31880778591
14.834977245108968	15.131776328986135	14.98337678704755	1.6095609127775237e7	19222.124891660416	1.2839185303990257e9	88466.555537919
15.131776328986136	15.434511394540847	15.283143861763492	1.6167846645900007e7	18194.49419267339	1.3000863770449257e9	84412.14594021652
15.434511394540843	15.743301161406647	15.588906277973745	1.624031262918785e7	17221.704356784354	1.3163266896741135e9	80535.55718467379
15.743301161406647	16.058266723609766	15.900783942508205	1.6302147183235472e7	16289.981892699438	1.332628836857349e9	76828.89660034944
16.05826672360977	16.37953159705695	16.218899160333358	1.6371771497906297e7	15415.784138257583	1.3490006083552551e9	73285.67660055246
16.37953159705695	16.707221767973074	16.54337668251501	1.6438457403141243e7	14585.632443670629	1.3654390657583964e9	69899.00643491425
16.707221767973074	17.041465742307523	16.8743437551403	1.6504443037798803e7	13799.375702055575	1.3819435087961953e9	66662.38437425485
17.041465742307526	17.382394596128663	17.211930169218093	1.6574149993172176e7	13058.229355211115	1.3985176587893674e9	63569.75409290035
17.382394596128663	17.730142027026222	17.55626831157744	1.6641915498526895e7	12355.231869816862	1.4151595742878942e9	60615.007197536266
17.730142027026222	18.084844406541734	17.907493216783976	1.6696751617452426e7	11680.8441942154	1.4318563259053466e9	57791.83752157309
18.08484440654173	18.44664083364755	18.265742620094642	1.675745905528014e7	11047.020575737903	1.4486137849606268e9	55094.992545391215
18.446640833647553	18.81567318929549	18.631157011471522	1.682126046267747e7	10449.376461267097	1.4654350454233043e9	52519.26995341708
18.81567318929549	19.192086192056387	19.003879690675937	1.6882193393669244e7	9882.245681945462	1.4823172388169734e9	50059.440792924695
19.192086192056387	19.5760274548725	19.38405682346444	1.694212237856344e7	9345.221827288902	1.499259361195537e9	47710.55445327551
19.5760274548725	19.967647542944935	19.771837498908717	1.70019150736254e7	8837.201441835297	1.5162612762691624e9	45467.88238456497
19.967647542944935	20.36710003277882	20.167373787861877	1.7042259673626743e7	8347.17057490826	1.533303535942789e9	43326.33352737041
20.367100032778815	20.774541572409376	20.570820802594096	1.710301117673102e7	7893.688266261212	1.5504065471195202e9	41282.18133119914
20.77454157240938	21.19013194283255	20.982336757620963	1.7158236892768573e7	7462.346585197	1.5675647840122888e9	39331.08311019014
21.19013194283255	21.614034120664186	21.40208303174837	1.721707628956023e7	7055.984290092847	1.5847818603018491e9	37469.11056997753
21.61403412066419	22.046414342052458	21.830224231358322	1.7272478867280144e7	6670.346518008903	1.6020543391691294e9	35692.31665680165
22.046414342052458	22.48744216786849	22.266928254960476	1.7308337410145164e7	6298.609450611243	1.6193626765792747e9	33996.58843380932
22.48744216786849	22.937290550200846	22.712366359034668	1.736225753407819e7	5953.75829599273	1.6367249341133528e9	32378.79943238719
22.937290550200842	23.396135900179843	23.166713225190342	1.74120951232528e7	5626.415356283954	1.6541370292366056e9	30835.46261479315
23.396135900179846	23.86415815715843	23.630147028669136	1.7464353526488464e7	5317.764479381294	1.6716013827630942e9	29363.3604688069
23.86415815715842	24.341540859276574	24.102849508217496	1.7514490169560466e7	5025.392443231282	1.6891158729326546e9	27959.321940278423
24.341540859276574	24.828471215437087	24.58500603735683	1.754434704983943e7	4743.573783912732	1.706660219982494e9	26620.028670324045
24.82847121543709	25.325140178720815	25.076805697078953	1.75978481252643e7	4483.571014915918	1.7242580681077585e9	25343.003509108206
25.32514017872082	25.83174252127022	25.57844134999552	1.764257021343932e7	4235.673216829895	1.7419006383211977e9	24125.35204592026
25.831742521270215	26.348476910670602	26.090109715970407	1.768800453885704e7	4001.617782255395	1.7595886428600547e9	22964.4471190927
26.348476910670605	26.875545987859	26.612011449264802	1.771756823921806e7	3777.088087549373	1.7773062110992725e9	21857.564148449026
26.875545987858995	27.413156446591156	27.144351217225076	1.7758393401520867e7	3567.4095582802684	1.7950646045007935e9	20802.442984929436
27.41315644659116	27.961519114497964	27.68733778054456	1.780205267664891e7	3369.8901396164674	1.8128666571774423e9	19796.798600403174
27.961519114497964	28.520849035762904	28.241184075130434	1.784739973791334e7	3183.589292271161	1.8307140569153557e9	18838.423562574386
28.52084903576291	29.09136555545315	28.80610729560803	1.788588802811361e7	3006.4160095838033	1.8485999449434693e9	17925.117189016193
29.091365555453145	29.67329240553719	29.382328980495167	1.791034370440325e7	2836.8673586815844	1.8665102886478724e9	17054.71908084212
29.67329240553719	30.266857792622915	29.970075099080052	1.795460950276312e7	2679.8326503241155	1.8844648981506355e9	16225.475546349042
30.266857792622922	30.87229448745036	30.56957614003664	1.7993810821684595e7	2530.7632357073394	1.90245870897232e9	15435.471687677515
30.872294487450354	31.48983991617434	31.181067201812347	1.8033176663676694e7	2389.9967808221327	1.9204918856359968e9	14682.922576251687
31.489839916174343	32.11973625347281	31.804788084823578	1.8045982242631793e7	2253.732516844249	1.9385378678786287e9	13965.927021302687
32.11973625347281	32.762230517517246	32.44098338549503	1.8087529570733026e7	2128.618924324069	1.9566253974493618e9	13283.077055197104
32.762230517517246	33.41757466684257	33.08990259217991	1.8121428889666636e7	2009.5923827147649	1.9747468263390284e9	12632.753849434077
33.41757466684257	34.0860256991544	33.75180018299848	1.8156666737312093e7	1897.354939050881	1.9929034930763404e9	12013.472477942889
34.086025699154405	34.76784575211247	34.42693572563344	1.8171848439409755e7	1789.404558241016	2.0110753415157502e9	11423.689360692788
34.767845752112464	35.46330220612969	35.11557397912108	1.8211080730702985e7	1689.8267302582115	2.029286422246453e9	10862.185652516164
35.4633022061297	36.17266778922727	35.81798499767848	1.824384718415621e7	1595.217674327134	2.0475302694306092e9	10327.616484569162
36.17266778922727	36.89622068398679	36.53444423660703	1.826704200154616e7	1505.1121882442462	2.0657973114321554e9	9818.68774761585
36.8962206839868	37.63424463664151	37.265232660314155	1.8293689958265465e7	1420.3622602840144	2.084091001390421e9	9334.229145198968
37.634244636641505	38.387029068349314	38.01063685249541	1.8325002243286002e7	1340.722990525111	2.1024160036337068e9	8873.123775734763
38.387029068349314	39.15486918869128	38.7709491285203	1.8355364379769422e7	1265.4799983484977	2.1207713680134761e9	8434.277969517849
39.15486918869128	39.93806611144008	39.54646765006568	1.8365010709918704e7	1193.1107520006672	2.1391363787233949e9	8016.573329972186
39.93806611144008	40.73692697264386	40.33749654204197	1.8396514498078026e7	1126.2179940891447	2.1575328932214727e9	7619.106124523878
40.736926972643865	41.55176505107172	41.14434601185779	1.8423096543105766e7	1062.7886954703672	2.1759559897645783e9	7240.908641207814
41.55176505107172	42.38289989106813	41.96733247106992	1.8441966172767792e7	1002.5105325417903	2.194397955937346e9	6881.050983544663
42.38289989106812	43.23065742786446	42.80677865946629	1.8459057763495445e7	945.5591833313746	2.2128570137008414e9	6538.667038472866
43.23065742786446	44.09537011539672	43.66301377163059	1.848744149544815e7	892.3875555157932	2.2313444551962895e9	6212.966787904294
44.09537011539672	44.97737705667963	44.536373586038174	1.8513860249752477e7	842.1146396007279	2.249858315446042e9	5903.154972738014
44.977377056679636	45.8770241367882	45.42720059673392	1.8512242355320204e7	793.4706095831272	2.268370557801362e9	5608.408966545803
45.8770241367882	46.79466415849894	46.33584414764357	1.851690788896881e7	747.8903038627433	2.286887465690331e9	5328.03636918086
46.79466415849895	47.7306569806439	47.26266056957142	1.8414403628206667e7	700.849471718838	2.3053018693185377e9	5061.123752058096
47.73065698064389	48.685369659231746	48.20801331993782	1.7963535803221397e7	644.2532339646012	2.323265405121759e9	4806.34344323638
48.685369659231746	49.65917659139136	49.17227312531155	1.6737419970489165e7	565.6542093548047	2.340002825092248e9	4561.726358525098
49.65917659139135	50.65245966219415	50.15581812679275	1.4203774179568555e7	452.3389960751672	2.354206599271817e9	4324.683659874988
50.652459662194154	51.665608394413006	51.15903402830358	1.0329540816459445e7	309.9838598203421	2.364536140088277e9	4093.103282152459
51.66560839441301	52.69902010127625	52.18231424784463	6.027958344485242e6	170.46143337609465	2.370564098432762e9	3866.833512480827
52.69902010127624	53.753100042276735	53.22606007177649	3.5586021347854515e6	94.82725713993617	2.374122700567548e9	3649.2532514690092
