-0.0	9.953897499377266e-5	4.976948749688633e-5	0.35120938881922237	8.501548078298152e10	0.35120938881922237	8.501548078298152e10
9.953897499377266e-5	0.0002010687294874207	0.00015030385224059668	1.4011276058008226	4.683026341824993e10	1.752336994620045	5.146303788958545e10
0.00020106872948742058	0.0003046290790709416	0.00025284890427918107	2.7303053145348413	3.2363585219465675e10	4.482642309154887	3.7855710690220695e10
0.0003046290790709413	0.00041026063564613265	0.000357444857358537	4.1803080518040465	2.447019678354355e10	8.662950360958934	2.995005821355465e10
0.0004102606356461331	0.0005180048233528283	0.0004641327294994807	5.716267258821466	1.951095217776948e10	14.3792176197804	2.4697058829325706e10
0.0005180048233528287	0.0006279038948136577	0.0005729543590832433	7.335900235040172	1.6131694183896448e10	21.715117854820573	2.0940837689157547e10
0.0006279038948136573	0.0007400009477037028	0.0006839524212586801	9.045108722395428	1.3695783182528828e10	30.760226577216002	1.8121915167324753e10
0.000740000947703703	0.0008543399416515495	0.0007971704446776262	10.850839348276285	1.186349961795542e10	41.611065925492284	1.5930452040358263e10
0.0008543399416515493	0.0009709657154783526	0.0009126528285649509	12.759405407442385	1.0438166897733452e10	54.37047133293467	1.417956156186235e10
0.0009709657154783523	0.0010899240047816917	0.001030444860130022	14.776750423500877	9.299140051569677e9	69.14722175643554	1.2749626813724867e10
0.0010899240047816917	0.0012112614598710977	0.0011505927323263946	16.90832715754946	8.368552499009838e9	86.055548913985	1.156049879796099e10
0.0012112614598710973	0.0013350256640622914	0.0012731435619666943	19.159729697163822	7.594301387520007e9	105.21527861114883	1.0556534144050402e10
0.0013350256640622922	0.00146126515233731	0.0013981454081998012	21.536746968422946	6.94025439077778e9	126.75202557957178	9.697933827922344e9
0.0014612651523373099	0.0015900294303778282	0.001525647291357569	24.04523998630887	6.380546014756217e9	150.79726556588065	8.955490313517576e9
0.0015900294303778277	0.0017213689939791564	0.001655699212178492	26.69132466706638	5.896226178180311e9	177.48859023294702	8.307300157156138e9
0.0017213689939791568	0.0018553353488525118	0.0017883521714158342	29.48174932704835	5.473164599635913e9	206.97033955999538	7.73663745005481e9
0.0018553353488525112	0.0019919810308233333	0.0019236581898379223	32.42287806845577	5.100437113171574e9	239.39321762845117	7.230488462491154e9
0.0019919810308233333	0.002131359626433572	0.0020616703286284524	35.52184586637373	4.769641740442203e9	274.9150634948249	6.778595564328284e9
0.0021313596264335728	0.002273525793956016	0.0022024427101947942	38.78664406465676	4.4742070251579e9	313.70170755948163	6.372775449588901e9
0.0022735257939560153	0.0024185352848289073	0.002346030539392461	42.22339394351901	4.2086351381416388e9	355.92510150300063	6.006378892305435e9
0.002418535284828908	0.002566444965519258	0.002492490125174083	45.84231014177807	3.968859368257447e9	401.7674116447787	5.674011747014041e9
0.002566444965519257	0.002717312839823414	0.0026418789026713355	49.64953269239181	3.751152396235446e9	451.4169443371705	5.37118764131274e9
0.002717312839823413	0.0028711980716136527	0.002794255455718533	53.655714214267036	3.552770930181594e9	505.07265855143754	5.094197624169586e9
0.002871198071613654	0.0030281610080396984	0.002949679539826676	57.86809000753832	3.371165144917292e9	562.9407485589759	4.839908909862818e9
0.003028161008039698	0.0031882632031942633	0.0031082121056169804	62.184891200627455	3.1986035910359244e9	625.1256397596034	4.604857573141308e9
0.003188263203194263	0.0033515674422519193	0.0032699153227230913	66.71932339116917	3.040052204970253e9	691.8449631507725	4.387087387654843e9
0.0033515674422519197	0.0035181377660907292	0.0034348526041713245	71.4790559332363	2.893809919380882e9	763.3240190840088	4.184868282593739e9
0.0035181377660907292	0.003688039496406315	0.003603088631248522	76.47382648425332	2.7585115043361883e9	839.7978455682621	3.996680730720172e9
0.0036880394964063155	0.003861339261328213	0.0037746893788672643	81.71930843979035	2.633165334510884e9	921.5171540080524	3.821210232997668e9
0.003861339261328213	0.004038105021548549	0.003949722141438381	87.22409109290932	2.516650297633909e9	1008.7412451009618	3.657281086132338e9
0.004038105021548548	0.00421840609697329	0.004128255559260919	92.99458010327018	2.4079489688073506e9	1101.735825204232	3.503835466078823e9
0.00421840609697329	0.004402313193906526	0.004310359645439908	99.04755214506345	2.3064417977945366e9	1200.7833773492955	3.359953360052848e9
0.004402313193906526	0.004589898432778427	0.004496105813342477	105.39936755963032	2.2115330785784373e9	1306.1827449089258	3.2248246647727294e9
0.004589898432778428	0.004781235376427767	0.004685566904603098	112.0669500758679	2.1226785121489482e9	1418.2496949847937	3.0977311073052535e9
0.0047812353764277666	0.0049763990589500925	0.00487881721768893	119.08624905106718	2.039697406951437e9	1537.3359440358608	2.9780677547123985e9
0.004976399058950093	0.005175466015122866	0.0050759325370364795	126.4942677684144	1.962340932483431e9	1663.8302118042752	2.8653126245004754e9
0.005175466015122865	0.005378514310419092	0.005276990162770979	134.30515582803562	1.8899805039574046e9	1798.1353676323108	2.7589687955620465e9
0.005378514310419092	0.005585623571621245	0.005482068941020169	142.51981399202091	1.821902894222499e9	1940.6551816243318	2.6585496425729775e9
0.005585623571621245	0.00579687501804744	0.0056912492948343425	151.14283098092162	1.757571157884183e9	2091.7980126052535	2.5635944682675204e9
0.005796875018047441	0.00601235149340216	0.0059046132557248	160.1862123596847	1.6966188851603918e9	2251.984224964938	2.4736807400382943e9
0.00601235149340216	0.006232137498263974	0.006122244495833067	169.66730255353963	1.638778575719494e9	2421.651527518478	2.3884269341756363e9
0.006232137498263972	0.006456319223223022	0.006344228360743497	179.60601198721665	1.5838279297101927e9	2601.2575395056947	2.3074896237943606e9
0.006456319223223021	0.006684984582681251	0.006570651902952136	190.02120208915764	1.5315496120306985e9	2791.2787415948524	2.2305572205547905e9
0.006684984582681254	0.006918223249328648	0.0068016039160049505	200.9351653203682	1.4817683125521238e9	2992.2139069152204	2.1573485161555634e9
0.006918223249328647	0.00715612668930899	0.007037174969318818	212.37056372798418	1.4343187471793127e9	3204.5844706432044	2.087608482483879e9
0.00715612668930899	0.007398788198088939	0.007277457443698964	224.34963133879214	1.389040845728433e9	3428.9341019819967	2.0211043840031865e9
0.007398788198088939	0.007646302937044488	0.0075225455675667135	236.8969973217309	1.3457977354799416e9	3665.8310993037276	1.9576242728815346e9
0.007646302937044487	0.007898767970779146	0.007772535453911817	250.03851594372992	1.3044643233911133e9	3915.8696152474577	1.896974724000472e9
0.007898767970779147	0.0081562823051885	0.008027525137983823	263.80159380493063	1.2649272616194515e9	4179.671209052388	1.8389789701745665e9
0.0081562823051885	0.00841894692628604	0.008287614615737269	278.2139943126916	1.2270777447863102e9	4457.88520336508	1.7834747135495276e9
0.00841894692628604	0.00868686483980553	0.008552905883045785	293.30462545061494	1.1908152796958575e9	4751.189828815695	1.7303126398820767e9
0.008686864839805528	0.008960141111595408	0.008823502975700469	309.10477496157836	1.1560513857175584e9	5060.294603777274	1.6793555130046246e9
0.008960141111595408	0.009238882908821085	0.009099512010208246	325.64605204806674	1.1226999245517776e9	5385.94065582534	1.630476582015904e9
0.009238882908821085	0.009523199541991274	0.00938104122540618	342.96170921750127	1.0906820659613838e9	5728.902365042842	1.5835586708454406e9
0.009523199541991274	0.009813202507824869	0.009668201024908072	361.0830371451855	1.0599146096587092e9	6089.985402188027	1.538492412915975e9
0.00981320250782487	0.010109005532975137	0.009961104020400003	380.047863527959	1.0303361934779929e9	6470.033265715986	1.4951769786483667e9
0.010109005532975134	0.010410724618628405	0.01025986507580177	399.89358965421115	1.0018834413221142e9	6869.926855370197	1.4535187131398187e9
0.010410724618628405	0.010718478085994741	0.010564601352311572	420.65894212211407	9.74496689870197e8	7290.585797492311	1.4134304486183705e9
0.010718478085994743	0.011032386622708406	0.010875432354351573	442.38421789977133	9.481202466289109e8	7732.970015392082	1.3748309422628279e9
0.011032386622708406	0.011352573330156341	0.011192479976432374	465.11149999722915	9.22702391366613e8	8198.08151538931	1.3376443992021167e9
0.011352573330156343	0.011679163771753237	0.01151586855095479	488.8872325262477	8.981995982263498e8	8686.968747915558	1.3018004118480752e9
0.011679163771753237	0.01201228602218207	0.011845724896967653	513.7593313024521	8.745694688652233e8	9200.72807921801	1.2672333467406526e9
0.012012286022182067	0.012352070717619476	0.012182178369900772	539.7911928942385	8.51792975570883e8	9740.519272112248	1.2338836015344894e9
0.01235207071761948	0.012698651106965636	0.012525360912292557	567.0321429813052	8.298232958313668e8	10307.551415093552	1.2016946478032534e9
0.012698651106965634	0.013052163104098714	0.012875407105532175	595.5177502542078	8.085957756315178e8	10903.06916534776	1.170611216509161e9
0.013052163104098714	0.013412745341174455	0.013232454222636584	625.3139307529494	7.8809076364394e8	11528.383096100712	1.140582630586139e9
0.013412745341174457	0.013780539222991713	0.013596642282083085	656.4482956276537	7.682389742597544e8	12184.831391728365	1.1115583873987691e9
0.013780539222991713	0.014155688982445314	0.013968114102718514	689.003388554341	7.490402724948952e8	12873.834780282707	1.0834934384326868e9
0.014155688982445312	0.014538341737087986	0.014347015359766648	723.043174223971	7.30467086030158e8	13596.877954506677	1.0563454612569292e9
0.014538341737087988	0.014928647546823513	0.01473349464195575	758.6450336795235	7.12503173288394e8	14355.522988186201	1.0300753990931102e9
0.014928647546823513	0.01532675947275375	0.01512770350978863	795.8863757708903	6.951282622834649e8	15151.409363957091	1.0046467810346996e9
0.01532675947275375	0.01573283363720259	0.01552979655497817	834.83493928886	6.7831140084548e8	15986.24430324595	9.800246181005257e8
0.01573283363720259	0.01614702928494041	0.015939931461071498	875.5528641751099	6.620177633323996e8	16861.79716742106	9.561749300008745e8
0.016147029284940405	0.016569508845632977	0.01635826906528669	918.1281549265847	6.462326621035576e8	17779.925322347644	9.330661141111431e8
0.016569508845632984	0.01700043799753941	0.016784973421586198	962.6019920545194	6.309077287149124e8	18742.527314402163	9.106661863167404e8
0.017000437997539405	0.01743998573248396	0.017220211865011683	1009.0562134177053	6.160257848404753e8	19751.58352781987	8.889450879339793e8
0.01743998573248396	0.017888324422127407	0.017664155077305684	1057.419892814845	6.014815946126319e8	20809.00342063471	8.678680180424788e8
0.017888324422127403	0.018345629885563715	0.01811697715384556	1107.9818823424223	5.873836761925735e8	21916.985302977133	8.474114433725735e8
0.01834562988556372	0.018812081458268758	0.018578855671916236	1160.8371433979178	5.737122669888879e8	23077.822446375052	8.275527125474894e8
0.018812081458268758	0.0192878620624279	0.01904997176034833	1216.1689271697553	5.60487664379975e8	24293.991373544806	8.082728464004402e8
0.019287862062427896	0.019773158278670218	0.019530510170549055	1273.9772006877238	5.476402572599838e8	25567.96857423253	7.895497242454501e8
0.019773158278670218	0.020268160419237388	0.020020659348953803	1334.312478769723	5.351329970514191e8	26902.281053002254	7.713606803971196e8
0.020268160419237388	0.0207730626026159	0.020520611510926642	1397.483281359566	5.230304842022819e8	28299.764334361822	7.536897689063482e8
0.0207730626026159	0.02128806282966198	0.021030562716138942	1463.3061978787998	5.112042299055682e8	29763.07053224062	7.365134704430333e8
0.02128806282966198	0.021813363061248984	0.021550712945455484	1532.337065988675	4.997951806519521e8	31295.407598229296	7.198203485476906e8
0.021813363061248984	0.022349169297467726	0.022081266179358357	1604.293577306271	4.886489410407497e8	32899.70117553556	7.035892380336978e8
0.02234916929746773	0.022895691658410846	0.022622430477939288	1679.6738940608773	4.7786753451095307e8	34579.37506959644	6.878080079091152e8
0.022895691658410842	0.02345314446657282	0.023174418062491833	1758.2960987410409	4.6734265946888006e8	36337.67116833748	6.7245812452326e8
0.02345314446657282	0.024021746330898038	0.02373744539873543	1840.5133435444807	4.571219798793236e8	38178.18451188196	6.575260048917515e8
0.024021746330898045	0.02460172023250977	0.024311733281703905	1926.3060812268404	4.471513432384161e8	40104.4905931088	6.429955519991839e8
0.02460172023250977	0.025193293612153726	0.024897506922331746	2016.0787071595043	4.3747862755150205e8	42120.569300268304	6.288553771321183e8
0.025193293612153722	0.02579669845939056	0.02549499603577214	2109.8600147791344	4.2806016373947954e8	44230.42931504744	6.150921209623255e8
0.02579669845939056	0.026412171403572132	0.026104434931481346	2207.865304396561	4.18894861600594e8	46438.294619444	6.016935170754482e8
0.026412171403572136	0.02703995380663734	0.02672606260510474	2310.4163605900553	4.0999760328880453e8	48748.710980034055	5.886493803174664e8
0.02703995380663734	0.027680291857763845	0.027360122832200594	2417.557331230232	4.013300684538487e8	51166.268311264284	5.759478212469496e8
0.027680291857763845	0.028333436669912882	0.028006864263838364	2529.560997285526	3.928955906623465e8	53695.82930854981	5.635781928570975e8
0.028333436669912882	0.0289996443783049	0.028666540524108892	2646.572202508911	3.846751325574038e8	56342.40151105872	5.515294765633909e8
0.028999644378304903	0.02967917624086476	0.029339410309584833	2768.9469850837613	3.7668018604296094e8	59111.3484961425	5.397923550342026e8
0.02967917624086476	0.030372298740675815	0.03002573749077029	2896.7712951883364	3.688821966611531e8	62008.119791330835	5.2835639072154284e8
0.030372298740675818	0.031079283690483094	0.030725791215579456	3030.3876090003237	3.612874185251109e8	65038.50740033116	5.1721243101824456e8
0.031079283690483087	0.03180040833928651	0.031439846014884795	3169.8661902727886	3.538676526571538e8	68208.37359060395	5.0635021035454005e8
0.03180040833928651	0.032535955481066	0.03216818191017626	3315.633955380947	3.466364661370721e8	71524.0075459849	4.9576120137972254e8
0.032535955481066005	0.03328621356568108	0.032911084523373546	3467.9270486514874	3.395832103946305e8	74991.93459463639	4.8543687370010304e8
0.03328621356568108	0.03405147681198846	0.03366884518883477	3627.0797523562105	3.3270647061488813e8	78619.0143469926	4.753692983135164e8
0.03405147681198846	0.03483204532322199	0.03444176106760523	3793.6276445778562	3.260202094989331e8	82412.64199157045	4.6555210784987795e8
0.03483204532322199	0.03562822520468019	0.03523013526395109	3967.2183438171965	3.194610650364405e8	86379.86033538764	4.5597530423790115e8
0.03562822520468018	0.036440328683767544	0.03603427694422386	4148.742373755428	3.1307271990487903e8	90528.60270914307	4.466325299319805e8
0.036440328683767544	0.037268674232436655	0.036854501458102096	4338.3499455999845	3.0683423185795677e8	94866.95265474306	4.3751657405399096e8
0.037268674232436655	0.03811358669207914	0.0376911304622579	4536.718882053477	3.007625634069726e8	99403.67153679654	4.286218988600062e8
0.03811358669207915	0.03897539740091449	0.03854449204649682	4743.61190593534	2.9481165873701984e8	104147.28344273187	4.1994042262462115e8
0.038975397400914484	0.03985444432392653	0.0394149208624205	4960.196752054565	2.8902649927000785e8	109107.48019478643	4.114675984303337e8
0.03985444432392653	0.040751072185398814	0.040302758254662674	5186.173911761176	2.8335933916185385e8	114293.6541065476	4.03196161804686e8
0.040751072185398814	0.04166563260410055	0.04120835239474968	5422.200143290065	2.7782092387211365e8	119715.85424983766	3.951200966555842e8
0.04166563260410054	0.042598484231176306	0.042132058417638424	5669.179973260982	2.724298616777689e8	125385.03422309864	3.872350460436572e8
0.04259848423117632	0.0435499928907936	0.04307423856098496	5926.5879644817	2.671340495836686e8	131311.62218758033	3.795336541596213e8
0.043549992890793594	0.04452053172360322	0.04403526230719841	6196.402737704207	2.6199807529513824e8	137508.02492528452	3.720132488101863e8
0.044520531723603214	0.04551048133306903	0.04501550652833612	6478.273476519284	2.5697716870593002e8	143986.2984018038	3.646685174349419e8
0.045510481333069036	0.04652022993472417	0.0460153556338966	6771.7730060812855	2.5203234193990278e8	150758.0714078851	3.5749206442646396e8
0.04652022993472417	0.047550173508412404	0.04703520172156829	7079.00339078188	2.4722105148977152e8	157837.07479866696	3.5048069084690845e8
0.04755017350841241	0.04860071595357441	0.048075444730993414	7400.251215461375	2.42526440519725e8	165237.32601412834	3.4363037642613286e8
0.04860071595357442	0.04967226924763966	0.04913649260060704	7735.859690695744	2.379356005199865e8	172973.18570482408	3.3693658667562526e8
0.04967226924763965	0.05076525360758619	0.05021876142761292	8086.612268926269	2.334498886975456e8	181059.79797375033	3.303952095293868e8
0.0507652536075862	0.05188009765473167	0.051322675631158936	8452.338854303387	2.2904312501141846e8	189512.1368280537	3.2400078655330193e8
0.051880097654731665	0.05301723858282005	0.052448668118775854	8835.425828366251	2.2475915468939307e8	198347.56265641996	3.177510160204431e8
0.05301723858282006	0.05417712232947021	0.05359718045614513	9235.492854916212	2.205641444341839e8	207583.05551133616	3.1164164702932954e8
0.0541771223294702	0.055360203751053355	0.054768663040261775	9652.399262141094	2.16436056796492e8	217235.45477347725	3.056673547499306e8
0.055360203751053355	0.05656694680106817	0.05596357527606076	10089.673887326842	2.124343430547322e8	227325.1286608041	2.998269184640693e8
0.05656694680106818	0.057797824712083286	0.057182385756575735	10546.794130873279	2.0852316883993256e8	237871.92279167738	2.9411697673649395e8
0.05779782471208328	0.059053320181318696	0.05842557244670099	11022.669838746908	2.0466289888305473e8	248894.5926304243	2.885319372075518e8
0.0590533201813187	0.06033392555993882	0.059693622870628765	11521.376156337788	2.0091235275424376e8	260415.96878676215	2.83070266063888e8
0.06033392555993882	0.06164014304613134	0.06098703430303508	12040.160948608192	1.9720381111735156e8	272456.12973537034	2.777263331337397e8
0.06164014304613134	0.06297248488204772	0.06230631396408953	12586.337360602109	1.936391520369773e8	285042.46709597245	2.7250122974788433e8
0.06297248488204771	0.06433147355468241	0.06365197921836506	13154.8360563913	1.9011632803569472e8	298197.30315236375	2.6738965703511465e8
0.06433147355468241	0.06571764200076981	0.06502455777772612	13747.641191486933	1.866513154408228e8	311944.94434385066	2.6238767149128607e8
0.06571764200076981	0.06713153381577895	0.06642458790827438	14369.432998922692	1.8329028757112372e8	326314.37734277337	2.5749446008350107e8
0.06713153381577895	0.06857370346708827	0.0678526186414336	15017.631860378111	1.7998058640186277e8	341332.00920315145	2.527060227545221e8
0.06857370346708827	0.07004471651142379	0.06930920998925602	15696.326146634117	1.7675569958461452e8	357028.3353497856	2.480207005908894e8
0.07004471651142379	0.071545149816646	0.0707949331640349	16404.55198630705	1.7358700334230524e8	373432.88733609265	2.4343519150516567e8
0.071545149816646	0.07307559178797267	0.07231037080230934	17145.12381641238	1.704890557960914e8	390578.01115250506	2.389473162380853e8
0.07307559178797267	0.07463664259872586	0.07385611719334927	17920.51225592283	1.6746899138667485e8	408498.5234084279	2.3455548659064445e8
0.07463664259872586	0.07622891442569413	0.07543277851221	18729.051778099925	1.6449487821617442e8	427227.5751865278	2.302562682680671e8
0.07622891442569411	0.07785303168920174	0.07704097305744792	19573.79816944465	1.6158024285193133e8	446801.37335597246	2.2604728881941223e8
0.07785303168920174	0.07950963129797951	0.07868133149359063	20456.41917980883	1.587240555018176e8	467257.7925357813	2.2192627566750586e8
0.07950963129797951	0.08119936289893284	0.08035449709845618	21382.30224828018	1.5595183737885377e8	488640.0947840615	2.1789267226044226e8
0.08119936289893284	0.08292288913190524	0.08206112601541904	22348.639331653147	1.532259830913751e8	510988.7341157146	2.1394366972721818e8
0.08292288913190525	0.0846808858895371	0.08380188751072118	23358.078388439622	1.5055169521865717e8	534346.8125041543	2.1007696549994117e8
0.08468088588953708	0.08647404258232155	0.08557746423592932	24411.68549644748	1.4792274032991123e8	558758.4980006018	2.0629003283542216e8
0.08647404258232155	0.08830306240896171	0.08738855249564163	25512.436773503458	1.4534453915463734e8	584270.9347741052	2.0258084423938078e8
0.08830306240896173	0.0901686626321347	0.08923586252054821	26669.005864140432	1.428511392574377e8	610939.9406382457	1.9894957881932256e8
0.09016866263213469	0.09207157485977112	0.09112011874595291	27874.898907046067	1.403913475364577e8	638814.8395452917	1.9539330178963447e8
0.09207157485977113	0.09401254533196028	0.09304206009586571	29134.792862458482	1.3797765411917415e8	667949.6324077502	1.9191002967122146e8
0.09401254533196027	0.09599233521359321	0.09500244027277674	30451.809449499746	1.356122434517062e8	698401.4418572499	1.8849804367184955e8
0.09599233521359321	0.09801172089285881	0.09700202805322601	31828.73761020574	1.3329472553527029e8	730230.1794674557	1.8515571635089135e8
0.0980117208928588	0.1000714942857097	0.09904160758928425	33268.10296012874	1.3102305277226731e8	763498.2824275844	1.8188140513262278e8
0.10007149428570972	0.10217246314641765	0.10112197871606368	34776.4379737933	1.2880979130257675e8	798274.7204013776	1.7867433605166885e8
0.10217246314641763	0.10431545138433972	0.10324395726537867	36353.062926135026	1.2663871057373148e8	834627.7833275127	1.7553280922047246e8
0.10431545138433973	0.10650129938702026	0.10540837538567999	37999.08966689457	1.2450235520858762e8	872626.8729944072	1.7245478715480292e8
0.10650129938702026	0.10873086434975439	0.10761608186838732	39721.28931043375	1.2241184843958332e8	912348.162304841	1.6943903563424364e8
0.10873086434975437	0.1110050206117432	0.10986794248074878	41522.86261058585	1.203648367060396e8	953871.0249154269	1.6648426074383917e8
0.1110050206117432	0.11332465999897179	0.11216484030535749	43405.43961728193	1.1835452254004794e8	997276.4645327087	1.6358884509516957e8
0.11332465999897177	0.11569069217394494	0.11450767608645836	45376.28305336472	1.1638948727916679e8	1.0426527475860735e6	1.6075179251159143e8
0.11569069217394495	0.11810404499241757	0.11689736858318125	47440.778367173334	1.1447119820024572e8	1.0900935259532467e6	1.579722611495227e8
0.11810404499241758	0.12056566486725966	0.11933485492983861	49601.36063666132	1.1259334403101248e8	1.139694886589908e6	1.5524908675694624e8
0.12056566486725963	0.12307651713959854	0.12182109100342908	51856.33948773	1.107415219755402e8	1.191551226077638e6	1.525803176698351e8
0.12307651713959855	0.12563758645738424	0.1243570517984914	54213.975693057044	1.0892407361502671e8	1.2457652017706952e6	1.4996462698048127e8
0.12563758645738424	0.12824987716152564	0.12694373180945495	56678.65004598937	1.0713966416391288e8	1.3024438518166845e6	1.4740069364529634e8
0.12824987716152564	0.13091441367974987	0.12958214542063776	59271.49108933533	1.0541652068024862e8	1.3617153429060199e6	1.448889704682836e8
0.13091441367974987	0.13363224092833859	0.13227332730404423	61983.39589908563	1.037250895196635e8	1.4236987388051054e6	1.4242811845108557e8
0.13363224092833859	0.13640442472189906	0.13501833282511883	64816.72486990936	1.0205974050003226e8	1.488515463675015e6	1.4001654808745512e8
0.13640442472189906	0.13923205219133075	0.1378182384566149	67784.16887012967	1.0043095573998877e8	1.5562996325451445e6	1.3765339669443515e8
0.1392320521913308	0.14211623221015113	0.14067414220074098	70888.39780219104	9.883236064484893e7	1.6271880303473356e6	1.3533747724842453e8
0.1421162322101511	0.14505809582934784	0.14358716401974947	74126.55846877405	9.725120924302483e7	1.7013145888161096e6	1.3306691862010473e8
0.14505809582934784	0.1480587967209285	0.14655844627513817	77539.77597197627	9.573155094325282e7	1.778854364788086e6	1.3084259167092764e8
0.1480587967209285	0.1511195116303408	0.14958915417563465	81144.38241128318	9.427799807186164e7	1.8599987471993691e6	1.2866559069158395e8
0.1511195116303408	0.1542414408379413	0.15268047623414105	84900.08988777047	9.283101353282064e7	1.9448988370871395e6	1.2653340260557283e8
0.1542414408379413	0.15742580862969385	0.15583362473381757	88824.9708915145	9.140385866442288e7	2.033723807978654e6	1.2444445932605763e8
0.15742580862969385	0.16067386377728143	0.15904983620348764	92929.95876886536	8.999967490430745e7	2.1266537667475194e6	1.2239747765868874e8
0.16067386377728143	0.16398688002782077	0.16233037190255112	97252.04021183337	8.864426615961671e7	2.2239058069593525e6	1.2039278752099463e8
0.16398688002782077	0.1673661566033709	0.16567651831559582	101812.84459040072	8.734378232502191e7	2.3257186515497533e6	1.1843106566958213e8
0.1673661566033709	0.17081301871043203	0.16908958765690146	106547.93152369103	8.603248757729264e7	2.432266583073444e6	1.1650904975266874e8
0.170813018710432	0.17432881805963435	0.1725709183850332	111492.98770537942	8.473510385527599e7	2.5437595707788235e6	1.1462514399763945e8
0.17432881805963435	0.17791493339582073	0.17612187572772753	116679.39123422763	8.346769660265432e7	2.660438962013051e6	1.1277880356719118e8
0.17791493339582073	0.18157277103873085	0.1797438522172758	122158.64506896588	8.225585862869745e7	2.7825976070820168e6	1.1097103418607156e8
0.18157277103873087	0.1853037654344992	0.18343826823661502	127879.46636860742	8.105344897563514e7	2.910477073450624e6	1.0920005070707208e8
0.18530376543449914	0.1891093797181828	0.187206572576341	133865.90745975563	7.986899394574e7	3.0443429809103794e6	1.074646823946425e8
0.18910937971818284	0.19299110628754018	0.1910502430028615	140120.5174168637	7.869675035192293e7	3.184463498327243e6	1.0576349137692757e8
0.19299110628754018	0.19695046738828467	0.1949707868379124	146695.75894926625	7.755835137309156e7	3.3311592572765094e6	1.0409640695744595e8
0.19695046738828464	0.20098901571104402	0.19896974154966435	153563.6469715249	7.643007546130419e7	3.484722904248034e6	1.0246196265271844e8
0.20098901571104408	0.20510833500025866	0.20304867535565135	160732.00838796876	7.530985916629697e7	3.645454912636003e6	1.0085866011746956e8
0.20510833500025863	0.2093100406752575	0.20720918783775805	168284.29739934136	7.422927258712476e7	3.8137392100353446e6	9.928695607034208e7
0.2093100406752575	0.21359578046375632	0.2114529105695069	176206.56388511206	7.31718806837979e7	3.989945773920457e6	9.774631123579878e7
0.21359578046375632	0.21796723504802512	0.21578150775589072	184452.4316891324	7.211161969000979e7	4.1743982056095893e6	9.623468306761618e7
0.21796723504802512	0.2224261187239793	0.2201966768860022	193100.40859385848	7.107401104053625e7	4.3674986142034475e6	9.475165748114878e7
0.22242611872397927	0.22697418007345255	0.2247001493987159	202172.86628322612	7.005919470433025e7	4.569671480486674e6	9.329685458155662e7
0.22697418007345255	0.23161320264991528	0.22929369136168393	211609.0793912254	6.903970419766802e7	4.7812805598778995e6	9.186830074585833e7
0.23161320264991528	0.23634500567790726	0.23397910416391127	221582.59435395777	6.806599103740956e7	5.0028631542318575e6	9.0467111889025e7
0.23634500567790728	0.2411714447664591	0.2387582252221832	232003.50766705317	6.710059708802362e7	5.234866661898911e6	8.909213359446235e7
0.24117144476645908	0.24609441263678192	0.2436329287016205	242866.1278843998	6.613682390033855e7	5.477732789783311e6	8.774188759180966e7
0.24609441263678195	0.25111583986451125	0.2486051262506466	254286.87434675425	6.520065856513261e7	5.732019664130066e6	8.641651306435116e7
0.25111583986451125	0.25623769563679516	0.2536767677506532	266129.12317153846	6.425087551808087e7	5.998148787301604e6	8.511371858053546e7
0.2562376956367951	0.2614619885245247	0.25884984208065986	278673.42409314285	6.335014634882228e7	6.276822211394747e6	8.383503283536464e7
0.2614619885245247	0.26679076727000883	0.2641263778972668	291671.3466427179	6.243353595323342e7	6.5684935580374645e6	8.257807998403244e7
0.26679076727000883	0.27222612159040266	0.2695084444302057	305178.58328144014	6.151157591436794e7	6.873672141318904e6	8.134124524802947e7
0.2722261215904027	0.2777701829972044	0.27499815229380353	319480.94385581004	6.063631520775594e7	7.193153085174714e6	8.012606573173362e7
0.2777701829972044	0.28342512563214217	0.2805976543146733	334405.89356106025	5.976584771368368e7	7.527558978735775e6	7.893152872059017e7
0.28342512563214217	0.28919316711977866	0.2863091463759604	349868.95799707435	5.8881930343622185e7	7.877427936732849e6	7.775561256222638e7
0.28919316711977866	0.29507656943716787	0.29213486827847324	366207.7693195	5.803736304935328e7	8.243635706052349e6	7.65995124231494e7
0.2950765694371678	0.3010776398009048	0.2980771046190363	382809.0382132839	5.713098253459416e7	8.626444744265633e6	7.545842339311926e7
0.30107763980090485	0.3071987315719166	0.3041381856864107	400648.11759458325	5.6307700359111086e7	9.027092861860216e6	7.433631805777203e7
0.30719873157191663	0.3134422451783486	0.3103204883751326	419060.05904400494	5.546280031650014e7	9.446152920904221e6	7.323079925775461e7
0.31344224517834857	0.31981062905690916	0.31662643711762883	438307.4845003934	5.462994959042062e7	9.884460405404614e6	7.214158434311412e7
0.3198106290569092	0.326306380613041	0.3230585048349751	458487.4274386879	5.3815969908616126e7	1.0342947832843302e7	7.106880723762378e7
0.326306380613041	0.33293204720029546	0.32961921390666826	479437.0450982221	5.299714626436511e7	1.0822384877941525e7	7.001120646183893e7
0.3329320472002955	0.33969022711929503	0.33631113715979527	501574.91751012765	5.2215457038784616e7	1.1323959795451652e7	6.89700518142331e7
0.33969022711929503	0.34658357063667455	0.3431368988779848	524379.31224702	5.141103115909322e7	1.1848339107698672e7	6.794303630905226e7
0.3465835706366745	0.35361478102440164	0.35009917583053807	548437.3100150772	5.0639599330615096e7	1.2396776417713748e7	6.693124890837736e7
0.35361478102440164	0.3607866156198833	0.35720069832214246	572763.0949335879	4.980761089245416e7	1.2969539512647336e7	6.5930245647209495e7
0.3607866156198833	0.3681018869072746	0.36444425126357893	598865.9573330397	4.9047009901362956e7	1.3568405469980376e7	6.4943557220065825e7
0.36810188690727463	0.37556346362041376	0.3718326752638442	626082.7352424304	4.829271027916103e7	1.4194488205222806e7	6.3970702790268086e7
0.3755634636204137	0.3831742718678156	0.37936886774411466	654044.2876015562	4.751476330863307e7	1.4848532492824363e7	6.300948093556801e7
0.38317427186781555	0.3909372962801655	0.38705578407399055	683230.6483585511	4.674819444818464e7	1.5531763141182914e7	6.205986613559733e7
0.39093729628016555	0.3988555811807625	0.394896438730464	714357.3259347626	4.6035570536724135e7	1.6246120467117677e7	6.112431982392922e7
0.3988555811807624	0.40693223177937127	0.40289390648006684	745108.0110114489	4.522537030190639e7	1.6991228478129126e7	6.0196314107173905e7
0.40693223177937127	0.4151704153899523	0.4110513235846618	778364.3730753078	4.449743522517255e7	1.7769592851204433e7	5.9280201618259154e7
0.4151704153899523	0.4235733626727449	0.4193718890313486	813270.2845292687	4.379053385238525e7	1.85828631357337e7	5.837650587677713e7
0.423573362672745	0.43214436890119345	0.4278588657869692	848000.0064432948	4.3006944319076896e7	1.9430863142177e7	5.748001976993082e7
0.4321443689011934	0.4408867952542109	0.43651558207770214	885233.5605563438	4.228652575924026e7	2.0316096702733345e7	5.659399953650137e7
0.4408867952542108	0.44980407013428864	0.44534543269424975	923561.7978362348	4.15542479528421e7	2.1239658500569582e7	5.571713512421053e7
0.4498040701342887	0.45889969051196805	0.45435188032312834	964429.8810329158	4.0872321391960375e7	2.2204088381602496e7	5.48518201844898e7
0.4588996905119681	0.468177223297201	0.46353845690458456	1.005015365281967e6	4.011846437339474e7	2.320910374688446e7	5.399318115841624e7
0.4681772232972011	0.4776403067381387	0.4729087650176699	1.0484036659894122e6	3.942001445983752e7	2.4257507412873875e7	5.314405118885101e7
0.47764030673813856	0.4872926518478949	0.4824664792930167	1.0930608047118029e6	3.8712644651805736e7	2.535056821758568e7	5.230334945179402e7
0.48729265184789494	0.4971380438598464	0.49221534785387067	1.1381168219243148e6	3.7968127843941174e7	2.6488685039509993e7	5.146841484230056e7
0.49713804385984633	0.5071803437120368	0.5021591937859415	1.187345211127279e6	3.731097909195509e7	2.767603025063727e7	5.064399372357651e7
0.5071803437120368	0.517423489561271	0.5123019166366539	1.2347734208037665e6	3.6549178712732784e7	2.8910803671441037e7	4.9823373908798955e7
0.5174234895612712	0.5278714983274901	0.5226474939443806	1.2858485177581566e6	3.585206779777897e7	3.0196652189199194e7	4.901009528430614e7
0.5278714983274901	0.5385284672690335	0.5331999827982619	1.3387617111784301e6	3.5161306849656105e7	3.1535413900377624e7	4.820409452789678e7
0.5385284672690335	0.5493985755894076	0.5439635214292206	1.3915614343078656e6	3.4427433122112595e7	3.292697533468549e7	4.740243394711569e7
0.5493985755894077	0.5604860860761894	0.5549423308327985	1.4499608341675198e6	3.3791090635294e7	3.437693616885301e7	4.661053104684958e7
0.5604860860761894	0.5717953467727067	0.5661407164244481	1.5034582666777195e6	3.3005329750736702e7	3.588039443553073e7	4.581912053687207e7
0.5717953467727067	0.5833307926831544	0.5775630697279306	1.5634372322024829e6	3.233128235843578e7	3.7443831667733215e7	4.503466822009539e7
0.5833307926831544	0.595096947511811	0.5892138700974827	1.6275589820907505e6	3.1705306676458765e7	3.907139064982396e7	4.425955998940134e7
0.5950969475118111	0.6070984254370408	0.601097686474426	1.6837427900064494e6	3.089773289747384e7	4.0755133439830415e7	4.3482688732941486e7
0.6070984254370407	0.619339932920775	0.6132191791789079	1.7555316547867127e6	3.0347157394688245e7	4.251066509461713e7	4.2719094859810695e7
0.619339932920775	0.631826270554184	0.6255831017374796	1.816707161389508e6	2.9583908745218895e7	4.4327372256006636e7	4.195563895694057e7
0.631826270554184	0.6445623349402613	0.6381943027472227	1.8825308021451607e6	2.887863901117514e7	4.62099030581518e7	4.1195680049186885e7
0.6445623349402613	0.65755312061406	0.6510577277771606	1.9620894771348326e6	2.8354377805619814e7	4.817199253528663e7	4.044952923709155e7
0.65755312061406	0.6708037220013348	0.6641784213076973	2.0234747198171723e6	2.7546625313574765e7	5.01954672551038e7	3.969990806471229e7
0.6708037220013346	0.6843193354163548	0.6775615287088448	2.105742719018697e6	2.7005225234492358e7	5.2301209974122494e7	3.8962489077201374e7
0.6843193354163548	0.6981052610996754	0.6912122982580151	2.1752220045177895e6	2.6279704742669705e7	5.447643197864028e7	3.822586421700266e7
0.6981052610996754	0.7121669052966624	0.7051360831981689	2.2565510258473954e6	2.568259597146282e7	5.673298300448768e7	3.749744234857628e7
0.7121669052966624	0.7265097823775891	0.7193383438371257	2.3354178013947504e6	2.5040190944670852e7	5.906840080588243e7	3.6774112860131346e7
0.7265097823775891	0.7411395170001344	0.7338246496888617	2.4180372510303403e6	2.4424051037027866e7	6.148643805691277e7	3.6057101725126974e7
0.7411395170001344	0.7560618463151305	0.7486006816576325	2.5043841204159753e6	2.3830855897223536e7	6.399082217732875e7	3.534737060621011e7
0.7560618463151304	0.7712826222164265	0.7636722342657785	2.5903782992233383e6	2.3221387157777917e7	6.658120047655209e7	3.464354873799348e7
0.7712826222164265	0.7868078136357485	0.7790452179260875	2.673816926615591e6	2.2581102166165303e7	6.925501740316768e7	3.394350152083909e7
0.7868078136357485	0.8026435088834569	0.7947256612596028	2.77592893691317e6	2.208576784199883e7	7.203094634008086e7	3.325541851697693e7
0.8026435088834569	0.8187959180361195	0.8107197134597882	2.861283844532151e6	2.1446574672568288e7	7.489223018461299e7	3.257025415196861e7
0.8187959180361196	0.8352713753718355	0.8270336467039776	2.957805494313591e6	2.088630179452916e7	7.785003567892659e7	3.189241533552078e7
0.8352713753718353	0.8520763418542654	0.8436738586130503	3.0523873485445697e6	2.0306196573117178e7	8.090242302747115e7	3.122032344955743e7
0.8520763418542654	0.8692174076663441	0.8606468747603048	3.1667819256080524e6	1.984751429632296e7	8.406920495307921e7	3.056068504850774e7
0.8692174076663441	0.8867012947946644	0.8779593512305043	3.258606438916846e6	1.9240700658597868e7	8.732781139199606e7	2.990418279820514e7
0.8867012947946645	0.9045348596655512	0.8956180772301079	3.3611811421149285e6	1.869751272804541e7	9.068899253411098e7	2.9254322311276093e7
0.9045348596655511	0.9227250958338555	0.9136299777497033	3.4728004635429014e6	1.8200218460935116e7	9.416179299765389e7	2.861337672179364e7
0.9227250958338556	0.9412791367255261	0.9320021162796909	3.581790086851931e6	1.768494105982005e7	9.774358308450581e7	2.797978337860993e7
0.9412791367255261	0.96020425843503	0.950741697580278	3.703558531206517e6	1.722785644704822e7	1.0144714161571233e8	2.735648674648187e7
0.9602042584350299	0.9795078825787238	0.9698560705068768	3.8116907401833013e6	1.6704751758846847e7	1.0525883235589564e8	2.673905981583848e7
0.9795078825787238	0.9991975792052916	0.9893527308920077	3.923958121027996e6	1.6201634370764272e7	1.0918279047692363e8	2.612831846872636e7
0.9991975792052917	1.0192810697643908	1.0092393244848412	4.0384377615001425e6	1.5709475087110478e7	1.1322122823842376e8	2.5524507851710398e7
1.0192810697643908	1.039766230134672	1.0295236499495313	4.182677413865931e6	1.5329152871440602e7	1.1740390565228969e8	2.493370465885431e7
1.039766230134672	1.0606610937123586	1.0502136619235154	4.31199882405409e6	1.4888795906505719e7	1.2171590447634378e8	2.4351673108031e7
1.0606610937123588	1.0819738545615993	1.071317474136979	4.404488629319503e6	1.4328318172117308e7	1.2612039310566328e8	2.377094281992196e7
1.0819738545615993	1.1037128706278245	1.0928433625947118	4.541350330045843e6	1.3918905931202834e7	1.3066174343570913e8	2.320018876585932e7
1.1037128706278245	1.1258866670153744	1.1147997688215994	4.685655120721054e6	1.353045317699559e7	1.353473985564302e8	2.2640044443523485e7
1.1258866670153742	1.148503939330675	1.1371953031730246	4.847023620285415e6	1.3186836300557688e7	1.401944221767156e8	2.209248954977438e7
1.1485039393306753	1.171573557092282	1.1600387482114787	4.955146183266569e6	1.2701262840194214e7	1.451495683599822e8	2.1548570085266773e7
1.171573557092282	1.195104567209121	1.1833390621507016	5.077143734994787e6	1.226129415800825e7	1.50226712094977e8	2.1010715137533274e7
1.195104567209121	1.2191061975282966	1.2071053823687088	5.244541913372505e6	1.1933072333250418e7	1.554712540083495e8	2.0485042767501153e7
1.2191061975282966	1.2435878604538557	1.2313470289910762	5.398973083353191e6	1.1574044412734669e7	1.608702270917027e8	1.9969061006802354e7
1.243587860453856	1.2685591566379264	1.2560735085458912	5.524132354581113e6	1.1157546606353875e7	1.6639435944628382e8	1.945887899916584e7
1.268559156637926	1.2940298787456777	1.2812945176918018	5.697667037182127e6	1.0842606763968986e7	1.7209202648346594e8	1.8960039023504913e7
1.2940298787456779	1.3200100152955847	1.3070199470206312	5.836968788915482e6	1.0465436507180326e7	1.7792899527238142e8	1.8468279479377255e7
1.3200100152955847	1.3465097545764897	1.3332598849360373	5.992218032349282e6	1.01226033686269e7	1.839212133047307e8	1.798517641552005e7
1.3465097545764895	1.3735394886430126	1.360024621609751	6.156555818130953e6	9.798923061654324e6	1.9007776912286165e8	1.7511335458749853e7
1.3735394886430126	1.401109817390866	1.3873246530169392	6.314284233436843e6	9.468949887111954e6	1.963920533562985e8	1.7045854347890653e7
1.401109817390866	1.4292315527136765	1.4151706850522712	6.47650599145926e6	9.150753420162981e6	2.0286855934775776e8	1.6588929043903705e7
1.4292315527136763	1.457915722742943	1.4435736377283095	6.647280033894321e6	8.84911112303744e6	2.095158393816521e8	1.6141020649175573e7
1.4579157227429431	1.487173576172795	1.4725446494578691	6.819459987661289e6	8.553550631035587e6	2.163352993693134e8	1.5701957535754766e7
1.487173576172795	1.5170165866712442	1.5020950814220195	6.983867603080424e6	8.253428030925495e6	2.233191669723938e8	1.5270962195998142e7
1.5170165866712444	1.5474564573796623	1.5322365220254532	7.166665898305601e6	7.97992092922848e6	2.3048583287069935e8	1.4849106220897194e7
1.5474564573796623	1.5785051255022486	1.5629807914409555	7.356759500771801e6	7.718131195858809e6	2.3784259237147114e8	1.4436537100607969e7
1.5785051255022486	1.6101747669872868	1.5943399462447676	7.503810023173994e6	7.417416816436461e6	2.4534640239464512e8	1.4030464046696506e7
1.6101747669872866	1.6424778013020254	1.626326284144656	7.707347757670887e6	7.178308719012791e6	2.53053750152316e8	1.3634073866857449e7
1.6424778013020256	1.6754268963030592	1.6589523488025424	7.881612562186504e6	6.916392452608624e6	2.609353627145025e8	1.3245485496208424e7
1.6754268963030592	1.7090349732041135	1.6922309347535864	8.073013481467329e6	6.674959224510957e6	2.690083761959698e8	1.2865431102881676e7
1.709034973204113	1.7433152116431883	1.7261750924236505	8.26556494705197e6	6.43924397438924e6	2.7727394114302176e8	1.2493746421882477e7
1.7433152116431885	1.7782810548510453	1.7607981332471168	8.457671461282987e6	6.208169009861072e6	2.8573161260430473e8	1.2130214422985455e7
1.7782810548510457	1.8139462149230596	1.7961136348870528	8.657419402442575e6	5.987596505794953e6	2.943890320067473e8	1.1774969723534059e7
1.8139462149230594	1.8503246781965137	1.8321354465597866	8.845549924681092e6	5.76422868321898e6	3.032345819314284e8	1.1427370161288818e7
1.8503246781965135	1.8874307107354367	1.868877694465975	9.047826838086227e6	5.555381230521007e6	3.122824087695146e8	1.1087812150880529e7
1.887430710735437	1.9252788639251386	1.9063547873302877	9.25256156517934e6	5.352857754309659e6	3.2153497033469397e8	1.0756195208176672e7
1.9252788639251386	1.9638839801786343	1.9445814220518864	9.454705632429795e6	5.153790431321203e6	3.3098967596712375e8	1.0432258884744072e7
1.9638839801786343	2.0032611987571998	1.983572589467917	9.67009913575381e6	4.966672996802712e6	3.4065977510287756e8	1.0116248950523017e7
2.0032611987571998	2.0434259617073365	2.023343580232268	9.872057870355923e6	4.77748231339953e6	3.5053183297323346e8	9.807586206496898e6
2.0434259617073365	2.084394019916476	2.063909990811906	1.0051370895824175e7	4.583257825378329e6	3.6058320386905766e8	9.50555389074853e6
2.084394019916476	2.1261814392897986	2.1052877296031376	1.027226892986816e7	4.41340505847454e6	3.7085547279892594e8	9.211176735699832e6
2.126181439289799	2.1688046070505878	2.1474930231701936	1.0507925322379943e7	4.253864090928189e6	3.813633981213059e8	8.92460735420396e6
2.1688046070505878	2.2122802381665925	2.19054242260859	1.0743143371580712e7	4.097868523512982e6	3.921065414928866e8	8.645598412011573e6
2.212280238166592	2.2566253819049167	2.234452810035754	1.0954213048864333e7	3.9370290905714636e6	4.030607545417509e8	8.373432009479886e6
2.256625381904917	2.3018574285180082	2.2792414052114625	1.1136734888367329e7	3.7714371436594944e6	4.1419748943011826e8	8.107437136986643e6
2.3018574285180082	2.347994116063361	2.3249257722906846	1.136825767092955e7	3.6274814381977795e6	4.255657471010478e8	7.848506877151419e6
2.347994116063361	2.395053537359621	2.371523826711491	1.1598563060683692e7	3.4872132523630843e6	4.371643101617315e8	7.596445258052429e6
2.395053537359621	2.4430541470818063	2.4190538422207135	1.1820160990440981e7	3.3485859801345314e6	4.4898447115217245e8	7.350949399022411e6
2.4430541470818063	2.4920147689984353	2.467534458040121	1.2050156787663363e7	3.2165862961038407e6	4.610346279398358e8	7.112022161622269e6
2.4920147689984353	2.5419546033533966	2.516984686175916	1.2280331988338178e7	3.088714398212384e6	4.7331495992817396e8	6.879521801246629e6
2.5419546033533966	2.5928932343954574	2.567423918874427	1.2522619617143406e7	2.9677590883449824e6	4.8583757954531735e8	6.653475952922531e6
2.5928932343954574	2.6448506380583594	2.6188719362269084	1.2738164905176997e7	2.8445056008114223e6	4.9857574445049435e8	6.433378202984216e6
2.644850638058359	2.6978471897945187	2.6713489139264386	1.2973373658813978e7	2.729731763339921e6	5.115491181093083e8	6.2193742357167695e6
2.697847189794519	2.751903672565402	2.7248754311799606	1.3218565133963581e7	2.6207109159126384e6	5.247676832432719e8	6.011443771956618e6
2.7519036725654016	2.807041284991702	2.779472478778552	1.3437709465538017e7	2.5103161982787084e6	5.382053927088099e8	5.809155947039671e6
2.8070412849917026	2.863281649666529	2.835161467329116	1.3679779368548678e7	2.407971068027458e6	5.518851720773585e8	5.612649298401131e6
2.8632816496665288	2.920646821634852	2.8919642356506903	1.3907512291219413e7	2.3067005173811526e6	5.657926843685781e8	5.421651385659501e6
2.920646821634852	2.9791592970425413	2.9499030593386966	1.4155845230551884e7	2.212318966441173e6	5.799485295991299e8	5.23624146002351e6
2.979159297042542	3.038842021958385	3.0090006595004635	1.4401388088801285e7	2.1207381192489597e6	5.943499176879312e8	5.056258017915465e6
3.038842021958385	3.099718401372545	3.069280211665465	1.4643685111980831e7	2.031909620142093e6	6.08993602799912e8	4.881546120346303e6
3.099718401372545	3.1618123083749885	3.130765354873767	1.4883255859396787e7	1.9459148046406931e6	6.238768586593088e8	4.711964503796252e6
3.161812308374988	3.2251480935174803	3.193480200946234	1.510775240199216e7	1.8612218605764215e6	6.38984611061301e8	4.547291604392501e6
3.2251480935174803	3.2897505943628222	3.2574493439401513	1.534742497770835e7	1.7815858252428074e6	6.543320360390093e8	4.387535590384344e6
3.2897505943628227	3.3556451452250715	3.322697869793947	1.5591959768677091e7	1.705475165315292e6	6.699239958076864e8	4.232615704341932e6
3.355645145225072	3.422857587104566	3.389251366164819	1.583845029749265e7	1.632417928315681e6	6.857624461051791e8	4.082428610652502e6
3.422857587104566	3.4914142778216495	3.4571359324631077	1.6085429084855143e7	1.5621610192067032e6	7.018478751900343e8	3.9368623424180592e6
3.491414277821649	3.5613421023530742	3.5263781900873616	1.6332396230607588e7	1.4945760594364654e6	7.181802714206419e8	3.7958040035385857e6
3.5613421023530742	3.632668483375128	3.597005292864101	1.6579116440412093e7	1.4295684156397234e6	7.34759387861054e8	3.6591417708379715e6
3.6326684833751277	3.7054213920176227	3.669044937696375	1.6831566711252056e7	1.3675525583825116e6	7.51590954572306e8	3.5267942339897794e6
3.705421392017622	3.779629358832967	3.7425253754252945	1.7065402042630147e7	1.3065089567271431e6	7.686563566149362e8	3.3985680666766944e6
3.7796293588329672	3.8553214849846187	3.817475421908793	1.7290645737717323e7	1.2473373213276237e6	7.859470023526535e8	3.2743330887926915e6
3.855321484984619	3.932527453659304	3.8939244693219615	1.7537128415439267e7	1.1920884167200853e6	8.034841307680928e8	3.1540850852203458e6
3.9325274536593033	4.011277541707481	3.9719024976833923	1.778397810022375e7	1.1390862735412433e6	8.212681088683164e8	3.037723308068719e6
4.011277541707481	4.091602631516623	4.051440086612052	1.8028757038020708e7	1.0881070761693781e6	8.392968659063371e8	2.925139916821124e6
4.091602631516623	4.173534223121948	4.132568427319285	1.8272431280834433e7	1.0391560004378062e6	8.575692971871716e8	2.8162336112391986e6
4.173534223121948	4.257104446559379	4.215319334840663	1.8515179547461394e7	992181.9339455506	8.76084476734633e8	2.710906002347349e6
4.257104446559379	4.342346074465558	4.299725260512469	1.8757708311528917e7	947158.2413240076	8.948421850461619e8	2.6090628570019067e6
4.342346074465559	4.429292534929862	4.38581930469771	1.90008867883201e7	904058.2351996744	9.13843071834482e8	2.510613854149875e6
4.4292925349298615	4.517977924603451	4.473635229766656	1.9244690050606854e7	862806.9128583381	9.330877618850888e8	2.4154695684951795e6
4.51797792460345	4.608437022070511	4.5632074733369805	1.94891578298129e7	823334.4851879104	9.525769197149017e8	2.3235417193643074e6
4.608437022070511	4.700705301486913	4.654571161778712	1.973356244775151e7	785542.4121586161	9.723104821626532e8	2.234741444164364e6
4.700705301486913	4.794818946491643	4.747762123989277	1.997722140705174e7	749342.7352946355	9.922877035697049e8	2.1489799426294575e6
4.794818946491643	4.890814864396467	4.842816905444055	2.0220411806954965e7	714688.9159210245	1.0125081153766599e9	2.0661708642671274e6
4.890814864396468	4.988730700659389	4.939772782527928	2.0463660428711947e7	681541.575253745	1.0329717758053718e9	1.9862305797802664e6
4.988730700659389	5.088604853647568	5.038667777153478	2.0658188067933124e7	648311.2921210083	1.0536299638733048e9	1.9089885349102214e6
5.088604853647569	5.190476489695512	5.13954067167154	2.090917164129728e7	618316.5197985456	1.0745391355146022e9	1.8344756158318375e6
5.190476489695511	5.294385558464413	5.242431024079962	2.1160131956399705e7	589624.3179269078	1.0956992674710019e9	1.7626093372811568e6
5.294385558464413	5.400372808608692	5.347379183536552	2.137299502961034e7	561184.5638687902	1.1170722625006123e9	1.69325136049821e6
5.400372808608693	5.508479803755858	5.454426306182276	2.162321709009422e7	534988.2879111305	1.1386954795907066e9	1.626386283224601e6
5.508479803755859	5.618748938805967	5.563614371280913	2.1862044512243137e7	509681.2829359003	1.1605575241029496e9	1.5619214209305244e6
5.618748938805966	5.731223456557077	5.6749861976815215	2.210183132098061e7	485534.86531455116	1.1826593554239302e9	1.4997851094324838e6
5.7312234565570765	5.845947464663209	5.788585460610143	2.2296510414092086e7	461544.5295838359	1.2049558658380222e9	1.4398518419768289e6
5.845947464663211	5.962965952931467	5.904456708797339	2.2523248048110623e7	439331.73147708917	1.227479113886133e9	1.3820969638350122e6
5.962965952931466	6.082324810965086	6.022645381948276	2.2741573598163895e7	417991.25340359285	1.2502206874842968e9	1.3264449944362491e6
6.082324810965086	6.204070846159379	6.143197828562233	2.299228538707195e7	398211.9002602987	1.2732129728713686e9	1.2728645760697725e6
6.20407084615938	6.328251802057558	6.266161324108468	2.323352117893166e7	379168.99296401377	1.2964464940503004e9	1.2212785625767736e6
6.328251802057558	6.4549163770737	6.3915840895656295	2.3419505315105386e7	360148.37193513947	1.3198659993654058e9	1.1715730442959124e6
6.454916377073701	6.584114243590166	6.519515310331934	2.36219018325524e7	342298.3632101051	1.3434879011979582e9	1.1237069754742603e6
6.584114243590165	6.71589606743696	6.650005155513563	2.3830703299333595e7	325396.82079367567	1.3673186044972918e9	1.0776288610598594e6
6.715896067436961	6.850313527760691	6.783104797598826	2.409032593157372e7	309960.14874212176	1.3914089304288654e9	1.0333199884786695e6
6.85031352776069	6.987419337290895	6.9188664325257925	2.433260012779769e7	295011.3282425365	1.415741530556663e9	990706.3362474955
6.987419337290895	7.127267263011704	7.057343300151299	2.4517804898073744e7	280103.79488236894	1.4402593354547367e9	949692.385514119
7.127267263011705	7.269912147246929	7.198589705129317	2.4667428678509854e7	265551.50291073276	1.4649267641332467e9	910206.2561769967
7.269912147246929	7.4154099291668585	7.342661038206893	2.4933908589868255e7	252931.52101775556	1.489860672723115e9	872271.2425480095
7.415409929166858	7.5638176667251855	7.489613797946022	2.515916204240951e7	240489.82494730342	1.5150198347655249e9	835808.0617260095
7.5638176667251855	7.71519355903468	7.639505612879933	2.531097128293804e7	227980.40075979038	1.5403308060484629e9	800727.8124565542
7.715193559034678	7.869596969190362	7.79239526411252	2.5500441749520693e7	216433.65584903612	1.5658312477979836e9	767006.1972074684
7.869596969190363	8.027088447549161	7.948342708369762	2.577319830018077e7	206126.58784479054	1.5916044460981643e9	734636.3090819897
8.027088447549161	8.187729755475134	8.107409101512147	2.5887349700240478e7	195093.19008593593	1.6174917957984047e9	703498.1789392373
8.187729755475134	8.351583889559627	8.26965682251738	2.6099542155527882e7	185343.106879418	1.6435913379539325e9	673594.7458334289
8.351583889559627	8.51871510632581	8.435149497942719	2.634552079469438e7	176294.82866362223	1.669936858748627e9	644895.2207753713
8.51871510632581	8.689188947427317	8.603952026876563	2.6447495414788265e7	166765.7157839734	1.6963843541634152e9	617302.3434260408
8.689188947427317	8.863072265350853	8.776130606389085	2.6731967368257307e7	158833.74545082738	1.7231163215316725e9	590844.3892699608
8.863072265350853	9.04043324963286	8.951752757491857	2.6922993388965134e7	150738.79043067896	1.7500393149206376e9	565446.4271576181
9.04043324963286	9.221341453600507	9.130887351616684	2.7021827307836793e7	142562.86411040527	1.7770611422284744e9	541042.5861390656
9.221341453600507	9.405867821647508	9.313604637624007	2.7296434618633047e7	135702.49233906265	1.8043575768471074e9	517651.389466966
9.405867821647508	9.594084717055448	9.499976269351478	2.739561389930905e7	128337.42478732356	1.8317531907464166e9	495185.25044080865
9.594084717055447	9.786065950371546	9.690075333713496	2.7580166890619222e7	121747.41142120372	1.8593333576370358e9	473635.48978659534
9.786065950371546	9.981886808353966	9.883976379362757	2.778603400953091e7	115579.323144472	1.8871193916465669e9	452973.55234716367
9.981886808353966	10.181624083496034	10.081755445925001	2.789781916722173e7	109348.98292977829	1.9150172108137887e9	433144.59260147205
10.181624083496034	10.385356104140945	10.28349009381849	2.8152601231911566e7	103981.02622891722	1.9431698120457e9	414150.2878706731
10.385356104140945	10.593162765198754	10.48925943466985	2.8227962891722742e7	98244.07110458716	1.9713977749374228e9	395921.16323237214
10.593162765198754	10.805125559477718	10.699144162338236	2.8524705258488264e7	93549.05022448718	1.999922480195911e9	378473.1711771696
10.805125559477718	11.021327609642261	10.91322658455999	2.8597436286634702e7	88376.51680302134	2.0285199164825456e9	361733.6667988832
11.021327609642261	11.241853700810095	11.131590655226178	2.8794692350672077e7	83852.09937213224	2.0573146088332176e9	345699.1511610199
11.241853700810095	11.466790313801287	11.35432200730569	2.8894127913645864e7	79287.17769089699	2.0862087367468634e9	330326.5928274906
11.466790313801285	11.696225659052299	11.581507986426793	2.9077310487412713e7	75186.45723707255	2.115286047234276e9	315604.5672119628
11.6962256590523	11.930249711208337	11.813237685130318	2.9217326986705907e7	71189.8429341582	2.144503374220982e9	301501.53166196035
11.930249711208337	12.168954244407493	12.049601977807914	2.9349841834257968e7	67386.9233780549	2.17385321605524e9	287992.93401465117
12.168954244407491	12.41243286827063	12.290693556339061	2.948767571691469e7	63797.38177457631	2.203340891772155e9	275056.7754200711
12.41243286827063	12.660781064611031	12.53660696644083	2.974824900548842e7	60647.975809308286	2.233089140777643e9	262685.41108017846
12.66078106461103	12.914096224878238	12.787438644744633	2.980592377798121e7	57259.85086548963	2.2628950645556245e9	250832.4682298735
12.91409622487824	13.172477688350792	13.043286956614516	3.0008577969100643e7	54323.26920793875	2.292903642524725e9	239494.0785487674
13.172477688350792	13.436026781092796	13.304252234721794	3.001646412141027e7	51202.71627162615	2.3229201066461353e9	228629.92895319598
13.436026781092798	13.704846855689642	13.570436818391219	3.027603724486831e7	48665.99569397281	2.3531961438910036e9	218246.33435244297
13.70484685568964	13.97904333177842	13.84194509373403	3.0279443558490887e7	45863.554606568825	2.3834755874494944e9	208300.22807026777
13.979043331778422	14.258723737388978	14.1188835345837	3.0448115291207835e7	43458.38649635037	2.4139237027407026e9	198789.28237736094
14.258723737388976	14.543997751111744	14.401360744250361	3.0649294656848267e7	41221.81865467077	2.444572997397551e9	189698.11036600292
14.543997751111744	14.834977245108966	14.689487498110356	3.0745969692106612e7	38966.2361229553	2.475318967089658e9	181001.38865124402
14.834977245108968	15.131776328986135	14.98337678704755	3.0908436727831516e7	36912.29243154976	2.506227403817489e9	172687.98647338434
15.131776328986136	15.434511394540847	15.283143861763492	3.0891636189502865e7	34763.91801344929	2.537119040006992e9	164730.33365641645
15.434511394540843	15.743301161406647	15.588906277973745	3.108009166725909e7	32958.24177136299	2.568199131674251e9	157127.67176496814
15.743301161406647	16.058266723609766	15.900783942508205	3.1174264677676097e7	31151.00123987318	2.5993733963519273e9	149859.42399759052
16.05826672360977	16.37953159705695	16.218899160333358	3.124746065905018e7	29422.845808116508	2.6306208570109773e9	142910.85429577867
16.37953159705695	16.707221767973074	16.54337668251501	3.1491659764311254e7	27942.145853393893	2.6621125167752886e9	136277.79122987745
16.707221767973074	17.041465742307523	16.8743437551403	3.1484021911288917e7	26323.811471287885	2.6935965386865773e9	129934.08679020627
17.041465742307526	17.382394596128663	17.211930169218093	3.1618821973238323e7	24911.433131607097	2.725215360659816e9	123874.92516705599
17.382394596128663	17.730142027026222	17.55626831157744	3.1704217231332026e7	23537.732491120023	2.7569195778911476e9	118086.11770230248
17.730142027026222	18.084844406541734	17.907493216783976	3.176570742143237e7	22222.902251294185	2.78868528531258e9	112555.45964479685
18.08484440654173	18.44664083364755	18.265742620094642	3.179984655248927e7	20963.414441998426	2.8204851318650694e9	107271.2471245166
18.446640833647553	18.81567318929549	18.631157011471522	3.205300738421243e7	19911.346216685222	2.852538139249282e9	102231.22550230546
18.81567318929549	19.192086192056387	19.003879690675937	3.2039232778025478e7	18754.646531428723	2.8845773720273075e9	97415.26738423157
19.192086192056387	19.5760274548725	19.38405682346444	3.2135490013893325e7	17725.83599611117	2.9167128620412006e9	92817.82153957579
19.5760274548725	19.967647542944935	19.771837498908717	3.2131380316615395e7	16701.146855076226	2.948844242357816e9	88426.51677541468
19.967647542944935	20.36710003277882	20.167373787861877	3.2296021526703026e7	15818.348372632801	2.981140263884519e9	84237.64397407157
20.367100032778815	20.774541572409376	20.570820802594096	3.2323819179955795e7	14918.668387980028	3.013464083064475e9	80238.54836220147
20.77454157240938	21.19013194283255	20.982336757620963	3.24203872824155e7	14100.059804493148	3.0458844703468904e9	76422.95646666676
21.19013194283255	21.614034120664186	21.40208303174837	3.244968170527329e7	13298.683265390233	3.0783341520521636e9	72781.2739430344
21.61403412066419	22.046414342052458	21.830224231358322	3.2549988947718095e7	12570.268987269515	3.1108841409998817e9	69307.67523202483
22.046414342052458	22.48744216786849	22.266928254960476	3.26266182798554e7	11873.025199897536	3.143510759279737e9	65994.26000495016
22.48744216786849	22.937290550200846	22.712366359034668	3.256124342182945e7	11165.700817998406	3.176072002701566e9	62831.20408011835
22.937290550200842	23.396135900179843	23.166713225190342	3.2716324385348953e7	10571.71056210649	3.208788327086915e9	59816.36995596229
23.396135900179846	23.86415815715843	23.630147028669136	3.2686249245663937e7	9952.717398852647	3.241474576332579e9	56939.76292242396
23.86415815715842	24.341540859276574	24.102849508217496	3.2814586161892626e7	9415.41385043213	3.2742891624944715e9	54198.12002642731
24.341540859276574	24.828471215437087	24.58500603735683	3.2866996464278847e7	8886.453416648099	3.3071561589587502e9	51584.13534102512
24.82847121543709	25.325140178720815	25.076805697078953	3.2802993421071876e7	8357.53038998264	3.3399591523798223e9	49090.445383231345
25.32514017872082	25.83174252127022	25.57844134999552	3.2903286973090395e7	7899.504986604674	3.3728624393529124e9	46714.19939903936
25.831742521270215	26.348476910670602	26.090109715970407	3.2844815834783137e7	7430.59505726838	3.4057072551876955e9	44447.99327514668
26.348476910670605	26.875545987859	26.612011449264802	3.2974754894607853e7	7029.664128883889	3.438682010082304e9	42289.39962743056
26.875545987858995	27.413156446591156	27.144351217225076	3.3011354082046002e7	6631.513190488257	3.47169336416435e9	40232.36995933694
27.41315644659116	27.961519114497964	27.68733778054456	3.289357127787744e7	6226.682030409361	3.5045869354422274e9	38270.65904922929
27.961519114497964	28.520849035762904	28.241184075130434	3.3022192515352037e7	5890.443428342406	3.5376091279575796e9	36402.724335652805
28.52084903576291	29.09136555545315	28.80610729560803	3.3032497365260452e7	5552.390172596188	3.57064162532284e9	34623.050676250255
29.091365555453145	29.67329240553719	29.382328980495167	3.304556961766398e7	5234.1763700684005	3.603687194940504e9	32927.69032066824
29.67329240553719	30.266857792622915	29.970075099080052	3.308930985285138e7	4938.777025850446	3.6367765047933555e9	31313.094928948078
30.266857792622922	30.87229448745036	30.56957614003664	3.3001360402470864e7	4641.519823819184	3.6697778651958265e9	29774.497638844663
30.872294487450354	31.48983991617434	31.181067201812347	3.2986756105890244e7	4371.844316350671	3.702764621301717e9	28309.10490134797
31.489839916174343	32.11973625347281	31.804788084823578	3.3091113345916644e7	4132.693757732228	3.7358557346476336e9	26914.454144400872
32.11973625347281	32.762230517517246	32.44098338549503	3.316335543537685e7	3902.8074949523243	3.76901909008301e9	25586.998441983156
32.762230517517246	33.41757466684257	33.08990259217991	3.2911599424137972e7	3649.761832160025	3.8019306895071483e9	24321.525125422482
33.41757466684257	34.0860256991544	33.75180018299848	3.299139710248573e7	3447.5705890417735	3.834922086609634e9	23117.391836883773
34.086025699154405	34.76784575211247	34.42693572563344	3.316915696424585e7	3266.2082155667113	3.8680912435738797e9	21972.261244125944
34.767845752112464	35.46330220612969	35.11557397912108	3.298027664707296e7	3060.2770847956826	3.9010715202209525e9	20881.312086775095
35.4633022061297	36.17266778922727	35.81798499767848	3.289178893345325e7	2876.0141716407943	3.9339633091544056e9	19842.66847132449
36.17266778922727	36.89622068398679	36.53444423660703	3.2964527580275808e7	2716.110919139902	3.966927836734682e9	18854.717997101172
36.8962206839868	37.63424463664151	37.265232660314155	3.3101586344876606e7	2570.0798530562442	4.000029423079559e9	17915.336325358523
37.634244636641505	38.387029068349314	38.01063685249541	3.289180591210364e7	2406.4826732779384	4.0329212289916625e9	17020.708166596483
38.387029068349314	39.15486918869128	38.7709491285203	3.2779692566171117e7	2259.9412594730297	4.0657009215578337e9	16169.235510504004
39.15486918869128	39.93806611144008	39.54646765006568	3.281607199172673e7	2131.945848014723	4.0985169935495605e9	15359.498510578935
39.93806611144008	40.73692697264386	40.33749654204197	3.297339906848914e7	2018.6016955056577	4.1314903926180496e9	14589.934574210207
40.736926972643865	41.55176505107172	41.14434601185779	3.281485377658743e7	1893.018122967016	4.164305246394637e9	13857.520090058588
41.55176505107172	42.38289989106813	41.96733247106992	3.2631098356929634e7	1773.8357984591973	4.196936344751567e9	13160.481162857805
42.38289989106812	43.23065742786446	42.80677865946629	3.264088352811022e7	1672.0185595329092	4.229577228279677e9	12497.778680681879
43.23065742786446	44.09537011539672	43.66301377163059	3.2626883835390847e7	1574.8974847131165	4.262204112115068e9	11867.70268936829
44.09537011539672	44.97737705667963	44.536373586038174	3.2533062997927345e7	1479.7869408122838	4.294737175112995e9	11268.486969964983
44.977377056679636	45.8770241367882	45.42720059673392	3.242214596886554e7	1389.67605501964	4.327159321081861e9	10698.639625948148
45.8770241367882	46.79466415849894	46.33584414764357	3.2270078344648924e7	1303.3752094879615	4.35942939942651e9	10156.68621105903
46.79466415849895	47.7306569806439	47.26266056957142	3.144992084874166e7	1196.9793243087745	4.390879320275251e9	9639.858413351732
47.73065698064389	48.685369659231746	48.20801331993782	2.9343456607474536e7	1052.388406277747	4.420222776882726e9	9144.50355713921
48.685369659231746	49.65917659139136	49.17227312531155	2.5197706195142426e7	851.5762047256195	4.445420483077868e9	8666.13987595688
49.65917659139135	50.65245966219415	50.15581812679275	1.9362721718135726e7	616.6328746526434	4.464783204796003e9	8201.818386133988
50.652459662194154	51.665608394413006	51.15903402830358	1.3929343116890363e7	418.01195434121763	4.478712547912893e9	7752.824208893365
51.66560839441301	52.69902010127625	52.18231424784463	1.0859645582553359e7	307.094151314428	4.489572193495446e9	7323.3321241925705
52.69902010127624	53.753100042276735	53.22606007177649	9.734679408515722e6	259.4032466913631	4.499306872903962e9	6915.864218549681
53.753100042276735	54.82826158209724	54.29068081218699	9.421410473365113e6	236.57430438188462	4.508728283377327e9	6530.584089565387
54.82826158209724	55.92492635271416	55.3765939674057	9.439788871038675e6	223.36331716176855	4.518168072248365e9	6166.766584387706
55.92492635271416	57.04352441874341	56.484225385728784	9.132168399968877e6	203.6204698133113	4.5273002406483345e9	5822.796821837026
57.04352441874342	58.184494446093254	57.614009432418335	8.95587052507621e6	188.17126920735006	4.53625611117341e9	5497.777523980601
58.184494446093254	59.348283873990084	58.76638916004167	9.055648991976514e6	179.29290410406892	4.545311760165387e9	5190.994530387759
59.348283873990084	60.53534909044485	59.94181648221747	8.840948151897386e6	164.94547557350086	4.554152708317285e9	4901.080391332875
60.535349090444846	61.74615561122871	61.14075235083678	8.952915272268683e6	157.39977562423113	4.563105623589553e9	4627.4543496046335
61.74615561122872	62.981178262428266	62.363666936828494	8.529813502149642e6	141.31142263013905	4.571635437091702e9	4368.684055097003
62.98117826242826	64.2409013666518	63.61103981454003	8.479539556363717e6	132.37565709599716	4.5801149766480665e9	4124.325120356056
64.2409013666518	65.5258189329598	64.8833601498058	8.573651746348038e6	126.12461384515167	4.588688628394415e9	3893.701079322943
65.5258189329598	66.83643485059396	66.18112689177687	8.2580516422404945e6	114.47477101300358	4.596946680036655e9	3675.708217443239
66.83643485059396	68.1732630865808	67.50484896858738	8.256193492146596e6	107.84754303943068	4.605202873528802e9	3469.9076163267914
68.17326308658079	69.53682788728737	68.85504548693407	8.052897058191508e6	99.12444519568362	4.613255770586994e9	3275.4750718013315
69.53682788728739	70.9276639840081	70.23224593564774	8.069541645438656e6	93.5999772277566	4.621325312232432e9	3091.9393210549238
70.92766398400809	72.34631680266321	71.63699039333565	7.848392037186205e6	85.7839109519767	4.629173704269619e9	2918.5396024863694
72.34631680266322	73.79334267769146	73.06982974017734	7.865400487262711e6	81.01105648662741	4.637039104756882e9	2754.8667600699414
73.79334267769144	75.26930907022023	74.53132587395584	7.627342320163816e6	74.02782986606472	4.644666447077045e9	2600.2322068498574
75.26930907022025	76.77479479059961	76.02205193040993	7.654840853132457e6	70.00938996450719	4.652321287930178e9	2454.2855879875365
76.7747947905996	78.31039022538656	77.54259250799308	7.511303559495121e6	64.73420382852383	4.659832591489673e9	2316.453256284769
78.31039022538656	79.87669756886925	79.0935438971279	7.412343774756432e6	60.19666647863397	4.667244935264429e9	2186.309695084673
79.87669756886925	81.4743310592216	80.67551431404542	7.331343821855068e6	56.104654101826064	4.674576279086285e9	2063.4370841606856
81.47433105922158	83.10391721938097	82.28912413930128	7.234021807881385e6	52.166722215371195	4.681810300894166e9	1947.4248948501402
83.10391721938097	84.76609510274355	83.93500616106226	7.127847242473185e6	48.43625694276529	4.68893814813664e9	1837.8893595320112
84.76609510274358	86.4615165437734	85.61380582325849	6.893058623331189e6	44.139015028815834	4.695831206759971e9	1734.4241894107345
86.4615165437734	88.19084641362383	87.32618147869862	6.989897326478124e6	42.17741479020978	4.702821104086449e9	1636.8139465796805
88.19084641362382	89.95476288087124	89.07280464724752	6.711477190952733e6	38.16153126786632	4.709532581277401e9	1544.602406549756
89.95476288087124	91.75395767746362	90.85436027916742	6.952933488285586e6	37.25411770292831	4.716485514765687e9	1457.6574534550705
91.75395767746362	93.58913636998784	92.67154702372574	6.542532653685123e6	33.03320085770716	4.723028047419373e9	1375.484169020522
93.58913636998786	95.46101863636257	94.52507750317521	6.697112816525862e6	31.863314061745616	4.729725160235898e9	1297.9832942239652
95.46101863636258	97.37033854806478	96.41567859221368	6.389859518627375e6	28.64792873093562	4.736115019754525e9	1224.7673253796934
97.37033854806477	99.31784485800101	98.34409170303289	6.297841229973435e6	26.60677461149163	4.742412860984499e9	1155.6568272751417
99.31784485800102	101.304301294136	100.31107307606851	6.4443237310812175e6	25.655264403417934	4.74885718471558e9	1090.4778363633432
101.304301294136	103.33048685899367	102.31739407656482	6.082832588986933e6	22.81936996423675	4.754940017304567e9	1028.8948810361971
103.33048685899367	105.39719613514849	104.36384149707108	6.292142761836767e6	22.243084388182364	4.761232160066404e9	970.8308678872323
105.39719613514849	107.50523959682641	106.45121786598745	5.962841978188321e6	19.863163368992033	4.767195002044593e9	915.9787816276626
107.50523959682641	109.65544392773789	108.58034176228216	5.904716801585138e6	18.535012186416612	4.773099718846178e9	864.214017148911
109.65544392773788	111.84865234526758	110.75204813650274	6.03105775686425e6	17.839636233039446	4.779130776603043e9	815.3949894172287
111.84865234526758	114.08572493114788	112.96718863820773	5.7110822310473025e6	15.918774829806244	4.78484185883409e9	769.2810958615894
114.0857249311479	116.36753896874579	115.22663194994684	5.692626727740109e6	14.952116364091149	4.7905344855618305e9	725.7713372665711
116.36753896874578	118.69498928709564	117.5312641279207	5.8018095393758565e6	14.35992519685049	4.796336295101207e9	684.7371012810797
118.69498928709562	121.06898861181249	119.88198894945405	5.4372034675854e6	12.681279030205049	4.801773498568792e9	645.9729283817784
121.06898861181249	123.49046792302367	122.27972826741808	5.527079677437723e6	12.147362068085107	4.80730057824623e9	609.4139051374851
123.49046792302369	125.9603768204591	124.72542237174139	5.52428606875138e6	11.440926683275281	4.812824864314981e9	574.9228838756112
125.9603768204591	128.47968389584324	127.22003035815118	5.15185550036107e6	10.054200025347551	4.817976719815343e9	542.3413397415479
128.4796838958432	131.04937711273502	129.7645305042891	5.335035228554457e6	9.81115095232021	4.823311755043896e9	511.6250982040446
131.04937711273502	133.67046419396465	132.35992065334983	5.335448828391761e6	9.245969505313884	4.828647203872288e9	482.6479853169766
133.67046419396468	136.3439730168189	135.00721860539178	4.818120373115361e6	7.867884720055649	4.833465324245403e9	455.26279763721794
136.3439730168189	139.0709520161302	137.70746251647455	5.141459217613459e6	7.911623180851561	4.8386067834630165e9	429.4597210961176
139.0709520161302	141.85247059542775	140.46171130577898	5.228137297003597e6	7.580974787899567	4.84383492076002e9	405.1259030226197
141.85247059542775	144.68961954631123	143.2710450708695	4.585982245990753e6	6.266273098789656	4.848420903006011e9	382.1198350206814
144.68961954631123	147.58351147621238	146.1365655112618	4.711098958511472e6	6.065939429382958	4.853132001964522e9	360.42920722741223
147.5835114762124	150.5352812447116	149.05939636046202	5.218672730376273e6	6.331911115434229	4.858350674694899e9	340.0050399360145
150.53528124471157	153.54608640858072	152.04068382664616	4.391676351261854e6	5.021159187876028	4.862742351046161e9	320.6833378284703
153.54608640858075	156.61710767572728	155.08159704215402	4.370623468296289e6	4.708862227054635	4.867112974514457e9	302.4581000232084
156.61710767572728	159.74954936821675	158.18332852197202	5.078022452159017e6	5.155444850999572	4.872190996966616e9	285.3098532517216
159.74954936821675	162.94463989455602	161.34709463138637	4.261067247160733e6	4.076513320628777	4.876452064213777e9	269.0884850879807
162.94463989455602	166.20363223142206	164.57413606298906	4.1473420150972903e6	3.7388607309423607	4.880599406228874e9	253.78328897260272
166.20363223142203	169.5278044150254	167.86571832322372	4.3424026343306005e6	3.688913707102604	4.884941808863205e9	239.35801414152718
169.5278044150254	172.91846004230084	171.22313222866313	4.713323306973547e6	3.773067869830602	4.889655132170178e9	225.76964105321045
172.91846004230084	176.37692878212178	174.6476944122113	3.9120870435379148e6	2.951038567377529	4.8935672192137165e9	212.91762875566093
176.37692878212178	179.90456689673914	178.14074783943045	3.911802714533597e6	2.780624335173994	4.897479021928247e9	200.79708823485453
179.90456689673914	183.50275777364885	181.703662335194	4.503164295560151e6	3.0163530804632224	4.901982186223807e9	189.38925387169726
183.50275777364885	187.17291246809674	185.3378351208728	4.124732615534872e6	2.603509720335273	4.906106918839342e9	178.6156073979693
187.17291246809674	190.9164702564336	189.04469136226516	3.601468414414376e6	2.142111340208476	4.9097083872537565e9	168.43676802539585
190.91647025643357	194.73489920053714	192.82568472848536	3.5018493854904473e6	1.9627226285887067	4.913210236639247e9	158.83469317227093
194.73489920053717	198.6296967235228	196.68229796203	4.720540896437079e6	2.493172202240586	4.917930777535684e9	149.81705774460016
198.6296967235228	202.60239019696817	200.6160434602455	3.6692154899674356e6	1.8261345932622157	4.921599993025651e9	141.28108124528688
202.6023901969682	206.65453753988248	204.62846386842534	3.2191944938072264e6	1.5097528000712797	4.924819187519458e9	133.2192070022513
206.65453753988243	210.78772782965498	208.7211326847687	3.230213904356271e6	1.4275422816064727	4.928049401423814e9	125.61759551835544
210.787727829655	215.00358192522302	212.89565487743903	4.557169969261527e6	1.8978068220740152	4.932606571393075e9	118.48156501352982
215.00358192522305	219.30375310270242	217.15366751396272	3.5932238100631237e6	1.4100682441815486	4.936199795203138e9	111.72900417188445
219.30375310270236	223.6899277037313	221.49684040321682	2.813601300443858e6	1.0404411337700563	4.939013396503582e9	105.34460702157503
223.6899277037313	228.16382579678083	225.92687675025607	2.962797426544994e6	1.0324190713030408	4.941976193930127e9	99.32799489462765
228.16382579678083	232.72720185169135	230.4455138242361	3.861028147628814e6	1.2678157332370292	4.945837222077756e9	93.67199412095029
232.72720185169135	237.38184542770006	235.0545236396957	4.20103736439541e6	1.2998966673770054	4.950038259442151e9	88.34407768862408
237.38184542770009	242.12958187522898	239.75571365146453	2.431437538218349e6	0.7089482381996914	4.95246969698037e9	83.28938616422593
242.12958187522898	246.97227305170844	244.55092746346872	2.60458204056406e6	0.7156300736104839	4.955074279020936e9	78.52663060301471
246.97227305170844	251.9118180517175	249.44204555171297	3.14812827718392e6	0.8150834965797051	4.95822240729812e9	74.04432318097828
251.91181805171752	256.95015395172675	254.43098600172215	4.32162034079206e6	1.0543758144870445	4.962544027638911e9	69.83435348201543
256.95015395172675	262.08925656973616	259.5197052607315	2.750417682932496e6	0.6323341361319281	4.965294445321844e9	65.84286826246017
262.08925656973616	267.33114124010575	264.71019890492096	2.205023041096747e6	0.47770552702131863	4.967499468362941e9	62.07268947042681
267.3311412401058	272.6778636038828	270.0045024219943	2.54340274422279e6	0.5192319811451981	4.970042871107163e9	58.52236622103527
272.67786360388277	278.1315204149353	275.404692009409	3.308923423300922e6	0.6365495069250054	4.973351794530464e9	55.18358888545738
278.1315204149353	283.6942503622089	280.91288538857214	3.633481304222256e6	0.6586695342832222	4.976985275834686e9	52.03866474558548
283.6942503622089	289.36823490842795	286.53124263531845	2.4365993895635605e6	0.416224806853228	4.97942187522425e9	49.061152725198795
289.36823490842795	295.15569914557136	292.2619670269996	2.0144060779095292e6	0.32425750851232943	4.981436281302159e9	46.25007592326337
295.15569914557136	301.05891266745766	298.1073059065145	2.3407065778187215e6	0.35504973150024466	4.983776987879978e9	43.60291505952421
301.05891266745766	307.0801904597817	304.0695515636197	3.260568800661862e6	0.4660524356197956	4.98703755668064e9	41.11484199989597
307.08019045978165	313.22189380795214	310.1510421338669	2.899469035338223e6	0.3905342200927069	4.989937025715979e9	38.765922413932664
313.2218938079522	319.48643122308613	316.3541625155192	2.252648792110592e6	0.2859126148205019	4.992189674508089e9	36.5464513901656
319.4864312230861	325.87625938652263	322.6813453048044	2.0831068182628155e6	0.24914408903298743	4.994272781326352e9	34.45287610017631
325.87625938652263	332.39388411322795	329.1350717498753	1.9846340800198317e6	0.2236756532240514	4.996257415406372e9	32.478586750802435
332.39388411322795	339.04186133446734	335.7178727238477	2.537634585558504e6	0.2695048477162873	4.998795049991931e9	30.620815367797285
339.04186133446734	345.82279810013154	342.43232971729947	2.892774712846786e6	0.28950184872896634	5.001687824704778e9	28.871351333542258
345.8227981001316	352.7393536011091	349.28107585062037	2.0163150213928223e6	0.19014913397667854	5.003704139726171e9	27.21706366822407
352.73935360110903	359.79424021210605	356.2667969066075	1.9802199968734384e6	0.17597405840280336	5.005684359723044e9	25.657375599521192
359.7942402121061	366.99022455532304	363.3922323837146	1.8465477642440498e6	0.1546304433099879	5.007530907487288e9	24.18641724179157
366.9902245553231	374.3301285854044	370.6601765703638	1.935902151729226e6	0.15276262379208516	5.009466809639018e9	22.800194084423254
374.33012858540434	381.81683069608727	378.0734796407458	2.6080748674286306e6	0.19393358092247084	5.012074884506447e9	21.4963010934823
381.81683069608727	389.45326684898384	385.6350487725356	1.9449379431424737e6	0.13628183480430672	5.01401982244959e9	20.264289615266016
389.4532668489838	397.2424317249383	393.34784928696104	1.6354894927033484e6	0.10798893205977778	5.015655311942293e9	19.10170696963784
397.24243172493834	405.1873798984119	401.2149058116751	1.6219719683108032e6	0.10091927025218557	5.017277283910604e9	18.00577269775943
405.18737989841185	413.2912270353549	409.23930346688337	1.6774821836541295e6	0.09835307597324444	5.018954766094257e9	16.972902347248493
413.29122703535495	421.55715111503685	417.4241890751959	1.709156088676095e6	0.0944302272297997	5.020663922182934e9	15.99938021241542
421.5571511150369	429.98839367631246	425.7727723956747	2.199844947052449e6	0.11453036932749835	5.022863767129986e9	15.083168762019817
429.98839367631246	438.5882610888135	434.288327382563	1.5999262634230852e6	0.07849244243249427	5.024463693393409e9	14.217724434195908
438.58826108881357	447.36012584956467	442.9741934691891	1.287482848257333e6	0.059520780461085936	5.025751176241666e9	13.401103394810116
447.3601258495646	456.3074279055307	451.8337768775476	1.2423748685008287e6	0.05412265789756916	5.026993551110167e9	12.63127247431147
456.3074279055307	465.4336760026161	460.8705519540734	1.2213219599786997e6	0.0501367203553831	5.028214873070145e9	11.905614328934451
465.43367600261604	474.74244906164313	470.0880625321296	1.1783889818130434e6	0.045584136199118594	5.029393262051958e9	11.221548445439044
474.74244906164324	484.23739758185087	479.489923321747	1.2221991976144314e6	0.04455191282270589	5.030615461249573e9	10.576878883640305
484.2373975818509	493.9222450724627	489.0798213271568	1.5917035736285746e6	0.05467463092827605	5.032207164823201e9	9.969976712300591
493.9222450724626	503.80078951288664	498.86151729267465	1.0756313601539135e6	0.03481660623603366	5.033282796183355e9	9.396934322288281
503.80078951288675	513.8769048421193	508.838847177503	1.050399699932754e6	0.032038847404877654	5.034333195883288e9	8.856783885972261
513.8769048421193	524.1545424779365	519.0157236600279	852847.8847947419	0.024512815123930973	5.035186043768084e9	8.347354368336854
524.1545424779364	534.6377328664698	529.3961376722032	710390.3154133558	0.019240571455738827	5.035896434083497e9	7.867003823609532
534.6377328664698	545.330587062774	539.984159964622	669786.2103006542	0.017094502302662726	5.0365662202937975e9	7.414235329346174
545.330587062774	556.2372983430043	550.7839427028891	817950.0612679422	0.01967190308405674	5.037384170355065e9	6.987730433060347
556.2372983430042	567.3621438488391	561.7997210959217	1.1639456193031669e6	0.02637859182645809	5.038548115974368e9	6.5862124578550665
567.3621438488391	578.7094862647906	573.0358150568148	918543.9460389316	0.019616349502216572	5.039466659920407e9	6.207463331392417
578.7094862647906	590.2837755290611	584.4966308969258	778901.9329604208	0.01567474086972492	5.040245561853368e9	5.8503324688339795
590.2837755290612	602.0895505786173	596.1866630538393	575023.7558992505	0.010904423625673313	5.040820585609267e9	5.513525162483205
602.0895505786171	614.1314411291643	608.1104958538907	379326.8811124265	0.006778442100260293	5.041199912490379e9	5.195906344234468
614.1314411291643	626.4141694907223	620.2728053099434	385179.4825679064	0.0064860271358655715	5.041585091972947e9	4.896590364135314
626.4141694907223	638.9425524195115	632.6783609551169	442500.40476989746	0.007021479565433729	5.042027592377716e9	4.614569292412409
638.9425524195115	651.7215030068764	645.332027713194	535879.9209142625	0.008012753809318367	5.042563472298631e9	4.348871876518923
651.7215030068764	664.7560326059887	658.2387678064326	790658.4856723249	0.011140446680709674	5.043354130784303e9	4.098679818108354
664.7560326059887	678.0512527970832	671.403642701536	720790.9406903982	0.00957022930205389	5.044074921724993e9	3.862827826251653
678.0512527970831	691.6123773919994	684.8318150945413	540499.9194379151	0.0067625114905783	5.044615421644431e9	3.6404174121613937
691.6123773919994	705.4447244788141	698.5285509354068	282137.0229831636	0.0033263797101494726	5.044897558667415e9	3.43063704157816
705.4447244788141	719.5537185073651	712.4992214930896	184385.36122372746	0.0020485074383617217	5.045081944028639e9	3.2328827183240687
719.5537185073651	733.9448924164872	726.7493054619262	203575.60033386946	0.0021312588353036353	5.045285519628973e9	3.0465392778168168
733.944892416487	748.6238898037915	741.2843911101393	228201.10703781247	0.002251270018150821	5.045513720736011e9	2.870950708271098
748.6238898037917	763.5964671388422	756.1101784713169	262011.0200945139	0.0024357278900792464	5.045775731756105e9	2.7055004038078323
763.5964671388421	778.8684960205935	771.2324815797178	314458.82581055164	0.002754687714086071	5.046090190581916e9	2.549611364129582
778.8684960205936	794.4459654799801	786.6572307502869	427116.7842013836	0.003525775019900641	5.0465173073661175e9	2.402758189480881
794.4459654799801	810.3349843285544	802.3904749042672	584249.3680600226	0.004544703834454969	5.047101556734178e9	2.2644340015779347
810.3349843285545	826.5417835541002	818.4383839413274	348402.2918769717	0.0025538049106970215	5.047449959026054e9	2.1339732622504095
826.5417835541001	843.0727187641568	834.8072511591284	76865.30878767371	0.0005309290295164307	5.047526824334842e9	2.010920577010189
843.0727187641568	859.9342726784146	851.5034957212856	83262.54941755533	0.0005419449618401028	5.047610086884259e9	1.8949659729877786
859.9342726784146	877.1330576709574	868.533665174686	90842.43757736683	0.0005571775933392644	5.0477009293218355e9	1.7857002885099293
877.1330576709573	894.6758183633511	885.9044380171542	100059.8929912448	0.0005783147713395609	5.047800989214827e9	1.682738059059498
894.6758183633511	912.5694342695928	903.622626316472	111678.41279128194	0.0006082370528446063	5.047912667627618e9	1.5857162192478704
912.5694342695929	930.8209224939593	921.695178381776	127114.78890258074	0.0006523777065453245	5.04803978241652e9	1.494292958098513
930.8209224939593	949.437440482813	940.1291814883862	149428.28098088503	0.0007226620092170835	5.048189210697501e9	1.4081468675672566
949.437440482813	968.4262888314439	958.9318646571285	187229.57260894775	0.000853249935876753	5.04837644027011e9	1.3269770481814107
968.4262888314439	987.7949141470474	978.1106014892457	292473.90580174327	0.0012559962408536277	5.048668914175912e9	1.2505121752051764
987.7949141470475	1007.5509119689631	997.6729130580053	310151.458332777	0.0012550887601980854	5.048979065634245e9	1.1784575940103075
1007.5509119689629	1027.7020297473166	1017.6264708581398	26786.0614964664	0.0001021430623016479	5.049005851695742e9	1.110492479882333
1027.7020297473166	1048.2561698812374	1037.979099814277	28728.46434518695	0.00010323140203019291	5.049034580160087e9	1.046447522213585
1048.2561698812376	1069.2213928178369	1058.7387813495372	30949.112793385983	0.00010479655851004949	5.04906552927288e9	0.986096641161862
1069.2213928178369	1090.6059202131682	1079.9136565155027	33524.943372398615	0.00010697105390473287	5.049099054216252e9	0.9292268044285615
1090.605920213168	1112.4181381564058	1101.512029184787	36568.184033453465	0.00010995146537900084	5.049135622400286e9	0.8756372783905249
1112.418138156406	1134.6666004585086	1123.5423693074572	40250.861698269844	0.00011404394130385256	5.049175873261984e9	0.8251389250509545
1134.6666004585088	1157.3600320066535	1146.013316232581	44854.21490654349	0.00011975666809611316	5.049220727476891e9	0.7775535448746257
1157.3600320066535	1180.507332185761	1168.9336820962071	50880.09282040596	0.00012800995667494716	5.049271607569711e9	0.7327132696448577
1180.507332185761	1204.1175783684507	1192.312455277106	59345.1798222065	0.00014069566548456034	5.049330952749533e9	0.6904600226060721
1204.1175783684507	1228.2000294747943	1216.1588039216226	72777.06408113241	0.00016258827115447582	5.049403729813614e9	0.6506451199711626
1228.2000294747943	1252.7641296032646	1240.4820795390294	100693.63793990016	0.00021198060543014597	5.049504423451553e9	0.6131295088603191
1252.7641296032646	1277.8195117343043	1265.2918206687846	187793.01016786695	0.00037254002234984087	5.049692216461721e9	0.5777869824702306
1277.8195117343043	1303.376001507965	1290.5977566211345	6613.269004166126	1.2362580120803081e-5	5.049698829730725e9	0.5444621664978997
1303.376001507965	1329.4436210770987	1316.4098112925317	7028.392721533775	1.2380790363036108e-5	5.049705858123446e9	0.5130594586623182
1329.4436210770984	1356.0325930376148	1342.7381070573565	7489.377518802881	1.2431899560066072e-5	5.049713347500965e9	0.4834679974275193
1356.0325930376152	1383.153344437342	1369.5929687374787	8005.343459695578	1.2521926812726121e-5	5.049721352844425e9	0.45558331589437895
1383.1533444373417	1410.816510865063	1396.9849276512023	8588.299517124891	1.2658953263541188e-5	5.049729941143942e9	0.4293069730876337
1410.816510865063	1439.0329406213386	1424.9247257432007	9254.465841680765	1.2854091742091423e-5	5.049739195609783e9	0.4045462065656409
1439.0329406213386	1467.8136989727398	1453.4233197970393	10026.428216040134	1.3123078071163137e-5	5.049749222037999e9	0.38121360515888214
1467.8136989727395	1497.1700724911686	1482.491885731954	10936.828569918871	1.348901677823355e-5	5.0497601588665695e9	0.3592268007427817
1497.1700724911689	1527.1135734799666	1512.1418229855676	12035.090195924044	1.3987421655196012e-5	5.049772193956765e9	0.33850817807932976
1527.1135734799666	1557.6559444885402	1542.3847589842535	13400.676965117455	1.4676229166145012e-5	5.04978559463373e9	0.31898460197215023
1557.6559444885404	1588.8091629172854	1573.2325537029128	15172.10604262352	1.5657883069436022e-5	5.049800766739773e9	0.300587161432631
1588.8091629172857	1620.5854457146056	1604.6973043159455	17620.419596463442	1.7135739564428478e-5	5.049818387159369e9	0.2832509318554826
1620.5854457146054	1652.9972541678717	1636.7913499412384	21382.31425485015	1.959479601813701e-5	5.049839769473627e9	0.26691476133567676
1652.9972541678717	1686.0572987902035	1669.5272764790375	28599.00523263216	2.46965562804771e-5	5.04986836847886e9	0.2515211209241784
1686.0572987902035	1719.7785443049818	1702.9179215475926	52813.648414224386	4.2976503157293184e-5	5.0499211821272745e9	0.23701640749420874
1719.778544304982	1754.1742147300558	1736.976379517519	18149.49009409547	1.3917100669395962e-5	5.049939331617369e9	0.22334661912335296
1754.1742147300558	1789.2577985636312	1771.7160066468437	995.5316988825798	7.193477168425595e-7	5.049940327149068e9	0.21046451391059354
1789.2577985636312	1825.043054073878	1807.1504263187546	1049.3505938351154	7.145026205948492e-7	5.049941376499661e9	0.19832542084812343
1825.0430540738782	1861.54401469433	1843.293534384104	1107.721050977707	7.107437678107523e-7	5.049942484220713e9	0.18688648458865248
1861.54401469433	1898.7749945271908	1880.1595046107605	1171.2852491438389	7.081818040490295e-7	5.049943655505961e9	0.17610732160316966
1898.7749945271908	1936.7505939567088	1917.76279424195	1240.8250333964825	7.069554978478768e-7	5.049944896330995e9	0.1659498776126761
1936.7505939567088	1975.4857053748171	1956.118149665763	1317.3045472502708	7.072405627564434e-7	5.049946213635542e9	0.1563782932435214
1975.485705374817	2014.9955190212875	1995.240612198052	1401.9301106631756	7.092621350880701e-7	5.049947615565653e9	0.1473587774322296
2014.9955190212875	2055.2955289406873	2035.1455239809875	1496.236298829317	7.133128377416739e-7	5.049949111801951e9	0.13885948813315777
2055.2955289406877	2096.4015390584755	2075.8485339995814	1602.213029742241	7.197796369270137e-7	5.049950714014981e9	0.13085041990827836
2096.4015390584755	2138.329669378619	2117.3656042185476	1722.4990912675858	7.291850266121979e-7	5.049952436514072e9	0.12330329800296166
2138.329669378619	2181.0963623051657	2159.7130158418922	1860.687753200531	7.422525264152202e-7	5.049954297201826e9	0.11619147853505765
2181.0963623051653	2224.7183890902425	2202.907375697704	2021.8307765722275	7.600154727279405e-7	5.049956319032602e9	0.10948985444716998
2224.718389090243	2269.2128564110217	2246.965622750632	2213.3146660625935	7.840075388889423e-7	5.049958532347267e9	0.10317476689442286
2269.2128564110217	2314.597213078216	2291.905034744619	2446.4876297414303	8.166191276503309e-7	5.049960978834897e9	0.0972239217637797
2314.5972130782156	2360.889256878754	2337.743234978485	2739.947008162737	8.618231091414058e-7	5.049963718781905e9	0.09161631105023407
2360.8892568787546	2408.1071415553038	2384.498199217029	3126.9815833568573	9.268314103733274e-7	5.049966845763489e9	0.08633213886342837
2408.1071415553033	2456.2693839253834	2432.1882627403434	3675.411422789097	1.0265517084413107e-6	5.0499705211749115e9	0.08135275195912811
2456.269383925384	2505.3948711428657	2480.832127534125	4556.530021071434	1.1992467639456085e-6	5.049975077704932e9	0.07666057518070753
2505.394871142865	2555.5028681046965	2530.448869623781	6484.173001468182	1.6081566958649376e-6	5.0499815618779335e9	0.07223905648559972
2555.5028681046965	2606.6130250057645	2581.0579465552305	12332.093351989985	2.882106498154546e-6	5.049993893971286e9	0.06807263478800202
2606.613025005764	2658.7453850448533	2632.679205025309	49.376684337854385	1.0874131896420208e-8	5.04999394334797e9	0.06414635755479713
2658.7453850448533	2711.920392284724	2685.3328886647887	51.462827295064926	1.067986510986834e-8	5.049993994810798e9	0.0604465393637836
2711.920392284724	2766.1588996693927	2739.039645977058	53.66201150417328	1.0493938787656677e-8	5.049994048472809e9	0.056960118544784825
2766.1588996693927	2821.4821772017544	2793.8205384355733	55.98291206359863	1.031636068521385e-8	5.049994104455721e9	0.053674786797449386
2821.482177201754	2877.911920284763	2849.697048743258	58.43516406416893	1.0147165748568019e-8	5.049994162890885e9	0.05057894573839752
2877.911920284763	2935.4702582294317	2906.6910892570972	61.029507756233215	9.986419574095225e-9	5.049994223920393e9	0.047661665954645306
2935.470258229432	2994.1797629329944	2964.825010581213	63.777962267398834	9.834222645836632e-9	5.049994287698356e9	0.044912648418749396
2994.1797629329944	3054.063457730628	3024.121610331811	66.69403409957886	9.690715429343586e-9	5.049994354392389e9	0.04232218812945183
3054.0634577306278	3115.144826424214	3084.604142077421	69.79297003149986	9.556084692182354e-9	5.049994424185359e9	0.03988113984946257
3115.144826424215	3177.447822491673	3146.296324457944	73.09206515550613	9.430571235651732e-9	5.049994497277424e9	0.03758088581942062
3177.4478224916725	3240.9968784804796	3209.222350486076	76.61104166507721	9.314479526071326e-9	5.049994573888466e9	0.035413305334051744
3240.9968784804796	3305.816915589063	3273.406897034771	80.37251791357994	9.208189694917744e-9	5.049994654260983e9	0.03337074607311396
3305.816915589063	3371.9333534398174	3338.87513451444	84.40259572863579	9.11217276607959e-9	5.049994738663579e9	0.03144599708591932
3371.9333534398174	3439.3721200475875	3405.6527367437025	88.73160123825073	9.027009931988628e-9	5.04999482739518e9	0.029632263334055817
3439.3721200475875	3508.1596619875127	3473.76589101755	93.39503163099289	8.95341747146967e-9	5.049994920790212e9	0.027923141702436427
3508.159661987512	3578.322954766236	3543.2413083768743	98.43477761745453	8.892279115501468e-9	5.049995019224989e9	0.026312598393984865
3578.3229547662368	3649.889513400535	3614.106234083386	103.90072345733643	8.844688740583424e-9	5.049995123125712e9	0.02479494762815336
3649.8895134005347	3722.8874032075187	3686.3884583040267	109.85287174582481	8.812007503828596e-9	5.049995232978584e9	0.02336483156807081
3722.8874032075187	3797.3452508106425	3760.1163270090806	116.36420905590057	8.795941398796167e-9	5.049995349342793e9	0.0220172014054568
3797.3452508106425	3873.2922553658286	3835.3187530882356	123.52464205026627	8.798648568060145e-9	5.049995472867435e9	0.02074729953652636
3873.2922553658286	3950.7582000121183	3912.0252276889732	131.44651302695274	8.822890716885918e-9	5.049995604313949e9	0.01955064276596097
3950.758200012119	4029.7734635513343	3990.265831781727	140.27250656485558	8.872251635544678e-9	5.049995744586455e9	0.01842300647965325
4029.7734635513343	4110.369032361335	4070.0712479563344	150.1872861981392	8.95146105668121e-9	5.049995894773742e9	0.017360409730354243
4110.369032361334	4192.576512547534	4151.472772454434	161.43514531850815	9.066889221159767e-9	5.049996056208887e9	0.0163591011835787
4192.576512547535	4276.428142337459	4234.502327442497	174.3477504849434	9.227329585073875e-9	5.049996230556638e9	0.015415545874166875
4276.428142337458	4361.9568047231805	4319.192473530319	189.3896288871765	9.445290999710488e-9	5.049996419946266e9	0.014526412726775515
4361.9568047231805	4449.196040356617	4405.576422539899	207.23666378855705	9.739243111221417e-9	5.04999662718293e9	0.013688562796290446
4449.196040356617	4538.180060702723	4493.68805052967	228.92041462659836	1.013777396897779e-8	5.049996856103345e9	0.012899038186748013
4538.180060702723	4628.94376145575	4583.561911079236	256.115795224905	1.068793759083407e-8	5.04999711221914e9	0.012155051609871561
4628.94376145575	4721.522736223838	4675.233248839794	291.7793959379196	1.1473915127313123e-8	5.049997403998536e9	0.011453976546926342
4721.5227362238375	4815.953290487288	4768.7380133555625	341.7958894968033	1.2665528436529713e-8	5.049997745794426e9	0.01079333798081631
4815.953290487288	4912.272455836006	4864.112873161646	420.33277919888496	1.467740253275006e-8	5.049998166127205e9	0.010170803671914391
4912.272455836007	5010.5180044917	4961.395230163853	576.6670411229134	1.8974945774187844e-8	5.049998742794246e9	0.009584175983571851
5010.5180044917	5110.728464120507	5060.623234306104	1257.2057395875454	3.898174136666481e-8	5.049999999999986e9	0.009031384808228628
