-0.0	9.953897499377266e-5	4.976948749688633e-5	0.05028301202284532	1.2171754453122026e10	0.05028301202284532	1.2171754453122026e10
9.953897499377264e-5	0.0002010687294874207	0.00015030385224059668	0.35185604532265286	1.1760178887022715e10	0.40213905734549815	1.1810112785720682e10
0.00020106872948742055	0.0003046290790709416	0.00025284890427918107	0.9884843667833156	1.1716967282815273e10	1.3906234241288138	1.1743751651866516e10
0.0003046290790709413	0.0004102606356461327	0.000357444857358537	1.996082067891497	1.1684431001760307e10	3.386705492020311	1.1708716131549623e10
0.000410260635646133	0.0005180048233528283	0.00046413272949948065	3.507339730384954	1.1971367791652271e10	6.894045222405264	1.1840883484199947e10
0.0005180048233528285	0.0006279038948136576	0.000572954359083243	5.643786141338879	1.2410723858609451e10	12.537831363744143	1.209077902857942e10
0.000627903894813658	0.0007400009477037037	0.0006839524212586809	7.969073701892595	1.2066489075634743e10	20.506905065636737	1.2081328237650589e10
0.0007400009477037037	0.0008543399416515503	0.000797170444677627	11.324637538976793	1.2381515273145807e10	31.83154260461353	1.2186442513666895e10
0.0008543399416515499	0.0009709657154783534	0.0009126528285649516	15.077344884520944	1.2334418200045544e10	46.90888748913447	1.2233615814688465e10
0.0009709657154783537	0.0010899240047816932	0.0010304448601300233	19.531984950807757	1.2291651299317286e10	66.44087243994223	1.2250619869752295e10
0.0010899240047816928	0.001211261459871099	0.001150592732326396	24.673555794992165	1.2211849527376026e10	91.1144282349344	1.2240096674529268e10
0.0012112614598710993	0.0013350256640622935	0.0012731435619666963	30.161090883873786	1.1954887567251263e10	121.27551911880818	1.2167901613858122e10
0.0013350256640622929	0.0014612651523373112	0.001398145408199802	36.6205416313418	1.1801033611167965e10	157.89606075014999	1.2080797461364964e10
0.0014612651523373112	0.0015900294303778297	0.0015256472913575704	44.00911814993257	1.1678078637783314e10	201.90517890008255	1.1990667517102716e10
0.0015900294303778312	0.00172136899397916	0.0016556992121784958	52.212310212596584	1.153391950900942e10	254.11748911267912	1.1893892753732632e10
0.0017213689939791588	0.0018553353488525142	0.0017883521714158364	60.89537315989757	1.130497369620423e10	315.0128622725767	1.177531192483018e10
0.001855335348852515	0.0019919810308233377	0.0019236581898379264	70.65446287096071	1.1114640837170195e10	385.66732514353737	1.164846344618721e10
0.0019919810308233377	0.0021313596264335767	0.002061670328628457	81.36877548349662	1.092566837249137e10	467.036100627034	1.1515734350261112e10
0.0021313596264335767	0.0022735257939560205	0.0022024427101947986	92.57466461724061	1.0678887662764252e10	559.6107652442746	1.1368359368583107e10
0.00227352579395602	0.0024185352848289125	0.0023460305393924663	104.39269594339255	1.0405387328654858e10	664.0034611876672	1.1205324819333391e10
0.002418535284828912	0.0025664449655192624	0.0024924901251740872	116.82204271447824	1.0114024734189417e10	780.8255039021454	1.1027308221369738e10
0.002566444965519263	0.0027173128398234204	0.0026418789026713416	129.12060888454423	9.755400608128065e9	909.9461127866897	1.0827000130526463e10
0.0027173128398234204	0.002871198071613661	0.002794255455718541	143.66052668186575	9.51236882192485e9	1053.6066394685554	1.0626749139388144e10
0.002871198071613661	0.003028161008039706	0.0029496795398266835	158.2801694490742	9.22077418329873e9	1211.8868089176297	1.0419252433297827e10
0.003028161008039706	0.0031882632031942724	0.003108212105616989	174.2301943364749	8.961876663473305e9	1386.1170032541045	1.0210541647514448e10
0.0031882632031942715	0.003351567442251929	0.0032699153227231	190.80887941375568	8.69416722332141e9	1576.9258826678602	9.999511479584105e9
0.0033515674422519306	0.0035181377660907414	0.0034348526041713357	207.90454739340504	8.416958417768789e9	1784.8304300612651	9.785202705313288e9
0.003518137766090741	0.0036880394964063277	0.0036030886312485343	226.16018296632632	8.157895259286407e9	2010.9906130275915	9.570502562206366e9
0.0036880394964063277	0.003861339261328226	0.003774689378867277	245.59345877996037	7.913529793494061e9	2256.584071807552	9.357267099484863e9
0.0038613392613282265	0.004038105021548563	0.003949722141438395	266.1006405454417	7.677721233184557e9	2522.6847123529938	9.146217753632439e9
0.004038105021548562	0.0042184060969733045	0.0041282555592609335	286.93131457967945	7.429636891670556e9	2809.6160269326733	8.935383651888763e9
0.004218406096973306	0.004402313193906544	0.004310359645439925	309.3776939421736	7.204233008892859e9	3118.993720874847	8.727363844401901e9
0.004402313193906543	0.004589898432778446	0.004496105813342494	332.95854183940804	6.986273695204925e9	3451.952262714255	8.522498740553339e9
0.004589898432778446	0.0047812353764277865	0.004685566904603117	357.90890481728474	6.779211364707252e9	3809.8611675315396	8.321472230814164e9
0.0047812353764277865	0.004976399058950114	0.004878817217688951	382.8636506977769	6.557650457269167e9	4192.724818229317	8.121984419860609e9
0.004976399058950114	0.005175466015122888	0.005075932537036501	409.77144754007713	6.35689900148703e9	4602.496265769394	7.926043511509748e9
0.005175466015122887	0.005378514310419117	0.005276990162771002	438.53457505759013	6.171183764764037e9	5041.030840826984	7.73470509376652e9
0.005378514310419117	0.005585623571621271	0.005482068941020194	468.3883610836549	5.987645414175202e9	5509.419201910639	7.547484266506532e9
0.005585623571621272	0.005796875018047469	0.00569124929483437	500.26015975475946	5.81729760199125e9	6009.679361665398	7.365137874109852e9
0.005796875018047468	0.006012351493402189	0.005904613255724828	533.7144965618234	5.6528591369486685e9	6543.393858227221	7.187558057531828e9
0.006012351493402189	0.006232137498264004	0.006122244495833097	568.0860826206916	5.487016575096531e9	7111.479940847913	7.013911803394707e9
0.006232137498264004	0.006456319223223056	0.00634422836074353	605.263692817857	5.337424571248025e9	7716.74363366577	6.84526833415669e9
0.006456319223223056	0.006684984582681288	0.006570651902952172	644.1484795565553	5.191764619466507e9	8360.892113222326	6.681327807043596e9
0.0066849845826812875	0.006918223249328685	0.006801603916004986	686.3892018960266	5.061681303149954e9	9047.281315118353	6.522975805741831e9
0.006918223249328684	0.007156126689309029	0.007037174969318856	725.6363704523912	4.900838569643294e9	9772.917685570745	6.366512115974558e9
0.00715612668930903	0.007398788198088982	0.007277457443699006	770.2300410992029	4.76881099072645e9	10543.147726669948	6.214409918011709e9
0.007398788198088982	0.007646302937044533	0.007522545567566758	816.8902549954728	4.640704895957192e9	11360.03798166542	6.066478648726591e9
0.007646302937044532	0.007898767970779194	0.0077725354539118635	866.9896346148005	4.523131337731163e9	12227.02761628022	5.923170232079641e9
0.007898767970779196	0.00815628230518855	0.008027525137983873	912.4649853702626	4.375264829224259e9	13139.492601650483	5.7811366886624975e9
0.008156282305188549	0.008418946926286091	0.008287614615737321	964.7374079182607	4.255026084305402e9	14104.230009568742	5.642706446806579e9
0.008418946926286091	0.008686864839805583	0.008552905883045837	1023.1000112546803	4.1537808146983676e9	15127.330020823423	5.50914850506455e9
0.008686864839805583	0.008960141111595467	0.008823502975700524	1077.9856178092089	4.0316645623051486e9	16205.315638632632	5.378043827211739e9
0.008960141111595465	0.009238882908821145	0.009099512010208305	1141.860997844863	3.9366890771941195e9	17347.176636477496	5.251481046171155e9
0.009238882908821145	0.009523199541991339	0.009381041225406242	1202.5423286377813	3.824308417394915e9	18549.718965115277	5.127433919662227e9
0.009523199541991342	0.00981320250782494	0.009668201024908141	1272.3544393529662	3.7348391372703657e9	19822.073404468243	5.007583356452798e9
0.009813202507824938	0.010109005532975208	0.009961104020400072	1339.510636601788	3.631506509805695e9	21161.584041070033	4.890286029532267e9
0.010109005532975208	0.010410724618628483	0.010259865075801846	1414.1083203630692	3.542871771544619e9	22575.692361433103	4.776497916244801e9
0.010410724618628481	0.010718478085994822	0.010564601352311652	1491.0796384775163	3.4542286554016294e9	24066.77199991062	4.665840206740232e9
0.01071847808599482	0.011032386622708487	0.010875432354351653	1570.735414659463	3.3664086295977807e9	25637.507414570082	4.558046702093117e9
0.011032386622708489	0.01135257333015643	0.01119247997643246	1654.354246630897	3.2819584541403265e9	27291.86166120098	4.453091351479442e9
0.01135257333015643	0.011679163771753329	0.01151586855095488	1742.0184208711553	3.200493164127206e9	29033.880082072134	4.35092126438897e9
0.011679163771753329	0.012012286022182166	0.011845724896967749	1832.8853685612046	3.120109914518861e9	30866.76545063334	4.251336866852431e9
0.012012286022182165	0.012352070717619578	0.012182178369900872	1928.624708680002	3.043378626757038e9	32795.39015931334	4.15436723577533e9
0.01235207071761958	0.012698651106965742	0.01252536091229266	2026.4812273152374	2.9656543316037607e9	34821.871386628576	4.059669924180919e9
0.01269865110696574	0.013052163104098825	0.012875407105532283	2128.6381701558194	2.8902712496835237e9	36950.5095567844	3.967202288358595e9
0.013052163104098825	0.013412745341174571	0.013232454222636698	2229.7979121377207	2.8102414690046177e9	39180.30746892211	3.87637865497295e9
0.013412745341174571	0.013780539222991833	0.013596642282083203	2338.9516487002807	2.737266327613135e9	41519.259117622394	3.7875846802528844e9
0.013780539222991831	0.014155688982445437	0.013968114102718634	2458.934633967352	2.673195950659271e9	43978.193751589744	3.701312404362023e9
0.01415568898244544	0.01453834173708812	0.01434701535976678	2585.48309550126	2.612029779242424e9	46563.676847091	3.6175457970154448e9
0.014538341737088116	0.014928647546823649	0.014733494641955882	2719.303963929028	2.5539120635086617e9	49282.98081102003	3.5362825979370513e9
0.014928647546823649	0.01532675947275389	0.01512770350978877	2862.9245114911023	2.5004822312655983e9	52145.905322511135	3.457646392356292e9
0.015326759472753894	0.01573283363720274	0.015529796554978317	3014.5957499951746	2.449387980699331e9	55160.50107250631	3.3815728054924493e9
0.01573283363720274	0.016147029284940564	0.01593993146107165	3165.461013675057	2.393449334625079e9	58325.96208618137	3.3074661117819786e9
0.01614702928494056	0.01656950884563314	0.01635826906528685	3320.5022895144098	2.3371650488654914e9	61646.464375695774	3.2351219659748745e9
0.016569508845633144	0.017000437997539575	0.016784973421586358	3490.4756664009665	2.287724410504743e9	65136.94004209674	3.1648884796286483e9
0.017000437997539575	0.017439985732484137	0.017220211865011856	3662.2116921880197	2.235769228644663e9	68799.15173428477	3.096393152583125e9
0.01743998573248414	0.017888324422127594	0.017664155077305867	3840.3212525965046	2.1844515755113554e9	72639.47298688127	3.029528813968063e9
0.017888324422127587	0.01834562988556391	0.018116977153845748	4026.029869137432	2.1343527928411503e9	76665.5028560187	2.9642409087748013e9
0.01834562988556391	0.018812081458268955	0.01857885567191643	4219.364158424397	2.0853062725883684e9	80884.86701444311	2.900468242070095e9
0.01881208145826896	0.019287862062428107	0.019049971760348533	4423.113133353019	2.038450657648894e9	85307.98014779613	2.8382377714110546e9
0.019287862062428104	0.019773158278670433	0.01953051017054927	4628.446507709508	1.9896145981479971e9	89936.42665550564	2.7772750369005327e9
0.019773158278670436	0.020268160419237614	0.020020659348954025	4840.222048528678	1.9411963632474039e9	94776.6487040343	2.7175011697359996e9
0.02026816041923761	0.020773062602616132	0.02052061151092687	5063.089501772774	1.8949422787335958e9	99839.73820580708	2.658968757723382e9
0.020773062602616132	0.021288062829662224	0.02103056271613918	5284.797210440892	1.8462374396327004e9	105124.53541624798	2.6013994867988834e9
0.021288062829662228	0.02181336306124924	0.021550712945455734	5495.99671891426	1.792603425160812e9	110620.53213516224	2.5443640492020946e9
0.021813363061249234	0.022349169297467986	0.02208126617935861	5730.8602603440795	1.7455525828206384e9	116351.39239550632	2.4882775403621454e9
0.02234916929746799	0.022895691658411117	0.022622430477939555	5991.360333920918	1.7045431266514726e9	122342.75272942724	2.4334831056830864e9
0.02289569165841112	0.02345314446657311	0.023174418062492114	6263.451176758454	1.6647809959286983e9	128606.20390618569	2.379962278819948e9
0.023453144466573112	0.024021746330898344	0.023737445398735728	6547.89089607088	1.6262771801921678e9	135154.0948022566	2.327699264286069e9
0.024021746330898337	0.02460172023251007	0.024311733281704204	6847.1114198554305	1.589412554177975e9	142001.20622211203	2.2767062398499265e9
0.02460172023251007	0.02519329361215404	0.024897506922332058	7162.563017821713	1.5542390421862264e9	149163.76923993375	2.2269983506425624e9
0.02519329361215404	0.02579669845939089	0.025494996035772467	7493.983263683002	1.5204211087192647e9	156657.75250361676	2.1785668994140906e9
0.025796698459390893	0.02641217140357248	0.026104434931481686	7841.983989675629	1.4878474658248699e9	164499.73649329238	2.1313966376187022e9
0.026412171403572472	0.02703995380663769	0.02672606260510508	8207.689012682471	1.456504931812415e9	172707.42550597485	2.085472968545806e9
0.027039953806637693	0.027680291857764213	0.027360122832200955	8592.307218233931	1.4263782701340842e9	181299.7327242088	2.04078173964018e9
0.027680291857764217	0.028333436669913267	0.028006864263838742	9001.01638465156	1.3980527264627893e9	190300.74910886036	1.997349769305865e9
0.028333436669913267	0.0289996443783053	0.02866654052410928	9436.732894630159	1.3716143748918843e9	199737.48200349053	1.9552079063908587e9
0.0289996443783053	0.02967917624086517	0.029339410309585236	9906.339650393591	1.3476321080238926e9	209643.82165388402	1.9144231198904316e9
0.02967917624086517	0.030372298740676238	0.030025737490770706	10429.693147364298	1.3281435524757938e9	220073.51480124833	1.875193899848631e9
0.03037229874067624	0.031079283690483534	0.03072579121557989	10917.60018116427	1.3016128940822525e9	230991.1149824126	1.836934470040668e9
0.031079283690483534	0.03180040833928697	0.03143984601488525	11428.029251310982	1.275766749419327e9	242419.14423372358	1.799617528098009e9
0.03180040833928697	0.03253595548106648	0.03216818191017672	11947.118166637973	1.2490241315945737e9	254366.26240036156	1.76311322819811e9
0.03253595548106647	0.033286213565681566	0.03291108452337402	12474.864942744054	1.2215524222585576e9	266841.1273431056	1.7273127214577448e9
0.033286213565681566	0.034051476811988966	0.03366884518883527	13019.06651593695	1.1942190321025565e9	279860.19385904254	1.6921726262489173e9
0.03405147681198896	0.0348320453232225	0.03444176106760573	13578.231818426033	1.1668983877200549e9	293438.4256774686	1.6576446804394696e9
0.03483204532322251	0.03562822520468072	0.03523013526395162	14134.292564517396	1.138166787122827e9	307572.718241986	1.6235909994659538e9
0.03562822520468072	0.036440328683768106	0.03603427694422441	14665.127598933565	1.106661000257287e9	322237.8458409196	1.5897948274995208e9
0.036440328683768106	0.03726867423243723	0.036854501458102665	15148.592029108815	1.0713996467009605e9	337386.4378700284	1.5559913573526967e9
0.03726867423243723	0.03811358669207974	0.037691130462258485	15777.198154205165	1.0459520820232961e9	353163.6360242336	1.5228176780670476e9
0.03811358669207974	0.0389753974009151	0.03854449204649742	16429.434734601753	1.0210761340232804e9	369593.07075883535	1.4902651821824446e9
0.0389753974009151	0.039854444323927166	0.039414920862421134	17111.236192411397	9.970573632640936e8	386704.30695124675	1.458344489303783e9
0.03985444432392717	0.04075107218539948	0.040302758254663326	17832.74329040631	9.743356933620949e8	404537.05024165305	1.4270939820785017e9
0.04075107218539948	0.041665632604101235	0.04120835239475036	18593.630976872373	9.526944044151646e8	423130.6812185254	1.396535460642427e9
0.04166563260410123	0.042598484231177014	0.04213205841763912	19390.542784360776	9.318037023900272e8	442521.22400288616	1.3666681004938982e9
0.04259848423117702	0.04354999289079432	0.043074238560985675	20224.1804250812	9.115813768124623e8	462745.4044279674	1.337485984578147e9
0.04354999289079433	0.04452053172360398	0.044035262307199154	21095.586948234777	8.919696494269893e8	483840.99137620215	1.3089800337630785e9
0.04452053172360398	0.04551048133306982	0.0450155065283369	22005.703498370614	8.729121116744577e8	505846.69487457274	1.28113831883156e9
0.04551048133306983	0.04652022993472499	0.04601535563389741	22955.912981843903	8.543748446657412e8	528802.6078564166	1.2539476937537339e9
0.04652022993472498	0.04755017350841324	0.04703520172156911	23947.991109245108	8.363391308449416e8	552750.5989656617	1.2273948439467244e9
0.04755017350841324	0.04860071595357527	0.04807544473099426	24983.958701397572	8.187925514314598e8	577734.5576670592	1.20146669226862e9
0.04860071595357527	0.04967226924764054	0.0491364926006079	26066.12446206696	8.017284729930832e8	603800.6821291262	1.1761507429027905e9
0.04967226924764054	0.05076525360758711	0.05021876142761382	27197.13270814236	7.851455458060277e8	630997.8148372686	1.1514353687501523e9
0.05076525360758711	0.051880097654732615	0.05132267563115986	28380.150937703736	7.690508593083012e8	659377.9657749723	1.1273102774458838e9
0.05188009765473262	0.053017238582821036	0.052448668118776826	29619.118288674777	7.53463174104675e8	688997.0840636471	1.1037671477494614e9
0.053017238582821036	0.054177122329471215	0.05359718045614613	30918.95027993283	7.38413414684832e8	719916.0343435799	1.0808002517979703e9
0.05417712232947121	0.055360203751054396	0.0547686630402628	32285.818572713964	7.239459405427343e8	752201.8529162939	1.0584071134182967e9
0.055360203751054396	0.056566946801069246	0.05596357527606182	33727.29543796537	7.101157013980354e8	785929.1483542593	1.0365889423238432e9
0.05656694680106925	0.057797824712084396	0.057182385756576824	35257.163369396316	6.970777412419739e8	821186.3117236557	1.0153566360711751e9
0.057797824712084396	0.05905332018131985	0.05842557244670212	36917.901145091375	6.854713766779102e8	858104.2128687471	9.947603451257203e8
0.05905332018131985	0.06033392555994001	0.05969362287062993	38772.54557034833	6.761243836765218e8	896876.7584390953	9.748985203197827e8
0.060333925559939994	0.06164014304613255	0.06098703430303627	40866.212520544024	6.69340957266352e8	937742.9709596394	9.558820240142844e8
0.06164014304613256	0.06297248488204897	0.06230631396409077	42642.44875798154	6.560484898587081e8	980385.419717621	9.372506322364286e8
0.06297248488204897	0.06433147355468372	0.06365197921836635	44402.639349442295	6.417158459460397e8	1.0247880590670633e6	9.189141710902629e8
0.06433147355468372	0.06571764200077115	0.06502455777772743	46032.96521463985	6.249881991591492e8	1.0708210242817032e6	9.007045641857392e8
0.06571764200077114	0.06713153381578033	0.06642458790827574	47708.129536904555	6.085443164636098e8	1.1185291538186078e6	8.826306180423603e8
0.06713153381578033	0.06857370346708969	0.067852618641435	49091.38712263403	5.883415390493859e8	1.167620540941242e6	8.644508426753267e8
0.06857370346708969	0.07004471651142524	0.06930920998925746	50614.61106064098	5.699691063787289e8	1.218235152001883e6	8.462844709171855e8
0.07004471651142524	0.0715451498166475	0.07079493316403637	52503.41054499477	5.555719966850185e8	1.2707385625468777e6	8.28375046272151e8
0.07154514981664752	0.07307559178797422	0.07231037080231087	54498.77278668421	5.419292630335228e8	1.3252373353335618e6	8.107520024541323e8
0.07307559178797422	0.07463664259872746	0.07385611719335083	56648.66539937778	5.2938748191748303e8	1.3818860007329395e6	7.934641736528889e8
0.07463664259872745	0.07622891442569575	0.0754327785122116	58931.435327076164	5.1758729657452685e8	1.4408174360600156e6	7.765351895599833e8
0.07622891442569575	0.07785303168920342	0.07704097305744959	61313.14645677172	5.0613544743531936e8	1.5021305825167873e6	7.599630750465403e8
0.07785303168920343	0.07950963129798126	0.07868133149359235	63800.87481964196	4.95039405818004e8	1.5659314573364293e6	7.43746475347714e8
0.07950963129798126	0.08119936289893465	0.08035449709845796	66393.05042842774	4.8423776276627153e8	1.632324507764857e6	7.278804027537885e8
0.08119936289893465	0.0829228891319071	0.08206112601542087	69090.05511931427	4.73692892904649e8	1.7014145628841713e6	7.12357926913347e8
0.08292288913190708	0.08468088588953898	0.08380188751072304	71894.96613969737	4.633903889703346e8	1.7733095290238687e6	6.971717170045682e8
0.084680885889539	0.08647404258232352	0.08557746423593127	74811.27558262815	4.5331932911261314e8	1.8481208046064968e6	6.823142785842059e8
0.08647404258232352	0.08830306240896375	0.08738855249564365	77842.9733559084	4.434719893393624e8	1.9259637779624052e6	6.677781571744827e8
0.08830306240896375	0.09016866263213678	0.08923586252055027	80994.28287401685	4.3384165277225155e8	2.006958060836422e6	6.535559952002704e8
0.09016866263213677	0.09207157485977326	0.09112011874595502	84269.53035075098	4.2442173374895716e8	2.091227591187173e6	6.396405320303249e8
0.09207157485977327	0.09401254533196249	0.09304206009586788	87673.72233656808	4.152085306733749e8	2.178901313523741e6	6.260247710918918e8
0.09401254533196249	0.09599233521359549	0.09500244027277899	91212.21753673823	4.0619896400160897e8	2.270113531060479e6	6.127019989820232e8
0.09599233521359549	0.09801172089286114	0.09700202805322831	94890.39204381272	3.9738895454520327e8	2.365003923104292e6	5.996657052360679e8
0.09801172089286114	0.10007149428571212	0.09904160758928662	98713.927009306	3.8877479979540664e8	2.4637178501135977e6	5.869095906858896e8
0.10007149428571215	0.10217246314642014	0.10112197871606615	102689.00618656352	3.803537747576969e8	2.566406856300161e6	5.744276116589111e8
0.10217246314642012	0.10431545138434227	0.10324395726538119	106822.38412650429	3.721240494557008e8	2.6732292404266656e6	5.622140163985361e8
0.10431545138434228	0.10650129938702288	0.10540837538568258	111120.75147098675	3.640822817589224e8	2.7843499918976524e6	5.502632340091009e8
0.10650129938702287	0.10873086434975707	0.10761608186838997	115590.7193614743	3.5622392588805777e8	2.8999407112591267e6	5.385697892686875e8
0.1087308643497571	0.11100502061174598	0.10986794248075155	120239.71044689642	3.48546131061575e8	3.020180421706023e6	5.271283975370641e8
0.11100502061174598	0.11332465999897465	0.11216484030536031	125075.89491881794	3.410470658726088e8	3.145256316624841e6	5.159340129479515e8
0.11332465999897466	0.11569069217394791	0.11450767608646129	130108.00927202246	3.3372509758618516e8	3.275364325896864e6	5.049818242318833e8
0.1156906921739479	0.11810404499242061	0.11689736858318425	135345.29424296273	3.2657849504163814e8	3.4107096201398266e6	4.9426723303096205e8
0.11810404499242058	0.12056566486726274	0.11933485492984167	140797.96638407535	3.196064314459671e8	3.5515075865239017e6	4.837858938438463e8
0.12056566486726275	0.12307651713960176	0.12182109100343225	146477.33657044783	3.128088744206778e8	3.6979849230943494e6	4.7353374488256204e8
0.12307651713960176	0.12563758645738754	0.12435705179849466	152395.86557115227	3.061863342042673e8	3.850380788665502e6	4.635070219366041e8
0.12563758645738754	0.12824987716152902	0.12694373180945828	158568.14214426576	2.99741392616901e8	4.0089489308097675e6	4.5370236295840925e8
0.12824987716152905	0.13091441367975337	0.12958214542064123	165011.85445352638	2.934796349440033e8	4.173960785263294e6	4.441169618175309e8
0.13091441367975337	0.1336322409283422	0.13227332730404778	171749.31028106675	2.874110449328443e8	4.345710095544361e6	4.34748795775221e8
0.1336322409283422	0.13640442472190278	0.1350183328251225	178810.8853796286	2.81553759420145e8	4.524520980923989e6	4.255970629516443e8
0.13640442472190276	0.13923205219133455	0.13781823845661867	186241.59261669737	2.759408495642584e8	4.710762573540687e6	4.1666299709161645e8
0.13923205219133455	0.14211623221015499	0.14067414220074476	194113.23737547937	2.7063200858008075e8	4.904875810916166e6	4.0795132835660315e8
0.142116232210155	0.14505809582935186	0.14358716401975344	202538.58697451197	2.6572287866217908e8	5.107414397890678e6	3.994722084386196e8
0.14505809582935186	0.14805879672093264	0.14655844627514225	211824.8297757666	2.615215123919316e8	5.319239227666444e6	3.9125352813713616e8
0.1480587967209326	0.151119511630345	0.1495891541756388	223120.25233530463	2.592333578046222e8	5.542359480001749e6	3.833932455025619e8
0.15111951163034504	0.1542414408379457	0.15268047623414538	237141.78067902086	2.5929432914040038e8	5.77950126068077e6	3.760092535056146e8
0.15424144083794566	0.15742580862969832	0.155833624733822	245618.27206331107	2.5274939692907077e8	6.025119532744081e6	3.686797291183661e8
0.15742580862969832	0.16067386377728604	0.15904983620349217	248284.2908175185	2.4045534673052502e8	6.2734038235615995e6	3.6105962161983085e8
0.160673863777286	0.16398688002782547	0.16233037190255573	253296.88067463812	2.3087758425441396e8	6.526700704236238e6	3.5332777523186433e8
0.1639868800278255	0.16736615660337575	0.16567651831560062	260689.11708004074	2.2364146280699983e8	6.7873898213162795e6	3.456298590191254e8
0.16736615660337573	0.17081301871043697	0.16908958765690635	269183.13074182125	2.173528291012494e8	7.056572952058101e6	3.3801994192417717e8
0.170813018710437	0.17432881805963948	0.17257091838503824	278624.83997393324	2.1175596095995024e8	7.335197792032034e6	3.305336372278836e8
0.17432881805963946	0.17791493339582598	0.17612187572773272	288773.9937487643	2.0657718421387932e8	7.623971785780799e6	3.231881763525633e8
0.17791493339582598	0.18157277103873623	0.17974385221728112	299477.10438672756	2.016537294356583e8	7.923448890167526e6	3.1599010774121475e8
0.18157277103873626	0.18530376543450472	0.1834382682366205	310650.8091181089	1.9689884718093476e8	8.234099699285635e6	3.089404527151834e8
0.18530376543450472	0.18910937971818856	0.18720657257634665	322259.15254217625	1.9227086860099593e8	8.556358851827811e6	3.020377113327787e8
0.18910937971818853	0.19299110628754604	0.19105024300286727	334293.18797605654	1.8775114482507077e8	8.890652039803868e6	2.952793777793041e8
0.19299110628754604	0.1969504673882907	0.19497078683791835	346757.2140151727	1.8333125673415932e8	9.237409253819041e6	2.886626062135815e8
0.1969504673882907	0.20098901571105024	0.19896974154967045	359661.3108865047	1.7900682663952002e8	9.597070564705545e6	2.821844699839813e8
0.20098901571105027	0.205108335000265	0.20304867535565763	373016.9486417739	1.7477448425234577e8	9.970087513347318e6	2.7584202574128413e8
0.20510833500026499	0.20931004067526401	0.20720918783776449	386847.0252286113	1.7063608268255672e8	1.035693453857593e7	2.6963262245332474e8
0.20931004067526404	0.21359578046376304	0.21145291056951354	401249.57952576946	1.6662368137786177e8	1.07581841181017e7	2.6355566534595737e8
0.213595780463763	0.217967235048032	0.2157815077558975	416223.69687625684	1.627225223340638e8	1.1174407814977957e7	2.5760972997197786e8
0.217967235048032	0.22242611872398638	0.2201966768860092	431777.9898209814	1.589235043004965e8	1.1606185804798938e7	2.5179294584374845e8
0.2224261187239864	0.22697418007345985	0.22470014939872313	447937.49051550333	1.5522429117381158e8	1.2054123295314439e7	2.4610342187469992e8
0.22697418007345982	0.23161320264992274	0.22929369136169128	464676.156874488	1.516055195297578e8	1.2518799452188926e7	2.405382446496797e8
0.23161320264992277	0.23634500567791494	0.23397910416391887	481823.1781937983	1.4800698684917283e8	1.3000622630382724e7	2.3509113598976564e8
0.23634500567791494	0.24117144476646696	0.23875822522219095	499504.8664984888	1.4446796571075448e8	1.3500127496881213e7	2.2975850965762842e8
0.24117144476646696	0.24609441263679002	0.2436329287016285	517760.9463211852	1.4099563750451115e8	1.4017888443202399e7	2.2453742072849923e8
0.24609441263679002	0.2511158398645195	0.24860512625065478	536625.7821751871	1.3759402442902645e8	1.4554514225377586e7	2.1942534087474883e8
0.2511158398645195	0.25623769563680365	0.2536767677506616	556125.3138616495	1.3426391628075615e8	1.5110639539239235e7	2.144199430393227e8
0.2562376956368037	0.2614619885245335	0.25884984208066864	576281.9408028059	1.3100476088396156e8	1.568692148004204e7	2.095190102688526e8
0.26146198852453345	0.2667907672700178	0.26412637789727567	597116.5874998694	1.2781543460834792e8	1.628403806754191e7	2.0472039534223738e8
0.2667907672700179	0.27222612159041193	0.26950844443021493	618649.9613678736	1.2469464158958542e8	1.6902688028909784e7	2.000220062934995e8
0.27222612159041193	0.2777701829972139	0.2749981522938129	640902.6789368793	1.2164098549504258e8	1.7543590707846664e7	1.9542179703148437e8
0.2777701829972139	0.2834251256321519	0.28059765431468287	663894.96287734	1.1865294844739236e8	1.8207485670724005e7	1.9091775729795763e8
0.2834251256321519	0.28919316711978865	0.28630914637597027	687643.820797838	1.1572845956163464e8	1.8895129491521843e7	1.8650787793370372e8
0.28919316711978865	0.29507656943717814	0.2921348682784834	712160.7171216207	1.1286470018338208e8	1.9607290208643463e7	1.821901068260993e8
0.2950765694371781	0.30107763980091534	0.2980771046190467	737454.6676097312	1.1005881661495097e8	2.0344744876253195e7	1.7796234928852323e8
0.3010776398009154	0.3071987315719274	0.30413818568642137	763558.4697352786	1.0731167733581263e8	2.1108303345988475e7	1.7382268856640732e8
0.3071987315719274	0.31344224517835967	0.31032048837514353	790492.7804146552	1.0462209959065573e8	2.189879612640313e7	1.6976925490694293e8
0.31344224517835967	0.3198106290569206	0.31662643711764016	818293.7794206007	1.0199083862519935e8	2.271708990582373e7	1.658003361088711e8
0.3198106290569206	0.3263063806130527	0.32305850483498666	847018.4748575832	9.942065589370541e7	2.3564108380681314e7	1.6191448543471605e8
0.32630638061305267	0.33293204720030745	0.32961921390668003	876683.9839402877	9.69089681315419e7	2.4440792364621602e7	1.5811019286681855e8
0.3329320472003074	0.33969022711930724	0.3363111371598073	907303.0564914152	9.445297624242373e7	2.5348095421113018e7	1.543858761568812e8
0.3396902271193073	0.34658357063668715	0.34313689887799725	938897.4768804093	9.205109033048268e7	2.6286992897993427e7	1.5073995575999963e8
0.34658357063668715	0.3536147810244146	0.3500991758305509	971491.5967568948	8.970203943905707e7	2.725848449475032e7	1.4717087322605333e8
0.3536147810244146	0.3607866156198966	0.3572006983221556	1.0051107463549844e6	8.740466241818862e7	2.8263595241105307e7	1.436770962686867e8
0.36078661561989656	0.3681018869072882	0.36444425126359237	1.0397817741167371e6	8.515793283269428e7	2.9303377015222043e7	1.4025712499080968e8
0.3681018869072882	0.37556346362042764	0.3718326752638579	1.0755317741359072e6	8.296083159721538e7	3.037890878935795e7	1.369094903007079e8
0.3755634636204277	0.38317427186782993	0.3793688677441288	1.11238842920006e6	8.081237604646114e7	3.149129721855801e7	1.3363275412487496e8
0.38317427186782993	0.3909372962801802	0.3870557840740051	1.1503799453132725e6	7.871161152092877e7	3.264167716387128e7	1.3042550912070663e8
0.3909372962801802	0.3988555811807775	0.39489643873047886	1.1895348886892842e6	7.665759877591583e7	3.383121205256057e7	1.2728637767503443e8
0.3988555811807775	0.40693223177938675	0.40289390648008216	1.2298824711655455e6	7.464943251754138e7	3.506109452372611e7	1.242140120479199e8
0.4069322317793867	0.41517041538996813	0.41105132358467744	1.2714517795824711e6	7.268619320327035e7	3.6332546303308584e7	1.2120709169870694e8
0.41517041538996813	0.4235733626727612	0.4193718890313647	1.3142728863404705e6	7.076701610199532e7	3.764681918964905e7	1.182643248036541e8
0.4235733626727612	0.4321443689012101	0.4278588657869856	1.3583758435515943e6	6.889103045295958e7	3.9005195033200644e7	1.1538444613772976e8
0.4321443689012101	0.44088679525422797	0.436515582077719	1.4037914144019356e6	6.70574009512174e7	4.040898644760258e7	1.1256621750467263e8
0.4408867952542281	0.44980407013430634	0.4453454326942672	1.4505503156254122e6	6.52652888250497e7	4.185953676322799e7	1.0980842587515295e8
0.4498040701343063	0.4588996905119861	0.4543518803231462	1.4986841986168264e6	6.351389918083761e7	4.335822096184482e7	1.0710988439808059e8
0.4588996905119861	0.4681772232972195	0.4635384569046028	1.548224440963793e6	6.180242533843297e7	4.490644540280861e7	1.0446943011056878e8
0.46817722329721945	0.4776403067381575	0.47290876501768847	1.5992031348612206e6	6.013009372772973e7	4.650564853766983e7	1.0188592440230195e8
0.47764030673815755	0.48729265184791437	0.482466479293036	1.6516525940756884e6	5.849614192280468e7	4.815730113174552e7	9.935825217524618e7
0.4872926518479144	0.4971380438598664	0.49221534785389043	1.705605397611233e6	5.68998213015759e7	4.986290652935675e7	9.688532121045429e7
0.4971380438598663	0.5071803437120573	0.5021591937859619	1.7610945096242456e6	5.5340401268097766e7	5.162400103898099e7	9.446606182053663e7
0.5071803437120572	0.517423489561292	0.5123019166366747	1.8181532157939149e6	5.381716652753708e7	5.3442154254774906e7	9.20994263662515e7
0.5174234895612922	0.5278714983275118	0.522647493944402	1.8768150016440956e6	5.232941342121539e7	5.5318969256419e7	8.97843885904712e7
0.5278714983275117	0.5385284672690556	0.5331999827982836	1.9371135163171466e6	5.087644961841642e7	5.725608277273615e7	8.751994297562289e7
0.5385284672690556	0.5493985755894304	0.543963521429243	1.999082798528109e6	4.9457600401317365e7	5.925516557126426e7	8.530510450676164e7
0.5493985755894303	0.5604860860762125	0.5549423308328214	2.0627571795752198e6	4.807220524245372e7	6.131792275083948e7	8.313890825138457e7
0.5604860860762126	0.5717953467727306	0.5661407164244716	2.1281715322033083e6	4.6719622847733974e7	6.344609428304279e7	8.102040925919722e7
0.5717953467727305	0.5833307926831788	0.5775630697279546	2.1953617382700485e6	4.539923879061908e7	6.564145602131284e7	7.894868291352925e7
0.5833307926831788	0.5950969475118361	0.5892138700975074	2.264377948218872e6	4.411071922410776e7	6.790583396953171e7	7.692284001716168e7
0.595096947511836	0.6070984254370663	0.601097686474451	2.335298185755597e6	4.28541817715199e7	7.024113215528731e7	7.49420509263358e7
0.6070984254370664	0.6193399329208014	0.6132191791789339	2.40816254736202e6	4.162892059366334e7	7.264929470264933e7	7.300549415053502e7
0.6193399329208014	0.631826270554211	0.6255831017375062	2.483003408945008e6	4.043411498862741e7	7.513229811159433e7	7.111234916813122e7
0.631826270554211	0.6445623349402889	0.63819430274725	2.5598254792950843e6	3.926856116453645e7	7.769212359088942e7	6.926177407825455e7
0.6445623349402889	0.6575531206140883	0.6510577277771886	2.6385932032851344e6	3.813060996103364e7	8.033071679417455e7	6.7452880949898e7
0.6575531206140883	0.6708037220013637	0.664178421307726	2.7193336307981517e6	3.701971855470367e7	8.30500504249727e7	6.568480277082125e7
0.6708037220013637	0.6843193354163847	0.6775615287088742	2.8021063545275712e6	3.59357829195166e7	8.585215677950028e7	6.395671768263224e7
0.6843193354163846	0.6981052610997059	0.6912122982580453	2.8869751144969855e6	3.487867144173343e7	8.873913189399727e7	6.22678447047378e7
0.6981052610997058	0.7121669052966936	0.7051360831981996	2.9739858770438773e6	3.384797278238416e7	9.171311777104114e7	6.0617425069210954e7
0.7121669052966937	0.7265097823776212	0.7193383438371574	3.063180055250235e6	3.284320836963482e7	9.477629782629138e7	5.9004716992133416e7
0.7265097823776212	0.7411395170001672	0.7338246496888943	3.1546014701703e6	3.186392073822726e7	9.793089929646169e7	5.742899588193369e7
0.7411395170001672	0.7560618463151642	0.7486006816576657	3.248292179244351e6	3.0909628520876314e7	1.0117919147570604e8	5.588955192382392e7
0.7560618463151642	0.771282622216461	0.7636722342658127	3.344296983817272e6	2.9979874003377434e7	1.0452348845952332e8	5.438569056722459e7
0.7712826222164612	0.786807813635784	0.7790452179261226	3.442665069769814e6	2.9074231257391494e7	1.0796615352929313e8	5.291673345753268e7
0.7868078136357839	0.8026435088834932	0.7947256612596385	3.543447597233046e6	2.8192278250390396e7	1.1150960112652618e8	5.148201769577258e7
0.8026435088834933	0.8187959180361568	0.8107197134598251	3.6467014472997906e6	2.733362334796755e7	1.1515630257382596e8	5.008089668026191e7
0.8187959180361568	0.8352713753718736	0.8270336467040151	3.752490297891509e6	2.6497903595578298e7	1.1890879287171747e8	4.87127408001465e7
0.8352713753718735	0.8520763418543045	0.843673858613089	3.860888063973584e6	2.5684797839049056e7	1.2276968093569106e8	4.7376938850264266e7
0.8520763418543045	0.8692174076663841	0.8606468747603443	3.9719811626526634e6	2.4894026416209918e7	1.2674166209834372e8	4.607289934611748e7
0.8692174076663842	0.8867012947947055	0.8779593512305448	4.085878198951829e6	2.4125392503564425e7	1.3082754029729554e8	4.480005416061428e7
0.8867012947947055	0.9045348596655932	0.8956180772301494	4.202717749420161e6	2.337879611055701e7	1.350302580467157e8	4.3557862760323994e7
0.9045348596655932	0.9227250958338986	0.9136299777497459	4.322685809256766e6	2.2654289209056318e7	1.3935294385597247e8	4.234581939131819e7
0.9227250958338986	0.9412791367255702	0.9320021162797344	4.446051772528995e6	2.195219754354137e7	1.4379899562850147e8	4.116346690777675e7
0.9412791367255703	0.9602042584350753	0.9507416975803228	4.573238026391446e6	2.1273347660898276e7	1.4837223365489292e8	4.001042295406338e7
0.9602042584350751	0.9795078825787702	0.9698560705069226	4.704971204467486e6	2.0619557398657143e7	1.530772048593604e8	3.8886433048541754e7
0.9795078825787704	0.9991975792053394	0.9893527308920549	4.842760246776737e6	1.9995277330580145e7	1.5791996510613713e8	3.779151570351927e7
0.9991975792053394	1.0192810697644397	1.0092393244848896	4.990550110474607e6	1.941318085396039e7	1.6291051521661174e8	3.672642303451737e7
1.0192810697644394	1.0397662301347217	1.0295236499495806	5.162321102654086e6	1.891946270867088e7	1.6807283631926584e8	3.569454047271047e7
1.039766230134722	1.06066109371241	1.050213661923566	5.406905524535994e6	1.866937263328713e7	1.7347974184380183e8	3.470805218447288e7
1.06066109371241	1.0819738545616517	1.0713174741370308	5.625313177620316e6	1.8299803634454593e7	1.7910505502142215e8	3.375739574571152e7
1.0819738545616517	1.1037128706278783	1.092843362594765	5.338756130195653e6	1.6362896267697498e7	1.844438111516178e8	3.274968726800221e7
1.1037128706278783	1.1258866670154293	1.1147997688216538	5.741815732384203e6	1.6580257598214906e7	1.9018562688400197e8	3.181303143685717e7
1.1258866670154293	1.1485039393307315	1.1371953031730804	5.724665519666355e6	1.5574553168534046e7	1.959102924036683e8	3.0872455697024826e7
1.1485039393307315	1.1715735570923396	1.1600387482115355	5.850111326993639e6	1.4995279424743177e7	2.0176040373066196e8	2.9952884113569967e7
1.1715735570923396	1.1951045672091798	1.1833390621507598	5.992532219162619e6	1.4471955911754202e7	2.0775293594982457e8	2.905633555680585e7
1.19510456720918	1.2191061975283572	1.2071053823687685	6.140302437756194e6	1.3971224627061518e7	2.1389323838758075e8	2.8182779922859214e7
1.2191061975283572	1.243587860453918	1.2313470289911375	6.290997560204126e6	1.34863212018412e7	2.2018423594778487e8	2.7331797311819673e7
1.243587860453918	1.2685591566379897	1.2560735085459538	6.444228524971561e6	1.3015940874357732e7	2.2662846447275645e8	2.6502916821318682e7
1.2685591566379897	1.294029878745743	1.2812945176918662	6.599942995071278e6	1.2559629422562677e7	2.3322840746782774e8	2.5695668749673903e7
1.2940298787457432	1.3200100152956515	1.3070199470206973	6.758130890835637e6	1.2117040933909843e7	2.3998653835866338e8	2.49095907887891e7
1.3200100152956513	1.3465097545765579	1.3332598849361046	6.918785181672922e6	1.1687845436982362e7	2.469053235403363e8	2.4144228509659953e7
1.3465097545765579	1.3735394886430825	1.3600246216098202	7.081896659911552e6	1.1271717913558448e7	2.5398722020024785e8	2.33991351839066e7
1.3735394886430825	1.4011098173909375	1.38732465301701	7.247455746167841e6	1.0868341166226083e7	2.612346759464157e8	2.2673871781979218e7
1.4011098173909378	1.42923155271375	1.415170685052344	7.4154500985151e6	1.0477401771959836e7	2.686501260449308e8	2.1968006737578847e7
1.4292315527137498	1.4579157227430182	1.443573637728384	7.58586588319913e6	1.009859217944662e7	2.7623599192813e8	2.1281115847450417e7
1.4579157227430184	1.4871735761728722	1.4725446494579453	7.75868780197366e6	9.731610576885084e6	2.839946797301036e8	2.061278216963147e7
1.4871735761728724	1.5170165866713232	1.5020950814220977	7.933898436661321e6	9.376159955088926e6	2.919285781667649e8	1.9962595873674158e7
1.517016586671323	1.547456457379743	1.532236522025533	8.111478447455752e6	9.031948405063849e6	3.000400566142207e8	1.933015411705272e7
1.547456457379743	1.5785051255023312	1.5629807914410372	8.291407238946647e6	8.69868980517297e6	3.0833146385316736e8	1.8715060968761273e7
1.5785051255023315	1.6101747669873716	1.5943399462448515	8.473661857732257e6	8.376102508755046e6	3.168051257108996e8	1.8116927261666078e7
1.6101747669873714	1.6424778013021122	1.6263262841447417	8.65821806816501e6	8.063910466211296e6	3.254633437790646e8	1.753537051858178e7
1.6424778013021124	1.675426896303148	1.65895234880263	8.845049399325743e6	7.761842189749242e6	3.343083931783903e8	1.6970014822978612e7
1.6754268963031482	1.7090349732042047	1.6922309347536766	9.034128056584548e6	7.469631575016455e6	3.4334252123497486e8	1.6420490744941076e7
1.7090349732042043	1.7433152116432817	1.726175092423743	9.22542405907363e6	7.187017059826376e6	3.525679452940485e8	1.5886435222973809e7
1.743315211643282	1.778281054851141	1.7607981332472114	9.418905886014348e6	6.913742144752472e6	3.6198685118006283e8	1.536749148297995e7
1.778281054851141	1.813946214923157	1.7961136348871491	9.614540383253664e6	6.649555222811794e6	3.7160139156331646e8	1.4863308952285232e7
1.8139462149231576	1.850324678196614	1.8321354465598858	9.812292569362119e6	6.394209377376052e6	3.8141368413267857e8	1.4373543167150762e7
1.8503246781966136	1.8874307107355393	1.8688776944660765	1.0012125617165726e7	6.147462338368105e6	3.914258097498443e8	1.3897855683299532e7
1.8874307107355395	1.9252788639252436	1.9063547873303914	1.021400125091227e7	5.909076682528946e6	4.0163981100075656e8	1.3435914003387237e7
1.9252788639252438	1.963883980178742	1.9445814220519928	1.0417879638552448e7	5.678819678071783e6	4.12057690639309e8	1.2987391499864563e7
1.9638839801787418	2.00326119875731	1.9835725894680258	1.0623719242862698e7	5.456463139456441e6	4.226814098821717e8	1.2551967334077196e7
2.00326119875731	2.0434259617074493	2.0233435802323796	1.0831476873551434e7	5.241783412429815e6	4.335128867557231e8	1.2129326379347803e7
2.0434259617074497	2.084394019916592	2.0639099908120206	1.1041107828895614e7	5.034561392878882e6	4.4455399458461875e8	1.1719159149757441e7
2.0843940199165925	2.1261814392899177	2.105287729603255	1.1252566061362293e7	4.834582536252171e6	4.558065606459812e8	1.1321161733744463e7
2.126181439289917	2.168804607050709	2.147493023170313	1.1465804008686032e7	4.641636712271034e6	4.672723646546672e8	1.0935035723292287e7
2.168804607050709	2.2122802381667164	2.1905424226087127	1.1680772722900756e7	4.455518205043997e6	4.7895313737756795e8	1.0560488147362076e7
2.212280238166716	2.2566253819050437	2.23445281003588	1.189742174950301e7	4.276025609656961e6	4.9085055912707096e8	1.0197231403334945e7
2.2566253819050437	2.301857428518138	2.279241405211591	1.2115699547944034e7	4.1029619322495414e6	5.02966258675015e8	9.844983198335737e6
2.301857428518138	2.347994116063494	2.3249257722908157	1.233555329461653e7	3.936134445697695e6	5.153018119696315e8	9.503466485734928e6
2.3479941160634943	2.3950535373597575	2.371523826711626	1.2556928822661528e7	3.7753546167964917e6	5.27858740792293e8	9.17240940123632e6
2.3950535373597575	2.443054147081946	2.4190538422208516	1.2779771001442684e7	3.6204381682585357e6	5.406385117937357e8	8.851545206361692e6
2.443054147081946	2.492014768998578	2.467534458040262	1.3004023391946638e7	3.471204912417808e6	5.536425351856824e8	8.540612225705687e6
2.4920147689985783	2.541954603353543	2.5169846861760607	1.3229628868024478e7	3.3274788667334197e6	5.668721640537069e8	8.239353794603191e6
2.5419546033535427	2.592893234395607	2.567423918874575	1.3456528756044123e7	3.1890879651607713e6	5.80328692809751e8	7.947518193247989e6
2.592893234395607	2.6448506380585126	2.61887193622706	1.368466421753286e7	3.0558643495161883e6	5.940133570272839e8	7.664858601559184e6
2.6448506380585126	2.6978471897946763	2.6713489139265945	1.3913974964783054e7	2.927643989493305e6	6.07927331992067e8	7.391133034796712e6
2.697847189794676	2.751903672565563	2.724875431180119	1.4144400568818456e7	2.8042669226248623e6	6.220717325608854e8	7.126104296859228e6
2.751903672565563	2.8070412849918673	2.779472478778715	1.4375878880640436e7	2.685576861972485e6	6.364476114415258e8	6.869539913704326e6
2.8070412849918673	2.863281649666698	2.8351614673292826	1.4608348066230042e7	2.5714215520189437e6	6.510559595077559e8	6.621212091268558e6
2.863281649666698	2.920646821635025	2.8919642356508612	1.4841745531585194e7	2.4616524781470303e6	6.658977050393411e8	6.380897659117706e6
2.9206468216350245	2.979159297042718	2.9499030593388715	1.5076007859963594e7	2.3561248080632673e6	6.809737128993046e8	6.1483780140516125e6
2.9791592970427185	3.038842021958566	3.009000659500642	1.5311071123906907e7	2.2546973929717964e6	6.962847840232115e8	5.923439067114994e6
3.038842021958566	3.0997184013727304	3.069280211665648	1.554687141493395e7	2.157232783246955e6	7.118316554381454e8	5.705871194651643e6
3.0997184013727304	3.161812308375178	3.1307653548739545	1.5783344466171866e7	2.0635971022476573e6	7.276149999043173e8	5.495469184970198e6
3.1618123083751777	3.2251480935176744	3.193480200946426	1.6020425491799096e7	1.9736599692443176e6	7.436354253961164e8	5.2920321837102715e6
3.2251480935176753	3.289750594363022	3.2574493439403485	1.625804968884255e7	1.887294507958203e6	7.598934750849589e8	5.095363642926878e6
3.289750594363022	3.355645145225276	3.322697869794149	1.6496152228968587e7	1.8043772795180862e6	7.763896273139275e8	4.905271269309573e6
3.3556451452252753	3.422857587104774	3.3892513661650248	1.673466798081016e7	1.7247881909636229e6	7.931242952947377e8	4.7215669701715335e6
3.4228575871047733	3.4914142778218618	3.4571359324633173	1.69735322937867e7	1.6484105190926818e6	8.100978275885243e8	4.544066803997702e6
3.4914142778218618	3.561342102353292	3.526378190087577	1.721268006766193e7	1.575130751460146e6	8.273105076561862e8	4.372590924724832e6
3.5613421023532927	3.6326684833753515	3.5970052928643224	1.745204686629114e7	1.5048386370877728e6	8.447625545224774e8	4.206963532226358e6
3.632668483375351	3.7054213920178514	3.6690449376966012	1.7691568323230747e7	1.4374270641160493e6	8.624541228457081e8	4.04701281864585e6
3.705421392017851	3.779629358833201	3.742525375425526	1.793117999576427e7	1.3727919922792169e6	8.803853028414724e8	3.892570913983674e6
3.7796293588332013	3.8553214849848585	3.81747542190903	1.817081822031815e7	1.3108324621918055e6	8.985561210617906e8	3.7434738354140753e6
3.855321484984859	3.932527453659549	3.893924469322204	1.8410419659353897e7	1.2514504942294785e6	9.169665407211444e8	3.599561433738982e6
3.9325274536595485	4.011277541707733	3.9719024976836406	1.864992134531419e7	1.194551032808547e6	9.356164620664587e8	3.4606773397641503e6
4.011277541707733	4.0916026315168805	4.051440086612306	1.888926094404798e7	1.140041903802856e6	9.545057230105066e8	3.3266689113590685e6
4.0916026315168805	4.1735342231222115	4.132568427319546	1.9128376624935362e7	1.087833744887624e6	9.73634099635442e8	3.197387179596014e6
4.173534223122211	4.257104446559648	4.215319334840929	1.936720719605963e7	1.0378399540576658e6	9.930013068315016e8	3.072686795069374e6
4.257104446559648	4.3423460744658335	4.299725260512741	1.9605692032384653e7	989976.6259781593	1.0126069988638862e9	2.9524259736806503e6
4.3423460744658335	4.429292534930143	4.385819304697988	1.9843771725824296e7	944162.5249395241	1.0324507705897105e9	2.836466444032127e6
4.429292534930143	4.517977924603739	4.473635229766941	2.0081386800967246e7	900318.9610272258	1.0525321573906777e9	2.7246733907462507e6
4.5179779246037395	4.608437022070807	4.563207473337274	2.0318479637195043e7	858369.8237743863	1.0728506370278727e9	2.6169154030379336e6
4.608437022070807	4.700705301487216	4.654571161779011	2.0554992596141458e7	818241.435555493	1.0934056296240141e9	2.513064417826758e6
4.700705301487216	4.794818946491953	4.747762123989585	2.079086960840737e7	779862.5636704161	1.1141964992324214e9	2.412995666865854e6
4.794818946491953	4.890814864396784	4.842816905444368	2.102605497890694e7	743164.3124992709	1.1352225542113283e9	2.316587620729671e6
4.890814864396785	4.988730700659714	4.93977278252825	2.126049485648719e7	708080.1211317496	1.1564830490678155e9	2.223721935930578e6
4.988730700659713	5.0886048536479	5.038667777153806	2.1494135407617502e7	674545.6403683389	1.177977184475433e9	2.1342833980178908e6
5.0886048536479	5.19047648969585	5.139540671671876	2.172692446022854e7	642498.734461494	1.1997041089356616e9	2.0481598680920214e6
5.19047648969585	5.29438555846476	5.242431024080306	2.1958810923750743e7	611879.4032134565	1.2216629198594122e9	1.9652422279372623e6
5.29438555846476	5.400372808609048	5.347379183536904	2.2189744837052517e7	582629.7279106885	1.2438526646964648e9	1.8854243252280576e6
5.400372808609048	5.508479803756222	5.454426306182635	2.2419677117051758e7	554693.8101945954	1.266272341813517e9	1.8086029183957404e6
5.508479803756222	5.618748938806339	5.563614371281281	2.2648560149690725e7	528017.7335325726	1.2889209019632077e9	1.7346776224790064e6
5.618748938806339	5.7312234565574585	5.674986197681899	2.2876347418929163e7	502549.4992531497	1.3117972493821368e9	1.6635508544319575e6
5.731223456557458	5.845947464663599	5.788585460610529	2.3102993785192497e7	478238.98002547235	1.3349002431673293e9	1.595127778927122e6
5.8459474646636	5.962965952931865	5.904456708797732	2.3328455048302837e7	455037.85809053964	1.3582286982156322e9	1.5293162537437433e6
5.962965952931865	6.082324810965495	6.02264538194868	2.355268844582363e7	432899.58463062794	1.3817813866614559e9	1.466026775984635e6
6.0823248109654955	6.204070846159798	6.143197828562647	2.377565258725765e7	411779.32673113	1.4055570392487135e9	1.405172428356638e6
6.204070846159798	6.328251802057986	6.266161324108892	2.3997307196188796e7	391633.9126277639	1.4295543464449022e9	1.3466688254112527e6
6.328251802057984	6.454916377074136	6.39158408956606	2.421761344294662e7	372421.788431389	1.4537719598878489e9	1.290434060409465e6
6.454916377074137	6.584114243590612	6.519515310332375	2.443653374875275e7	354102.9661378885	1.4782084936366017e9	1.2363886522709052e6
6.584114243590613	6.715896067437418	6.650005155514016	2.4654031705192056e7	336638.9751845299	1.5028625253417938e9	1.1844554928064665e6
6.715896067437417	6.850313527761158	6.783104797599288	2.4870072438439734e7	319992.82094150205	1.5277325977802336e9	1.1345597946175772e6
6.850313527761158	6.9874193372913735	6.918866432526266	2.5084622378982514e7	304128.9351576687	1.5528172201592162e9	1.0866290391585496e6
6.987419337291374	7.127267263012194	7.057343300151784	2.529764888095348e7	289013.1266894939	1.5781148690401697e9	1.0405929249683045e6
7.127267263012194	7.26991214724743	7.198589705129812	2.5509120732632972e7	274612.544208225	1.6036239897728026e9	996383.3167523824
7.269912147247429	7.41540992916737	7.3426610382074	2.57189580515278e7	260895.1242247951	1.6293429478243303e9	953934.1655603262
7.415409929167371	7.56381766672571	7.489613797946541	2.592711085012362e7	247830.44599116	1.6552700586744537e9	913181.4829260131
7.56381766672571	7.7151935590352165	7.6395056128804635	2.6125508880649105e7	235317.08515182658	1.6813955675551028e9	874059.1237905188
7.715193559035217	7.869596969190914	7.792395264113066	2.6283805156174537e7	223082.41149117632	1.7076793727112772e9	836489.0300628493
7.869596969190913	8.027088447549723	7.948342708370317	2.537398869975479e7	202933.8248895147	1.733053361411032e9	799924.8355896745
8.027088447549723	8.18772975547571	8.107409101512715	2.5624028366528496e7	193108.738235609	1.7586773897775605e9	764904.2451180785
8.187729755475711	8.351583889560217	8.269656822517964	2.647665048872651e7	188021.10137018675	1.785154040266287e9	731611.5352149279
8.351583889560215	8.518715106326411	8.435149497943314	2.6598913413309403e7	177990.44169137237	1.8117529536795964e9	699661.6757887033
8.518715106326413	8.689188947427933	8.603952026877174	2.6887820289474066e7	169542.20148712987	1.8386407739690704e9	669068.4547425385
8.689188947427933	8.863072265351484	8.776130606389708	2.7132675779971715e7	161214.64084055004	1.865773449749042e9	639760.5087118797
8.863072265351484	9.040433249633505	8.951752757492494	2.7362380880890924e7	153198.8712287334	1.8931358306299329e9	611681.6247651448
9.040433249633505	9.221341453601168	9.130887351617336	2.7578471094734803e7	145499.628217602	1.9207143017246678e9	584779.1099275375
9.221341453601168	9.405867821648183	9.313604637624675	2.7787242742795505e7	138142.5137791821	1.9485015444674633e9	559004.7919627865
9.405867821648183	9.59408471705614	9.49997626935216	2.79905980749239e7	131124.68617768466	1.9764921425423872e9	534313.1168234028
9.59408471705614	9.786065950372254	9.690075333714198	2.8189510117002558e7	124437.24142740536	2.0046816526593897e9	510660.6475505812
9.786065950372253	9.98188680835469	9.883976379363471	2.8384614989658277e7	118069.19213785927	2.033066267649048e9	488005.8217251663
9.981886808354691	10.181624083496777	10.081755445925733	2.857632627767644e7	112008.47620390811	2.0616425939267244e9	466308.78113965417
10.181624083496777	10.385356104141705	10.28349009381924	2.8764938926623903e7	106242.68231425081	2.0904075328533487e9	445531.2531778292
10.385356104141703	10.593162765199528	10.489259434670615	2.8950668144515358e7	100759.3608729184	2.119358200997864e9	425636.4569913309
10.59316276519953	10.805125559478512	10.69914416233902	2.9133679724275757e7	95546.23064645876	2.14849188072214e9	406589.027023425
10.805125559478512	11.021327609643073	10.913226584560793	2.931409955666626e7	90591.26790485553	2.177805980278806e9	388354.94609717
11.021327609643073	11.241853700810926	11.131590655227	2.949202797230025e7	85882.78805349747	2.2072980082511063e9	370901.48708194384
11.241853700810926	11.466790313802136	11.354322007306532	2.966754463554977e7	81409.47843108317	2.236965552886656e9	354197.1598247643
11.466790313802136	11.69622565905317	11.581507986427653	2.984071488037081e7	77160.42493845508	2.2668062677670264e9	338211.66268610227
11.69622565905317	11.930249711209225	11.813237685131197	3.001159228626505e7	73125.119968532	2.2968178600532913e9	322915.83733507345
11.930249711209225	12.1689542444084	12.049601977808813	3.0180222058550008e7	69293.46750406918	2.326998082111841e9	308281.6264521311
12.1689542444084	12.41243286827156	12.290693556339981	3.03466419866662e7	65655.77846777256	2.3573447240985074e9	294282.03360869567
12.41243286827156	12.660781064611983	12.536606966441772	3.051088535519475e7	62202.768189838425	2.387855609453702e9	280891.08531998907
12.660781064611983	12.914096224879215	12.787438644745599	3.067298117365039e7	58925.545830598865	2.418528590627352e9	268083.7946812033
12.914096224879211	13.172477688351787	13.0432869566155	3.0832954917127337e7	55815.60419702709	2.4493615455444794e9	255836.1265181258
13.17247768835179	13.436026781093817	13.304252234722803	3.099083014879604e7	52864.81034915553	2.4803523756932755e9	244124.96401018166
13.436026781093817	13.704846855690684	13.57043681839225	3.114662769203818e7	50065.391216251795	2.5114990033853135e9	232928.0764127929
13.70484685569068	13.979043331779485	13.841945093735083	3.130036764172014e7	47409.924088212494	2.542799371027034e9	222224.08809671403
13.979043331779488	14.258723737390069	14.118883534584779	3.1452067871628277e7	44891.321140951884	2.5742514388986635e9	211992.44848394688
14.258723737390067	14.54399775111286	14.401360744251463	3.1601746807235472e7	42502.82072208462	2.605853185705899e9	202213.40321838384
14.54399775111286	14.834977245110109	14.689487498111484	3.174942025307137e7	40237.97000832364	2.63760260595897e9	192867.96600193914
14.834977245110109	15.131776328987302	14.983376787048705	3.1895105167122334e7	38090.617763384	2.6694977111260924e9	183937.89164039367
15.131776328987304	15.43451139454204	15.283143861764671	3.2038817229011465e7	36054.8987617382	2.701536528355104e9	175405.64974815038
15.434511394542039	15.74330116140787	15.588906277974955	3.218057194071972e7	34125.22336541272	2.7337171002958236e9	167254.39937106302
15.74330116140787	16.05826672361102	15.900783942509445	3.2320384826684292e7	32296.266109844917	2.766037485122508e9	159467.96441706165
16.058266723611016	16.37953159705823	16.218899160334622	3.245827107299554e7	30562.95407165998	2.7984957561955037e9	152030.80983526466
16.37953159705823	16.707221767974385	16.543376682516307	3.2594245960460056e7	28920.45644543882	2.831090002155964e9	144928.018570028
16.707221767974385	17.041465742308862	16.874343755141624	3.2728324724480636e7	27364.173873516214	2.8638183268804445e9	138145.26923086352
17.041465742308862	17.38239459613003	17.211930169219446	3.2860522437824897e7	25889.72821543449	2.8966788493182693e9	131668.8144621835
17.38239459613003	17.73014202702762	17.556268311578826	3.2990854601827696e7	24492.953243571865	2.929669703920097e9	125485.46002583312
17.730142027027618	18.084844406543162	17.90749321678539	3.31193365440463e7	23169.884708731162	2.9627890404641433e9	119582.54451884129
18.08484440654316	18.446640833649013	18.265742620096084	3.3245983733242117e7	21916.75152838609	2.9960350241973853e9	113947.91975442448
18.446640833649013	18.815673189296984	18.631157011473	3.337081187633948e7	20729.96710844608	3.0294058360737247e9	108569.93177559579
18.815673189296984	19.192086192057914	19.00387969067745	3.3493836552640148e7	19606.12071700075	3.0628996726263647e9	103437.40246780137
19.192086192057914	19.576027454874062	19.38405682346599	3.361507365542228e7	18541.969714961604	3.096514746281787e9	98539.6117853849
19.576027454874062	19.967647542946533	19.771837498910298	3.3734539290942594e7	17534.431737278624	3.1302492855727296e9	93866.28055354353
19.967647542946533	20.367100032780453	20.167373787863493	3.385224948012256e7	16580.57711631669	3.164101535052852e9	89407.55382647643
20.367100032780453	20.774541572411053	20.570820802595755	3.39682205461645e7	15677.621980143775	3.1980697555990167e9	85153.98480851018
20.774541572411056	21.190131942834267	20.98233675762266	3.408246878341362e7	14822.921266934783	3.23215222438243e9	81096.51930082134
21.190131942834263	21.614034120665938	21.402083031750102	3.419501088554396e7	14013.962391175182	3.266347235267974e9	77226.48068097878
21.614034120665938	22.046414342054245	21.83022423136009	3.430586329939243e7	13248.358707783294	3.300653098567366e9	73535.55537285325
22.04641434205425	22.487442167870324	22.266928254962288	3.44150429019768e7	12523.843817515952	3.3350681414693427e9	70015.77882708746
22.48744216787032	22.937290550202714	22.712366359036515	3.452256654309966e7	11838.265649006933	3.3695907080124426e9	66659.52196973602
22.937290550202718	23.39613590018176	23.16671322519224	3.4628455826569244e7	11189.582542928492	3.4042191638390117e9	63459.4782075213
23.396135900181758	23.864158157160382	23.630147028671068	3.473273978723273e7	10575.858398191112	3.4389519036262445e9	60408.65090343937
23.864158157160386	24.34154085927858	24.102849508219485	3.483591287289336e7	9995.388481744845	3.473787816499138e9	57500.34883341873
24.341540859278584	24.828471215439144	24.585006037358866	3.494131449031564e7	9447.299629950297	3.5087291309894533e9	54728.21653057294
24.82847121543914	25.32514017872291	25.076805697081028	3.5078971794258736e7	8937.403030769066	3.543808102783712e9	52086.60051855917
25.325140178722915	25.83174252127236	25.57844134999764	3.518070964427283e7	8446.27442524022	3.5789888124279847e9	49569.05300375247
25.831742521272364	26.3484769106728	26.09010971597258	3.5279289763860136e7	7981.354423232687	3.614268102191845e9	47169.92749628049
26.348476910672794	26.875545987861237	26.612011449267015	3.537463013058212e7	7541.277237578139	3.649642732322428e9	44883.82454439225
26.87554598786124	27.413156446593455	27.144351217227346	3.546799513216125e7	7125.017561365668	3.6851107274545894e9	42705.5971182305
27.413156446593455	27.961519114500312	27.687337780546883	3.55597534049071e7	6731.384551150248	3.7206704808594966e9	40630.32649224382
27.96151911450031	28.520849035765302	28.241184075132807	3.565001253543176e7	6359.189565077397	3.7563204933949285e9	38653.30919595708
28.520849035765302	29.091365555455596	28.80610729561045	3.573881357577608e7	6007.291398046854	3.7920593069707046e9	36770.04732747134
29.0913655554556	29.673292405539698	29.382328980497647	3.582617920282836e7	5674.604577340822	3.827885486173533e9	34976.239904682305
29.673292405539694	30.266857792625476	29.970075099082585	3.591212815133223e7	5360.099508024831	3.8637976143248653e9	33267.774724155475
30.266857792625476	30.872294487452972	30.569576140039224	3.599667828732601e7	5062.800255037742	3.899794292612191e9	31640.72056201582
30.872294487452976	31.489839916177022	31.181067201814997	3.6079847289299555e7	4781.781961225236	3.9358741399014907e9	30091.319676100604
31.489839916177026	32.11973625347555	31.80478808482629	3.6161652751841635e7	4516.168284655708	3.972035792653332e9	28615.980593089735
32.11973625347555	32.76223051752005	32.4409833854978	3.624211232702185e7	4265.128958328506	4.0082779049803543e9	27211.27117121677
32.762230517520045	33.41757466684543	33.08990259218274	3.632124336024895e7	4027.8774059085126	4.0445991483406034e9	25873.91192587866
33.41757466684544	34.08602569915733	33.751800183001386	3.639906318977395e7	3803.668554316823	4.0809982115303774e9	24600.76961431852
34.08602569915733	34.76784575211546	34.4269357256364	3.6475586090113305e7	3591.7964114532397	4.1174737976204906e9	23388.851050873473
34.76784575211547	35.46330220613277	35.11557397912412	3.655081120987602e7	3391.591015843516	4.1540246088303666e9	22235.29710324183
35.46330220613276	36.1726677892304	35.81798499768158	3.662431918597705e7	3202.3816405561065	4.1906489280163436e9	21137.37491267851
36.1726677892304	36.896220683989995	36.5344442366102	3.669242270305596e7	3023.2706872787526	4.2273413507193985e9	20092.457520196916
36.89622068399	37.63424463664479	37.265232660317395	3.674510411487814e7	2852.970573680485	4.2640864548342767e9	19097.99525922697
37.63424463664479	38.38702906835267	38.01063685249873	3.6766454587525114e7	2689.965888743041	4.300852909421802e9	18151.4981528686
38.38702906835267	39.154869188694704	38.77094912852368	3.675679345821388e7	2534.1358505555577	4.337609702880015e9	17250.61291808505
39.15486918869471	39.93806611144359	39.54646765006915	3.682491672871488e7	2392.3865215508695	4.37443461960873e9	16393.52041975986
39.93806611144358	40.73692697264744	40.337496542045514	3.689326591783646e7	2258.572401946726	4.4113278855265665e9	15578.15197881177
40.73692697264744	41.55176505107537	41.1443460118614	3.695077347990772e7	2131.610408241461	4.4482786590064745e9	14802.495791275918
41.55176505107538	42.38289989107187	41.967332471073625	3.7096938160256624e7	2016.6001218251258	4.485375597166731e9	14064.950288954975
42.382899891071865	43.23065742786829	42.806778659470076	3.6566394245536715e7	1873.101559308726	4.521941991412268e9	13361.673558688932
43.23065742786829	44.09537011540064	43.66301377163447	3.2400492659095794e7	1563.9695978845207	4.554342484071363e9	12681.134249969575
44.09537011540065	44.97737705668364	44.536373586042146	2.697959670344358e7	1227.1840150025414	4.581322080774807e9	12020.42548064695
44.977377056683636	45.87702413679229	45.42720059673796	2.2316763601169683e7	956.5397685844748	4.603638844375977e9	11382.218520132465
