-0.0	9.953897499377266e-5	4.976948749688633e-5	0.01170407399209204	2.833146007009124e9	0.01170407399209204	2.833146007009124e9
9.953897499377266e-5	0.0002010687294874207	0.00015030385224059668	0.06827295424503929	2.281905244319209e9	0.07997702823713133	2.3487838509945784e9
0.00020106872948742058	0.0003046290790709416	0.00025284890427918107	0.17332093152443054	2.0544540230892565e9	0.2532979597615619	2.1390897648857067e9
0.0003046290790709413	0.00041026063564613265	0.000357444857358537	0.326560312607911	1.911580441485048e9	0.579858272369473	2.0047199036650777e9
0.0004102606356461331	0.0005180048233528283	0.0004641327294994807	0.5331166471462003	1.81965134530586e9	1.1129749195156733	1.9115926742099345e9
0.0005180048233528287	0.0006279038948136577	0.0005729543590832433	0.793206672687069	1.744266832759589e9	1.9061815922027423	1.8382142613845534e9
0.0006279038948136573	0.0007400009477037028	0.0006839524212586801	1.1058156433600284	1.6743868709735863e9	3.0119972355627707	1.7744719223724692e9
0.000740000947703703	0.0008543399416515495	0.0007971704446776262	1.4845879193365465	1.623137865060013e9	4.496585154899317	1.72148039379174e9
0.0008543399416515493	0.0009709657154783526	0.0009126528285649509	1.9300412576316324	1.5789209703235395e9	6.42662641253095	1.6760337480534875e9
0.0009709657154783523	0.0010899240047816917	0.001030444860130022	2.450578540837114	1.5421708024771953e9	8.877204953368064	1.6368126936908915e9
0.0010899240047816917	0.0012112614598710977	0.0011505927323263946	3.0521473492963516	1.5106198909746e9	11.929352302664416	1.602560958541435e9
0.0012112614598710973	0.0013350256640622914	0.0012731435619666943	3.7413309339439507	1.482943400137214e9	15.670683236608367	1.572282132704683e9
0.0013350256640622922	0.00146126515233731	0.0013981454081998012	4.534498454387577	1.4612500603819323e9	20.205181690995943	1.5459201864779286e9
0.0014612651523373099	0.0015900294303778282	0.001525647291357569	5.446594394724611	1.4452858935507095e9	25.651776085720556	1.5233978640005894e9
0.0015900294303778277	0.0017213689939791564	0.001655699212178492	6.4914295245891696	1.4339841568043838e9	32.14320561030973	1.504453084378946e9
0.0017213689939791568	0.0018553353488525118	0.0017883521714158342	7.686844430904481	1.4270308167750425e9	39.83005004121421	1.4888638509340127e9
0.0018553353488525112	0.0019919810308233333	0.0019236581898379223	9.050764679299068	1.423774162658041e9	48.88081472051327	1.4763666672561345e9
0.0019919810308233333	0.002131359626433572	0.0020616703286284524	10.55377882189259	1.417092573895361e9	59.43459354240586	1.4654819820805883e9
0.0021313596264335728	0.002273525793956016	0.0022024427101947942	12.14175392913205	1.400603791266464e9	71.5763474715379	1.4540564458080664e9
0.0022735257939560153	0.0024185352848289073	0.002346030539392461	13.805515764885945	1.376070782609024e9	85.38186323642384	1.4408531990673385e9
0.002418535284828908	0.002566444965519258	0.002492490125174083	15.56204385141225	1.3473047788798695e9	100.9439070878361	1.425593261188334e9
0.002566444965519257	0.002717312839823414	0.0026418789026713355	17.414881653098675	1.315739977814297e9	118.35878874093477	1.4082928682695162e9
0.002717312839823413	0.0028711980716136527	0.002794255455718533	19.362222408072924	1.2820543333075423e9	137.7210111490077	1.389063604839853e9
0.002871198071613654	0.0030281610080396984	0.002949679539826676	21.46345430491083	1.2503756220883505e9	159.18446545391853	1.368595744106906e9
0.003028161008039698	0.0031882632031942633	0.0031082121056169804	23.674472750075175	1.2177436044707353e9	182.85893820399372	1.3469922090046592e9
0.003188263203194263	0.0033515674422519193	0.0032699153227230913	25.92687692148367	1.1813527977650495e9	208.7858151254774	1.3239405720131028e9
0.0033515674422519197	0.0035181377660907292	0.0034348526041713245	28.27742973584375	1.1448039652427964e9	237.06324486132115	1.2996819562672653e9
0.0035181377660907292	0.003688039496406315	0.003603088631248522	30.81197915477117	1.1114286139102035e9	267.8752240160923	1.2748445970804076e9
0.0036880394964063155	0.003861339261328213	0.0037746893788672643	33.48970792479554	1.0791077366426654e9	301.36493194088786	1.2496552633778791e9
0.003861339261328213	0.004038105021548549	0.003949722141438381	36.310113353425756	1.0476447095411284e9	337.67504529431363	1.2242709043687108e9
0.004038105021548548	0.00421840609697329	0.004128255559260919	39.267109435301386	1.0167602839625529e9	376.942154729615	1.198784009911783e9
0.00421840609697329	0.004402313193906526	0.004310359645439908	42.3537006277196	9.862570381949403e8	419.29585535733463	1.1732461863138363e9
0.004402313193906526	0.004589898432778427	0.004496105813342477	45.53239691993866	9.55379565047558e8	464.8282522772733	1.1476109439276578e9
0.004589898432778428	0.004781235376427767	0.004685566904603098	48.769655886574476	9.237540642022187e8	513.5979081638477	1.1217969743918161e9
0.0047812353764277666	0.0049763990589500925	0.00487881721768893	52.1760476639765	8.936661451109307e8	565.7739558278242	1.0959954334272802e9
0.004976399058950093	0.005175466015122866	0.0050759325370364795	55.880002219644595	8.668820935319456e8	621.6539580474688	1.0705617204369149e9
0.005175466015122865	0.005378514310419092	0.005276990162770979	59.78730956368414	8.413440925835366e8	681.441267611153	1.0455693309803479e9
0.005378514310419092	0.005585623571621245	0.005482068941020169	63.89405866171634	8.167900808930355e8	745.3353262728693	1.0210525723592082e9
0.005585623571621245	0.00579687501804744	0.0056912492948343425	68.21177077836614	7.932036218336846e8	813.5470970512355	9.970393054719976e8
0.005796875018047441	0.00601235149340216	0.0059046132557248	72.75214987021798	7.705574005874692e8	886.2992469214535	9.735509479664221e8
0.00601235149340216	0.006232137498263974	0.006122244495833067	77.52219880081765	7.487696015993333e8	963.8214457222712	9.505980008024126e8
0.006232137498263972	0.006456319223223022	0.006344228360743497	82.53591833248748	7.27830272566696e8	1046.3573640547586	9.28189048438465e8
0.006456319223223021	0.006684984582681251	0.006570651902952136	87.81804146183771	7.078035811344212e8	1134.1754055165964	9.063384112993407e8
0.006684984582681254	0.006918223249328648	0.0068016039160049505	93.38107688136799	6.886257091644014e8	1227.5564823979644	8.85052752972659e8
0.006918223249328647	0.00715612668930899	0.007037174969318818	99.18796393343092	6.699005439684619e8	1326.7444463313952	8.64300187941021e8
0.00715612668930899	0.007398788198088939	0.007277457443698964	105.24648186358687	6.516242585528198e8	1431.9909281949822	8.44053299582153e8
0.007398788198088939	0.007646302937044488	0.0075225455675667135	111.45663931286458	6.331785311223034e8	1543.4475675078468	8.242306697237663e8
0.007646302937044487	0.007898767970779146	0.007772535453911817	117.60593030185942	6.135564343715843e8	1661.0534978097062	8.046683904613267e8
0.007898767970779147	0.0081562823051885	0.008027525137983823	124.02980003180618	5.947222420098525e8	1785.0832978415124	7.85404037913466e8
0.0081562823051885	0.00841894692628604	0.008287614615737269	131.16713702709168	5.785196934140644e8	1916.2504348686039	7.66637999748545e8
0.00841894692628604	0.00868686483980553	0.008552905883045785	138.71613280254147	5.631867899382962e8	2054.966567671145	7.483882468789485e8
0.008686864839805528	0.008960141111595408	0.008823502975700469	146.622391519907	5.483675200904938e8	2201.5889591910523	7.306393887082746e8
0.008960141111595408	0.009238882908821085	0.009099512010208246	154.91464560389863	5.3408496690692466e8	2356.5036047949507	7.133802966986916e8
0.009238882908821085	0.009523199541991274	0.00938104122540618	163.60936861706026	5.2030824251789916e8	2520.112973412011	6.965988415002131e8
0.009523199541991274	0.009813202507824869	0.009668201024908072	172.75044060401953	5.0708755877545595e8	2692.86341401603	6.802889757328782e8
0.00981320250782487	0.010109005532975137	0.009961104020400003	182.33067540698943	4.943111436259621e8	2875.1940894230197	6.644361528140343e8
0.010109005532975134	0.010410724618628405	0.01025986507580177	192.37872856367727	4.8198087590554655e8	3067.572817986697	6.490279429070344e8
0.010410724618628405	0.010718478085994741	0.010564601352311572	202.91363050522887	4.7006884070822334e8	3270.486448491926	6.340512623392001e8
0.010718478085994743	0.011032386622708406	0.010875432354351573	213.9576131261713	4.5855511276688224e8	3484.4440616180973	6.194930929463369e8
0.011032386622708406	0.011352573330156341	0.011192479976432374	225.54169724649245	4.4743650372752124e8	3709.9857588645896	6.053418305427971e8
0.011352573330156343	0.011679163771753237	0.01151586855095479	237.67405962539803	4.366625484597752e8	3947.6598184899876	5.915832468925922e8
0.011679163771753237	0.01201228602218207	0.011845724896967653	250.39108251622918	4.2623925776618135e8	4198.050901006217	5.782053384542445e8
0.012012286022182067	0.012352070717619476	0.012182178369900772	263.66170513726564	4.160593787364132e8	4461.712606143483	5.651889663872441e8
0.01235207071761948	0.012698651106965636	0.012525360912292557	277.1371488362318	4.055764123625211e8	4738.849754979715	5.524736339383272e8
0.012698651106965634	0.013052163104098714	0.012875407105532175	289.7767149664294	3.934596869668665e8	5028.626469946144	5.398999547817754e8
0.013052163104098714	0.013412745341174455	0.013232454222636584	302.4371430866384	3.8116521530624187e8	5331.063613032782	5.274389746495859e8
0.013412745341174457	0.013780539222991713	0.013596642282083085	317.14009663730104	3.7114786367801785e8	5648.203709670083	5.1525605938894105e8
0.013780539222991713	0.014155688982445314	0.013968114102718514	333.0001475612339	3.6201639268198556e8	5981.203857231318	5.0339275311843777e8
0.014155688982445312	0.014538341737087986	0.014347015359766648	349.67396527063727	3.532642746347705e8	6330.877822501955	4.9184776652021736e8
0.014538341737087988	0.014928647546823513	0.01473349464195575	367.18960454424445	3.4485661517795306e8	6698.0674270462	4.8061742395209795e8
0.014928647546823513	0.01532675947275375	0.01512770350978863	385.6759025642316	3.368498671615116e8	7083.743329610431	4.697028350840154e8
0.01532675947275375	0.01573283363720259	0.01552979655497817	405.22941861359317	3.2925279198032916e8	7488.972748224024	4.591058111162019e8
0.01573283363720259	0.01614702928494041	0.015939931461071498	425.8763677695934	3.220110766385037e8	7914.8491159936175	4.4882406212754667e8
0.016147029284940405	0.016569508845632977	0.01635826906528669	447.65396617599276	3.1508522280994624e8	8362.503082169611	4.388527012155182e8
0.016569508845632984	0.01700043799753941	0.016784973421586198	470.5292898971446	3.083938824490139e8	8833.032372066755	4.291813888781799e8
0.017000437997539405	0.01743998573248396	0.017220211865011683	494.451674073056	3.018612605881177e8	9327.48404613981	4.1979525914567274e8
0.01743998573248396	0.017888324422127407	0.017664155077305684	519.4986332499228	2.955012180586619e8	9846.982679389734	4.1068191344455653e8
0.017888324422127403	0.018345629885563715	0.01811697715384556	545.7208020871518	2.893075202881754e8	10392.703481476885	4.0182971042943555e8
0.01834562988556372	0.018812081458268758	0.018578855671916236	573.1048936184852	2.8324154650828546e8	10965.80837509537	3.932253351533854e8
0.018812081458268758	0.0192878620624279	0.01904997176034833	601.6968521012775	2.7730001627640265e8	11567.505227196647	3.8485649525337607e8
0.019287862062427896	0.019773158278670218	0.019530510170549055	631.5447698198806	2.714800076709798e8	12199.049997016527	3.7671184291534877e8
0.019773158278670218	0.020268160419237388	0.020020659348953803	662.5860195891785	2.6573358797787258e8	12861.636016605706	3.687776619849829e8
0.020268160419237388	0.0207730626026159	0.020520611510926642	694.081135168457	2.5977097332402554e8	13555.717151774163	3.6102086246263033e8
0.0207730626026159	0.02128806282966198	0.021030562716138942	721.6948189886124	2.5212320203571597e8	14277.411970762774	3.5330717064761704e8
0.02128806282966198	0.021813363061248984	0.021550712945455484	747.3565042396498	2.4376175930121875e8	15024.768475002424	3.4558214481080997e8
0.021813363061248984	0.022349169297467726	0.022081266179358357	778.4887358550237	2.3711850609440345e8	15803.257210857448	3.379666471775098e8
0.02234916929746773	0.022895691658410846	0.022622430477939288	812.9249710526403	2.3127730509648177e8	16616.182181910088	3.305075104044641e8
0.022895691658410842	0.02345314446657282	0.023174418062491833	849.0514727525872	2.256718726648345e8	17465.233654662676	3.2320833697258437e8
0.02345314446657282	0.024021746330898038	0.02373744539873543	886.9390533312387	2.202860074408748e8	18352.172707993916	3.1607136263944477e8
0.024021746330898045	0.02460172023250977	0.024311733281703905	926.9710109692979	2.151767762857326e8	19279.143718963212	3.091026335035019e8
0.02460172023250977	0.025193293612153726	0.024897506922331746	969.2037063576506	2.1031217966314662e8	20248.347425320862	3.0230555683327854e8
0.025193293612153722	0.02579669845939056	0.02549499603577214	1013.541102833443	2.0563287014138398e8	21261.888528154304	2.9567924872024137e8
0.02579669845939056	0.026412171403572132	0.026104434931481346	1060.0350918617146	2.0111881472703734e8	22321.92362001602	2.892215754450494e8
0.026412171403572136	0.02703995380663734	0.02672606260510474	1108.7921733230205	1.9676199552695456e8	23430.71579333904	2.829300725057667e8
0.02703995380663734	0.027680291857763845	0.027360122832200594	1159.9527665654405	1.9255962090133613e8	24590.66855990448	2.7680232402183735e8
0.027680291857763845	0.028333436669912882	0.028006864263838364	1213.7294416845934	1.885184608739132e8	25804.398001589074	2.708366027822066e8
0.028333436669912882	0.0289996443783049	0.028666540524108892	1270.3919049222993	1.8464947752514333e8	27074.789906511374	2.6503209491826645e8
0.028999644378304903	0.02967917624086476	0.029339410309584833	1330.3215129376101	1.8097340169014964e8	28405.111419448986	2.593894806699238e8
0.02967917624086476	0.030372298740675815	0.03002573749077029	1393.8288949832893	1.774937032154604e8	29798.940314432275	2.539096590066467e8
0.030372298740675818	0.031079283690483094	0.030725791215579456	1461.1415329180284	1.7419951525670373e8	31260.081847350302	2.485927733024055e8
0.031079283690483087	0.03180040833928651	0.031439846014884795	1532.65397032329	1.7109765215903205e8	32792.735817673594	2.434394459988598e8
0.03180040833928651	0.032535955481066	0.03216818191017626	1608.3163130657085	1.6814313361911765e8	34401.05213073931	2.384473062712098e8
0.032535955481066005	0.03328621356568108	0.032911084523373546	1687.8950125215401	1.6528052612410992e8	36088.94714326085	2.336105311997886e8
0.03328621356568108	0.03405147681198846	0.03366884518883477	1771.2180210043955	1.624711163505691e8	37860.16516426524	2.289212132415784e8
0.03405147681198846	0.03483204532322199	0.03444176106760523	1857.4443692398565	1.5962673702510333e8	39717.6095335051	2.2436626699788383e8
0.03483204532322199	0.03562822520468019	0.03523013526395109	1937.485702099896	1.5601643071910253e8	41655.095235605	2.198856845723852e8
0.03562822520468018	0.036440328683767544	0.03603427694422386	1999.385703126166	1.508777995414613e8	43654.48093873116	2.1537404401541412e8
0.036440328683767544	0.037268674232436655	0.036854501458102096	2062.197886317517	1.4585105220225126e8	45716.67882504868	2.1084059450561365e8
0.037268674232436655	0.03811358669207914	0.0376911304622579	2141.569745195215	1.4197573687620384e8	47858.24857024389	2.0636152630135724e8
0.03811358669207915	0.03897539740091449	0.03854449204649682	2226.934763047837	1.3840220161598822e8	50085.18333329173	2.0195239242874342e8
0.038975397400914484	0.03985444432392653	0.0394149208624205	2317.331346024122	1.350289514851566e8	52402.51467931585	1.97621068952509e8
0.03985444432392653	0.040751072185398814	0.040302758254662674	2413.7537183305917	1.3188135804210964e8	54816.26839764644	1.9337651941535392e8
0.040751072185398814	0.04166563260410055	0.04120835239474968	2515.7700711657153	1.2890220702863534e8	57332.038468812156	1.892233967105443e8
0.04166563260410054	0.042598484231176306	0.042132058417638424	2622.8871763014945	1.2604164870518133e8	59954.925645113646	1.8516283491552946e8
0.04259848423117632	0.0435499928907936	0.04307423856098496	2735.0770425048872	1.2328041204591325e8	62690.00268761854	1.8119466809510425e8
0.043549992890793594	0.04452053172360322	0.04403526230719841	2852.3878956597473	1.206054819695094e8	65542.39058327829	1.7731792503688356e8
0.044520531723603214	0.04551048133306903	0.04501550652833612	2974.8992348585903	1.1800693276229931e8	68517.28981813688	1.735310843738393e8
0.045510481333069036	0.04652022993472417	0.0460153556338966	3102.7646648681966	1.1547892173480253e8	71620.05448300508	1.6983237376520437e8
0.04652022993472417	0.047550173508412404	0.04703520172156829	3236.192350198105	1.130180099476918e8	74856.24683320319	1.6621994000948966e8
0.04755017350841241	0.04860071595357441	0.048075444730993414	3375.428942320818	1.1062202387102205e8	78231.67577552401	1.6269193434473714e8
0.04860071595357442	0.04967226924763966	0.04913649260060704	3520.749513644029	1.0828940587132092e8	81752.42528916804	1.592465503664371e8
0.04967226924763965	0.05076525360758619	0.05021876142761292	3672.4632530287568	1.0601919680999193e8	85424.8885421968	1.5588205810886568e8
0.0507652536075862	0.05188009765473167	0.051322675631158936	3830.9369566887594	1.0381147601944348e8	89255.82549888556	1.5259686345229512e8
0.051880097654731665	0.05301723858282005	0.052448668118775854	3996.60304238122	1.0166721320332314e8	93252.42854126678	1.4938955396537215e8
0.05301723858282006	0.05417712232947021	0.05359718045614513	4169.97088047074	9.958819458962522e7	97422.39942173751	1.462589368797564e8
0.0541771223294702	0.055360203751053355	0.054768663040261775	4351.645418975275	9.757708415084822e7	101774.04484071278	1.432040782712034e8
0.055360203751053355	0.05656694680106817	0.05596357527606076	4542.30070066215	9.563645724112347e7	106316.34554137493	1.4022427900434688e8
0.05656694680106818	0.057797824712083286	0.057182385756575735	4743.195189113617	9.377883734025247e7	111059.54073048854	1.3731968016251165e8
0.05779782471208328	0.059053320181318696	0.05842557244670099	4956.659945509497	9.203254819984913e7	116016.20067599804	1.3449219115101805e8
0.0590533201813187	0.06033392555993882	0.059693622870628765	5185.748493542452	9.043025038777694e7	121201.94916954049	1.3174563817542545e8
0.06033392555993882	0.06164014304613134	0.06098703430303508	5433.857509339949	8.900025626603845e7	126635.80667888044	1.2908536235363257e8
0.06164014304613134	0.06297248488204772	0.06230631396408953	5704.162622494503	8.775779495298831e7	132339.96930137495	1.2651730370857252e8
0.06297248488204771	0.06433147355468241	0.06365197921836506	5994.040445370915	8.66270742323466e7	138334.00974674587	1.2404231370119077e8
0.06433147355468241	0.06571764200076981	0.06502455777772612	6290.843799525458	8.541059910272291e7	144624.85354627133	1.2164896161915457e8
0.06571764200076981	0.06713153381577895	0.06642458790827438	6532.239162907485	8.332242439506367e7	151157.0927091788	1.1927796222737806e8
0.06713153381577895	0.06857370346708827	0.0678526186414336	6694.82855711218	8.023496519101974e7	157851.92126629097	1.1686607212868467e8
0.06857370346708827	0.07004471651142379	0.06930920998925602	6880.334484601018	7.74791708480514e7	164732.25575089199	1.1443632181525767e8
0.07004471651142379	0.071545149816646	0.0707949331640349	7113.69187695032	7.527450043445471e7	171845.9476278423	1.1202374667263867e8
0.071545149816646	0.07307559178797267	0.07231037080230934	7373.132972419965	7.331755035350595e7	179219.08060026227	1.096424199655437e8
0.07307559178797267	0.07463664259872586	0.07385611719334927	7659.0677213251165	7.15747590211117e7	186878.1483215874	1.0730343563299209e8
0.07463664259872586	0.07622891442569413	0.07543277851221	7965.198928622401	6.995732849985579e7	194843.3472502098	1.0501171890673222e8
0.07622891442569411	0.07785303168920174	0.07704097305744792	8286.309825111939	6.840286909558542e7	203129.65707532174	1.0276805533476017e8
0.07785303168920174	0.07950963129797951	0.07868133149359063	8622.003943102112	6.689926620943536e7	211751.66101842385	1.005724425508182e8
0.07950963129797951	0.08119936289893284	0.08035449709845618	8971.893496274148	6.5436511899642654e7	220723.554514698	9.842427102770709e7
0.08119936289893284	0.08292288913190524	0.08206112601541904	9335.970331460956	6.4008963182108864e7	230059.52484615895	9.632263045185149e7
0.08292288913190525	0.0846808858895371	0.08380188751072118	9714.58265379857	6.2614178381856084e7	239774.10749995752	9.426652453111836e7
0.08468088588953708	0.08647404258232155	0.08557746423592932	10108.19244883636	6.1250646827790104e7	249882.2999487939	9.225493311668968e7
0.08647404258232155	0.08830306240896171	0.08738855249564163	10517.34014628421	5.991736384357639e7	260399.6400950781	9.028684432246687e7
0.08830306240896173	0.0901686626321347	0.08923586252054821	10942.610927476173	5.861352483118668e7	271342.2510225543	8.836126592153704e7
0.09016866263213469	0.09207157485977112	0.09112011874595291	11384.614982745155	5.733837614770069e7	282726.86600529944	8.647722694221212e7
0.09207157485977113	0.09401254533196028	0.09304206009586571	11843.983651938588	5.6091185800949484e7	294570.84965723805	8.463377739159833e7
0.09401254533196027	0.09599233521359321	0.09500244027277674	12321.373180578741	5.4871256901662275e7	306892.2228378168	8.282998882304393e7
0.09599233521359321	0.09801172089285881	0.09700202805322601	12817.470069980798	5.367794274337821e7	319709.6929077976	8.106495578947097e7
0.0980117208928588	0.1000714942857097	0.09904160758928425	13333.005288691875	5.251069042460468e7	333042.6981964895	7.933779985010356e7
0.10007149428570972	0.10217246314641765	0.10112197871606368	13868.827885897539	5.136928707132221e7	346911.526082387	7.764768820472687e7
0.10217246314641763	0.10431545138433972	0.10324395726537867	14425.87693790954	5.02536597266695e7	361337.40302029654	7.599383904488803e7
0.10431545138433973	0.10650129938702026	0.10540837538567999	15005.02726532239	4.916331551303669e7	376342.43028561893	7.437549280314639e7
0.10650129938702026	0.10873086434975439	0.10761608186838732	15607.153029078483	4.809764447064663e7	391949.58331469743	7.279190352760968e7
0.10873086434975437	0.1110050206117432	0.10986794248074878	16233.205142719768	4.7056174920873046e7	408182.7884574172	7.124234619739832e7
0.1110050206117432	0.11332465999897179	0.11216484030535749	16884.200501499214	4.603850361717667e7	425066.98895891645	6.972611937097377e7
0.11332465999897177	0.11569069217394494	0.11450767608645836	17561.23686862267	4.504430988151268e7	442628.2258275391	6.824254852129331e7
0.11569069217394495	0.11810404499241757	0.11689736858318125	18265.504293303267	4.407335280217364e7	460893.7301208423	6.6790988996250615e7
0.11810404499241758	0.12056566486725966	0.11933485492983861	18998.318375014576	4.3125514488965124e7	479892.04849585687	6.53708313931481e7
0.12056566486725963	0.12307651713959854	0.12182109100342908	19761.110472374854	4.2200731313774675e7	499653.1589682317	6.398150247477653e7
0.12307651713959855	0.12563758645738424	0.1243570517984914	20555.409681581386	4.1298925760767266e7	520208.56864981307	6.262246195248832e7
0.12563758645738424	0.12824987716152564	0.12694373180945495	21382.937884842995	4.042017200411425e7	541591.506534656	6.1293209395751625e7
0.12824987716152564	0.13091441367974987	0.12958214542063776	22245.72551997814	3.956483869773703e7	563837.2320546341	5.9993299252794586e7
0.13091441367974987	0.13363224092833859	0.13227332730404423	23146.25978381893	3.873372591638565e7	586983.4918384531	5.872236311353767e7
0.13363224092833859	0.13640442472189906	0.13501833282511883	24087.800514062725	3.792840003279887e7	611071.2923525159	5.748015057854956e7
0.13640442472189906	0.13923205219133075	0.1378182384566149	25075.046596946526	3.7151903415398106e7	636146.3389494624	5.626660992518279e7
0.1392320521913308	0.14211623221015113	0.14067414220074098	26114.68871643894	3.6409009278966755e7	662261.0276659013	5.508197890634694e7
0.1421162322101511	0.14505809582934784	0.14358716401974947	27217.61165033299	3.5708465364906356e7	689478.6393162344	5.3927003619029425e7
0.14505809582934784	0.1480587967209285	0.14655844627513817	28406.465452127188	3.507096790595428e7	717885.1047683615	5.280361871616043e7
0.1480587967209285	0.1511195116303408	0.14958915417563465	29762.52576261681	3.4579736305584975e7	747647.6305309783	5.1718596131463066e7
0.1511195116303408	0.1542414408379413	0.15268047623414105	31518.393412626803	3.446267735744513e7	779166.0239436051	5.069185415931345e7
0.1542414408379413	0.15742580862969385	0.15583362473381757	33173.59454714527	3.413673561550025e7	812339.6184907504	4.9707420553183794e7
0.15742580862969385	0.16067386377728143	0.15904983620348764	33938.760378106206	3.2868597394752115e7	846278.3788688567	4.8706724427949496e7
0.16067386377728143	0.16398688002782077	0.16233037190255112	34496.18368976603	3.144292789977452e7	880774.5625586227	4.768138310183179e7
0.16398688002782077	0.1673661566033709	0.16567651831559582	35348.41499374752	3.0324899350072e7	916122.9775523702	4.66511374639491e7
0.1673661566033709	0.17081301871043203	0.16908958765690146	36417.95473250645	2.9405800688097946e7	952540.9322848766	4.562807368376406e7
0.170813018710432	0.17432881805963435	0.1725709183850332	37656.02120348756	2.8618722424818836e7	990196.9534883641	4.461957398940689e7
0.17432881805963435	0.17791493339582073	0.17612187572772753	39011.8459981208	2.790748984234856e7	1.029208799486485e6	4.3629242649146535e7
0.17791493339582073	0.18157277103873085	0.1797438522172758	40452.715197442776	2.7238946703684017e7	1.0696615146839276e6	4.265850161424957e7
0.18157277103873087	0.1853037654344992	0.18343826823661502	41961.22863564247	2.6596156527354177e7	1.11162274331957e6	4.170768464213122e7
0.18530376543449914	0.1891093797181828	0.187206572576341	43529.91356776892	2.5971440146162122e7	1.155152656887339e6	4.077665170059226e7
0.18910937971818284	0.19299110628754018	0.1910502430028615	45156.58873270275	2.5361573420897707e7	1.2003092456200416e6	3.9865081391407475e7
0.19299110628754018	0.19695046738828467	0.1949707868379124	46841.53652726071	2.4765217310019314e7	1.2471507821473023e6	3.89725934213797e7
0.19695046738828464	0.20098901571104402	0.19896974154966435	48586.026416321736	2.4181723595383003e7	1.295736808563624e6	3.809879297001023e7
0.20098901571104408	0.20510833500025866	0.20304867535565135	50391.7006788318	2.361067916300037e7	1.346128509242456e6	3.72432854175523e7
0.20510833500025863	0.2093100406752575	0.20720918783775805	52260.69474832497	2.305190333272959e7	1.398389203990781e6	3.640569001166353e7
0.2093100406752575	0.21359578046375632	0.2114529105695069	54196.608965640335	2.25057893262474e7	1.4525858129564214e6	3.558567284247376e7
0.21359578046375632	0.21796723504802512	0.21578150775589072	56205.63782529239	2.19735762883451e7	1.5087914507817137e6	3.4782993842319295e7
0.21796723504802512	0.2224261187239793	0.2201966768860022	58298.97640035655	2.1457966466792285e7	1.5670904271820702e6	3.399758729526775e7
0.22242611872397927	0.22697418007345255	0.2247001493987159	60487.56808901229	2.09608261872436e7	1.6275779952710825e6	3.3229501987914387e7
0.22697418007345255	0.23161320264991528	0.22929369136168393	62752.74223016266	2.0473747032153994e7	1.6903307375012452e6	3.247828915454786e7
0.23161320264991528	0.23634500567790726	0.23397910416391127	65075.448551456284	1.9989949620245136e7	1.7554061860527014e6	3.174312847433853e7
0.23634500567790728	0.2411714447664591	0.2387582252221832	67466.73188260922	1.9512885983592253e7	1.8228729179353106e6	3.1023452557530724e7
0.24117144476645908	0.24609441263678192	0.2436329287016205	69934.28458381003	1.9044366146921642e7	1.8928072025191206e6	3.0318835030828536e7
0.24609441263678195	0.25111583986451125	0.2486051262506466	72483.55475075699	1.858521214290715e7	1.9652907572698777e6	2.9628923896344688e7
0.25111583986451125	0.25623769563679516	0.2536767677506532	75118.42321674636	1.8135649348315496e7	2.0404091804866241e6	2.8953401947070953e7
0.2562376956367951	0.2614619885245247	0.25884984208065986	77842.03765657457	1.7695639595637623e7	2.1182512181431986e6	2.8291969159841165e7
0.2614619885245247	0.26679076727000883	0.2641263778972668	80657.264385743	1.7265042568906263e7	2.1989084825289417e6	2.7644335636997312e7
0.26679076727000883	0.27222612159040266	0.2695084444302057	83566.89506853717	1.6843683310489237e7	2.2824753775974787e6	2.7010218940428153e7
0.2722261215904027	0.2777701829972044	0.27499815229380353	86573.72943568787	1.6431377356712043e7	2.3690491070331666e6	2.638934306334643e7
0.2777701829972044	0.28342512563214217	0.2805976543146733	89680.59066178411	1.6027936790494159e7	2.4587296976949507e6	2.5781437820414204e7
0.28342512563214217	0.28919316711977866	0.2863091463759604	92890.27498214271	1.5633163720526975e7	2.5516199726770935e6	2.518623789325403e7
0.28919316711977866	0.29507656943716787	0.29213486827847324	96205.25437200294	1.5246807258127723e7	2.6478252270490965e6	2.460347941197436e7
0.2950765694371678	0.3010776398009048	0.2980771046190363	99627.21561008153	1.4868511834400842e7	2.747452442659178e6	2.4032893714232553e7
0.30107763980090485	0.3071987315719166	0.3041381856864107	103157.25923133038	1.4497879280048383e7	2.850609701890508e6	2.3474205117973767e7
0.30719873157191663	0.3134422451783486	0.3103204883751326	106797.12739592831	1.4134651163484432e7	2.9574068292864366e6	2.292713950879554e7
0.31344224517834857	0.31981062905690916	0.31662643711762883	110553.54986254408	1.3779219086155977e7	3.0679603791489806e6	2.2391462292943314e7
0.3198106290569092	0.326306380613041	0.3230585048349751	114434.71757349047	1.3432026591960352e7	3.182395096722471e6	2.186697906033564e7
0.326306380613041	0.33293204720029546	0.32961921390666826	118443.4612755439	1.309278351653378e7	3.300838557998015e6	2.1353490232289113e7
0.3329320472002955	0.33969022711929503	0.33631113715979527	122581.47106728482	1.2761099713754306e7	3.4234200290653e6	2.0850785507146865e7
0.33969022711929503	0.34658357063667455	0.3431368988779848	126851.41707580627	1.243672662812313e7	3.550271446141106e6	2.0358652768084772e7
0.3465835706366745	0.35361478102440164	0.35009917583053807	131256.45935700036	1.2119479090893606e7	3.6815279054981065e6	1.9876881884708095e7
0.35361478102440164	0.3607866156198833	0.35720069832214246	135800.02392864667	1.1809201414780872e7	3.817327929426753e6	1.9405266305533398e7
0.3607866156198833	0.3681018869072746	0.36444425126357893	140485.68788603522	1.1505751563223826e7	3.957813617312788e6	1.8943603630580515e7
0.36810188690727463	0.37556346362041376	0.3718326752638442	145317.11240362015	1.1208993337270202e7	4.103130729716408e6	1.849169569380639e7
0.3755634636204137	0.3831742718678156	0.37936886774411466	150298.02603858264	1.0918794443058494e7	4.2534287557549905e6	1.8049348528284285e7
0.38317427186781555	0.3909372962801655	0.38705578407399055	155432.2182241091	1.0635025783035597e7	4.4088609739791e6	1.7616372292602673e7
0.39093729628016555	0.3988555811807625	0.394896438730464	160723.5385446953	1.0357561302957674e7	4.569584512523795e6	1.7192581193233803e7
0.3988555811807624	0.40693223177937127	0.40289390648006684	166175.89018293653	1.0086277503003197e7	4.735760402706731e6	1.6777793383485824e7
0.40693223177937127	0.4151704153899523	0.4110513235846618	171793.22114439163	9.821052959802808e6	4.907553623851122e6	1.6371830841053521e7
0.4151704153899523	0.4235733626727449	0.4193718890313486	177579.53721757865	9.561769173108678e6	5.085133161068701e6	1.5974519302705975e7
0.423573362672745	0.43214436890119345	0.4278588657869692	183538.8928545166	9.308310006371498e6	5.268672053923219e6	1.5585688170662427e7
0.4321443689011934	0.4408867952542109	0.43651558207770214	189675.39002405238	9.06056166816049e6	5.458347443947271e6	1.5205170423866624e7
0.4408867952542108	0.44980407013428864	0.44534543269424975	195993.1790228467	8.818412776775869e6	5.654340622970118e6	1.4832802538698554e7
0.4498040701342887	0.45889969051196805	0.45435188032312834	202496.4566990684	8.581754279609507e6	5.856837079669187e6	1.4468424410076186e7
0.4588996905119681	0.468177223297201	0.46353845690458456	209189.45507108953	8.350478998104476e6	6.066026534740277e6	1.4111879251087314e7
0.4681772232972011	0.4776403067381387	0.4729087650176699	216076.45722627058	8.1244823388247e6	6.282102991966547e6	1.3763013540357444e7
0.47764030673813856	0.4872926518478949	0.4824664792930167	223161.77560864043	7.903661426484979e6	6.505264767575188e6	1.3421676922369707e7
0.48729265184789494	0.4971380438598464	0.49221534785387067	230449.76030506095	7.68791550420473e6	6.735714527880249e6	1.3087722137326011e7
0.49713804385984633	0.5071803437120368	0.5021591937859415	237944.8040704586	7.477146095770581e6	6.973659331950707e6	1.2761004964920508e7
0.5071803437120368	0.517423489561271	0.5123019166366539	245651.32823824472	7.271256528145378e6	7.219310660188952e6	1.2441384143938048e7
0.5174234895612712	0.5278714983274901	0.5226474939443806	253573.78584378044	7.070152071770378e6	7.472884446032733e6	1.2128721305061541e7
0.5278714983274901	0.5385284672690335	0.5331999827982619	261716.65648498564	6.873739807089641e6	7.734601102517718e6	1.1822880900157588e7
0.5385284672690335	0.5493985755894076	0.5439635214292206	270084.44303909014	6.681928566578951e6	8.004685545556809e6	1.1523730132630253e7
0.5493985755894077	0.5604860860761894	0.5549423308327985	278681.6858648929	6.4946292917379225e6	8.283367231421702e6	1.1231138912910273e7
0.5604860860761894	0.5717953467727067	0.5661407164244481	287512.97087740543	6.311755119343715e6	8.570880202299107e6	1.0944979821831336e7
0.5717953467727067	0.5833307926831544	0.5775630697279306	296582.88427201007	6.133220302403396e6	8.867463086571116e6	1.0665128013642967e7
0.5833307926831544	0.595096947511811	0.5892138700974827	305896.67021113244	5.958953160574763e6	9.173359756782249e6	1.0391461878040252e7
0.5950969475118111	0.6070984254370408	0.601097686474426	315461.2405625657	5.788910995348974e6	9.488820997344814e6	1.0123864530569939e7
0.6070984254370407	0.619339932920775	0.6132191791789079	325285.92359696934	5.6230846619926635e6	9.814106920941783e6	9.862225481226917e6
0.619339932920775	0.631826270554184	0.6255831017374796	335379.5956324933	5.461441206964461e6	1.0149486516574277e7	9.606438870962499e6
0.631826270554184	0.6445623349402613	0.6381943027472227	345740.92968308285	5.303779087347936e6	1.049522744625736e7	9.356393398518318e6
0.6445623349402613	0.65755312061406	0.6510577277771606	356363.91083139513	5.149855336239194e6	1.0851591357088756e7	9.111970229298713e6
0.65755312061406	0.6708037220013348	0.6641784213076973	367250.5478596671	4.999574810111473e6	1.1218841904948423e7	8.873052021917533e6
0.6708037220013346	0.6843193354163548	0.6775615287088448	378408.66490124405	4.852924877310667e6	1.1597250569849666e7	8.639527629989907e6
0.6843193354163548	0.6981052610996754	0.6912122982580151	389846.3649127405	4.709885861595561e6	1.1987096934762407e7	8.41129132620028e6
0.6981052610996754	0.7121669052966624	0.7051360831981689	401569.75325474143	4.570405724961881e6	1.2388666688017149e7	8.188240601995214e6
0.7121669052966624	0.7265097823775891	0.7193383438371257	413584.2104268933	4.434421795794066e6	1.2802250898444042e7	7.970275358397963e6
0.7265097823775891	0.7411395170001344	0.7338246496888617	425894.974358855	4.301869454542919e6	1.3228145872802896e7	7.757297648775543e6
0.7411395170001344	0.7560618463151305	0.7486006816576325	438507.2984821237	4.1726842758740005e6	1.366665317128502e7	7.5492115612025745e6
0.7560618463151304	0.7712826222164265	0.7636722342657785	451426.6134135569	4.0468035755795757e6	1.4118079784698578e7	7.345923197649946e6
0.7712826222164265	0.7868078136357485	0.7790452179260875	464658.6468821536	3.924167086083572e6	1.4582738431580732e7	7.147340693725948e6
0.7868078136357485	0.8026435088834569	0.7947256612596028	478209.4603322053	3.804716677109591e6	1.5060947891912937e7	6.953374221174836e6
0.8026435088834569	0.8187959180361195	0.8107197134597882	492085.59082559147	3.6883968674074505e6	1.5553033482738528e7	6.763936020040543e6
0.8187959180361196	0.8352713753718355	0.8270336467039776	506294.29152342834	3.5751557666436983e6	1.6059327774261957e7	6.578940483705746e6
0.8352713753718353	0.8520763418542654	0.8436738586130503	520843.76153863757	3.464945499373901e6	1.6580171535800595e7	6.398304263656865e6
0.8520763418542654	0.8692174076663441	0.8606468747603048	535743.5659596038	3.357723497965401e6	1.7115915101760197e7	6.221946443216982e6
0.8692174076663441	0.8867012947946644	0.8779593512305043	551005.4081739059	3.253455217337216e6	1.7666920509934105e7	6.04978885865965e6
0.8867012947946645	0.9045348596655512	0.8956180772301079	566644.1348155827	3.1521169121876415e6	1.8233564644749686e7	5.881756562687177e6
0.9045348596655511	0.9227250958338555	0.9136299777497033	582679.6049987271	3.0537015342624234e6	1.8816244249748413e7	5.717778602843186e6
0.9227250958338556	0.9412791367255261	0.9320021162796909	599140.5501906356	2.958231794644968e6	1.9415384799939048e7	5.557789511818744e6
0.9412791367255261	0.96020425843503	0.950741697580278	616072.1752357517	2.8657851378751253e6	2.00314569751748e7	5.401732158505858e6
0.9602042584350299	0.9795078825787238	0.9698560705068768	633553.9455597982	2.776553007001153e6	2.06650109207346e7	5.249563867820431e6
0.9795078825787238	0.9991975792052916	0.9893527308920077	651781.4793042166	2.691141161964362e6	2.1316792400038816e7	5.101279589274272e6
0.9991975792052917	1.0192810697643908	1.0092393244848412	671108.1759545014	2.6106028602003558e6	2.1987900575993318e7	4.956935635009345e6
1.0192810697643908	1.039766230134672	1.0295236499495313	694303.9247211743	2.544564150706272e6	2.2682204500714492e7	4.817142878598276e6
1.039766230134672	1.0606610937123586	1.0502136619235154	726010.9566570427	2.5068255815039347e6	2.3408215457371533e7	4.683276300765268e6
1.0606610937123588	1.0819738545615993	1.071317474136979	733978.9104605311	2.3877194938580934e6	2.4142194367832065e7	4.550276983234431e6
1.0819738545615993	1.1037128706278245	1.0928433625947118	741059.3197362889	2.2712925035991324e6	2.488325368756835e7	4.418249500431654e6
1.1037128706278245	1.1258866670153744	1.1147997688215994	765313.8389931595	2.209945631382746e6	2.5648567526561514e7	4.2903278149964735e6
1.1258866670153742	1.148503939330675	1.1371953031730246	773368.031274746	2.104028869556887e6	2.642193555783626e7	4.1636915801152233e6
1.1485039393306753	1.171573557092282	1.1600387482114787	789748.0170609505	2.0243191161720152e6	2.721168357489721e7	4.0397837711616545e6
1.171573557092282	1.195104567209121	1.1833390621507016	808892.7676214541	1.9534747652958152e6	2.8020576342518665e7	3.918959147225113e6
1.195104567209121	1.2191061975282966	1.2071053823687088	828841.5288072674	1.8858893835589178e6	2.8849417871325932e7	3.801227195864037e6
1.2191061975282966	1.2435878604538557	1.2313470289910762	849191.8942674459	1.8204544729979225e6	2.969860976559338e7	3.6865326850585304e6
1.243587860453856	1.2685591566379264	1.2560735085458912	869884.2712981657	1.7569771461204314e6	3.0568494036891546e7	3.5748124433425907e6
1.268559156637926	1.2940298787456777	1.2812945176918018	890911.3093062957	1.695395839269386e6	3.1459405346197844e7	3.4660034239150374e6
1.2940298787456779	1.3200100152955847	1.3070199470206312	912271.624492297	1.6356641792494995e6	3.237167697069014e7	3.3600435757848937e6
1.3200100152955847	1.3465097545764897	1.3332598849360373	933964.1740125527	1.5777377997592245e6	3.330564114470269e7	3.2568719010515227e6
1.3465097545764895	1.3735394886430126	1.360024621609751	955987.709968754	1.521573148136391e6	3.426162885467145e7	3.1564284398220773e6
1.3735394886430126	1.401109817390866	1.3873246530169392	978340.7876580375	1.4671274761113038e6	3.5239969642329484e7	3.0586542555132955e6
1.401109817390866	1.4292315527136765	1.4151706850522712	1.0010217011216241e6	1.4143587247932353e6	3.6240991343451105e7	2.9634914143924178e6
1.4292315527136763	1.457915722742943	1.4435736377283095	1.0240285067214852e6	1.36322556036919e6	3.726501985017259e7	2.8708829684131653e6
1.4579157227429431	1.487173576172795	1.4725446494578691	1.0473590356166972e6	1.3136873823190155e6	3.831237888578928e7	2.780772939562832e6
1.487173576172795	1.5170165866712442	1.5020950814220195	1.0710108596845476e6	1.2657042706318132e6	3.938338974547383e7	2.693106302101414e6
1.5170165866712444	1.5474564573796623	1.5322365220254532	1.09498130420567e6	1.21923699953846e6	4.04783710496795e7	2.60782896666267e6
1.5474564573796623	1.5785051255022486	1.5629807914409555	1.119267462220347e6	1.174247046646869e6	4.159763851189985e7	2.52488776584136e6
1.5785051255022486	1.6101747669872868	1.5943399462447676	1.1438661842028045e6	1.13069657204222e6	4.274150469610266e7	2.444230439441189e6
1.6101747669872866	1.6424778013020254	1.626326284144656	1.1687740756445797e6	1.0885484088096935e6	4.391027877174724e7	2.3658056200627508e6
1.6424778013020256	1.6754268963030592	1.6589523488025424	1.1939874968220014e6	1.0477660562951864e6	4.510426626856924e7	2.2895628191688266e6
1.6754268963030592	1.7090349732041135	1.6922309347535864	1.21950258259563e6	1.00831369001159e6	4.632376885116487e7	2.2154524145609355e6
1.709034973204113	1.7433152116431883	1.7261750924236505	1.2453152090803857e6	970156.1245545835	4.756908406024525e7	2.1434256364659937e6
1.7433152116431885	1.7782810548510453	1.7607981332471168	1.2714210206724482e6	933258.8307736497	4.88405050809177e7	2.0734345554507845e6
1.7782810548510457	1.8139462149230596	1.7961136348870528	1.297815442712787e6	897587.9357030328	5.0138320523630485e7	2.0054320710598484e6
1.8139462149230594	1.8503246781965137	1.8321354465597866	1.3244936545888283e6	863110.1943385063	5.146281417821931e7	1.9393718995055794e6
1.8503246781965135	1.8874307107354367	1.868877694465975	1.3514506077176663e6	829792.9960913099	5.2814264785936974e7	1.875208562469946e6
1.887430710735437	1.9252788639251386	1.9063547873302877	1.378681039907917e6	797604.3653644962	5.419294582584489e7	1.8128973766124567e6
1.9252788639251386	1.9638839801786343	1.9445814220518864	1.4061794651562e6	766512.9464617632	5.559912529100109e7	1.7523944428365105e6
1.9638839801786343	2.0032611987571998	1.983572589467917	1.4339401808921045e6	736488.0003282448	5.703306547189319e7	1.6936566360114303e6
2.0032611987571998	2.0434259617073365	2.023343580232268	1.4619572766798888e6	707499.4012400473	5.849502274857308e7	1.6366415951199355e6
2.0434259617073365	2.084394019916476	2.063909990811906	1.4902246299863942e6	679517.6267740962	5.998524737855947e7	1.5813077134170653e6
2.084394019916476	2.1261814392897986	2.1052877296031376	1.5187359235655272e6	652513.7584805354	6.150398330212501e7	1.5276141292178484e6
2.126181439289799	2.1688046070505878	2.1474930231701936	1.5474846541757532e6	626459.4769854841	6.305146795630076e7	1.4755207169545088e6
2.1688046070505878	2.2122802381665925	2.19054242260859	1.5764641178308711e6	601327.04772386	6.462793207413163e7	1.4249880779452405e6
2.212280238166592	2.2566253819049167	2.234452810035754	1.6056674308755242e6	577089.322340272	6.6233599505007155e7	1.3759775317962633e6
2.256625381904917	2.3018574285180082	2.2792414052114625	1.6350875523167972e6	553719.7383035575	6.786868705732395e7	1.3284511082965108e6
2.3018574285180082	2.347994116063361	2.3249257722906846	1.6647172592663062e6	531192.3016380959	6.953340431659025e7	1.282371538799921e6
2.347994116063361	2.395053537359621	2.371523826711491	1.6945491734201866e6	509481.5886601264	7.122795349001044e7	1.2377022482228556e6
2.395053537359621	2.4430541470818063	2.4190538422207135	1.7245757607719554e6	488562.7377555173	7.29525292507824e7	1.1944073470448554e6
2.4430541470818063	2.4920147689984353	2.467534458040121	1.7547893502590803e6	468411.44692581444	7.470731860104148e7	1.1524516236453261e6
2.4920147689984353	2.5419546033533966	2.516984686175916	1.7851821350034408e6	449003.96577656496	7.649250073604493e7	1.1118005366349528e6
2.5419546033533966	2.5928932343954574	2.567423918874427	1.8157461667933369e6	430317.0864705808	7.830824690283826e7	1.0724202071218237e6
2.5928932343954574	2.6448506380583594	2.6188719362269084	1.8464733978156857e6	412328.14623881923	8.015472030065395e7	1.0342774115833992e6
2.644850638058359	2.6978471897945187	2.6713489139264386	1.877355668404691e6	395015.0156701052	8.203207596905863e7	997339.5744869733
2.697847189794519	2.751903672565402	2.7248754311799606	1.908384708198778e6	378356.09128913435	8.39404606772574e7	961574.7609205277
2.7519036725654016	2.807041284991702	2.779472478778552	1.9395521460720638e6	362330.29015678255	8.588001282332946e7	926951.6693497844
2.8070412849917026	2.863281649666529	2.835161467329116	1.970849548480155e6	346917.04919497395	8.785086237180962e7	893439.624766647
2.8632816496665288	2.920646821634852	2.8919642356506903	2.0022684103815441e6	332096.31467153516	8.985313078219119e7	861008.5716374557
2.920646821634852	2.9791592970425413	2.9499030593386966	2.0338001413734064e6	317848.5320678877	9.18869309235646e7	829629.0666843466
2.979159297042542	3.038842021958385	3.0090006595004635	2.065436091731144e6	304154.6429828503	9.395236701529574e7	799272.271915504
3.038842021958385	3.099718401372545	3.069280211665465	2.0971675885083335e6	290996.0823081276	9.604953460380408e7	769909.9479051795
3.099718401372545	3.1618123083749885	3.130765354873767	2.12898591849651e6	278354.76704905817	9.817852052230059e7	741514.4468260197
3.161812308374988	3.2251480935174803	3.193480200946234	2.160882327048224e6	266213.0883681323	1.0033940284934881e8	714058.7054338752
3.2251480935174803	3.2897505943628222	3.2574493439401513	2.192848043715663e6	254553.90707364076	1.0253225089306447e8	687516.2382064962
3.2897505943628227	3.3556451452250715	3.322697869793947	2.2248742906596796e6	243360.54639464375	1.0475712518372415e8	661861.130470134
3.355645145225072	3.422857587104566	3.389251366164819	2.2569522923551556e6	232616.7848616466	1.070140774760793e8	637068.0315205297
3.422857587104566	3.4914142778216495	3.4571359324631077	2.289073279947016e6	222306.84858805954	1.0930315075602631e8	613112.1477037052
3.491414277821649	3.5613421023530742	3.5263781900873616	2.321228497654468e6	212415.4038446923	1.1162437925368078e8	589969.2354755108
3.5613421023530742	3.632668483375128	3.597005292864101	2.3534092306025317e6	202927.55149144348	1.1397778848428331e8	567615.5945481354
3.6326684833751277	3.7054213920176227	3.669044937696375	2.3856067829729915e6	193828.81672972336	1.163633952672563e8	546028.0608480261
3.705421392017622	3.779629358832967	3.7425253754252945	2.417812498140578e6	185105.1429445632	1.1878120776539688e8	525183.9995320522
3.7796293588329672	3.8553214849846187	3.817475421908793	2.4500177825601883e6	176742.8853994389	1.2123122554795706e8	505061.29804978124
3.855321484984619	3.932527453659304	3.8939244693219615	2.4822141014106255e6	168728.8025732772	1.2371343964936769e8	485638.3591127838
3.9325274536593033	4.011277541707481	3.9719024976833923	2.51439298579012e6	161050.04854711742	1.2622783263515782e8	466894.09363672073
4.011277541707481	4.091602631516623	4.051440086612052	2.5465460431804787e6	153694.1655784838	1.287743786783383e8	448807.9136683957
4.091602631516623	4.173534223121948	4.132568427319285	2.578664958716543e6	146649.0760744913	1.3135304363705485e8	431359.7252637004
4.173534223121948	4.257104446559379	4.215319334840663	2.610741501643447e6	139903.07496033248	1.339637851386983e8	414529.9213419009
4.257104446559379	4.342346074465558	4.299725260512469	2.6427675544022345e6	133444.82318862452	1.3660655269310054e8	398299.3745833028
4.342346074465559	4.429292534929862	4.38581930469771	2.674735090687393e6	127263.33842481016	1.3928128778378794e8	382649.4302045211
4.4292925349298615	4.517977924603451	4.473635229766656	2.7066361908663013e6	121347.98793490388	1.4198792397465423e8	367561.89874540584
4.51797792460345	4.608437022070511	4.5632074733369805	2.738463065348124e6	115688.48165750373	1.4472638704000235e8	353019.0488773929
4.608437022070511	4.700705301486913	4.654571161778712	2.770208033802811e6	110274.86328514338	1.4749659507380515e8	339003.60011692403
4.700705301486913	4.794818946491643	4.747762123989277	2.801863545213385e6	105097.50330701159	1.5029845861901852e8	325498.71556249255
4.794818946491643	4.890814864396467	4.842816905444055	2.833422186362491e6	100147.09146633049	1.5313188080538103e8	312487.9946199771
4.890814864396468	4.988730700659389	4.939772782527928	2.8648766863106685e6	95414.62909325655	1.559967574916917e8	299955.4657095919
4.988730700659389	5.088604853647568	5.038667777153478	2.8962198953825054e6	90891.42070289346	1.588929773870742e8	287885.57891292794
5.088604853647569	5.190476489695512	5.13954067167154	2.927444824177082e6	86569.06771057213	1.618204222112513e8	276263.19868562766
5.190476489695511	5.294385558464413	5.242431024079962	2.9585446442320235e6	82439.46075128442	1.6477896685548332e8	265073.5965511666
5.294385558464413	5.400372808608692	5.347379183536552	2.9895126699969736e6	78494.77162972327	1.677684795254803e8	254302.44375536084
5.400372808608693	5.508479803755858	5.454426306182276	3.0203423699607113e6	74727.44627583474	1.70788821895441e8	243935.8039417843
5.508479803755859	5.618748938805967	5.563614371280913	3.0510273831123603e6	71130.19781962357	1.7383984927855337e8	233960.12585363255
5.618748938805966	5.731223456557077	5.6749861976815215	3.0815615154597713e6	67695.99919744935	1.7692141079401314e8	224362.2360333289
5.7312234565570765	5.845947464663209	5.788585460610143	3.111938737324523e6	64418.07592027397	1.8003334953133768e8	215129.33152922714
5.845947464663211	5.962965952931467	5.904456708797339	3.1421531801428637e6	61289.89896349369	1.8317550271148053e8	206248.9726158992
5.962965952931466	6.082324810965086	6.022645381948276	3.17219915607172e6	58305.17820452373	1.8634770186755225e8	197709.07555872438
6.082324810965086	6.204070846159379	6.143197828562233	3.2020711503569144e6	55457.855366968855	1.8954977301790917e8	189497.90539162053
6.20407084615938	6.328251802057558	6.266161324108468	3.2317638221407887e6	52742.09726977774	1.9278153684004995e8	181604.06872466172
6.328251802057558	6.4549163770737	6.3915840895656295	3.2612720115432204e6	50152.289281591206	1.9604280885159317e8	174016.5065915877
6.454916377073701	6.584114243590166	6.519515310331934	3.2905907301939675e6	47683.028611504196	1.9933339958178714e8	166724.48732535902
6.584114243590165	6.71589606743696	6.650005155513563	3.3197151650495315e6	45329.117948351835	2.0265311474683666e8	159717.59948015772
6.715896067436961	6.850313527760691	6.783104797598826	3.3486406920099696e6	43085.55932067986	2.0600175543884662e8	152985.744809791
6.85031352776069	6.987419337290895	6.9188664325257925	3.3773628576224614e6	40947.547625457584	2.093791182964691e8	146519.1312800325
6.987419337290895	7.127267263011704	7.057343300151299	3.405877440033968e6	38910.4652648865	2.1278499573650306e8	140308.26617680484
7.127267263011705	7.269912147246929	7.198589705129317	3.4341781766693443e6	36969.85153836775	2.1621917391317242e8	134343.9478475463
7.269912147246929	7.4154099291668585	7.342661038206893	3.4622797738474743e6	35121.63711645658	2.1968145368701988e8	128617.27145404156
7.415409929166858	7.5638176667251855	7.489613797946022	3.4897783355873446e6	33357.874940969865	2.231712320226072e8	123119.38800371502
7.5638176667251855	7.71519355903468	7.639505612879933	3.51889405090737e6	31695.301890603005	2.2669012607351458e8	117842.92571672089
7.715193559034678	7.869596969190362	7.79239526411252	3.5112966078765546e6	29801.944965417177	2.3020142268139115e8	112761.7794388164
7.869596969190363	8.027088447549161	7.948342708369762	3.500549210507739e6	27996.380423599763	2.337019718918989e8	107869.73765795735
8.027088447549161	8.187729755475134	8.107409101512147	3.54360526835546e6	26705.447417909054	2.3724557716025436e8	103185.58148311557
8.187729755475134	8.351583889559627	8.26965682251738	3.5884814751580213e6	25483.21735383992	2.408340586354124e8	98701.27249301715
8.351583889559627	8.51871510632581	8.435149497942719	3.618732790303008e6	24215.269161594155	2.4445279142571542e8	94402.63329104277
8.51871510632581	8.689188947427317	8.603952026876563	3.650303443198338e6	23017.13099809406	2.4810309486891377e8	90282.97242776869
8.689188947427317	8.863072265350853	8.776130606389085	3.6798981645280393e6	21864.908044279022	2.517829930334418e8	86334.60602077658
8.863072265350853	9.04043324963286	8.951752757491857	3.7082789222342866e6	20762.233650671496	2.554912719556761e8	82550.5036747382
9.04043324963286	9.221341453600507	9.130887351616684	3.735721527333752e6	19709.07275767917	2.5922699348300987e8	78924.03903178152
9.221341453600507	9.405867821647508	9.313604637624007	3.762508680753105e6	18705.073118854227	2.62989502163763e8	75448.94812267754
9.405867821647508	9.594084717055448	9.499976269351478	3.7887825155116864e6	17748.921156034805	2.6677828467927468e8	72119.25295309298
9.594084717055447	9.786065950371546	9.690075333713496	3.81461999503143e6	16838.915869961747	2.705929046743061e8	68929.22262260156
9.786065950371546	9.981886808353966	9.883976379362757	3.8400656790112616e6	15973.21128514417	2.744329703533174e8	65873.35068061654
9.981886808353966	10.181624083496034	10.081755445925001	3.8651480248432537e6	15149.929923061502	2.7829811837816066e8	62946.34033886287
10.181624083496034	10.385356104140945	10.28349009381849	3.8898869339310382e6	14367.213600359082	2.821880053120916e8	60143.09346984916
10.385356104140945	10.593162765198754	10.48925943466985	3.914297018833306e6	13623.245719778664	2.8610230233092487e8	57458.70152760784
10.593162765198754	10.805125559477718	10.699144162338236	3.9383893771430566e6	12916.262668000956	2.9004069170806795e8	54888.437651052875
10.805125559477718	11.021327609642261	10.91322658455999	3.9621725722924066e6	12244.559526313986	2.9400286428036034e8	52427.749553438625
11.021327609642261	11.241853700810095	11.131590655226178	3.9856533816517447e6	11606.493285327168	2.979885176620121e8	50072.25300845532
11.241853700810095	11.466790313801287	11.35432200730569	4.0088372690817397e6	11000.484037362588	3.019973549310938e8	47817.72578177397
11.466790313801285	11.696225659052299	11.581507986426793	4.0317287290971596e6	10425.015058148625	3.06029083660191e8	45660.10191819276
11.6962256590523	11.930249711208337	11.813237685130318	4.054331529547232e6	9878.632118632902	3.100834151897382e8	43595.46631939402
11.930249711208337	12.168954244407493	12.049601977807914	4.076648880400736e6	9359.942288416187	3.1416006407013893e8	41620.04956616675
12.168954244407491	12.41243286827063	12.290693556339061	4.098683576456397e6	8867.6124700592	3.182587476465953e8	39730.22295542046
12.41243286827063	12.660781064611031	12.53660696644083	4.1204381154202563e6	8400.367735985226	3.223791857620156e8	37922.4937281716
12.66078106461103	12.914096224878238	12.787438644744633	4.1419147528974162e6	7956.9894499858	3.26521100514913e8	36193.50046502212
12.91409622487824	13.172477688350792	13.043286956614516	4.1631155725367935e6	7536.313390909278	3.306842160874498e8	34540.008639561165
13.172477688350792	13.436026781092796	13.304252234721794	4.1840425286955666e6	7137.227809334357	3.348682586161454e8	32958.90631668323
13.436026781092798	13.704846855689642	13.570436818391219	4.204697485186759e6	6758.671488397661	3.390729561013321e8	31447.199987673517
13.70484685568964	13.97904333177842	13.84194509373403	4.225082235579463e6	6399.631798200731	3.432980383369116e8	30002.01053377455
13.979043331778422	14.258723737388978	14.1188835345837	4.2451985414902e6	6059.142814107018	3.475432368784018e8	28620.569314482556
14.258723737388976	14.543997751111744	14.401360744250361	4.265048139983239e6	5736.283426690419	3.5180828501838505e8	27300.214372873805
14.543997751111744	14.834977245108966	14.689487498110356	4.284632739604946e6	5430.175489779841	3.5609291775799e8	26038.386753384773
14.834977245108968	15.131776328986135	14.98337678704755	4.303954075113416e6	5139.982097169386	3.603968718331034e8	24832.626932961757
15.131776328986136	15.434511394540847	15.283143861763492	4.323013873166283e6	4864.9057931358175	3.647198857062697e8	23680.5713552007
15.434511394540843	15.743301161406647	15.588906277973745	4.341813879841242e6	4604.186921649672	3.6906169958611095e8	22579.94906951908
15.743301161406647	16.058266723609766	15.900783942508205	4.360355864937023e6	4357.1019993363	3.7342205545104796e8	21528.578470653032
16.05826672360977	16.37953159705695	16.218899160333358	4.3786416182415215e6	4122.962137251575	3.778006970692895e8	20524.364135491815
16.37953159705695	16.707221767973074	16.54337668251501	4.396672958984816e6	3901.1115326748327	3.821973700282743e8	19565.293755657563
16.707221767973074	17.041465742307523	16.8743437551403	4.41445173167948e6	3690.9260024420323	3.866118217599538e8	18649.435162688544
17.041465742307526	17.382394596128663	17.211930169218093	4.431979813368896e6	3491.8115815579245	3.910438015733227e8	17774.93344423549
17.382394596128663	17.730142027026222	17.55626831157744	4.449259116097114e6	3303.203169920087	3.954930606894198e8	16940.008148782734
17.730142027026222	18.084844406541734	17.907493216783976	4.466291577959478e6	3124.563223037342	3.999593522673793e8	16142.950576312212
18.08484440654173	18.44664083364755	18.265742620094642	4.4830791714872485e6	2955.380507671707	4.0444243143886656e8	15382.121153686174
18.446640833647553	18.81567318929549	18.631157011471522	4.499623898594354e6	2795.1688968165918	4.0894205533746094e8	14655.946892118587
18.81567318929549	19.192086192056387	19.003879690675937	4.515927787766301e6	2643.466215555035	4.134579831252272e8	13962.918924924514
19.192086192056387	19.5760274548725	19.38405682346444	4.531992903525103e6	2499.8331411375602	4.1798997602875227e8	13301.590124033353
19.5760274548725	19.967647542944935	19.771837498908717	4.5478213366273595e6	2363.8521366100863	4.2253779736537963e8	12670.572792648292
19.967647542944935	20.36710003277882	20.167373787861877	4.563415203532166e6	2235.1264349621574	4.271012125689118e8	12068.536432564159
20.367100032778815	20.774541572409376	20.570820802594096	4.578776646693549e6	2113.279066262295	4.316799892156053e8	11494.205584307894
20.77454157240938	21.19013194283255	20.982336757620963	4.593907835097431e6	1997.9519259579117	4.3627389705070275e8	10946.357738266983
21.19013194283255	21.614034120664186	21.40208303174837	4.608810961023282e6	1888.8048812739876	4.40882708011726e8	10423.821314900752
21.61403412066419	22.046414342052458	21.830224231358322	4.6234882354996465e6	1785.5149159361245	4.4550619624722564e8	9925.473712252471
22.046414342052458	22.48744216786849	22.266928254960476	4.637941889004568e6	1687.7753143607645	4.5014413813623023e8	9450.239419149702
22.48744216786849	22.937290550200846	22.712366359034668	4.652174301260754e6	1595.2949255689034	4.54796312437491e8	8997.08819489578
22.937290550200842	23.396135900179843	23.166713225190342	4.666187341008363e6	1507.7971906830865	4.5946249977849936e8	8565.033297971582
23.396135900179846	23.86415815715843	23.630147028669136	4.679995602774073e6	1425.023511024667	4.6414249538127345e8	8153.130011321245
23.86415815715842	24.341540859276574	24.102849508217496	4.693618108251863e6	1346.7290651495084	4.688361134895253e8	7760.474011486116
24.341540859276574	24.828471215437087	24.58500603735683	4.707816302933657e6	1272.8814546721728	4.7354392979245895e8	7386.211291584728
24.82847121543709	25.325140178720815	25.076805697078953	4.72205562596615e6	1203.0829897325586	4.782659854184251e8	7029.514184061658
25.32514017872082	25.83174252127022	25.57844134999552	4.735305773353698e6	1136.8642774291216	4.830012911917788e8	6689.575703850814
25.831742521270215	26.348476910670602	26.090109715970407	4.748134141150511e6	1074.1866313988173	4.877494253329293e8	6365.633201189484
26.348476910670605	26.875545987859	26.612011449264802	4.760673342773639e6	1014.8956295199657	4.92510098675703e8	6056.959126308847
26.875545987858995	27.413156446591156	27.144351217225076	4.772988340188094e6	958.825713641924	4.972830870158911e8	5762.858361242455
27.41315644659116	27.961519114497964	27.68733778054456	4.785099603859472e6	905.8090246682804	5.0206818661975056e8	5482.6662153166735
27.961519114497964	28.520849035762904	28.241184075130434	4.797014060211078e6	855.6833388182806	5.068652006799616e8	5215.746994168553
28.52084903576291	29.09136555545315	28.80610729560803	4.808735125859656e6	808.2941280582988	5.116739358058213e8	4961.492770229944
29.091365555453145	29.67329240553719	29.382328980495167	4.820265385658981e6	763.494758026157	5.164942011914803e8	4719.322235606734
29.67329240553719	30.266857792622915	29.970075099080052	4.831607250556767e6	721.1462249620156	5.2132580844203705e8	4488.679606002808
30.266857792622922	30.87229448745036	30.56957614003664	4.84276309584212e6	681.1167975283897	5.2616857153787917e8	4269.033567254584
30.872294487450354	31.48983991617434	31.181067201812347	4.853735286346128e6	643.2816539027289	5.310223068242253e8	4059.8762617424954
31.489839916174343	32.11973625347281	31.804788084823578	4.864526182393124e6	607.5225326554865	5.3588683300661844e8	3860.7223131717715
32.11973625347281	32.762230517517246	32.44098338549503	4.875138136465146e6	573.7273990564721	5.407619711430836e8	3671.1078883967875
32.762230517517246	33.41757466684257	33.08990259217991	4.885573490527919e6	541.7901276734643	5.456475446336114e8	3490.5897950895596
33.41757466684257	34.0860256991544	33.75180018299848	4.895834528704694e6	511.61019575935956	5.505433791623161e8	3318.7446138049427
34.086025699154405	34.76784575211247	34.42693572563344	4.9059233634496005e6	483.0923864574646	5.554493025257657e8	3155.167863022661
34.767845752112464	35.46330220612969	35.11557397912108	4.915836783704379e6	456.1460421558161	5.6036513930947e8	2999.4731693120834
35.4633022061297	36.17266778922727	35.81798499767848	4.925511411494675e6	430.6801509245211	5.652906507209648e8	2851.291201952371
36.17266778922727	36.89622068398679	36.53444423660703	4.934703465046186e6	406.5946927796777	5.70225354186011e8	2710.26816984507
36.8962206839868	37.63424463664151	37.265232660314155	4.942918275733294e6	383.7790293011712	5.751682724617443e8	2576.064312270597
37.634244636641505	38.387029068349314	38.01063685249541	4.949672705738541e6	362.1358351860324	5.801179451674829e8	2448.3538572287252
38.387029068349314	39.15486918869128	38.7709491285203	4.956829867069178e6	341.74037203565916	5.85074775034552e8	2326.8341698788795
39.15486918869128	39.93806611144008	39.54646765006568	4.965543819622546e6	322.59407926848667	5.900403188541745e8	2211.2201591174453
39.93806611144008	40.73692697264386	40.33749654204197	4.9741484227989325e6	304.51287169705773	5.950144672769735e8	2101.2325633845785
40.736926972643865	41.55176505107172	41.14434601185779	4.984726658231348e6	287.5581273746595	5.999991939352049e8	1996.6117736384888
41.55176505107172	42.38289989106813	41.96733247106992	5.000044443895482e6	271.8038397437307	6.049992383791003e8	1897.1174271414343
42.38289989106812	43.23065742786446	42.80677865946629	4.761566198258874e6	243.90966773546552	6.097608045773592e8	1801.7535021725914
43.23065742786446	44.09537011539672	43.66301377163059	7.071425496754357e6	341.3372323376596	6.168322300741136e8	1717.5107815535719
