-0.0	9.953897499377266e-5	4.976948749688633e-5	0.004355043657464728	1.0542033959143802e9	0.004355043657464728	1.0542033959143802e9
9.953897499377266e-5	0.0002010687294874207	0.00015030385224059668	0.026282073158786286	8.784327737945104e8	0.030637116816251014	8.997579280600926e8
0.00020106872948742058	0.0003046290790709416	0.00025284890427918107	0.06816323086126745	8.079706394259342e8	0.09880034767751847	8.343644484269567e8
0.0003046290790709413	0.00041026063564613265	0.000357444857358537	0.1306172143396319	7.645917235285374e8	0.22941756201715036	7.931558015836135e8
0.0004102606356461331	0.0005180048233528283	0.0004641327294994807	0.21623971839529038	7.380765477740623e8	0.44565728041244074	7.65439703542886e8
0.0005180048233528287	0.0006279038948136577	0.0005729543590832433	0.32525647851276285	7.152411939351085e8	0.7709137589252035	7.434258476477611e8
0.0006279038948136573	0.0007400009477037028	0.0006839524212586801	0.45772148789694894	6.930656610792974e8	1.2286352468221524	7.238315900763856e8
0.000740000947703703	0.0008543399416515495	0.0007971704446776262	0.619345570517107	6.771463205175265e8	1.8479808173392596	7.07484154211242e8
0.0008543399416515493	0.0009709657154783526	0.0009126528285649509	0.810258748501209	6.628534619858575e8	2.6582395658404687	6.93256296036209e8
0.0009709657154783523	0.0010899240047816917	0.001030444860130022	1.034014287427604	6.507143586062707e8	3.6922538532680726	6.80791759017047e8
0.0010899240047816917	0.0012112614598710977	0.0011505927323263946	1.293015366977084	6.399608240217211e8	4.985269220245157	6.697092698317584e8
0.0012112614598710973	0.0013350256640622914	0.0012731435619666943	1.590322964752841	6.30352937579032e8	6.575592184997998	6.597469904995997e8
0.0013350256640622922	0.00146126515233731	0.0013981454081998012	1.9331416581170882	6.22958281508983e8	8.508733843115087	6.510123794284556e8
0.0014612651523373099	0.0015900294303778282	0.001525647291357569	2.3280119375985024	6.177516755585198e8	10.836745780713589	6.435685123669187e8
0.0015900294303778277	0.0017213689939791564	0.001655699212178492	2.7807172852301263	6.14272174791031e8	13.617463065943715	6.373612687965504e8
0.0017213689939791568	0.0018553353488525118	0.0017883521714158342	3.2993207258142903	6.125052214186144e8	16.916783791758007	6.323564202292702e8
0.0018553353488525112	0.0019919810308233333	0.0019236581898379223	3.8974350523262085	6.131048065840986e8	20.814218844084216	6.286601211964777e8
0.0019919810308233333	0.002131359626433572	0.0020616703286284524	4.576164998507481	6.144575839369267e8	25.390383842591696	6.260520653326241e8
0.0021313596264335728	0.002273525793956016	0.0022024427101947942	5.31295353839384	6.128721527490985e8	30.703337380985538	6.237309838196826e8
0.0022735257939560153	0.0024185352848289073	0.002346030539392461	6.092863104283559	6.073087773776767e8	36.7962004852691	6.209506465783675e8
0.002418535284828908	0.002566444965519258	0.002492490125174083	6.911530181825044	5.983749777507714e8	43.70773066709414	6.172680263567138e8
0.002566444965519257	0.002717312839823414	0.0026418789026713355	7.7792529427469725	5.87742960198669e8	51.48698360984111	6.126182313774501e8
0.002717312839823413	0.0028711980716136527	0.002794255455718533	8.702020558855311	5.761974493878437e8	60.18900416869642	6.07070441937376e8
0.002871198071613654	0.0030281610080396984	0.002949679539826676	9.669242381843336	5.632916671550943e8	69.85824655053976	6.006094793685545e8
0.003028161008039698	0.0031882632031942633	0.0031082121056169804	10.71265409624056	5.510266754541658e8	80.57090064678032	5.935087259591844e8
0.003188263203194263	0.0033515674422519193	0.0032699153227230913	11.82342152499043	5.387317624101888e8	92.39432217177074	5.858855481793227e8
0.0033515674422519197	0.0035181377660907292	0.0034348526041713245	12.960104371780135	5.2468626085799015e8	105.35442654355087	5.77597962398763e8
0.0035181377660907292	0.003688039496406315	0.003603088631248522	14.12581077589405	5.0953657381592304e8	119.48023731944492	5.686182272513149e8
0.0036880394964063155	0.003861339261328213	0.0037746893788672643	15.377314643800371	4.954889197056156e8	134.8575519632453	5.59207232678888e8
0.003861339261328213	0.004038105021548549	0.003949722141438381	16.71468511181181	4.822637500079132e8	151.5722370750571	5.495386240322617e8
0.004038105021548548	0.00421840609697329	0.004128255559260919	18.12331975218703	4.692749734466518e8	169.69555682724413	5.396804722557445e8
0.00421840609697329	0.004402313193906526	0.004310359645439908	19.603490235389557	4.564909306929603e8	189.2990470626337	5.296841888642184e8
0.004402313193906526	0.004589898432778427	0.004496105813342477	21.15306889617658	4.4384243151057535e8	210.45211595881028	5.195836317259746e8
0.004589898432778428	0.004781235376427767	0.004685566904603098	22.76697741688348	4.312330594941879e8	233.21909337569377	5.093955196480132e8
0.0047812353764277666	0.0049763990589500925	0.00487881721768893	24.404673012434664	4.180008074619478e8	257.62376638812844	4.990588000654647e8
0.004976399058950093	0.005175466015122866	0.0050759325370364795	26.077226422491062	4.045433023746111e8	283.7009928106195	4.8856670020559245e8
0.005175466015122865	0.005378514310419092	0.005276990162770979	27.880916607614886	3.923482199620413e8	311.5819094182344	4.780756670608639e8
0.005378514310419092	0.005585623571621245	0.005482068941020169	29.82225347257986	3.8123295555923265e8	341.40416289081423	4.676976743836608e8
0.005585623571621245	0.00579687501804744	0.0056912492948343425	31.86912349996711	3.7059152542710745e8	373.2732863907813	4.574635439832149e8
0.005796875018047441	0.00601235149340216	0.0059046132557248	34.020936940634	3.603341589394958e8	407.2942233314153	4.4739029013378817e8
0.00601235149340216	0.006232137498263974	0.006122244495833067	36.28244690960171	3.5044405006304973e8	443.57667024101704	4.3749088361248773e8
0.006232137498263972	0.006456319223223022	0.006344228360743497	38.66036781546316	3.4092049392732847e8	482.2370380564802	4.277765444693748e8
0.006456319223223021	0.006684984582681251	0.006570651902952136	41.1647697653981	3.317834350608279e8	523.4018078218783	4.1825908114839864e8
0.006684984582681254	0.006918223249328648	0.0068016039160049505	43.804004066858724	3.230265099973327e8	567.205811888737	4.08948241903766e8
0.006918223249328647	0.00715612668930899	0.007037174969318818	46.57556076205872	3.145643105556592e8	613.7813726507957	3.998444140494815e8
0.00715612668930899	0.007398788198088939	0.007277457443698964	49.48779476624167	3.063992924130541e8	663.2691674170374	3.909483770090126e8
0.007398788198088939	0.007646302937044488	0.0075225455675667135	52.54166264755139	2.9848605684686464e8	715.8108300645888	3.8225674281394833e8
0.007646302937044487	0.007898767970779146	0.007772535453911817	55.68329864225431	2.905027499999247e8	771.4941287068431	3.737368721811144e8
0.007898767970779147	0.0081562823051885	0.008027525137983823	58.73340967206335	2.8162639198075956e8	830.2275383789064	3.6528494878542256e8
0.0081562823051885	0.00841894692628604	0.008287614615737269	61.872043164248545	2.728899650747868e8	892.0995815431551	3.569039966415738e8
0.00841894692628604	0.00868686483980553	0.008552905883045785	65.3860887087081	2.6546718584562004e8	957.4856702518632	3.4870203410831314e8
0.008686864839805528	0.008960141111595408	0.008823502975700469	69.13185493539522	2.5855303175184825e8	1026.6175251872585	3.4070265383036387e8
0.008960141111595408	0.009238882908821085	0.009099512010208246	73.0670172359885	2.519064309920128e8	1099.684542423247	3.3290561641942537e8
0.009238882908821085	0.009523199541991274	0.00938104122540618	77.19153569090922	2.4548345007430494e8	1176.8760781141561	3.2530704823668456e8
0.009523199541991274	0.009813202507824869	0.009668201024908072	81.52188294818275	2.3929740767335904e8	1258.397961062339	3.179048204003505e8
0.00981320250782487	0.010109005532975137	0.009961104020400003	86.06331919369674	2.333236447455821e8	1344.4612802560357	3.1069508801056856e8
0.010109005532975134	0.010410724618628405	0.01025986507580177	90.83875170537323	2.2758514644528514e8	1435.3000319614089	3.036765164093829e8
0.010410724618628405	0.010718478085994741	0.010564601352311572	95.85328176127015	2.2205329885139412e8	1531.153313722679	2.968456548255625e8
0.010718478085994743	0.011032386622708406	0.010875432354351573	101.11374597966207	2.1670752684384993e8	1632.2670597023412	2.901978483362014e8
0.011032386622708406	0.011352573330156341	0.011192479976432374	106.63539381792496	2.1154654933431247e8	1738.9024535202661	2.83728958213432e8
0.011352573330156343	0.011679163771753237	0.01151586855095479	112.42661415105714	2.0655384911285612e8	1851.3290676713232	2.774340523947593e8
0.011679163771753237	0.01201228602218207	0.011845724896967653	118.507177018354	2.017340660244747e8	1969.8362446896772	2.713092002498676e8
0.012012286022182067	0.012352070717619476	0.012182178369900772	124.88964081560593	1.970764254190914e8	2094.7258855052833	2.6535011611083195e8
0.01235207071761948	0.012698651106965636	0.012525360912292557	131.55290307012348	1.9252112063325012e8	2226.278788575407	2.595482862041776e8
0.012698651106965634	0.013052163104098714	0.012875407105532175	138.25834740823655	1.877275960496107e8	2364.5371359836436	2.5386922262513363e8
0.013052163104098714	0.013412745341174455	0.013232454222636584	144.4092503521471	1.8200073721408248e8	2508.94638633579	2.482274092968313e8
0.013412745341174457	0.013780539222991713	0.013596642282083085	150.70613958617454	1.7637082899214524e8	2659.6525259219648	2.4262617821382394e8
0.013780539222991713	0.014155688982445314	0.013968114102718514	158.06206340747931	1.7183493290832493e8	2817.714589329444	2.371457550154658e8
0.014155688982445312	0.014538341737087986	0.014347015359766648	165.9634639958144	1.6766750901508537e8	2983.6780533252586	2.318028285631104e8
0.014538341737087988	0.014928647546823513	0.01473349464195575	174.27750084889513	1.6367769757267457e8	3157.955554174154	2.2659796723959327e8
0.014928647546823513	0.01532675947275375	0.01512770350978863	183.01990827741744	1.5984984123007968e8	3340.9754624515713	2.215305628169808e8
0.01532675947275375	0.01573283363720259	0.01552979655497817	192.24747114803614	1.562029154823198e8	3533.2229335996076	2.1660156009638214e8
0.01573283363720259	0.01614702928494041	0.015939931461071498	202.0058181181177	1.5273942369736984e8	3735.228751717725	2.1181206574537393e8
0.016147029284940405	0.016569508845632977	0.01635826906528669	212.3317435149716	1.494515848626186e8	3947.5604952326967	2.071625647873693e8
0.016569508845632984	0.01700043799753941	0.016784973421586198	223.22045455292596	1.4630294882739085e8	4170.780949785622	2.0265085480682078e8
0.017000437997539405	0.01743998573248396	0.017220211865011683	234.62539477218115	1.4323809817145237e8	4405.406344557803	1.982709044483434e8
0.01743998573248396	0.017888324422127407	0.017664155077305684	246.56885420591462	1.4025329825675187e8	4651.975198763717	1.9401700379992002e8
0.017888324422127403	0.018345629885563715	0.01811697715384556	259.0950004143888	1.373561935009026e8	4911.070199178106	1.898845588687893e8
0.01834562988556372	0.018812081458268758	0.018578855671916236	272.2055322280282	1.3453019992480278e8	5183.275731406135	1.8586822484547198e8
0.018812081458268758	0.0192878620624279	0.01904997176034833	285.91107352016127	1.3176593007569791e8	5469.186804926296	1.8196249098562533e8
0.019287862062427896	0.019773158278670218	0.019530510170549055	300.24253826792784	1.2906424134488277e8	5769.429343194223	1.7816242748215058e8
0.019773158278670218	0.020268160419237388	0.020020659348953803	315.2330403097768	1.2642585924560979e8	6084.662383504001	1.7446361915851822e8
0.020268160419237388	0.0207730626026159	0.020520611510926642	330.8919438158037	1.2384160576450205e8	6415.5543273198045	1.708614107606782e8
0.0207730626026159	0.02128806282966198	0.021030562716138942	346.01075466932167	1.2087843380707498e8	6761.565081989126	1.673209005357063e8
0.02128806282966198	0.021813363061248984	0.021550712945455484	358.805180145253	1.170297996504108e8	7120.370262134379	1.6377442561790365e8
0.021813363061248984	0.022349169297467726	0.022081266179358357	371.9780441470798	1.1330013404908076e8	7492.348306281459	1.602305020271609e8
0.02234916929746773	0.022895691658410846	0.022622430477939288	387.9201277294177	1.1036334831462957e8	7880.268434010877	1.5674406268121606e8
0.022895691658410842	0.02345314446657282	0.023174418062491833	405.0565002472316	1.0766115115437001e8	8285.32493425811	1.5332666863945094e8
0.02345314446657282	0.024021746330898038	0.02373744539873543	422.990888918176	1.0505679477488592e8	8708.315823176285	1.4997947612639037e8
0.024021746330898045	0.02460172023250977	0.024311733281703905	441.8681967463498	1.025703856905386e8	9150.184019922634	1.467049584166826e8
0.02460172023250977	0.025193293612153726	0.024897506922331746	461.85611182467983	1.0022038187785314e8	9612.040131747313	1.4350668147356948e8
0.025193293612153722	0.02579669845939056	0.02549499603577214	482.9358594777525	9.798071987508307e7	10094.975991225067	1.4038616151062155e8
0.02579669845939056	0.026412171403572132	0.026104434931481346	505.07837322467276	9.582773678633836e7	10600.05436444974	1.373432001326383e8
0.026412171403572136	0.02703995380663734	0.02672606260510474	528.3168712692329	9.375308048031043e7	11128.371235718972	1.343770676219861e8
0.02703995380663734	0.027680291857763845	0.027360122832200594	552.7214828647222	9.175532165813474e7	11681.092718583695	1.314870152367703e8
0.027680291857763845	0.028333436669912882	0.028006864263838364	578.3917344581469	8.983675917995739e7	12259.484453041841	1.2867252787368494e8
0.028333436669912882	0.0289996443783049	0.028666540524108892	605.4442741062328	8.800037882100897e7	12864.928727148073	1.2593335066693322e8
0.028999644378304903	0.02967917624086476	0.029339410309584833	634.0521832781151	8.62547732566722e7	13498.980910426191	1.2326984380463272e8
0.02967917624086476	0.030372298740675815	0.03002573749077029	664.344266122253	8.459928218478332e7	14163.325176548444	1.2068231380147265e8
0.030372298740675818	0.031079283690483094	0.030725791215579456	696.4075139051636	8.302676271280251e7	14859.732690453608	1.1817058503208603e8
0.031079283690483087	0.03180040833928651	0.031439846014884795	730.4247678644765	8.154088612321056e7	15590.157458318085	1.1573475649575102e8
0.03180040833928651	0.032535955481066	0.03216818191017626	766.4327695546838	8.012752624243172e7	16356.590227872768	1.1337399986476626e8
0.032535955481066005	0.03328621356568108	0.032911084523373546	804.4283370994855	7.877050278519565e7	17161.018564972255	1.1108649545741129e8
0.03328621356568108	0.03405147681198846	0.03366884518883477	844.4523921483805	7.746032460727513e7	18005.470957120637	1.08869949156495e8
0.03405147681198846	0.03483204532322199	0.03444176106760523	886.4457088941251	7.618017443966933e7	18891.91666601476	1.0672114632712565e8
0.03483204532322199	0.03562822520468019	0.03523013526395109	929.229047646495	7.482635829373577e7	19821.145713661255	1.0463032600468145e8
0.03562822520468018	0.036440328683767544	0.03603427694422386	963.2766814663179	7.269085990861867e7	20784.422395127574	1.0254216766534929e8
0.036440328683767544	0.037268674232436655	0.036854501458102096	991.1757795862083	7.01019195729001e7	21775.59817471378	1.0042680664625292e8
0.037268674232436655	0.03811358669207914	0.0376911304622579	1026.6306589516182	6.806065720314528e7	22802.2288336654	9.832166629084873e7
0.03811358669207915	0.03897539740091449	0.03854449204649682	1066.8012548879492	6.6300838629469804e7	23869.030088553347	9.624418661422516e7
0.038975397400914484	0.03985444432392653	0.0394149208624205	1109.2887165931998	6.463732195781363e7	24978.318805146548	9.419857220817755e7
0.03985444432392653	0.040751072185398814	0.040302758254662674	1154.5855258083868	6.308361369389649e7	26132.904330954934	9.218960409846993e7
0.040751072185398814	0.04166563260410055	0.04120835239474968	1202.8744856664641	6.1632490885383606e7	27335.778816621398	9.022126297189051e7
0.04166563260410054	0.042598484231176306	0.042132058417638424	1253.8062002098036	6.025108592511451e7	28589.585016831203	8.829514095488587e7
0.04259848423117632	0.0435499928907936	0.04307423856098496	1307.2707320168195	5.892370561927532e7	29896.855748848022	8.641171833239736e7
0.043549992890793594	0.04452053172360322	0.04403526230719841	1363.2784131194885	5.764252832620941e7	31260.13416196751	8.457094830759574e7
0.044520531723603214	0.04551048133306903	0.04501550652833612	1421.8492000988504	5.640125923867461e7	32681.983362066363	8.277239259405027e7
0.045510481333069036	0.04652022993472417	0.0460153556338966	1483.0322325206391	5.519560186067651e7	34165.015594587	8.10153767689577e7
0.04652022993472417	0.047550173508412404	0.04703520172156829	1546.913329104859	5.4023076226074055e7	35711.928923691856	7.92991224439299e7
0.04755017350841241	0.04860071595357441	0.048075444730993414	1613.6032317460545	5.288218424110579e7	37325.53215543791	7.762281667389229e7
0.04860071595357442	0.04967226924763966	0.04913649260060704	1683.2307084238314	5.1771945903337166e7	39008.762863861746	7.598564688643475e7
0.04967226924763965	0.05076525360758619	0.05021876142761292	1755.9399283151372	5.069168239955372e7	40764.70279217688	7.438681955437225e7
0.0507652536075862	0.05188009765473167	0.051322675631158936	1831.902694943085	4.964125613030503e7	42596.60548711997	7.28255926682398e7
0.051880097654731665	0.05301723858282005	0.052448668118775854	1911.3276038999827	4.8621128730192505e7	44507.93309101995	7.130130953582321e7
0.05301723858282006	0.05417712232947021	0.05359718045614513	1994.4589426964512	4.7632122856419094e7	46502.3920337164	6.981341520623073e7
0.0541771223294702	0.055360203751053355	0.054768663040261775	2081.5844051705485	4.667543356927492e7	48583.97643888695	6.836147247139266e7
0.055360203751053355	0.05656694680106817	0.05596357527606076	2173.019621790522	4.575212251209982e7	50756.99606067748	6.694514508368915e7
0.05656694680106818	0.057797824712083286	0.057182385756575735	2269.358741254769	4.486803004676292e7	53026.35480193225	6.556448940533241e7
0.05779782471208328	0.059053320181318696	0.05842557244670099	2371.6885990414976	4.4036215456754096e7	55398.043400973744	6.422037783571004e7
0.0590533201813187	0.06033392555993882	0.059693622870628765	2481.4359808353893	4.3271839609578654e7	57879.47938180913	6.291457357464817e7
0.06033392555993882	0.06164014304613134	0.06098703430303508	2599.9406313481245	4.258399894894861e7	60479.42001315725	6.164929218742006e7
0.06164014304613134	0.06297248488204772	0.06230631396408953	2728.443511784837	4.197674612287158e7	63207.86352494209	6.042685749868931e7
0.06297248488204771	0.06433147355468241	0.06365197921836506	2866.242362337102	4.14235092594054e7	66074.10588727919	5.924779441440561e7
0.06433147355468241	0.06571764200076981	0.06502455777772612	3011.348958434369	4.088499521584716e7	69085.45484571355	5.811016321810282e7
0.06571764200076981	0.06713153381577895	0.06642458790827438	3146.1567981756148	4.013101869257386e7	72231.61164388916	5.699791713947988e7
0.06713153381577895	0.06857370346708827	0.0678526186414336	3235.689868103957	3.877850817560617e7	75467.30151199312	5.587240897106005e7
0.06857370346708827	0.07004471651142379	0.06930920998925602	3314.1631200847605	3.732065805435163e7	78781.46463207788	5.472796446949029e7
0.07004471651142379	0.071545149816646	0.0707949331640349	3420.6262018976186	3.619582250324217e7	82202.0908339755	5.358628659367082e7
0.071545149816646	0.07307559178797267	0.07231037080230934	3540.4132086696713	3.5205444506402306e7	85742.50404264517	5.245543948587399e7
0.07307559178797267	0.07463664259872586	0.07385611719334927	3673.525560620694	3.432946623872257e7	89416.02960326587	5.134172862511941e7
0.07463664259872586	0.07622891442569413	0.07543277851221	3818.200711746184	3.3534770928339947e7	93234.23031501206	5.024901760568084e7
0.07622891442569411	0.07785303168920174	0.07704097305744792	3971.1510561119517	3.2781555551641718e7	97205.381371124	4.917848115048965e7
0.07785303168920174	0.07950963129797951	0.07868133149359063	4131.5168527325	3.2056984385961175e7	101336.89822385651	4.8130434141010925e7
0.07950963129797951	0.08119936289893284	0.08035449709845618	4299.048879978421	3.1355116209156726e7	105635.94710383493	4.710480995504281e7
0.08119936289893284	0.08292288913190524	0.08206112601541904	4473.5781773223225	3.0671594989923276e7	110109.52528115726	4.610128235280838e7
0.08292288913190525	0.0846808858895371	0.08380188751072118	4655.184902165657	3.000443644902746e7	114764.7101833229	4.511942711664483e7
0.08468088588953708	0.08647404258232155	0.08557746423592932	4844.049518538478	2.9352544263290394e7	119608.75970186137	4.415878246969325e7
0.08647404258232155	0.08830306240896171	0.08738855249564163	5040.408768197641	2.8715245668948963e7	124649.16847005901	4.3218877201489195e7
0.08830306240896173	0.0901686626321347	0.08923586252054821	5244.534594292458	2.809207607836223e7	129893.70306435147	4.229924383227845e7
0.09016866263213469	0.09207157485977112	0.09112011874595291	5456.71843331873	2.7482648691759028e7	135350.4214976702	4.1399422990663715e7
0.09207157485977113	0.09401254533196028	0.09304206009586571	5677.265106254317	2.6886606843976527e7	141027.68660392452	4.051896461573507e7
0.09401254533196027	0.09599233521359321	0.09500244027277674	5906.49176836313	2.6303612629820846e7	146934.17837228766	3.965742839541261e7
0.09599233521359321	0.09801172089285881	0.09700202805322601	6144.72960355326	2.573335003181069e7	153078.9079758409	3.881438437007544e7
0.0980117208928588	0.1000714942857097	0.09904160758928425	6392.327603342393	2.5175534592823993e7	159471.2355791833	3.79894140863747e7
0.10007149428570972	0.10217246314641765	0.10112197871606368	6649.677287272297	2.4629996443238385e7	166120.9128664556	3.718211669760382e7
0.10217246314641763	0.10431545138433972	0.10324395726537867	6917.236931941849	2.4096730654415958e7	173038.14979839744	3.639211771183845e7
0.10431545138433973	0.10650129938702026	0.10540837538567999	7195.453771233965	2.357558955138924e7	180233.6035696314	3.561905861904751e7
0.10650129938702026	0.10873086434975439	0.10761608186838732	7484.750165019488	2.3066272991492353e7	187718.35373465088	3.486258661089901e7
0.10873086434975437	0.1110050206117432	0.10986794248074878	7785.5877427775185	2.2568554728715934e7	195503.9414774284	3.4122358599017404e7
0.1110050206117432	0.11332465999897179	0.11216484030535749	8098.460406842701	2.2082241839101806e7	203602.4018842711	3.3398042536236025e7
0.11332465999897177	0.11569069217394494	0.11450767608645836	8423.899927148084	2.160717730579023e7	212026.30181141917	3.2689318811751023e7
0.11569069217394495	0.11810404499241757	0.11689736858318125	8762.48330569794	2.1143244224402428e7	220788.78511711716	3.19958818128996e7
0.11810404499241758	0.12056566486725966	0.11933485492983861	9114.847331115816	2.0690382847762898e7	229903.63244823297	3.131744241345871e7
0.12056566486725963	0.12307651713959854	0.12182109100342908	9481.69496283725	2.0248581783156138e7	239385.3274110702	3.0653729778881263e7
0.12307651713959855	0.12563758645738424	0.1243570517984914	9863.7817185401	1.9817828747992206e7	249249.1091296103	3.0004490109942444e7
0.12563758645738424	0.12824987716152564	0.12694373180945495	10261.94720392672	1.939816096897869e7	259511.056333537	2.9369488487992655e7
0.12824987716152564	0.13091441367974987	0.12958214542063776	10677.181451607086	1.8989758796579774e7	270188.23778514407	2.874851620734886e7
0.13091441367974987	0.13363224092833859	0.13227332730404423	11110.693320504462	1.859300612007696e7	281298.9311056485	2.8141401258320335e7
0.13363224092833859	0.13640442472189906	0.13501833282511883	11564.060532343698	1.8208649379098337e7	292862.9916379922	2.754802765063487e7
0.13640442472189906	0.13923205219133075	0.1378182384566149	12039.558887865509	1.7838153450149346e7	304902.5505258577	2.6968374767295e7
0.1392320521913308	0.14211623221015113	0.14067414220074098	12540.386732295046	1.7483764093674503e7	317442.93725815276	2.64025579697005e7
0.1421162322101511	0.14505809582934784	0.14358716401974947	13071.660300029855	1.714951830021158e7	330514.5975581826	2.585092689214874e7
0.14505809582934784	0.1480587967209285	0.14655844627513817	13644.937406254263	1.684620575762844e7	344159.5349644369	2.5314453164001793e7
0.1480587967209285	0.1511195116303408	0.14958915417563465	14293.11250549377	1.6606522758456148e7	358452.64746993064	2.4795996067806587e7
0.1511195116303408	0.1542414408379413	0.15268047623414105	15122.422804961454	1.6535080680269437e7	373575.0702748921	2.430446451461383e7
0.1542414408379413	0.15742580862969385	0.15583362473381757	15982.801581931608	1.6446836088926325e7	389557.8718568237	2.3837218480328128e7
0.15742580862969385	0.16067386377728143	0.15904983620348764	16431.361141977286	1.591324456186759e7	405989.232998801	2.3366313244133484e7
0.16067386377728143	0.16398688002782077	0.16233037190255112	16676.375824734503	1.5200350491008945e7	422665.60882353556	2.2881315690747607e7
0.16398688002782077	0.1673661566033709	0.16567651831559582	17055.720267913817	1.463185833251519e7	439721.3290914494	2.2391644650243424e7
0.1673661566033709	0.17081301871043203	0.16908958765690146	17539.081899714714	1.4161990984487692e7	457260.4109911641	2.1903427997919675e7
0.170813018710432	0.17432881805963435	0.1725709183850332	18112.568777712342	1.3765622646340057e7	475372.97976887645	2.1420930218617823e7
0.17432881805963435	0.17791493339582073	0.17612187572772753	18751.272402371127	1.3413898540599449e7	494124.25217124756	2.0946446345545962e7
0.17791493339582073	0.18157277103873085	0.1797438522172758	19437.008213389592	1.308796277875203e7	513561.26038463716	2.048101530661087e7
0.18157277103873087	0.1853037654344992	0.18343826823661502	20158.889484231047	1.277724693897143e7	533720.1498688682	2.0024987642306972e7
0.18530376543449914	0.1891093797181828	0.187206572576341	20911.569379951776	1.2476559864246255e7	554631.71924882	1.9578385854948975e7
0.18910937971818284	0.19299110628754018	0.1910502430028615	21692.998987758216	1.2183572807151688e7	576324.7182365782	1.9141093750813268e7
0.19299110628754018	0.19695046738828467	0.1949707868379124	22502.82310752462	1.1897289151102947e7	598827.5413441028	1.8712943641141623e7
0.19695046738828464	0.20098901571104402	0.19896974154966435	23341.435327800093	1.1617252511655413e7	622168.9766719029	1.8293751383710906e7
0.20098901571104408	0.20510833500025866	0.20304867535565135	24209.546254371966	1.1343213695780447e7	646378.5229262749	1.788332960176777e7
0.20510833500025863	0.2093100406752575	0.20720918783775805	25108.143737329825	1.1075063297273865e7	671486.6666636048	1.7481496112638466e7
0.2093100406752575	0.21359578046375632	0.2114529105695069	26038.774883724745	1.081291233955651e7	697525.4415473295	1.7088086597573012e7
0.21359578046375632	0.21796723504802512	0.21578150775589072	27004.03927011687	1.055722059128315e7	724529.4808174464	1.6702974063642187e7
0.21796723504802512	0.2224261187239793	0.2201966768860022	28008.664954534845	1.030908311745853e7	752538.1457719812	1.632610400786359e7
0.22242611872397927	0.22697418007345255	0.2247001493987159	29060.02292797967	1.0070202999305971e7	781598.1686999609	1.5957525830422517e7
0.22697418007345255	0.23161320264991528	0.22929369136168393	30152.056767977207	9.837427988445565e6	811750.2254679381	1.5597100590497717e7
0.23161320264991528	0.23634500567790726	0.23397910416391127	31272.95953685554	9.60646295235897e6	843023.1850047937	1.5244445121062038e7
0.23634500567790728	0.2411714447664591	0.2387582252221832	32425.372673253634	9.37814211972789e6	875448.5576780473	1.4899248613801297e7
0.24117144476645908	0.24609441263678192	0.2436329287016205	33613.656976152444	9.153604627551602e6	909062.2146541998	1.4561286158557875e7
0.24609441263678195	0.25111583986451125	0.2486051262506466	34840.798043461495	8.933386684641786e6	943903.0126976613	1.423037808797318e7
0.25111583986451125	0.25623769563679516	0.2536767677506532	36108.939944211954	8.717689284798797e6	980011.9526418733	1.3906367531147279e7
0.2562376956367951	0.2614619885245247	0.25884984208065986	37419.750038746824	8.506540044158055e6	1.0174317026806201e6	1.358910884031832e7
0.2614619885245247	0.26679076727000883	0.2641263778972668	38774.681670683	8.299891333265488e6	1.056206384351303e6	1.3278462483971298e7
0.26679076727000883	0.27222612159040266	0.2695084444302057	40175.112770077445	8.097666856084402e6	1.0963814971213806e6	1.2974292984774234e7
0.2722261215904027	0.2777701829972044	0.27499815229380353	41622.408235160045	7.899780922746148e6	1.1380039053565406e6	1.2676468114031939e7
0.2777701829972044	0.28342512563214217	0.2805976543146733	43117.938348280535	7.706144498858232e6	1.181121843704821e6	1.2384858490283228e7
0.28342512563214217	0.28919316711977866	0.2863091463759604	44663.067730882016	7.516664691024878e6	1.225784911435703e6	1.2099337172451226e7
0.28919316711977866	0.29507656943716787	0.29213486827847324	46259.04054455979	7.331228213394462e6	1.2720439519802628e6	1.1819778308612885e7
0.2950765694371678	0.3010776398009048	0.2980771046190363	47906.77096803423	7.149676789863712e6	1.319950722948297e6	1.1546054424853968e7
0.30107763980090485	0.3071987315719166	0.3041381856864107	49606.813402877546	6.971817568068687e6	1.3695575363511746e6	1.1278034487798546e7
0.30719873157191663	0.3134422451783486	0.3103204883751326	51359.70821904468	6.797482078738178e6	1.4209172445702194e6	1.1015585537338836e7
0.31344224517834857	0.31981062905690916	0.31662643711762883	53168.039638107904	6.626780121179321e6	1.4740852842083273e6	1.0758589088131953e7
0.3198106290569092	0.326306380613041	0.3230585048349751	55036.113800066465	6.459984869590834e6	1.5291213980083938e6	1.050694982071759e7
0.326306380613041	0.33293204720029546	0.32961921390666826	56966.07441912015	6.297050695109112e6	1.586087472427514e6	1.0260575534048101e7
0.3329320472002955	0.33969022711929503	0.33631113715979527	58958.61267403702	6.1377688550093025e6	1.645046085101551e6	1.0019367409960855e7
0.33969022711929503	0.34658357063667455	0.3431368988779848	61014.93992980772	5.982007498464909e6	1.7060610250313587e6	9.78322489890981e6
0.3465835706366745	0.35361478102440164	0.35009917583053807	63136.516877439295	5.829668878137135e6	1.769197541908798e6	9.552047811105521e6
0.35361478102440164	0.3607866156198833	0.35720069832214246	65324.96665034616	5.680674172731488e6	1.834522508559144e6	9.325737395432862e6
0.3607866156198833	0.3681018869072746	0.36444425126357893	67582.00488224864	5.534953560184169e6	1.9021045134413927e6	9.104196773934204e6
0.36810188690727463	0.37556346362041376	0.3718326752638442	69909.39952532093	5.392441265385076e6	1.9720139129667135e6	8.887331061238997e6
0.3755634636204137	0.3831742718678156	0.37936886774411466	72308.95420578402	5.253073697473633e6	2.0443228671724976e6	8.67504736831739e6
0.38317427186781555	0.3909372962801655	0.38705578407399055	74782.50366772032	5.116788936766255e6	2.119105370840218e6	8.4672547763018e6
0.39093729628016555	0.3988555811807625	0.394896438730464	77331.91246730265	4.983526565601988e6	2.1964372833075207e6	8.263864302239183e6
0.3988555811807624	0.40693223177937127	0.40289390648006684	79959.0718999969	4.853227427746114e6	2.2763963552075177e6	8.064788853076842e6
0.40693223177937127	0.4151704153899523	0.4110513235846618	82665.89667218736	4.725833439637109e6	2.359062251879705e6	7.869943171600275e6
0.4151704153899523	0.4235733626727449	0.4193718890313486	85454.32748689422	4.601287778285945e6	2.444516579366599e6	7.679243796768087e6
0.423573362672745	0.43214436890119345	0.4278588657869692	88326.33032328404	4.47953483639022e6	2.532842909689883e6	7.492609023995839e6
0.4321443689011934	0.4408867952542109	0.43651558207770214	91283.8952165201	4.360520159280019e6	2.6241268049064027e6	7.309958864323241e6
0.4408867952542108	0.44980407013428864	0.44534543269424975	94329.0345655635	4.244190373262592e6	2.718455839471966e6	7.1312150020207185e6
0.4498040701342887	0.45889969051196805	0.45435188032312834	97463.78441695719	4.130493257322308e6	2.8159196238889233e6	6.95630075907597e6
0.4588996905119681	0.468177223297201	0.46353845690458456	100690.19949029178	4.0193775344598317e6	2.9166098233792153e6	6.785141049803344e6
0.4681772232972011	0.4776403067381387	0.4729087650176699	104010.35787921216	3.9107930891314e6	3.0206201812584274e6	6.617662350983321e6
0.47764030673813856	0.4872926518478949	0.4824664792930167	107426.35288462017	3.804690651732122e6	3.1280465341430474e6	6.453792655553283e6
0.48729265184789494	0.4971380438598464	0.49221534785387067	110940.29750919271	3.701022002075293e6	3.23898683165224e6	6.29346144104819e6
0.49713804385984633	0.5071803437120368	0.5021591937859415	114554.32542362397	3.5997399919741466e6	3.353541157075864e6	6.1365996413736e6
0.5071803437120368	0.517423489561271	0.5123019166366539	118270.58534880218	3.5007983550205203e6	3.471811742424666e6	5.983139609316887e6
0.5174234895612712	0.5278714983274901	0.5226474939443806	122091.2406237275	3.404151714533528e6	3.5939029830483934e6	5.833015081875701e6
0.5278714983274901	0.5385284672690335	0.5331999827982619	126018.46979804321	3.309755610946478e6	3.7199214528464368e6	5.686161149361464e6
0.5385284672690335	0.5493985755894076	0.5439635214292206	130054.46395002998	3.2175664325584373e6	3.849975916796467e6	5.542514222424975e6
0.5493985755894077	0.5604860860761894	0.5549423308327985	134201.43022915363	3.1275415069145854e6	3.9841773470256203e6	5.402012006466966e6
0.5604860860761894	0.5717953467727067	0.5661407164244481	138461.60174181827	3.039639293348944e6	4.1226389487674385e6	5.264593488875472e6
0.5717953467727067	0.5833307926831544	0.5775630697279306	142837.21361277284	2.9538187971262718e6	4.265476162380211e6	5.130198893054354e6
0.5833307926831544	0.595096947511811	0.5892138700974827	147330.77416846275	2.870044913451095e6	4.4128069365486745e6	4.998769946027053e6
0.5950969475118111	0.6070984254370408	0.601097686474426	151945.46791301548	2.788294334754093e6	4.56475240446169e6	4.870250473825458e6
0.6070984254370407	0.619339932920775	0.6132191791789079	156685.5571534934	2.708559114526013e6	4.721437961615183e6	4.744587169079361e6
0.619339932920775	0.631826270554184	0.6255831017374796	161556.07383123427	2.630836849788995e6	4.8829940354464175e6	4.6217297428977e6
0.631826270554184	0.6445623349402613	0.6381943027472227	166557.54675562412	2.5550473128310074e6	5.0495515822020415e6	4.501626223073506e6
0.6445623349402613	0.65755312061406	0.6510577277771606	171686.67192193933	2.481063588890365e6	5.221238254123981e6	4.384220338390704e6
0.65755312061406	0.6708037220013348	0.6641784213076973	176943.310804189	2.408822327618108e6	5.39818156492817e6	4.269455462086224e6
0.6708037220013346	0.6843193354163548	0.6775615287088448	182330.83962723706	2.3383129129954847e6	5.580512404555407e6	4.1572776942494605e6
0.6843193354163548	0.6981052610996754	0.6912122982580151	187853.43179981443	2.2695305179623514e6	5.768365836355221e6	4.0476360364600983e6
0.6981052610996754	0.7121669052966624	0.7051360831981689	193514.33094747033	2.2024542407790115e6	5.961880167302691e6	3.9404812866065823e6
0.7121669052966624	0.7265097823775891	0.7193383438371257	199316.28397127328	2.1370556506173164e6	6.161196451273965e6	3.8357654949416863e6
0.7265097823775891	0.7411395170001344	0.7338246496888617	205261.9096045229	2.0733044348272379e6	6.366458360878488e6	3.733441780031236e6
0.7411395170001344	0.7560618463151305	0.7486006816576325	211353.81295853722	2.011170019360704e6	6.577812173837026e6	3.633464249644117e6
0.7560618463151304	0.7712826222164265	0.7636722342657785	217594.68299840903	1.9506225708017189e6	6.795406856835434e6	3.5357879845104367e6
0.7712826222164265	0.7868078136357485	0.7790452179260875	223987.35909036844	1.891633413343383e6	7.0193942159258025e6	3.4403690472937278e6
0.7868078136357485	0.8026435088834569	0.7947256612596028	230534.85389992117	1.8341749297028347e6	7.249929069825724e6	3.3471644853469664e6
0.8026435088834569	0.8187959180361195	0.8107197134597882	237240.4224042723	1.7782207955942266e6	7.487169492229996e6	3.2561323469694043e6
0.8187959180361196	0.8352713753718355	0.8270336467039776	244107.6859618263	1.7237464766242336e6	7.731277178191823e6	3.1672317255940717e6
0.8352713753718353	0.8520763418542654	0.8436738586130503	251140.74910034094	1.670729444342329e6	7.9824179272921635e6	3.080422813974118e6
0.8520763418542654	0.8692174076663441	0.8606468747603048	258344.41027670234	1.6191498173204476e6	8.240762337568866e6	2.995666992433265e6
0.8692174076663441	0.8867012947946644	0.8779593512305043	265724.54886249686	1.5689917141401474e6	8.506486886431362e6	2.9129269904695363e6
0.8867012947946645	0.9045348596655512	0.8956180772301079	273288.631139471	1.5202446530284763e6	8.779775517570833e6	2.8321671201172513e6
0.9045348596655511	0.9227250958338555	0.9136299777497033	281046.65833955246	1.4729065586098442e6	9.060822175910385e6	2.753353670049226e6
0.9227250958338556	0.9412791367255261	0.9320021162796909	289013.0769236078	1.426990166082989e6	9.349835252833992e6	2.6764556479764986e6
0.9412791367255261	0.96020425843503	0.950741697580278	297210.67308442754	1.3825359494888398e6	9.647045925918419e6	2.6014462291583614e6
0.9602042584350299	0.9795078825787238	0.9698560705068768	305678.9253620218	1.3396392609328243e6	9.952724851280442e6	2.528305693427767e6
0.9795078825787238	0.9991975792052916	0.9893527308920077	314519.1291616227	1.2986183277493338e6	1.0267243980442064e7	2.4570339276481792e6
0.9991975792052917	1.0192810697643908	1.0092393244848412	323900.0651959914	1.2599674194359148e6	1.0591144045638055e7	2.387659483628013e6
1.0192810697643908	1.039766230134672	1.0295236499495313	335179.6497179567	1.2284045795378576e6	1.0926323695356011e7	2.320482666342499e6
1.039766230134672	1.0606610937123586	1.0502136619235154	351344.82933107327	1.2131500193217155e6	1.1277668524687085e7	2.256320556589925e6
1.0606610937123588	1.0819738545615993	1.071317474136979	354399.12211172545	1.1529019164071274e6	1.163206764679881e7	2.192391001175071e6
1.0819738545615993	1.1037128706278245	1.0928433625947118	357829.89544643386	1.0967224045982778e6	1.1989897542245245e7	2.128916077109229e6
1.1037128706278245	1.1258866670153744	1.1147997688215994	370715.80433705763	1.0704912554005757e6	1.2360613346582305e7	2.0676040950957593e6
1.1258866670153742	1.148503939330675	1.1371953031730246	373709.84631807357	1.016716845917252e6	1.2734323192900378e7	2.0067339177587242e6
1.1485039393306753	1.171573557092282	1.1600387482114787	381083.05514049775	976809.9402655503	1.3115406248040875e7	1.9470829567452748e6
1.171573557092282	1.195104567209121	1.1833390621507016	390162.88831935567	942242.7634357003	1.3505569136360232e7	1.8888895452556072e6
1.195104567209121	1.2191061975282966	1.2071053823687088	399760.34060303203	909587.3651457229	1.3905329476963263e7	1.8321796582182911e6
1.2191061975282966	1.2435878604538557	1.2313470289910762	409580.1759698633	878037.188565988	1.4314909652933126e7	1.7769310663267486e6
1.243587860453856	1.2685591566379264	1.2560735085458912	419569.91232669016	847440.0233235969	1.4734479565259816e7	1.723114028204974e6
1.268559156637926	1.2940298787456777	1.2812945176918018	429722.0844227742	817757.0835191449	1.516420164968259e7	1.6706982938916285e6
1.2940298787456779	1.3200100152955847	1.3070199470206312	440035.52818699717	788964.9658380689	1.5604237177869588e7	1.6196540244731945e6
1.3200100152955847	1.3465097545764897	1.3332598849360373	450509.69491599756	761042.2268910417	1.6054746872785585e7	1.5699518811631314e6
1.3465097545764895	1.3735394886430126	1.360024621609751	461143.98520146747	733967.914012296	1.6515890857987052e7	1.521563024171277e6
1.3735394886430126	1.401109817390866	1.3873246530169392	471937.7055095323	707721.4642388743	1.6987828563496586e7	1.474459105811943e6
1.401109817390866	1.4292315527136765	1.4151706850522712	482890.0374984562	682282.6487042283	1.747071860099504e7	1.4286122608141776e6
1.4292315527136763	1.457915722742943	1.4435736377283095	494000.04795022716	657631.5871766208	1.796471864894527e7	1.3839950980558107e6
1.4579157227429431	1.487173576172795	1.4725446494578691	505266.69256089703	633748.749140719	1.8469985341506165e7	1.340580692858859e6
1.487173576172795	1.5170165866712442	1.5020950814220195	516688.80487043684	610614.935412307	1.8986674146376602e7	1.298342578686471e6
1.5170165866712444	1.5474564573796623	1.5322365220254532	528265.0977323873	588211.2783536162	1.951493924410899e7	1.2572547393517825e6
1.5474564573796623	1.5785051255022486	1.5629807914409555	539994.168940022	566519.245387945	2.0054933413049012e7	1.2172916018991072e6
1.5785051255022486	1.6101747669872868	1.5943399462447676	551874.501205301	545520.6346057259	2.0606807914254315e7	1.1784280296601427e6
1.6101747669872866	1.6424778013020254	1.626326284144656	563904.457360526	525197.5660411209	2.117071237161484e7	1.1406393152239472e6
1.6424778013020256	1.6754268963030592	1.6589523488025424	576082.2824881449	505532.48072589934	2.1746794654102985e7	1.1039011737749972e6
1.6754268963030592	1.7090349732041135	1.6922309347535864	588406.1114023264	486508.14346834365	2.233520076550531e7	1.06818973699282e6
1.709034973204113	1.7433152116431883	1.7261750924236505	600873.9541345908	468107.6264373914	2.29360747196399e7	1.033481546369768e6
1.7433152116431885	1.7782810548510453	1.7607981332471168	613483.7075640501	450314.3162735315	2.354955842720395e7	999753.547340965
1.7782810548510457	1.8139462149230596	1.7961136348870528	626233.1624612305	433111.91488630883	2.4175791589665182e7	966983.0838135721
1.8139462149230594	1.8503246781965137	1.8321354465597866	639119.991868963	416484.42669126403	2.4814911581534144e7	935147.8922874575
1.8503246781965135	1.8874307107354367	1.868877694465975	652141.7556502824	400416.1589088172	2.5467053337184425e7	904226.0963459101
1.887430710735437	1.9252788639251386	1.9063547873302877	665295.9112939936	384891.7245882209	2.613234924847842e7	874196.2016520151
1.9252788639251386	1.9638839801786343	1.9445814220518864	678579.8084575022	369896.03480836004	2.681092905693592e7	845037.0907950749
1.9638839801786343	2.0032611987571998	1.983572589467917	691990.691223789	355414.2963677198	2.750291974815971e7	816728.0183127474
2.0032611987571998	2.0434259617073365	2.023343580232268	705525.7027768951	341432.0105220237	2.8208445450936604e7	789248.6059388834
2.0434259617073365	2.084394019916476	2.063909990811906	719181.8822382614	327934.9676578173	2.8927627333174866e7	762578.8378286131
2.084394019916476	2.1261814392897986	2.1052877296031376	732956.1746869575	314909.24849113007	2.966058350786183e7	736699.0561388589
2.126181439289799	2.1688046070505878	2.1474930231701936	746845.43758422	302341.2225481546	3.040742894544605e7	711589.9567861574
2.1688046070505878	2.2122802381665925	2.19054242260859	760846.4292080674	290217.53928433673	3.1168275374654118e7	687232.5849456342
2.212280238166592	2.2566253819049167	2.234452810035754	774955.8180901007	278525.1287443825	3.1943231192744218e7	663608.3308573138
2.256625381904917	2.3018574285180082	2.2792414052114625	789170.1983734027	267251.2032160726	3.273240139111762e7	640698.925979061
2.3018574285180082	2.347994116063361	2.3249257722906846	803486.078585714	256383.24889249975	3.3535887469703335e7	618486.4388882455
2.347994116063361	2.395053537359621	2.371523826711491	817899.8886536851	245909.02475563175	3.435378735835702e7	596953.2713637728
2.395053537359621	2.4430541470818063	2.4190538422207135	832407.9828610169	235816.55980951877	3.518619534121804e7	576082.1545423741
2.4430541470818063	2.4920147689984353	2.467534458040121	847006.6510132968	226094.1524966231	3.603320199223134e7	555856.1452707271
2.4920147689984353	2.5419546033533966	2.516984686175916	861692.115070507	216730.3656914022	3.6894894107301846e7	536258.6223862144
2.5419546033533966	2.5928932343954574	2.567423918874427	876460.5277825856	207714.02281847503	3.7771354635084435e7	517273.28299519035
2.5928932343954574	2.6448506380583594	2.6188719362269084	891307.995823492	199034.20979716844	3.866266263090793e7	498884.1390853362
2.644850638058359	2.6978471897945187	2.6713489139264386	906230.5714003906	190680.26873493163	3.956889320230832e7	481075.5139757258
2.697847189794519	2.751903672565402	2.7248754311799606	921224.251838058	182641.79419839472	4.049011745414638e7	463832.03876272787
2.7519036725654016	2.807041284991702	2.779472478778552	936284.9853809718	174908.6308968575	4.142640243952735e7	447138.6488433821
2.8070412849917026	2.863281649666529	2.835161467329116	951408.6893976299	167470.87333927292	4.237781112892498e7	430980.5806255589
2.8632816496665288	2.920646821634852	2.8919642356506903	966591.2491051932	160318.8613261005	4.334440237803016e7	415343.36817325075
2.920646821634852	2.9791592970425413	2.9499030593386966	981828.5067386047	153443.17431236478	4.432623088476876e7	400212.8397253359
2.979159297042542	3.038842021958385	3.0090006595004635	997116.2747075309	146834.63011042227	4.5323347159476295e7	385575.1143456776
3.038842021958385	3.099718401372545	3.069280211665465	1.0124503552669431e6	140484.28391157242	4.633579751474324e7	371416.5987151801
3.099718401372545	3.1618123083749885	3.130765354873767	1.0278265306497802e6	134383.42265218237	4.736362404539302e7	357723.9837884674
3.161812308374988	3.2251480935174803	3.193480200946234	1.0432405636204783e6	128523.56136009096	4.84068646090135e7	344484.24143725476
3.2251480935174803	3.2897505943628222	3.2574493439401513	1.0586882090961162e6	122896.44089590914	4.946555281810962e7	331684.6211615928
3.2897505943628227	3.3556451452250715	3.322697869793947	1.074165218002882e6	117494.0244798256	5.05397180361125e7	319312.6467947435
3.355645145225072	3.422857587104566	3.389251366164819	1.08966734191489e6	112308.49429275011	5.1629385378027394e7	307356.1132061985
3.422857587104566	3.4914142778216495	3.4571359324631077	1.1051903365917238e6	107332.2479319534	5.2734575714619115e7	295803.0829943956
3.491414277821649	3.5613421023530742	3.5263781900873616	1.1207299639080348e6	102557.89472037135	5.385530567852715e7	284641.88316113653
3.5613421023530742	3.632668483375128	3.597005292864101	1.1362820040281494e6	97978.25294591364	5.4991587682555296e7	273861.1018223409
3.6326684833751277	3.7054213920176227	3.669044937696375	1.151842248949078e6	93586.34531331765	5.6143429931504376e7	263449.5848496668
3.705421392017622	3.779629358832967	3.7425253754252945	1.1674065086113997e6	89375.39565913948	5.731083644011578e7	253396.43251982148
3.7796293588329672	3.8553214849846187	3.817475421908793	1.1829706225776442e6	85338.82597319763	5.8493807062693425e7	243690.99618868987
3.855321484984619	3.932527453659304	3.8939244693219615	1.1985304593840304e6	81470.2523624144	5.9692337522077456e7	234322.8749276499
3.9325274536593033	4.011277541707481	3.9719024976833923	1.2140819195772319e6	77763.48136234091	6.090641944165468e7	225281.912144223
4.011277541707481	4.091602631516623	4.051440086612052	1.2296209409800298e6	74212.50638991961	6.2136040382634714e7	216558.19219601087
4.091602631516623	4.173534223121948	4.132568427319285	1.2451434990690267e6	70811.50387583331	6.338118388170374e7	208142.03697969837
4.173534223121948	4.257104446559379	4.215319334840663	1.26064561031245e6	67554.82961715436	6.464182949201619e7	200024.00250917854
4.257104446559379	4.342346074465558	4.299725260512469	1.2761233449907172e6	64437.01560339482	6.5917952837006904e7	192194.8755106646
4.342346074465559	4.429292534929862	4.38581930469771	1.291572818100256e6	61452.76562993625	6.720952565510716e7	184645.669963689
4.4292925349298615	4.517977924603451	4.473635229766656	1.3069901973405257e6	58596.95190403596	6.851651585244769e7	177367.62364833854
4.51797792460345	4.608437022070511	4.5632074733369805	1.3223717120471797e6	55864.61160984259	6.983888756449486e7	170352.19469590345
4.608437022070511	4.700705301486913	4.654571161778712	1.3377136448229717e6	53250.94270808997	7.117660120931783e7	163591.05809846995
4.700705301486913	4.794818946491643	4.747762123989277	1.3530123416023033e6	50751.300608090816	7.252961355092014e7	157076.10223010703
4.794818946491643	4.890814864396467	4.842816905444055	1.3682642147415536e6	48361.19450301316	7.38978777656617e7	150799.42535945371
4.890814864396468	4.988730700659389	4.939772782527928	1.3834657455199396e6	46076.283702807945	7.528134351118164e7	144753.33215398985
4.988730700659389	5.088604853647568	5.038667777153478	1.3986134737034463e6	43892.37358730529	7.667995698488508e7	138930.33015446432
5.088604853647569	5.190476489695512	5.13954067167154	1.4137040171815825e6	41805.41261627456	7.809366100206666e7	133323.12628215313
5.190476489695511	5.294385558464413	5.242431024079962	1.4287340713465968e6	39811.4886075599	7.952239507341325e7	127924.62333472249
5.294385558464413	5.400372808608692	5.347379183536552	1.443700401546082e6	37906.82490106797	8.096609547495933e7	122727.91646469489
5.400372808608693	5.508479803755858	5.454426306182276	1.4585998477328294e6	36087.776949873914	8.242469532269217e7	117726.28966611695
5.508479803755859	5.618748938805967	5.563614371280913	1.4734293310776986e6	34350.82896105646	8.389812465376987e7	112913.21227175822
5.618748938805966	5.731223456557077	5.6749861976815215	1.488185855312428e6	32692.590416081464	8.538631050908229e7	108282.33545321753
5.7312234565570765	5.845947464663209	5.788585460610143	1.5028665030762542e6	31109.792532881394	8.688917701215854e7	103827.48872034205
5.845947464663211	5.962965952931467	5.904456708797339	1.5174684352707996e6	29599.284868031005	8.840664544742934e7	99542.67642802851
5.962965952931466	6.082324810965086	6.022645381948276	1.5319889001674745e6	28158.03215275725	8.993863434759682e7	95422.074303422
6.082324810965086	6.204070846159379	6.143197828562233	1.5464252295749437e6	26783.11089622089	9.148505957717177e7	91460.02597884246
6.20407084615938	6.328251802057558	6.266161324108468	1.5607748402838653e6	25471.70615578706	9.304583441745564e7	87651.03953969876
6.328251802057558	6.4549163770737	6.3915840895656295	1.5750352362985592e6	24221.108365065873	9.46208696537542e7	83989.7840898053
6.454916377073701	6.584114243590166	6.519515310331934	1.5892040047011708e6	23028.710112854467	9.621007365845537e7	80471.08633021383
6.584114243590165	6.71589606743696	6.650005155513563	1.603278817556622e6	21892.003082148116	9.781335247601199e7	77089.92715997245
6.715896067436961	6.850313527760691	6.783104797598826	1.6172574386180313e6	20808.575095754255	9.943060991463003e7	73841.43830365135
6.85031352776069	6.987419337290895	6.9188664325257925	1.6311377098075235e6	19776.106942516046	1.0106174762443756e8	70720.89895138405
6.987419337290895	7.127267263011704	7.057343300151299	1.6449176390146485e6	18792.37047820495	1.027066652634522e8	67723.73248422761
7.127267263011705	7.269912147246929	7.198589705129317	1.6585934378218031e6	17855.204361659704	1.0436525870127401e8	64845.50198906046
7.269912147246929	7.4154099291668585	7.342661038206893	1.6721779614296309e6	16962.70416939878	1.0603743666270363e8	62081.917005921205
7.415409929166858	7.5638176667251855	7.489613797946022	1.6854118671884625e6	16110.409568531202	1.0772284852989209e8	59428.677544217215
7.5638176667251855	7.71519355903468	7.639505612879933	1.6990190871109655e6	15303.365803239503	1.0942186761700305e8	56882.02323022088
7.715193559034678	7.869596969190362	7.79239526411252	1.6932131498693924e6	14371.05740196766	1.1111508076687245e8	54428.56991853507
7.869596969190363	8.027088447549161	7.948342708369762	1.6877292857035634e6	13497.970830626833	1.1280281005257602e8	52066.35369375574
8.027088447549161	8.187729755475134	8.107409101512147	1.7101163540540668e6	12887.841312215849	1.1451292640663008e8	49805.28210487916
8.187729755475134	8.351583889559627	8.26965682251738	1.7318552882383675e6	12298.585081488254	1.1624478169486845e8	47640.71966800061
8.351583889559627	8.51871510632581	8.435149497942719	1.7465134131485305e6	11687.04484261876	1.1799129510801698e8	45565.80801820041
8.51871510632581	8.689188947427317	8.603952026876563	1.7619707921067632e6	11110.175679313616	1.1975326590012375e8	43577.37177405432
8.689188947427317	8.863072265350853	8.776130606389085	1.7763741972709016e6	10554.710141154039	1.2152964009739465e8	41671.65332037245
8.863072265350853	9.04043324963286	8.951752757491857	1.790175302746482e6	10022.98874780698	1.2331981540014112e8	39845.24714458145
9.04043324963286	9.221341453600507	9.130887351616684	1.8035063308797763e6	9515.012624512701	1.251233217310209e8	38094.944494013456
9.221341453600507	9.405867821647508	9.313604637624007	1.816507892528027e6	9030.653703079699	1.2693982962354892e8	36417.71455198541
9.405867821647508	9.594084717055448	9.499976269351478	1.8292516136251558e6	8569.307563012107	1.2876908123717408e8	34810.66666818777
9.594084717055447	9.786065950371546	9.690075333713496	1.8417775929804372e6	8130.177574640093	1.3061085883015452e8	33271.03116790544
9.786065950371546	9.981886808353966	9.883976379362757	1.8541091577824953e6	7712.388224205072	1.3246496798793702e8	31796.14780954303
9.981886808353966	10.181624083496034	10.081755445925001	1.866261164514085e6	7315.043480557552	1.343312291524511e8	30383.45827720666
10.181624083496034	10.385356104140945	10.28349009381849	1.8782439759464972e6	6937.253666841268	1.3620947312839758e8	29030.500657814806
10.385356104140945	10.593162765198754	10.48925943466985	1.8900651969238506e6	6578.147360868938	1.3809953832532144e8	27734.904924172595
10.593162765198754	10.805125559477718	10.699144162338236	1.9017306024970126e6	6236.877472853012	1.4000126892781845e8	26494.389029893126
10.805125559477718	11.021327609642261	10.91322658455999	1.9132446592522492e6	5912.62437240646	1.419145135870707e8	25306.755410539114
11.021327609642261	11.241853700810095	11.131590655226178	1.9246109044049345e6	5604.597640546945	1.4383912449147564e8	24169.88778816304
11.241853700810095	11.466790313801287	11.35432200730569	1.9358321903263524e6	5312.036802525418	1.45774956681802e8	23081.74820289688
11.466790313801285	11.696225659052299	11.581507986426793	1.9469108630234478e6	5034.211482883589	1.4772186754482546e8	22040.374225124368
11.6962256590523	11.930249711208337	11.813237685130318	1.9578488869270962e6	4770.421154973377	1.4967971643175256e8	21043.87631439137
11.930249711208337	12.168954244407493	12.049601977807914	1.9686479358310811e6	4519.994634361851	1.5164836436758363e8	20090.435301788788
12.168954244407491	12.41243286827063	12.290693556339061	1.9793094624991016e6	4282.289409356636	1.5362767383008274e8	19178.299979265616
12.41243286827063	12.660781064611031	12.53660696644083	1.9898347603318414e6	4056.6908790786797	1.5561750859041458e8	18305.78478435074
12.66078106461103	12.914096224878238	12.787438644744633	2.0002249944407095e6	3842.6114799270035	1.576177335848553e8	17471.267568322568
12.91409622487824	13.172477688350792	13.043286956614516	2.010481236039302e6	3639.4897997276094	1.596282148208946e8	16673.1874422859
13.172477688350792	13.436026781092796	13.304252234721794	2.0206044865703927e6	3446.7896619856024	1.61648819307465e8	15910.042694922411
13.436026781092798	13.704846855689642	13.570436818391219	2.0305956956007695e6	3263.999201053189	1.6367941500306576e8	15180.388777241667
13.70484685568964	13.97904333177842	13.84194509373403	2.0404557734574322e6	3090.629938673737	1.657198707765232e8	14482.836350534491
13.979043331778422	14.258723737388978	14.1188835345837	2.050185609416091e6	2926.2158840086854	1.6777005638593924e8	13816.049395225109
14.258723737388976	14.543997751111744	14.401360744250361	2.059786077101085e6	2770.3126316058565	1.6982984246304032e8	13178.743376979015
14.543997751111744	14.834977245108966	14.689487498110356	2.0692580334338318e6	2622.4964747430035	1.7189910049647415e8	12569.683467639588
14.834977245108968	15.131776328986135	14.98337678704755	2.078602343102629e6	2482.3635764283363	1.7397770283957678e8	11987.682821147224
15.131776328986136	15.434511394540847	15.283143861763492	2.0878198659938774e6	2349.5291153572884	1.7606552270557067e8	11431.600899814339
15.434511394540843	15.743301161406647	15.588906277973745	2.0969114685724773e6	2223.626490367115	1.7816243417414314e8	10900.341851417337
15.743301161406647	16.058266723609766	15.900783942508205	2.105878025900366e6	2104.3065385539094	1.802683122000435e8	10392.852934953562
16.05826672360977	16.37953159705695	16.218899160333358	2.114720421789888e6	1991.2367784541211	1.8238303262183338e8	9908.122993693845
16.37953159705695	16.707221767973074	16.54337668251501	2.1234395528411786e6	1884.1006838132714	1.8450647217467457e8	9445.180974559062
16.707221767973074	17.041465742307523	16.8743437551403	2.132036326143516e6	1782.596977523243	1.8663850850081807e8	9003.094492304634
17.041465742307526	17.382394596128663	17.211930169218093	2.140511663186546e6	1686.4389574674435	1.8877902016400462e8	8580.968437762058
17.382394596128663	17.730142027026222	17.55626831157744	2.1488665013983278e6	1595.3538451994064	1.9092788666540295e8	8177.943628906548
17.730142027026222	18.084844406541734	17.907493216783976	2.157101789984809e6	1509.0821554498398	1.9308498845538777e8	7793.195503475562
18.08484440654173	18.44664083364755	18.265742620094642	2.165218493849327e6	1427.3770965882202	1.952502069492371e8	7425.932852521276
18.446640833647553	18.81567318929549	18.631157011471522	2.173217591457585e6	1350.0039902345027	1.9742342454069468e8	7075.396593634599
18.81567318929549	19.192086192056387	19.003879690675937	2.181100073289061e6	1276.739714949272	1.9960452461398375e8	6740.858582936143
19.192086192056387	19.5760274548725	19.38405682346444	2.1888669464512267e6	1207.372176161891	2.01793391560435e8	6421.620465106182
19.5760274548725	19.967647542944935	19.771837498908717	2.196519230427274e6	1141.6997924111938	2.0398991079086226e8	6117.012560195697
19.967647542944935	20.36710003277882	20.167373787861877	2.2040579567253888e6	1079.5310055180848	2.0619396874758765e8	5826.392786472715
20.367100032778815	20.774541572409376	20.570820802594096	2.2114841686889343e6	1020.6838113485269	2.0840545291627657e8	5549.145618408678
20.77454157240938	21.19013194283255	20.982336757620963	2.218798921931729e6	964.9853106582441	2.1062425183820832e8	5284.681078932204
21.19013194283255	21.614034120664186	21.40208303174837	2.226003283312035e6	912.271278385908	2.1285025512152034e8	5032.433765033842
21.61403412066419	22.046414342052458	21.830224231358322	2.233098328605873e6	862.3857510577028	2.150833534501262e8	4791.861905839045
22.046414342052458	22.48744216786849	22.266928254960476	2.240085140770573e6	815.180632517668	2.173234385908968e8	4562.44645233014
22.48744216786849	22.937290550200846	22.712366359034668	2.2469648942496283e6	770.515346502918	2.195704034851464e8	4343.690199590687
22.937290550200842	23.396135900179843	23.166713225190342	2.2537384784530504e6	728.2563467782963	2.2182414196359944e8	4135.116931475661
23.396135900179846	23.86415815715843	23.630147028669136	2.2604135957963425e6	688.27896264267	2.240845555593958e8	3936.2707211372594
23.86415815715842	24.341540859276574	24.102849508217496	2.2670068923744573e6	650.4670815649401	2.2635156245177025e8	3746.7152536351814
24.341540859276574	24.828471215437087	24.58500603735683	2.273896149061253e6	614.8073866405759	2.286254586008315e8	3566.038624127856
24.82847121543709	25.325140178720815	25.076805697078953	2.280807988589814e6	581.1031278050868	2.3090626658942133e8	3393.8413470048295
25.32514017872082	25.83174252127022	25.57844134999552	2.287231156767664e6	549.1242848527703	2.33193497746189e8	3229.733719696209
25.831742521270215	26.348476910670602	26.090109715970407	2.293440158217406e6	518.8528134702993	2.354869379044064e8	3073.3474864630093
26.348476910670605	26.875545987859	26.612011449264802	2.2995027029870246e6	490.2153698222862	2.3778644060739344e8	2924.331410507382
26.875545987858995	27.413156446591156	27.144351217225076	2.305454263164784e6	463.13308803529935	2.4009189487055823e8	2782.3499731796155
27.41315644659116	27.961519114497964	27.68733778054456	2.311306446264453e6	437.5253204994305	2.4240320131682268e8	2647.0823640353483
27.961519114497964	28.520849035762904	28.241184075130434	2.3170631985422396e6	413.3138550555649	2.4472026451536492e8	2518.221772467026
28.52084903576291	29.09136555545315	28.80610729560803	2.322726348159257e6	390.42409680815854	2.4704299086352417e8	2395.4747884021735
29.091365555453145	29.67329240553719	29.382328980495167	2.3282971916755605e6	368.7852345765171	2.4937128805519974e8	2278.560847200096
29.67329240553719	30.266857792622915	29.970075099080052	2.3337769081911636e6	348.33013528813694	2.5170506496339092e8	2167.2117005011132
30.266857792622922	30.87229448745036	30.56957614003664	2.339166651404312e6	328.995176298761	2.5404423161479524e8	2061.1709079490006
30.872294487450354	31.48983991617434	31.181067201812347	2.344467568221973e6	310.7200714158581	2.5638869918301722e8	1960.1933482178963
31.489839916174343	32.11973625347281	31.804788084823578	2.349680803062747e6	293.44770258927883	2.5873837998607996e8	1864.0447485557802
32.11973625347281	32.762230517517246	32.44098338549503	2.354807496213196e6	277.12395880143674	2.6109318748229316e8	1772.5012321905526
32.762230517517246	33.41757466684257	33.08990259217991	2.359848782283592e6	261.6975827960253	2.6345303626457676e8	1685.3488830193196
33.41757466684257	34.0860256991544	33.75180018299848	2.3648057597313114e6	247.1200222506485	2.658178420243081e8	1602.3833268392336
34.086025699154405	34.76784575211247	34.42693572563344	2.3696794399728603e6	233.3452871124202	2.6818752146428093e8	1523.4093285202168
34.767845752112464	35.46330220612969	35.11557397912108	2.3744677031646078e6	220.32953750941317	2.7056198916744554e8	1448.2403886571403
35.4633022061297	36.17266778922727	35.81798499767848	2.379135216929485e6	208.02841140633942	2.7294112438437504e8	1376.6982093470065
36.17266778922727	36.89622068398679	36.53444423660703	2.3835547045527166e6	196.39289365325553	2.753246790889277e8	1308.611952502051
36.8962206839868	37.63424463664151	37.265232660314155	2.3874599205649407e6	185.36763096167826	2.7771213900949264e8	1243.8174437625437
37.634244636641505	38.387029068349314	38.01063685249541	2.3906424472761075e6	174.9079890215361	2.8010278145676875e8	1182.1574062877562
38.387029068349314	39.15486918869128	38.7709491285203	2.394048929803403e6	165.05371253065212	2.824968303865722e8	1123.4859301311285
39.15486918869128	39.93806611144008	39.54646765006568	2.398234816212471e6	155.80495923697228	2.8489506520278466e8	1067.6655328111049
39.93806611144008	40.73692697264386	40.33749654204197	2.4023379860733827e6	147.068960703528	2.8729740318885803e8	1014.5613126331774
40.736926972643865	41.55176505107172	41.14434601185779	2.407639816638033e6	138.8915470263222	2.897050430054961e8	964.0487947216873
41.55176505107172	42.38289989106813	41.96733247106992	2.4172005510844146e6	131.3997102600833	2.921222435565805e8	916.0180111823227
42.38289989106812	43.23065742786446	42.80677865946629	2.2869521690725223e6	117.14837523194599	2.94409195725653e8	869.9358756556705
43.23065742786446	44.09537011539672	43.66301377163059	3.501134214503889e6	168.99951266826687	2.979103299401569e8	829.503029611348
