-0.0	9.953897499377266e-5	4.976948749688633e-5	0.007211694181720869	1.7456983430315225e9	0.007211694181720869	1.7456983430315225e9
9.953897499377266e-5	0.0002010687294874207	0.00015030385224059668	0.042975192953220005	1.4363713898129447e9	0.05018688713494088	1.473900101473248e9
0.00020106872948742058	0.0003046290790709416	0.00025284890427918107	0.11058352392398768	1.3107982031645153e9	0.16077041105892856	1.3576988188785613e9
0.0003046290790709413	0.00041026063564613265	0.000357444857358537	0.21059477130928417	1.2327549624721048e9	0.3713651823682127	1.2839054094711595e9
0.0004102606356461331	0.0005180048233528283	0.0004641327294994807	0.34682250669164433	1.1837860330606618e9	0.7181876890598571	1.2335249438612814e9
0.0005180048233528287	0.0006279038948136577	0.0005729543590832433	0.5195544160377831	1.1425036713804932e9	1.2377421050976403	1.193608834968031e9
0.0006279038948136573	0.0007400009477037028	0.0006839524212586801	0.7285144297790864	1.1030907401802483e9	1.9662565348767267	1.1583898458220952e9
0.000740000947703703	0.0008543399416515495	0.0007971704446776262	0.9827987815690454	1.0745189929960198e9	2.9490553164457722	1.12902140904354e9
0.0008543399416515493	0.0009709657154783526	0.0009126528285649509	1.2827139593223207	1.0493578628396851e9	4.231769275768093	1.103625396107313e9
0.0009709657154783523	0.0010899240047816917	0.001030444860130022	1.6337488935134252	1.0281326634383916e9	5.865518169281518	1.0815064702220225e9
0.0010899240047816917	0.0012112614598710977	0.0011505927323263946	2.0398267569379036	1.009585226572695e9	7.905344926219422	1.0619853300613226e9
0.0012112614598710973	0.0013350256640622914	0.0012731435619666943	2.5056077774717047	9.9314243581688e8	10.410952703691127	1.0445591090889685e9
0.0013350256640622922	0.00146126515233731	0.0013981454081998012	3.042304423535743	9.803879232311344e8	13.45325712722687	1.0293231748629198e9
0.0014612651523373099	0.0015900294303778282	0.001525647291357569	3.66011226853093	9.712323421114795e8	17.1133693957578	1.0163222342277893e9
0.0015900294303778277	0.0017213689939791564	0.001655699212178492	4.3682220326987355	9.649586681279209e8	21.481591428456536	1.0054394348130592e9
0.0017213689939791568	0.0018553353488525118	0.0017883521714158342	5.179238839570501	9.615042294586483e8	26.660830268027038	9.965929337492429e8
0.0018553353488525112	0.0019919810308233333	0.0019236581898379223	6.1120621553816505	9.61487397556153e8	32.77289242340869	9.898526904705333e8
0.0019919810308233333	0.002131359626433572	0.0020616703286284524	7.16002192788976	9.61401036934085e8	39.93291435129844	9.846280252937412e8
0.0021313596264335728	0.002273525793956016	0.0022024427101947942	8.284214287211405	9.55619921640228e8	48.21712863850985	9.795194805527225e8
0.0022735257939560153	0.0024185352848289073	0.002346030539392461	9.467901558175988	9.437172017840991e8	57.68503019668584	9.734580289849393e8
0.002418535284828908	0.002566444965519258	0.002492490125174083	10.71342838846558	9.275294044783863e8	68.39845858515142	9.659659948550884e8
0.002566444965519257	0.002717312839823414	0.0026418789026713355	12.033460300883615	9.091594823727463e8	80.43191888603504	9.570197444007802e8
0.002717312839823413	0.0028711980716136527	0.002794255455718533	13.425718938317981	8.889734236015742e8	93.85763782435302	9.466546001248157e8
0.002871198071613654	0.0030281610080396984	0.002949679539826676	14.896741938636774	8.67825034311967e8	108.7543797629898	9.350207689688238e8
0.003028161008039698	0.0031882632031942633	0.0031082121056169804	16.48838059883173	8.481126584854116e8	125.24276036182152	9.225746583599415e8
0.003188263203194263	0.0033515674422519193	0.0032699153227230913	18.146474286755303	8.268403569450488e8	143.38923464857683	9.092515467445301e8
0.0033515674422519197	0.0035181377660907292	0.0034348526041713245	19.834556414909724	8.029965610289605e8	163.22379106348654	8.948625342694947e8
0.0035181377660907292	0.003688039496406315	0.003603088631248522	21.605905395121233	7.793534250089272e8	184.82969645860777	8.796227451632955e8
0.0036880394964063155	0.003861339261328213	0.0037746893788672643	23.51763184751094	7.577867962047309e8	208.3473283061187	8.639437035744085e8
0.003861339261328213	0.004038105021548549	0.003949722141438381	25.53872119090574	7.368609919686191e8	233.88604949702443	8.479746706996859e8
0.004038105021548548	0.00421840609697329	0.004128255559260919	27.66256559673576	7.162788006489768e8	261.5486150937602	8.317995046584201e8
0.00421840609697329	0.004402313193906526	0.004310359645439908	29.890148765796447	6.960281901238858e8	291.4387638595566	8.154848512653257e8
0.004402313193906526	0.004589898432778427	0.004496105813342477	32.21382174797249	6.759237178796643e8	323.6525856075291	7.990634120322889e8
0.004589898432778428	0.004781235376427767	0.004685566904603098	34.60871355858266	6.555293291571487e8	358.26129916611177	7.825118347600683e8
0.0047812353764277666	0.0049763990589500925	0.00487881721768893	37.031284388118564	6.342681488786869e8	395.2925835542303	7.657455101644e8
0.004976399058950093	0.005175466015122866	0.0050759325370364795	39.58354413913496	6.140705842829103e8	434.8761276933653	7.489081818164872e8
0.005175466015122865	0.005378514310419092	0.005276990162770979	42.364711312416546	5.961683149288081e8	477.2408390057818	7.322544267168013e8
0.005378514310419092	0.005585623571621245	0.005482068941020169	45.30245824970101	5.791242458760512e8	522.5432972554828	7.15844478350193e8
0.005585623571621245	0.00579687501804744	0.0056912492948343425	48.39244431569715	5.627336992220407e8	570.93574157118	6.997079545960438e8
0.005796875018047441	0.00601235149340216	0.0059046132557248	51.64068693810919	5.469544688722676e8	622.5764285092891	6.838659451218998e8
0.00601235149340216	0.006232137498263974	0.006122244495833067	55.05418233817826	5.317560494078762e8	677.6306108474674	6.683336491557335e8
0.006232137498263972	0.006456319223223022	0.006344228360743497	58.64317995125718	5.171358423148589e8	736.2737907987246	6.531241550433486e8
0.006456319223223021	0.006684984582681251	0.006570651902952136	62.42409653802869	5.031312284264296e8	798.6978873367533	6.3825275243666e8
0.006684984582681254	0.006918223249328648	0.0068016039160049505	66.40904775852344	4.8972424751261735e8	865.1069350952768	6.237311973019187e8
0.006918223249328647	0.00715612668930899	0.007037174969318818	70.5860306931794	4.7672740202299875e8	935.6929657884561	6.09551906112936e8
0.00715612668930899	0.007398788198088939	0.007277457443698964	74.96463263602459	4.6413687464107734e8	1010.6575984244807	5.957082994745096e8
0.007398788198088939	0.007646302937044488	0.0075225455675667135	79.5342380066417	4.5182927015783864e8	1090.1918364311225	5.821833966928318e8
0.007646302937044487	0.007898767970779146	0.007772535453911817	84.12435477480356	4.3888126242408186e8	1174.316191205926	5.688769932553984e8
0.007898767970779147	0.0081562823051885	0.008027525137983823	88.65890306515209	4.251189761776607e8	1262.9750942710782	5.556859671613568e8
0.0081562823051885	0.00841894692628604	0.008287614615737269	93.54904171711726	4.1260306628624576e8	1356.5241359881952	5.427072220317189e8
0.00841894692628604	0.00868686483980553	0.008552905883045785	98.92249902836491	4.016248402755237e8	1455.44663501656	5.30052008018954e8
0.008686864839805528	0.008960141111595408	0.008823502975700469	104.58280510371836	3.911395311748619e8	1560.0294401202784	5.1772559620539016e8
0.008960141111595408	0.009238882908821085	0.009099512010208246	110.52026495712514	3.8103054635064936e8	1670.5497050774036	5.0572264851753885e8
0.009238882908821085	0.009523199541991274	0.00938104122540618	116.74333578382551	3.712655355912506e8	1787.2930408612292	4.9403589236702734e8
0.009523199541991274	0.009813202507824869	0.009668201024908072	123.28129392869405	3.6187699529101133e8	1910.5743347899233	4.826619317232199e8
0.00981320250782487	0.010109005532975137	0.009961104020400003	130.13894928880057	3.528157437558755e8	2040.713284078724	4.7159379203574437e8
0.010109005532975134	0.010410724618628405	0.01025986507580177	137.34352374805394	3.440970442536744e8	2178.056807826778	4.608267882769478e8
0.010410724618628405	0.010718478085994741	0.010564601352311572	144.90228093838076	3.356799986629124e8	2322.959088765159	4.503535378576583e8
0.010718478085994743	0.011032386622708406	0.010875432354351573	152.82894761982007	3.275438264892397e8	2475.788036384979	4.401659378131722e8
0.011032386622708406	0.011352573330156341	0.011192479976432374	161.14705618987037	3.1968844913309854e8	2636.9350925748495	4.302569388973389e8
0.011352573330156343	0.011679163771753237	0.01151586855095479	169.86706766173387	3.1208532719754755e8	2806.8021602365834	4.206180906370597e8
0.011679163771753237	0.01201228602218207	0.011845724896967653	179.0184917951528	3.0474211901792246e8	2985.8206520317362	4.1124261743893665e8
0.012012286022182067	0.012352070717619476	0.012182178369900772	188.61001341423201	2.976274653300065e8	3174.4306654459683	4.0212208742466927e8
0.01235207071761948	0.012698651106965636	0.012525360912292557	198.5512315740204	2.90569837028732e8	3372.9818970199885	3.93235418341049e8
0.012698651106965634	0.013052163104098714	0.012875407105532175	208.2192811622932	2.827207603484392e8	3581.2011781822816	3.8449671410685664e8
0.013052163104098714	0.013412745341174455	0.013232454222636584	217.3131329675633	2.738823884893216e8	3798.5143111498446	3.758132783421979e8
0.013412745341174457	0.013780539222991713	0.013596642282083085	227.215236723126	2.659091379458343e8	4025.7295478729707	3.67246234311866e8
0.013780539222991713	0.014155688982445314	0.013968114102718514	238.45851264975596	2.5923679369512048e8	4264.188060522727	3.588845019896954e8
0.014155688982445312	0.014538341737087986	0.014347015359766648	250.39840727224254	2.529693957806314e8	4514.586467794969	3.507395551143046e8
0.014538341737087988	0.014928647546823513	0.01473349464195575	262.9389941604868	2.4694667387718767e8	4777.525461955456	3.428096246267827e8
0.014928647546823513	0.01532675947275375	0.01512770350978863	276.1431403681074	2.4118380104151827e8	5053.668602323563	3.350943646086332e8
0.01532675947275375	0.01573283363720259	0.01552979655497817	290.09906606452284	2.3570827552307943e8	5343.767668388086	3.2759563591597384e8
0.01573283363720259	0.01614702928494041	0.015939931461071498	304.85299253195836	2.3050361036890215e8	5648.620660920044	3.2031398619194674e8
0.016147029284940405	0.016569508845632977	0.01635826906528669	320.4458085805445	2.2554863046923015e8	5969.066469500589	3.132484279091808e8
0.016569508845632984	0.01700043799753941	0.016784973421586198	336.86122658676624	2.20785281053043e8	6305.927696087355	3.063938512589093e8
0.017000437997539405	0.01743998573248396	0.017220211865011683	354.0379205289348	2.1613908616490972e8	6659.9656166162895	2.997402062655641e8
0.01743998573248396	0.017888324422127407	0.017664155077305684	372.02684057586924	2.1161631139036554e8	7031.992457192158	2.932788867083031e8
0.017888324422127403	0.018345629885563715	0.01811697715384556	390.88190256628445	2.072214830815927e8	7422.874359758443	2.8700245897056496e8
0.01834562988556372	0.018812081458268758	0.018578855671916236	410.5991255559105	2.0292747909220546e8	7833.473485314353	2.8090224918334895e8
0.018812081458268758	0.0192878620624279	0.01904997176034833	431.19994620349274	1.98724244082444e8	8264.673431517846	2.749696835052555e8
0.019287862062427896	0.019773158278670218	0.019530510170549055	452.7306161713335	1.9461377407358587e8	8717.404047689179	2.6919713789564383e8
0.019773158278670218	0.020268160419237388	0.020020659348953803	475.2170403797641	1.9058827906848687e8	9192.621088068943	2.635771458619285e8
0.020268160419237388	0.0207730626026159	0.020520611510926642	498.5198962926405	1.8657904979639155e8	9691.140984361584	2.5809804359655404e8
0.0207730626026159	0.02128806282966198	0.021030562716138942	520.094641886862	1.8169442681866294e8	10211.235626248446	2.5268604529405087e8
0.02128806282966198	0.021813363061248984	0.021550712945455484	538.8258266383683	1.75746288034157e8	10750.061452886815	2.4726033548653656e8
0.021813363061248984	0.022349169297467726	0.022081266179358357	559.6189176058176	1.7045333556318817e8	11309.680370492633	2.418675279700332e8
0.02234916929746773	0.022895691658410846	0.022622430477939288	583.9890025296828	1.6614497957438385e8	11893.669373022316	2.3657342047748017e8
0.022895691658410842	0.02345314446657282	0.023174418062491833	609.8641577771523	1.6209757708863553e8	12503.533530799468	2.3138804545519236e8
0.02345314446657282	0.024021746330898038	0.02373744539873543	636.9384462162669	1.581942150090168e8	13140.471977015735	2.263125434565946e8
0.024021746330898045	0.02460172023250977	0.024311733281703905	665.4954101467393	1.544807284087438e8	13805.967387162475	2.2135116266796917e8
0.02460172023250977	0.025193293612153726	0.024897506922331746	695.7040079598036	1.5096416300787538e8	14501.671395122277	2.165083280146354e8
0.025193293612153722	0.02579669845939056	0.02549499603577214	727.49735618668	1.4759871992830205e8	15229.168751308956	2.11785005318702e8
0.02579669845939056	0.026412171403572132	0.026104434931481346	760.8651470468875	1.443577648664725e8	15990.033898355843	2.071802983572302e8
0.026412171403572136	0.02703995380663734	0.02672606260510474	795.8726929703893	1.4123250778813356e8	16785.90659132623	2.0269281616693443e8
0.02703995380663734	0.027680291857763845	0.027360122832200594	832.6245678706208	1.38221034307314e8	17618.531159196853	1.9832117857375523e8
0.027680291857763845	0.028333436669912882	0.028006864263838364	871.2704936987504	1.353271716379984e8	18489.801652895603	1.940644019472452e8
0.028333436669912882	0.0289996443783049	0.028666540524108892	911.9928615887126	1.325567368199783e8	19401.794514484314	1.8992199987896693e8
0.028999644378304903	0.02967917624086476	0.029339410309584833	955.0583699350117	1.2992360142934434e8	20356.85288441933	1.85894482855227e8
0.02967917624086476	0.030372298740675815	0.03002573749077029	1000.6721764574161	1.2742813048529235e8	21357.52506087675	1.8198237414525464e8
0.030372298740675818	0.031079283690483094	0.030725791215579456	1048.977212859206	1.2506065831314182e8	22406.502273735954	1.781855392265012e8
0.031079283690483087	0.03180040833928651	0.031439846014884795	1100.2540819325466	1.2282673965692422e8	23506.7563556685	1.7450424924199215e8
0.03180040833928651	0.032535955481066	0.03216818191017626	1154.5269737054539	1.2070124616008951e8	24661.283329373957	1.7093711426999712e8
0.032535955481066005	0.03328621356568108	0.032911084523373546	1211.7324842512373	1.1865417045076044e8	25873.015813625196	1.6748088948031813e8
0.03328621356568108	0.03405147681198846	0.03366884518883477	1271.865616077406	1.1666628503182313e8	27144.8814297026	1.6413132809181467e8
0.03405147681198846	0.03483204532322199	0.03444176106760523	1334.7105494415605	1.1470356442897417e8	28479.59197914416	1.6088228403053993e8
0.03483204532322199	0.03562822520468019	0.03523013526395109	1397.045996619798	1.1249741337796682e8	29876.63797576396	1.5771047831879395e8
0.03562822520468018	0.036440328683767544	0.03603427694422386	1445.0118624412255	1.0904359762878792e8	31321.649838205183	1.5452870463302004e8
0.036440328683767544	0.037268674232436655	0.036854501458102096	1487.209439504364	1.051844069068326e8	32808.85927770955	1.513110657411351e8
0.037268674232436655	0.03811358669207914	0.0376911304622579	1542.6574430851222	1.0227074216049215e8	34351.51672079467	1.4812141340411064e8
0.03811358669207915	0.03897539740091449	0.03854449204649682	1603.5202248350156	9.965749025768083e7	35955.03694562969	1.4497712193073347e8
0.038975397400914484	0.03985444432392653	0.0394149208624205	1667.8568378299094	9.718461730814444e7	37622.8937834596	1.4188396362414914e8
0.03985444432392653	0.040751072185398814	0.040302758254662674	1736.5055113836981	9.487824020724066e7	39359.3992948433	1.388489925418331e8
0.040751072185398814	0.04166563260410055	0.04120835239474968	1809.4787116533125	9.271348052700464e7	41168.87800649661	1.3587716647104788e8
0.04166563260410054	0.042598484231176306	0.042132058417638424	1886.2897243920352	9.064479362519301e7	43055.16773088864	1.3297017432736495e8
0.04259848423117632	0.0435499928907936	0.04307423856098496	1966.8419477472867	8.865310994143187e7	45022.00967863593	1.3012837375912553e8
0.043549992890793594	0.04452053172360322	0.04403526230719841	2051.1609114979	8.672777314216025e7	47073.17059013383	1.2735142645345189e8
0.044520531723603214	0.04551048133306903	0.04501550652833612	2139.285736885879	8.486020136545496e7	49212.45632701971	1.2463848079506765e8
0.045510481333069036	0.04652022993472417	0.0460153556338966	2231.305745597933	8.304490007889931e7	51443.76207261765	1.2198840522075039e8
0.04652022993472417	0.047550173508412404	0.04703520172156829	2327.3595159269958	8.127871042856604e7	53771.12158854464	1.193999563537616e8
0.04755017350841241	0.04860071595357441	0.048075444730993414	2427.61870151917	7.955969405315036e7	56198.74029006381	1.1687186392073363e8
0.04860071595357442	0.04967226924763966	0.04913649260060704	2532.2789553781236	7.788653595368259e7	58731.01924544194	1.1440287161218524e8
0.04967226924763965	0.05076525360758619	0.05021876142761292	2641.559616281406	7.625836109126404e7	61372.57886172334	1.119917633803924e8
0.0507652536075862	0.05188009765473167	0.051322675631158936	2755.721752389788	7.467508493320088e7	64128.300614113126	1.0963740996784282e8
0.051880097654731665	0.05301723858282005	0.052448668118775854	2875.0782972191373	7.313741072605225e7	67003.37891133226	1.0733881193568295e8
0.05301723858282006	0.05417712232947021	0.05359718045614513	2999.996424114546	7.164659807388687e7	70003.3753354468	1.0509512509781711e8
0.0541771223294702	0.055360203751053355	0.054768663040261775	3130.9098186858864	7.020449081500992e7	73134.2851541327	1.0290568594293848e8
0.055360203751053355	0.05656694680106817	0.05596357527606076	3268.2975462320333	6.881279314817803e7	76402.58270036473	1.0076998996414223e8
0.05656694680106818	0.057797824712083286	0.057182385756575735	3413.0575328713085	6.748037018225162e7	79815.64023323603	9.868812815813501e7
0.05779782471208328	0.059053320181318696	0.05842557244670099	3566.8414034452844	6.6227158407586314e7	83382.48163668132	9.666143688195142e7
0.0590533201813187	0.06033392555993882	0.059693622870628765	3731.8132695533045	6.507620043400997e7	87114.29490623463	9.469260564918692e7
0.06033392555993882	0.06164014304613134	0.06098703430303508	3910.144516011547	6.404361236269234e7	91024.43942224617	9.27851533780809e7
0.06164014304613134	0.06297248488204772	0.06230631396408953	4103.867114035401	6.31374581235789e7	95128.30653628157	9.094287170284148e7
0.06297248488204771	0.06433147355468241	0.06365197921836506	4311.690788715432	6.231341970830891e7	99439.997324997	8.916655683743027e7
0.06433147355468241	0.06571764200076981	0.06502455777772612	4528.650881966035	6.148535828929197e7	103968.64820696304	8.745162249224147e7
0.06571764200076981	0.06713153381577895	0.06642458790827438	4720.140563791548	6.020807650366868e7	108688.78877075459	8.5766251580931e7
0.06713153381577895	0.06857370346708827	0.0678526186414336	4847.031252800308	5.808981970644675e7	113535.8200235549	8.405653365269232e7
0.06857370346708827	0.07004471651142379	0.06930920998925602	4970.494463953942	5.597253892727181e7	118506.31448750885	8.232405171662478e7
0.07004471651142379	0.071545149816646	0.0707949331640349	5133.703402814012	5.432298245551123e7	123640.01789032287	8.059903788212448e7
0.071545149816646	0.07307559178797267	0.07231037080230934	5316.461555521403	5.28662563468572e7	128956.47944584426	7.889283010114141e7
0.07307559178797267	0.07463664259872586	0.07385611719334927	5519.01549000989	5.157575544493249e7	134475.49493585416	7.721439207666488e7
0.07463664259872586	0.07622891442569413	0.07543277851221	5737.82880805658	5.0394620196958944e7	140213.32374391073	7.556861626415291e7
0.07622891442569411	0.07785303168920174	0.07704097305744792	5968.350069238312	4.926828432911285e7	146181.67381314904	7.395673561240254e7
0.07785303168920174	0.07950963129797951	0.07868133149359063	6209.738940924769	4.8182183775545426e7	152391.4127540738	7.237901478899667e7
0.07950963129797951	0.08119936289893284	0.08035449709845618	6461.6593501183515	4.71281172843892e7	158853.07210419214	7.083520314242569e7
0.08119936289893284	0.08292288913190524	0.08206112601541904	6723.960701419512	4.610059133593642e7	165577.03280561164	6.932473390490575e7
0.08292288913190525	0.0846808858895371	0.08380188751072118	6996.823679497482	4.509718858618647e7	172573.85648510914	6.78469324540646e7
0.08468088588953708	0.08647404258232155	0.08557746423592932	7280.547511972308	4.4116517035654336e7	179854.40399708145	6.640108569071509e7
0.08647404258232155	0.08830306240896171	0.08738855249564163	7575.503762146669	4.3157700416800596e7	187429.9077592281	6.4986475776437186e7
0.08830306240896173	0.0901686626321347	0.08923586252054821	7882.107817889564	4.222009951445079e7	195312.01557711768	6.360239469173775e7
0.09016866263213469	0.09207157485977112	0.09112011874595291	8200.799039173962	4.1303153486748435e7	203512.81461629164	6.2248148200006984e7
0.09207157485977113	0.09401254533196028	0.09304206009586571	8532.034534457815	4.040633188936052e7	212044.84915074945	6.092305664644578e7
0.09401254533196027	0.09599233521359321	0.09500244027277674	8876.289509127993	3.952912998013869e7	220921.13865987744	5.962645542712952e7
0.09599233521359321	0.09801172089285881	0.09700202805322601	9234.060353982955	3.867107629382109e7	230155.1990138604	5.835769589305572e7
0.0980117208928588	0.1000714942857097	0.09904160758928425	9605.871764024072	3.783175267221452e7	239761.07077788448	5.711614741362558e7
0.10007149428570972	0.10217246314641765	0.10112197871606368	9992.321588029692	3.7010945725731656e7	249753.3923659142	5.5901208465168685e7
0.10217246314641763	0.10431545138433972	0.10324395726537867	10394.095018429934	3.620863511251754e7	260147.48738434413	5.471231629764998e7
0.10431545138433973	0.10650129938702026	0.10540837538567999	10811.847694748141	3.542454606025541e7	270959.3350790923	5.354892899221002e7
0.10650129938702026	0.10873086434975439	0.10761608186838732	11246.211596792891	3.4658229211720996e7	282205.5466758852	5.241051350243159e7
0.10873086434975437	0.1110050206117432	0.10986794248074878	11697.876905806288	3.3909344275694676e7	293903.4235816915	5.129655155362294e7
0.1110050206117432	0.11332465999897179	0.11216484030535749	12167.581903639264	3.317760076547594e7	306071.00548533077	5.020654160120349e7
0.11332465999897177	0.11569069217394494	0.11450767608645836	12656.122532941938	3.2462764982734602e7	318727.1280182727	4.914000108821386e7
0.11569069217394495	0.11810404499241757	0.11689736858318125	13164.36209791138	3.1764662274861496e7	331891.490116184	4.809646869894971e7
0.11810404499241758	0.12056566486725966	0.11933485492983861	13693.25389322239	3.108320470878451e7	345584.74400940636	4.7075508134572044e7
0.12056566486725963	0.12307651713959854	0.12182109100342908	14243.84481855915	3.0418364843586497e7	359828.5888279655	4.607671008051327e7
0.12307651713959855	0.12563758645738424	0.1243570517984914	14817.257141825567	2.9770109774400495e7	374645.84596979106	4.50996901027487e7
0.12563758645738424	0.12824987716152564	0.12694373180945495	15414.743735127931	2.913849334121976e7	390060.58970491897	4.414409220482135e7
0.12824987716152564	0.13091441367974987	0.12958214542063776	16037.782735165873	2.852378477907306e7	406098.3724400848	4.320959986109984e7
0.13091441367974987	0.13363224092833859	0.13227332730404423	16688.18090243019	2.7926560539585494e7	422786.553342515	4.229595184549587e7
0.13363224092833859	0.13640442472189906	0.13501833282511883	17368.300628082587	2.7347945435169213e7	440154.8539705976	4.1402971471149124e7
0.13640442472189906	0.13923205219133075	0.1378182384566149	18081.5487063433	2.679013769891402e7	458236.4026769409	4.053062533617873e7
0.1392320521913308	0.14211623221015113	0.14067414220074098	18832.7383250286	2.6256539063882828e7	477069.1410019695	3.967908613640522e7
0.1421162322101511	0.14505809582934784	0.14358716401974947	19629.634285842818	2.5753329315844692e7	496698.77528781234	3.884888541155803e7
0.14505809582934784	0.1480587967209285	0.14655844627513817	20489.152206215214	2.5296156632207002e7	517187.92749402754	3.804145530614919e7
0.1480587967209285	0.1511195116303408	0.14958915417563465	21464.036462016575	2.4938095873645905e7	538651.963956044	3.7261300968047075e7
0.1511195116303408	0.1542414408379413	0.15268047623414105	22718.452207678798	2.4840691536647703e7	561370.4161637229	3.65222640503434e7
0.1542414408379413	0.15742580862969385	0.15583362473381757	23973.26804247635	2.4669292676212575e7	585343.6842061993	3.58174389340323e7
0.15742580862969385	0.16067386377728143	0.15904983620348764	24597.83457099531	2.382221130911778e7	609941.5187771945	3.5104587584943525e7
0.16067386377728143	0.16398688002782077	0.16233037190255112	24976.038168928466	2.276541006478391e7	634917.5569461231	3.437173206147428e7
0.16398688002782077	0.1673661566033709	0.16567651831559582	25562.618050477984	2.1929804197506286e7	660480.1749966011	3.3633204483421244e7
0.1673661566033709	0.17081301871043203	0.16908958765690146	26306.79031166487	2.124150678780204e7	686786.965308266	3.2898078388050184e7
0.170813018710432	0.17432881805963435	0.1725709183850332	27181.212023587083	2.0657826748863783e7	713968.1773318531	3.2172342888262533e7
0.17432881805963435	0.17791493339582073	0.17612187572772753	28148.35647255331	2.0136190745099008e7	742116.5338044064	3.1459099789518636e7
0.17791493339582073	0.18157277103873085	0.1797438522172758	29182.25804754779	1.9649953477055047e7	771298.7918519542	3.0759684540962122e7
0.18157277103873087	0.1853037654344992	0.18343826823661502	30268.085580760602	1.9184727617948487e7	801566.8774327148	3.007450031447459e7
0.18530376543449914	0.1891093797181828	0.187206572576341	31398.911087561944	1.873366779595647e7	832965.7885202768	2.9403521373983342e7
0.18910937971818284	0.19299110628754018	0.1910502430028615	32572.30531358488	1.829378471408143e7	865538.0938338616	2.8746547345160633e7
0.19299110628754018	0.19695046738828467	0.1949707868379124	33788.06147832891	1.7863818034835972e7	899326.1553121905	2.8103316059224423e7
0.19695046738828464	0.20098901571104402	0.19896974154966435	35046.91838428262	1.7443181831267565e7	934373.0736964731	2.7473547140315004e7
0.20098901571104408	0.20510833500025866	0.20304867535565135	36349.99895768154	1.7031537959697075e7	970723.0726541547	2.6856957718403403e7
0.20510833500025863	0.2093100406752575	0.20720918783775805	37698.81112631461	1.6628737027467258e7	1.0084218837804693e6	2.625327369313099e7
0.2093100406752575	0.21359578046375632	0.2114529105695069	39095.78072627107	1.6234989999622472e7	1.0475176645067404e6	2.5662250431856155e7
0.21359578046375632	0.21796723504802512	0.21578150775589072	40545.023729443936	1.5851064172619127e7	1.0880626882361844e6	2.5083703758639608e7
0.21796723504802512	0.2224261187239793	0.2201966768860022	42054.037043739314	1.5478730029165313e7	1.1301167252799238e6	2.4517565390680812e7
0.22242611872397927	0.22697418007345255	0.2247001493987159	43632.851244828256	1.512014187197644e7	1.173749576524752e6	2.3963898504259836e7
0.22697418007345255	0.23161320264991528	0.22929369136168393	45270.43776618505	1.4769959971792948e7	1.219020014290937e6	2.342244841849653e7
0.23161320264991528	0.23634500567790726	0.23397910416391127	46950.376774923156	1.4422269646595288e7	1.2659703910658602e6	2.2892627978414632e7
0.23634500567790728	0.2411714447664591	0.2387582252221832	48678.479808847704	1.4078903777603697e7	1.3146488708747078e6	2.2373993531917837e7
0.24117144476645908	0.24609441263678192	0.2436329287016205	50460.91991613844	1.3741417971349409e7	1.3651097907908463e6	2.1866219914459795e7
0.24609441263678195	0.25111583986451125	0.2486051262506466	52301.96779462557	1.3410533883128328e7	1.417411758585472e6	2.136904423407208e7
0.25111583986451125	0.25623769563679516	0.2536767677506532	54204.66724643984	1.3086494579194041e7	1.4716164258319116e6	2.0882233963905934e7
0.2562376956367951	0.2614619885245247	0.25884984208065986	56171.42153570556	1.276931155702513e7	1.527787847367617e6	2.0405571487594295e7
0.2614619885245247	0.26679076727000883	0.2641263778972668	58204.36238950103	1.2458900038375322e7	1.585992209757118e6	1.9938847529372677e7
0.26679076727000883	0.27222612159040266	0.2695084444302057	60305.53426781361	1.2155140145434747e7	1.6462977440249317e6	1.948185857498797e7
0.2722261215904027	0.2777701829972044	0.27499815229380353	62476.9734329814	1.1857901158632625e7	1.708774717457913e6	1.903440587326687e7
0.2777701829972044	0.28342512563214217	0.2805976543146733	64720.72843877083	1.1567048530751945e7	1.773495445896684e6	1.859629491035086e7
0.28342512563214217	0.28919316711977866	0.2863091463759604	67038.83586644912	1.1282441535835788e7	1.8405342817631331e6	1.8167334778517216e7
0.28919316711977866	0.29507656943716787	0.29213486827847324	69433.13172461891	1.1003906009540524e7	1.909967413487752e6	1.7747335985486664e7
0.2950765694371678	0.3010776398009048	0.2980771046190363	71904.92626732042	1.0731196697714262e7	1.9818723397550725e6	1.733610618948922e7
0.30107763980090485	0.3071987315719166	0.3041381856864107	74455.02862288059	1.0464023809962064e7	2.056327368377953e6	1.693344774733435e7
0.30719873157191663	0.3134422451783486	0.3103204883751326	77084.4032741476	1.0202157838816304e7	2.1334117716521006e6	1.6539161549909625e7
0.31344224517834857	0.31981062905690916	0.31662643711762883	79797.34775476094	9.945814843341881e6	2.2132091194068617e6	1.6153073188430026e7
0.3198106290569092	0.326306380613041	0.3230585048349751	82600.14054357693	9.695373115841966e6	2.2958092599504385e6	1.5775040963821258e7
0.326306380613041	0.33293204720029546	0.32961921390666826	85495.50959562625	9.450704890894627e6	2.3813047695460645e6	1.5404924307308685e7
0.3329320472002955	0.33969022711929503	0.33631113715979527	88484.55078963489	9.211507790875616e6	2.4697893203356992e6	1.5042573487607362e7
0.33969022711929503	0.34658357063667455	0.3431368988779848	91569.12210264137	8.977590991255702e6	2.5613584424383407e6	1.4687836672568638e7
0.3465835706366745	0.35361478102440164	0.35009917583053807	94751.45261605631	8.748813235078672e6	2.656109895054397e6	1.4340562943433004e7
0.35361478102440164	0.3607866156198833	0.35720069832214246	98033.99491403547	8.525058817690192e6	2.7541438899684325e6	1.4000603725082878e7
0.3607866156198833	0.3681018869072746	0.36444425126357893	101419.32791394243	8.3062239879806815e6	2.855563217882375e6	1.3667813336383699e7
0.36810188690727463	0.37556346362041376	0.3718326752638442	104910.10130355674	8.09221025021286e6	2.9604733191859317e6	1.334204911667606e7
0.3755634636204137	0.3831742718678156	0.37936886774411466	108509.01592231347	7.8829221600698745e6	3.0689823351082453e6	1.3023171416370442e7
0.38317427186781555	0.3909372962801655	0.38705578407399055	112218.81787912518	7.678266675481033e6	3.1812011529873703e6	1.2711043550575804e7
0.39093729628016555	0.3988555811807625	0.394896438730464	116042.298118135	7.47815302834709e6	3.297243451105505e6	1.240553174837351e7
0.3988555811807624	0.40693223177937127	0.40289390648006684	119982.28648318713	7.28249227720111e6	3.4172257375886925e6	1.2106505079358319e7
0.40693223177937127	0.4151704153899523	0.4110513235846618	124041.64685051423	7.091197049714481e6	3.5412673844392067e6	1.1813835369868504e7
0.4151704153899523	0.4235733626727449	0.4193718890313486	128223.28394253843	6.904181995779854e6	3.669490668381745e6	1.1527397150961587e7
0.423573362672745	0.43214436890119345	0.4278588657869692	132530.13809224835	6.721363474322135e6	3.8020208064739937e6	1.1247067591528956e7
0.4321443689011934	0.4408867952542109	0.43651558207770214	136965.1861313417	6.542659620611481e6	3.9389859926053355e6	1.0972726439611774e7
0.4408867952542108	0.44980407013428864	0.44534543269424975	141531.43852120262	6.367990212686706e6	4.080517431126538e6	1.070425595970278e7
0.4498040701342887	0.45889969051196805	0.45435188032312834	146231.9399268313	6.197276716538509e6	4.22674937105337e6	1.0441540876680309e7
0.4588996905119681	0.468177223297201	0.46353845690458456	151069.76287886963	6.030442030359144e6	4.377819133932239e6	1.0184468308428945e7
0.4681772232972011	0.4776403067381387	0.4729087650176699	156048.0155740378	5.867410836027774e6	4.533867149506277e6	9.932927723189577e6
0.47764030673813856	0.4872926518478949	0.4824664792930167	161169.82754488033	5.70810904154854e6	4.6950369770511575e6	9.6868108671999e6
0.48729265184789494	0.4971380438598464	0.49221534785387067	166438.357549976	5.552464137124686e6	4.861475334601133e6	9.4460117175938e6
0.49713804385984633	0.5071803437120368	0.5021591937859415	171856.79554172902	5.400405244554015e6	5.033332130142862e6	9.21042644118954e6
0.5071803437120368	0.517423489561271	0.5123019166366539	177428.35358019793	5.25186280693289e6	5.21076048372306e6	8.979953337865397e6
0.5174234895612712	0.5278714983274901	0.5226474939443806	183156.26478932108	5.106768590644931e6	5.393916748512382e6	8.754492787606506e6
0.5278714983274901	0.5385284672690335	0.5331999827982619	189043.7829953886	4.965055697678782e6	5.5829605315077705e6	8.533947201596575e6
0.5385284672690335	0.5493985755894076	0.5439635214292206	195094.18377443537	4.826658600055423e6	5.7780547152822055e6	8.318220978392253e6
0.5493985755894077	0.5604860860761894	0.5549423308327985	201310.76445130582	4.691513127208009e6	5.979365479733511e6	8.107220462133416e6
0.5604860860761894	0.5717953467727067	0.5661407164244481	207696.85910977467	4.559556773237571e6	6.187062338843285e6	7.900853921267904e6
0.5717953467727067	0.5833307926831544	0.5775630697279306	214255.8060448629	4.430727898434471e6	6.401318144888148e6	7.699031482259792e6
0.5833307926831544	0.595096947511811	0.5892138700974827	220991.37531387413	4.304974138742518e6	6.622309520202022e6	7.501665556382892e6
0.5950969475118111	0.6070984254370408	0.601097686474426	227908.42451598312	4.1822620815807325e6	6.850217944718005e6	7.30867180407452e6
0.6070984254370407	0.619339932920775	0.6132191791789079	235013.48908441534	4.0625820238975394e6	7.08523143380242e6	7.119970319228058e6
0.619339932920775	0.631826270554184	0.6255831017374796	242313.72581394837	3.945923319150098e6	7.327545159616369e6	6.935485311017571e6
0.631826270554184	0.6445623349402613	0.6381943027472227	249809.20229581386	3.8321549727366185e6	7.5773543619121825e6	6.755137865574431e6
0.6445623349402613	0.65755312061406	0.6510577277771606	257495.10999486654	3.721091069993212e6	7.834849471907049e6	6.578842935549537e6
0.65755312061406	0.6708037220013348	0.6641784213076973	265371.92020927864	3.612647483636143e6	8.100221392116328e6	6.406515610991478e6
0.6708037220013346	0.6843193354163548	0.6775615287088448	273444.97594116995	3.5068116811406496e6	8.373666368057498e6	6.238075267531947e6
0.6843193354163548	0.6981052610996754	0.6912122982580151	281720.3979026137	3.403573916359564e6	8.655386765960112e6	6.073445474383494e6
0.6981052610996754	0.7121669052966624	0.7051360831981689	290202.86044842214	3.302900191171512e6	8.945589626408534e6	5.912552337742269e6
0.7121669052966624	0.7265097823775891	0.7193383438371257	298896.38552764815	3.204746731747288e6	9.244486011936182e6	5.755323782237751e6
0.7265097823775891	0.7411395170001344	0.7338246496888617	307804.84082710324	3.1090675458378526e6	9.552290852763286e6	5.601689313459302e6
0.7411395170001344	0.7560618463151305	0.7486006816576325	316932.0881415578	3.0158164876293447e6	9.869222940904845e6	5.451579914393857e6
0.7560618463151304	0.7712826222164265	0.7636722342657785	326282.11720029096	2.924948594743525e6	1.0195505058105135e7	5.304928025641619e6
0.7712826222164265	0.7868078136357485	0.7790452179260875	335859.1367516724	2.836420625861325e6	1.0531364194856808e7	5.161667558086294e6
0.7868078136357485	0.8026435088834569	0.7947256612596028	345667.61198155826	2.750190945886461e6	1.0877031806838365e7	5.021733898248179e6
0.8026435088834569	0.8187959180361195	0.8107197134597882	355712.3628787447	2.666219839395939e6	1.123274416971711e7	4.885063931597225e6
0.8187959180361196	0.8352713753718355	0.8270336467039776	365998.7419198081	2.5844702076764195e6	1.1598742911636919e7	4.751596105022525e6
0.8352713753718353	0.8520763418542654	0.8436738586130503	376532.8163871728	2.504907966360523e6	1.1975275728024092e7	4.621270508790508e6
0.8520763418542654	0.8692174076663441	0.8606468747603048	387321.6709655107	2.4275029295828836e6	1.2362597398989603e7	4.494029005066548e6
0.8692174076663441	0.8867012947946644	0.8779593512305043	398373.9804886138	2.3522308239541044e6	1.2760971379478216e7	4.369815465792796e6
0.8867012947946645	0.9045348596655512	0.8956180772301079	409700.7563743262	2.2790753556884215e6	1.3170672135852542e7	4.248576116593756e6
0.9045348596655511	0.9227250958338555	0.9136299777497033	421316.7450841035	2.20803264750718e6	1.3591988880936645e7	4.130260117905366e6
0.9227250958338556	0.9412791367255261	0.9320021162796909	433243.26051569835	2.139120758335251e6	1.4025232141452344e7	4.0148206641174424e6
0.9412791367255261	0.96020425843503	0.950741697580278	445513.88242836157	2.0723985180659604e6	1.4470746023880705e7	3.9022171103999326e6
0.9602042584350299	0.9795078825787238	0.9698560705068768	458187.1650082093	2.0080073049640604e6	1.4928933188888915e7	3.792419396926725e6
0.9795078825787238	0.9991975792052916	0.9893527308920077	471410.8052352501	1.9464085164212175e6	1.5400343994124165e7	3.6854259782951754e6
0.9991975792052917	1.0192810697643908	1.0092393244848412	485438.6724563734	1.8883506894608142e6	1.5885782666580537e7	3.5812788000306613e6
1.0192810697643908	1.039766230134672	1.0295236499495313	502300.82801213936	1.8408893199661141e6	1.6388083494592676e7	3.4804262388765747e6
1.039766230134672	1.0606610937123586	1.0502136619235154	526004.2396437657	1.8162272508807417e6	1.691408773423644e7	3.3839976558259497e6
1.0606610937123588	1.0819738545615993	1.071317474136979	531059.9889759555	1.7276004392147171e6	1.74451477232124e7	3.2880297848909306e6
1.0819738545615993	1.1037128706278245	1.0928433625947118	536189.7220224153	1.6433822012653358e6	1.7981337445234813e7	3.192751084002847e6
1.1037128706278245	1.1258866670153744	1.1147997688215994	554780.618825081	1.6020029202154055e6	1.85361180640599e7	3.100602902284428e6
1.1258866670153742	1.148503939330675	1.1371953031730246	559789.9766383533	1.5229673636680772e6	1.9095908040698253e7	3.0092220666297423e6
1.1485039393306753	1.171573557092282	1.1600387482114787	571171.193416431	1.464052761718337e6	1.9667079234114684e7	2.919729214748779e6
1.171573557092282	1.195104567209121	1.1833390621507016	584884.1152567195	1.4124942211265569e6	2.0251963349371403e7	2.8324405625038915e6
1.195104567209121	1.2191061975282966	1.2071053823687088	599289.2118381833	1.363581725825695e6	2.0851252561209586e7	2.7473812004462704e6
1.2191061975282966	1.2435878604538557	1.2313470289910762	614008.2003662243	1.3162796093082633e6	2.146526076157581e7	2.6645148044111663e6
1.243587860453856	1.2685591566379264	1.2560735085458912	628978.4077894378	1.2703996661993554e6	2.209423916936525e7	2.583796277746425e6
1.268559156637926	1.2940298787456777	1.2812945176918018	644191.4274511839	1.2258902254189015e6	2.273843059681643e7	2.505180165859215e6
1.2940298787456779	1.3200100152955847	1.3070199470206312	659645.8848858037	1.1827169846453536e6	2.3398076481702235e7	2.4286216818254357e6
1.3200100152955847	1.3465097545764897	1.3332598849360373	675340.9954611962	1.140847846110028e6	2.407341747716343e7	2.35407679446899e6
1.3465097545764895	1.3735394886430126	1.360024621609751	691275.8605723318	1.100251369796495e6	2.476469333773576e7	2.2815022218082184e6
1.3735394886430126	1.401109817390866	1.3873246530169392	707449.4369543694	1.0608966936764512e6	2.547214277469013e7	2.210855420297066e6
1.401109817390866	1.4292315527136765	1.4151706850522712	723860.4956271293	1.0227534591670102e6	2.6196003270317256e7	2.1420945704071987e6
1.4292315527136763	1.457915722742943	1.4435736377283095	740507.6359353418	985791.8313109796	2.6936510906252597e7	2.075178564244825e6
1.4579157227429431	1.487173576172795	1.4725446494578691	757389.2900528252	949982.4988477824	2.769390019630542e7	2.0100669939188873e6
1.487173576172795	1.5170165866712442	1.5020950814220195	774503.7072282326	915296.648016882	2.8468403903533652e7	1.9467201390958524e6
1.5170165866712444	1.5474564573796623	1.5322365220254532	791848.9561607067	881705.963096244	2.9260252859694365e7	1.8850989553343048e6
1.5474564573796623	1.5785051255022486	1.5629807914409555	809422.9345881715	849182.632847132	3.0069675794282537e7	1.825165063494671e6
1.5785051255022486	1.6101747669872868	1.5943399462447676	827223.3665164049	817699.3408413331	3.089689916079894e7	1.7668807392280654e6
1.6101747669872866	1.6424778013020254	1.626326284144656	845247.7979865002	787229.2556118427	3.174214695878544e7	1.7102089025285458e6
1.6424778013020256	1.6754268963030592	1.6589523488025424	863493.5986125974	757746.0273768157	3.260564055739804e7	1.6551131077244272e6
1.6754268963030592	1.7090349732041135	1.6922309347535864	881957.9712865355	729223.7910396773	3.3487598528684575e7	1.6015575342453136e6
1.709034973204113	1.7433152116431883	1.7261750924236505	900637.933869518	701637.1446992399	3.438823646255409e7	1.5495069767024028e6
1.7433152116431885	1.7782810548510453	1.7607981332471168	919530.3357193376	674961.1592236018	3.530776679827343e7	1.4989268361178557e6
1.7782810548510457	1.8139462149230596	1.7961136348870528	938631.8655729322	649171.377436865	3.624639866384636e7	1.449783111634927e6
1.8139462149230594	1.8503246781965137	1.8321354465597866	957939.0371145846	624243.7973363354	3.720433770096094e7	1.4020423917566699e6
1.8503246781965135	1.8874307107354367	1.868877694465975	977448.1949871811	600154.8718174832	3.818178589594812e7	1.3556718460945229e6
1.887430710735437	1.9252788639251386	1.9063547873302877	997155.5297885325	576881.5124633915	3.917894142573665e7	1.3106392178315162e6
1.9252788639251386	1.9638839801786343	1.9445814220518864	1.0170570718066989e6	554401.0790569526	4.019599849754335e7	1.266912816032387e6
1.9638839801786343	2.0032611987571998	1.983572589467917	1.0371486922607783e6	532691.3748459007	4.123314718980413e7	1.2244615081415102e6
2.0032611987571998	2.0434259617073365	2.023343580232268	1.0574261118121548e6	511730.6455505276	4.229057330161628e7	1.1832547128735366e6
2.0434259617073365	2.084394019916476	2.063909990811906	1.0778848975047045e6	491497.5720772539	4.336845819912098e7	1.143262393109472e6
2.084394019916476	2.1261814392897986	2.1052877296031376	1.098520474392626e6	471971.27057541814	4.446697867351363e7	1.1044550492218474e6
2.126181439289799	2.1688046070505878	2.1474930231701936	1.119328134321541e6	453131.2900002245	4.558630680783517e7	1.0668037126593734e6
2.1688046070505878	2.2122802381665925	2.19054242260859	1.1403030224610802e6	434957.6005260399	4.672660983029625e7	1.0302799392466202e6
2.212280238166592	2.2566253819049167	2.234452810035754	1.1614401515244513e6	417430.5943395501	4.78880499818207e7	994855.8029303594
2.256625381904917	2.3018574285180082	2.2792414052114625	1.182734422308477e6	400531.08708173444	4.907078440412918e7	960503.8899836779
2.3018574285180082	2.347994116063361	2.3249257722906846	1.2041806046262975e6	384240.30471175123	5.0274965008755475e7	927197.292798269
2.347994116063361	2.395053537359621	2.371523826711491	1.2257733534687608e6	368539.88379814307	5.1500738362224236e7	894909.6040643895
2.395053537359621	2.4430541470818063	2.4190538422207135	1.2475072111455435e6	353411.8664489397	5.274824557336978e7	863614.9110057543
2.4430541470818063	2.4920147689984353	2.467534458040121	1.2693766214742751e6	338838.6987137691	5.401762219484405e7	833287.7898664131
2.4920147689984353	2.5419546033533966	2.516984686175916	1.2913759279717554e6	324803.22405119316	5.530899812281581e7	803903.3003494364
2.5419546033533966	2.5928932343954574	2.567423918874427	1.3134993714191404e6	311288.67730902147	5.662249749423495e7	775436.9800394739
2.5928932343954574	2.6448506380583594	2.6188719362269084	1.3357411233782028e6	298278.68731227145	5.795823861761315e7	747864.8393071477
2.644850638058359	2.6978471897945187	2.6713489139264386	1.3580952720749995e6	285757.267101163	5.931633388968815e7	721163.3559533784
2.697847189794519	2.751903672565402	2.7248754311799606	1.3805558253029038e6	273708.80914313236	6.0696889714991055e7	695309.4698957889
2.7519036725654016	2.807041284991702	2.779472478778552	1.4031167176322772e6	262118.0814618047	6.2100006432623334e7	670280.5779474135
2.8070412849917026	2.863281649666529	2.835161467329116	1.425771837844847e6	250970.22712457433	6.352577827046818e7	646054.5288760744
2.8632816496665288	2.920646821634852	2.8919642356506903	1.4485150251601771e6	240250.75714517946	6.4974293295628354e7	622609.6183474334
2.920646821634852	2.9791592970425413	2.9499030593386966	1.4713400548951637e6	229945.54239007205	6.644563335052352e7	599924.5837005983
2.979159297042542	3.038842021958385	3.0090006595004635	1.4942406592877333e6	220040.81175670607	6.793987400981125e7	577978.598928054
3.038842021958385	3.099718401372545	3.069280211665465	1.517210553625335e6	210523.15015775547	6.945708456343658e7	556751.2698365867
3.099718401372545	3.1618123083749885	3.130765354873767	1.5402434245456734e6	201379.49054215752	7.099732798798226e7	536222.6290339755
3.161812308374988	3.2251480935174803	3.193480200946234	1.5633329289144753e6	192597.1081092712	7.256066091689673e7	516373.1308779851
3.2251480935174803	3.2897505943628222	3.2574493439401513	1.586472711126094e6	184163.6169182835	7.414713362802282e7	497183.64652795193
3.2897505943628227	3.3556451452250715	3.322697869793947	1.609656411358606e6	176066.9649608491	7.575679003938143e7	478635.4590040217
3.355645145225072	3.422857587104566	3.389251366164819	1.6328776701013583e6	168295.42874164722	7.738966770948279e7	460710.2582249387
3.422857587104566	3.4914142778216495	3.4571359324631077	1.6561301335508968e6	160837.60798166489	7.904579784303369e7	443390.13603249943
3.491414277821649	3.5613421023530742	3.5263781900873616	1.6794074572935284e6	153682.42015866155	8.072520530032721e7	426657.58119382575
3.5613421023530742	3.632668483375128	3.597005292864101	1.7027033247674408e6	146819.0963638456	8.242790862509465e7	410495.474458553
3.6326684833751277	3.7054213920176227	3.669044937696375	1.7260114368791024e6	140237.1743994298	8.415392006197375e7	394887.08350820513
3.705421392017622	3.779629358832967	3.7425253754252945	1.7493255206101416e6	133926.49380303003	8.590324558258389e7	379816.05791508313
3.7796293588329672	3.8553214849846187	3.817475421908793	1.7726393487174516e6	127877.1915432854	8.767588493130134e7	365266.424148696
3.855321484984619	3.932527453659304	3.8939244693219615	1.7959467365463255e6	122079.69577267236	8.947183166784766e7	351222.5805146048
3.9325274536593033	4.011277541707481	3.9719024976833923	1.8192415469399178e6	116524.7203239148	9.12910732147876e7	337669.2920723575
4.011277541707481	4.091602631516623	4.051440086612052	1.8425176994194728e6	111203.25946362388	9.313359091420707e7	324591.6855484106
4.091602631516623	4.173534223121948	4.132568427319285	1.865769168830478e6	106106.5819552783	9.499936008303756e7	311975.2442042861
4.173534223121948	4.257104446559379	4.215319334840663	1.8889899922011006e6	101226.2256955997	9.688835007523866e7	299805.80269550224
4.257104446559379	4.342346074465558	4.299725260512469	1.9121742867672779e6	96553.99286949784	9.880052436200593e7	288069.54195160547
4.342346074465559	4.429292534929862	4.38581930469771	1.9353162363225387e6	92081.94336690316	1.0073584059832847e8	276752.98397557315
4.4292925349298615	4.517977924603451	4.473635229766656	1.9584101042375683e6	87802.38973474708	1.0269425070256604e8	265842.9866557518
4.51797792460345	4.608437022070511	4.5632074733369805	1.9814502456700495e6	83707.89195665673	1.046757009482361e8	255326.7385795173
4.608437022070511	4.700705301486913	4.654571161778712	2.0044310951545322e6	79791.25115712889	1.0668013204339063e8	245191.75378632869
4.700705301486913	4.794818946491643	4.747762123989277	2.0273471821618227e6	76045.5046234187	1.0870747922555245e8	235425.8665396334
4.794818946491643	4.890814864396467	4.842816905444055	2.0501931363333208e6	72463.9203208909	1.1075767236188577e8	226017.22608716198
4.890814864396468	4.988730700659389	4.939772782527928	2.0729636896826713e6	69039.99132666756	1.1283063605156845e8	216954.29140544927
4.988730700659389	5.088604853647568	5.038667777153478	2.0956536614702882e6	65767.42977835894	1.1492628971303874e8	208225.82590138132
5.088604853647569	5.190476489695512	5.13954067167154	2.118257988447126e6	62640.16240917103	1.1704454770148587e8	199820.89216472686
5.190476489695511	5.294385558464413	5.242431024079962	2.1407717235029275e6	59652.3249433644	1.191853194249888e8	191728.84670280415
5.294385558464413	5.400372808608692	5.347379183536552	2.163190023539301e6	56798.25631566399	1.2134850944852811e8	183939.3346480461
5.400372808608693	5.508479803755858	5.454426306182276	2.1855081567844115e6	54072.49356755212	1.235340176053125e8	176442.28447901038
5.508479803755859	5.618748938805967	5.563614371280913	2.2077215143457307e6	51469.766844851554	1.2574173911965823e8	169227.9027598032
5.618748938805966	5.731223456557077	5.6749861976815215	2.229825610174172e6	48984.99412051519	1.2797156472983241e8	162286.66888089656
5.7312234565570765	5.845947464663209	5.788585460610143	2.251816075978237e6	46613.275898089254	1.3022338080581065e8	155609.32980005242
5.845947464663211	5.962965952931467	5.904456708797339	2.273688660597489e6	44349.89012092829	1.3249706946640813e8	149186.89479513772
5.962965952931466	6.082324810965086	6.022645381948276	2.2954392441314785e6	42190.287432166886	1.347925087105396e8	143010.63024830606
6.082324810965086	6.204070846159379	6.143197828562233	2.3170638317121696e6	40130.08606657761	1.3710957254225177e8	137072.0544383997
6.20407084615938	6.328251802057558	6.266161324108468	2.338558555122203e6	38165.06699540401	1.3944813109737396e8	131362.93235562617
6.328251802057558	6.4549163770737	6.3915840895656295	2.359919676920603e6	36291.169181633544	1.4180805077429456e8	125875.27054351676
6.454916377073701	6.584114243590166	6.519515310331934	2.3811435840424565e6	34504.48474317052	1.4418919435833701e8	120601.31196120323
6.584114243590165	6.71589606743696	6.650005155513563	2.4022267904447285e6	32801.25435735541	1.4659142114878175e8	115533.5308786993
6.715896067436961	6.850313527760691	6.783104797598826	2.423165947397142e6	31177.862832385403	1.490145870961789e8	110664.62781284365
6.85031352776069	6.987419337290895	6.9188664325257925	2.443957826307453e6	29630.834383541092	1.5145854492248634e8	105987.5244844543
6.987419337290895	7.127267263011704	7.057343300151299	2.464599408733425e6	28156.829296953594	1.5392314433121976e8	101495.35887548784
7.127267263011705	7.269912147246929	7.198589705129317	2.4850855305949757e6	26752.613987939854	1.5640822986181474e8	97181.47884479802
7.269912147246929	7.4154099291668585	7.342661038206893	2.505431960267941e6	25415.2979759687	1.5891366182208267e8	93039.44979099631
7.415409929166858	7.5638176667251855	7.489613797946022	2.525287564822278e6	24138.56087027093	1.6143894938690495e8	89062.84411453624
7.5638176667251855	7.71519355903468	7.639505612879933	2.5460318971480764e6	22932.560183903424	1.6398498128405303e8	85246.19180743535
7.715193559034678	7.869596969190362	7.79239526411252	2.538546848701764e6	21545.782634094947	1.665235281327548e8	81569.82320942519
7.869596969190363	8.027088447549161	7.948342708369762	2.5304104158344828e6	20237.49085340414	1.690539385485893e8	78030.1674549666
8.027088447549161	8.187729755475134	8.107409101512147	2.5630724357055956e6	19315.920080397012	1.716170109842949e8	74641.64888876748
8.187729755475134	8.351583889559627	8.26965682251738	2.5956104421808505e6	18432.449915622994	1.7421262142647573e8	71397.73965761276
8.351583889559627	8.51871510632581	8.435149497942719	2.6175435992038012e6	17515.668182734375	1.7683016502567953e8	68288.16773314108
8.51871510632581	8.689188947427317	8.603952026876563	2.6405778373253406e6	16650.266734846595	1.7947074286300486e8	65308.14191597582
8.689188947427317	8.863072265350853	8.776130606389085	2.6620932245668117e6	15817.400633943018	1.8213283608757168e8	62452.06023497651
8.863072265350853	9.04043324963286	8.951752757491857	2.6827151561132804e6	15020.218289260214	1.8481555124368495e8	59714.82597157908
9.04043324963286	9.221341453600507	9.130887351616684	2.7026429129654714e6	14258.714259057668	1.8751819415665042e8	57091.63646863288
9.221341453600507	9.405867821647508	9.313604637624007	2.7220847455485957e6	13532.671555461411	1.9024027890219903e8	54577.953932160664
9.405867821647508	9.594084717055448	9.499976269351478	2.7411462094771406e6	12841.166720439953	1.9298142511167616e8	52169.44935982853
9.594084717055447	9.786065950371546	9.690075333713496	2.759885628297132e6	12182.99121960876	1.9574131073997328e8	49861.974025797856
9.786065950371546	9.981886808353966	9.883976379362757	2.778336865883084e6	11556.823630027713	1.9851964760585636e8	47651.54254934046
9.981886808353966	10.181624083496034	10.081755445925001	2.796521512904992e6	10961.314981089941	2.0131616911876136e8	45534.32186647535
10.181624083496034	10.385356104140945	10.28349009381849	2.8144546442770227e6	10395.127603872788	2.041306237630384e8	43506.62308081089
10.385356104140945	10.593162765198754	10.48925943466985	2.8321473266471857e6	9856.952285401405	2.069627710896856e8	41564.89477534512
10.593162765198754	10.805125559477718	10.699144162338236	2.849607964711916e6	9345.51702446098	2.098123790543975e8	39705.717216182
10.805125559477718	11.021327609642261	10.91322658455999	2.8668430525893383e6	8859.591491674997	2.1267922210698682e8	37925.79714873922
11.021327609642261	11.241853700810095	11.131590655226178	2.883857731759454e6	8397.989537573287	2.1556307983874628e8	36221.963039562965
11.241853700810095	11.466790313801287	11.35432200730569	2.9006561493333667e6	7959.570201243985	2.1846373598807964e8	34591.16065146796
11.466790313801285	11.696225659052299	11.581507986426793	2.917241715135838e6	7543.2378644584	2.2138097770321548e8	33030.44888342058
11.6962256590523	11.930249711208337	11.813237685130318	2.9336172856323784e6	7147.941832191765	2.2431459498884785e8	31536.995826755374
11.930249711208337	12.168954244407493	12.049601977807914	2.9497852948798314e6	6772.675531619464	2.2726438028372768e8	30108.075003196995
12.168954244407491	12.41243286827063	12.290693556339061	2.9657478580786684e6	6416.4754850598165	2.3023012814180633e8	28741.061761124674
12.41243286827063	12.660781064611031	12.53660696644083	2.98150686129718e6	6078.420143850387	2.3321163500310352e8	27433.429812899165
12.66078106461103	12.914096224878238	12.787438644744633	2.99706400412585e6	5757.628556956499	2.362086990072294e8	26182.747895552813
12.91409622487824	13.172477688350792	13.043286956614516	3.012420853433798e6	5453.259036705938	2.3922111986066318e8	24986.67654753659
13.172477688350792	13.436026781092796	13.304252234721794	3.0275788752409234e6	5164.507768533488	2.422486987359041e8	23842.96499157692
13.436026781092798	13.704846855689642	13.570436818391219	3.0425394622978275e6	4890.607419107515	2.4529123819820192e8	22749.448117406533
13.70484685568964	13.97904333177842	13.84194509373403	3.057303952405344e6	4630.825744837751	2.4834854215060726e8	21704.043558611098
13.979043331778422	14.258723737388978	14.1188835345837	3.071873655026948e6	4384.464236663821	2.5142041580563426e8	20704.748860237036
14.258723737388976	14.543997751111744	14.401360744250361	3.086249858252744e6	4150.856762097519	2.54506665663887e8	19749.63873174942
14.543997751111744	14.834977245108966	14.689487498110356	3.1004338268354204e6	3929.3682323209637	2.5760709949072242e8	18836.862381845538
14.834977245108968	15.131776328986135	14.98337678704755	3.1144268405301683e6	3719.3933587330484	2.6072152633125257e8	17964.640935547846
15.131776328986136	15.434511394540847	15.283143861763492	3.1282301720785014e6	3520.3553661650676	2.6384975650333107e8	17131.264926315074
15.434511394540843	15.743301161406647	15.588906277973745	3.1418451058983416e6	3331.7048005187885	2.6699160160922942e8	16335.0918642781
15.743301161406647	16.058266723609766	15.900783942508205	3.155272940628104e6	3152.918354351107	2.701468745498575e8	15574.54387723136
16.05826672360977	16.37953159705695	16.218899160333358	3.1685149891103874e6	2983.4977306643855	2.733153895389679e8	14848.105422374987
16.37953159705695	16.707221767973074	16.54337668251501	3.181572584203092e6	2822.968552826495	2.76496962123171e8	14154.32106737563
16.707221767973074	17.041465742307523	16.8743437551403	3.194447074848548e6	2670.8793047551817	2.796914091980195e8	13491.793338482308
17.041465742307526	17.382394596128663	17.211930169218093	3.2071398328319876e6	2526.800320294318	2.828985490308515e8	12859.180634656615
17.382394596128663	17.730142027026222	17.55626831157744	3.219652254522911e6	2390.322805588718	2.861182012853744e8	12255.195205802916
17.730142027026222	18.084844406541734	17.907493216783976	3.2319857542135827e6	2261.0578930473916	2.89350187039588e8	11678.60119321362
18.08484440654173	18.44664083364755	18.265742620094642	3.244141770132384e6	2138.635742270898	2.9259432880972034e8	11128.212731341253
18.446640833647553	18.81567318929549	18.631157011471522	3.2561217615073193e6	2022.7046697960948	2.9585045057122767e8	10602.892109013357
18.81567318929549	19.192086192056387	19.003879690675937	3.267927205841183e6	1912.9303145494368	2.9911837777706885e8	10101.547988713442
19.192086192056387	19.5760274548725	19.38405682346444	3.2795596060871216e6	1808.994843141907	3.0239793738315606e8	9623.133682868887
19.5760274548725	19.967647542944935	19.771837498908717	3.291020484010107e6	1710.5961793398149	3.0568895786716616e8	9166.645485245004
19.967647542944935	20.36710003277882	20.167373787861877	3.3023113794838395e6	1617.4472695466295	3.0899126924665e8	8731.121056336873
20.367100032778815	20.774541572409376	20.570820802594096	3.3134338506245483e6	1529.2753794894538	3.1230470309727454e8	8315.637861437714
20.77454157240938	21.19013194283255	20.982336757620963	3.324389474109911e6	1445.8214206405028	3.1562909257138443e8	7919.311660054301
21.19013194283255	21.614034120664186	21.40208303174837	3.3351798436327544e6	1366.8393045093565	3.189642724150172e8	7541.295045309504
21.61403412066419	22.046414342052458	21.830224231358322	3.345806566429221e6	1292.0953241164273	3.223100789814464e8	7180.776032010769
22.046414342052458	22.48744216786849	22.266928254960476	3.3562712616294967e6	1221.3675632948718	3.256663502430759e8	6836.976692177486
22.48744216786849	22.937290550200846	22.712366359034668	3.366575673439837e6	1154.4453712593731	3.2903292591651577e8	6509.1518390496685
22.937290550200842	23.396135900179843	23.166713225190342	3.37672113991591e6	1091.128640236966	3.3240964705643165e8	6196.587745415278
23.396135900179846	23.86415815715843	23.630147028669136	3.386718827013496e6	1031.2304462131128	3.3579636588344514e8	5898.601088288513
23.86415815715842	24.341540859276574	24.102849508217496	3.3965889546163087e6	974.5754686572185	3.3919295483806145e8	5614.537863365276
24.341540859276574	24.828471215437087	24.58500603735683	3.4068921661422336e6	921.1425377086272	3.425998470042037e8	5343.780585566165
24.82847121543709	25.325140178720815	25.076805697078953	3.417227823934269e6	870.6396096668085	3.4601707482813793e8	5085.73055494198
25.32514017872082	25.83174252127022	25.57844134999552	3.426837319250868e6	822.7238364922143	3.494439121473888e8	4839.803841500661
25.831742521270215	26.348476910670602	26.090109715970407	3.4361321819050554e6	777.367939446481	3.5288004432929385e8	4605.448637251558
26.348476910670605	26.875545987859	26.612011449264802	3.4452117421537056e6	734.4613016119129	3.563252560714476e8	4382.13859472028
26.875545987858995	27.413156446591156	27.144351217225076	3.454126684623073e6	693.8850982533125	3.597793827560707e8	4169.37088401765
27.41315644659116	27.961519114497964	27.68733778054456	3.462893342484246e6	655.5182338432375	3.632422760985549e8	3966.664704546596
27.961519114497964	28.520849035762904	28.241184075130434	3.4715172522817007e6	619.2434368364057	3.6671379335083663e8	3773.560234208026
28.52084903576291	29.09136555545315	28.80610729560803	3.480001040043202e6	584.9489174766801	3.701937943908798e8	3589.617734899375
29.091365555453145	29.67329240553719	29.382328980495167	3.4883466174921943e6	552.5285733348601	3.73682141008372e8	3414.4167215076773
29.67329240553719	30.266857792622915	29.970075099080052	3.4965557418613425e6	521.8818175508783	3.7717869675023335e8	3247.555168966334
30.266857792622922	30.87229448745036	30.56957614003664	3.504630137678317e6	492.91332420254236	3.806833268879117e8	3088.648750396999
30.872294487450354	31.48983991617434	31.181067201812347	3.512571520556276e6	465.53276680567836	3.8419589840846795e8	2937.3301041450954
31.489839916174343	32.11973625347281	31.804788084823578	3.5203816024644407e6	439.65456590282525	3.877162800109324e8	2793.248128564626
32.11973625347281	32.762230517517246	32.44098338549503	3.528062089384737e6	415.1976476547824	3.912443421003171e8	2656.067303584567
32.762230517517246	33.41757466684257	33.08990259217991	3.5356146792569757e6	392.0852141908569	3.947799567795741e8	2525.467038188509
33.41757466684257	34.0860256991544	33.75180018299848	3.543041021031585e6	370.24452107718406	3.9832299780060565e8	2401.14104272182
34.086025699154405	34.76784575211247	34.42693572563344	3.5503426353318896e6	349.606663084554	4.018733404359375e8	2282.796725071444
34.767845752112464	35.46330220612969	35.11557397912108	3.557516693408787e6	330.10598825838684	4.054308571293463e8	2170.1545878982256
35.4633022061297	36.17266778922727	35.81798499767848	3.5645131361242244e6	311.67627626560795	4.0899537026547056e8	2062.9474402059827
36.17266778922727	36.89622068398679	36.53444423660703	3.571146952965863e6	294.2445090160341	4.125665172184365e8	1960.9192950691106
36.8962206839868	37.63424463664151	37.265232660314155	3.577035851293634e6	277.7289184659446	4.161435530697301e8	1863.8242183564096
37.634244636641505	38.387029068349314	38.01063685249541	3.581851504045141e6	262.0611226325904	4.1972540457377523e8	1771.4265208058787
38.387029068349314	39.15486918869128	38.7709491285203	3.5869848609246598e6	247.2986916501653	4.233123894346999e8	1683.5074323817269
39.15486918869128	39.93806611144008	39.54646765006568	3.59327021162266e6	233.44224471457912	4.2690565964632255e8	1599.860840839556
39.93806611144008	40.73692697264386	40.33749654204197	3.5994511243456383e6	220.3551452915702	4.305051107706682e8	1520.2846438248612
40.736926972643865	41.55176505107172	41.14434601185779	3.6072758604187476e6	208.09596242010952	4.3411238663108695e8	1444.5917777741788
41.55176505107172	42.38289989106813	41.96733247106992	3.620248865482775e6	196.79775920141236	4.377326354965697e8	1372.6136473393929
42.38289989106812	43.23065742786446	42.80677865946629	3.4342676315032416e6	175.9192337220718	4.411669031280729e8	1303.5833178955957
43.23065742786446	44.09537011539672	43.66301377163059	5.194252495931803e6	250.72621805011025	4.463611556240047e8	1242.8502595573316
