-0.0	9.953897499377266e-5	4.976948749688633e-5	0.12895158124682146	3.1214657200030445e10	0.12895158124682146	3.1214657200030445e10
9.953897499377264e-5	0.0002010687294874207	0.00015030385224059668	0.7401652467817443	2.47387413796702e10	0.8691168280285658	2.552442389142651e10
0.00020106872948742055	0.0003046290790709416	0.00025284890427918107	1.8708375582482226	2.2175912131811802e10	2.7399543862767883	2.313879033789118e10
0.0003046290790709413	0.0004102606356461327	0.000357444857358537	3.521102746259811	2.0611418112803715e10	6.2610571325366	2.164609258791891e10
0.000410260635646133	0.0005180048233528283	0.00046413272949948065	5.818260902793544	1.9859080251540806e10	12.079318035330143	2.074686092282951e10
0.0005180048233528285	0.0006279038948136576	0.000572954359083243	8.889170154914304	1.9547345232798367e10	20.968488190244447	2.022083005556657e10
0.000627903894813658	0.0007400009477037037	0.0006839524212586809	12.279393076080794	1.8593021968508682e10	33.24788126632524	1.95874787296889e10
0.0007400009477037037	0.0008543399416515503	0.000797170444677627	16.87314072356154	1.8447835425697136e10	50.12102198988678	1.9188418255214035e10
0.0008543399416515499	0.0009709657154783534	0.0009126528285649516	22.02657450816699	1.801941811234402e10	72.14759649805377	1.8815751657184277e10
0.0009709657154783537	0.0010899240047816932	0.0010304448601300233	28.062976880899953	1.766028015634733e10	100.21057337895373	1.847720531522491e10
0.0010899240047816928	0.001211261459871099	0.001150592732326396	34.974887832342574	1.731035733131378e10	135.18546121129629	1.8160494954219193e10
0.0012112614598710993	0.0013350256640622935	0.0012731435619666963	42.411691922770274	1.6810632295289722e10	177.59715313406656	1.7818803843829327e10
0.0013350256640622929	0.0014612651523373112	0.001398145408199802	51.020985978220345	1.6441601996640003e10	228.6181391122869	1.749181975464245e10
0.0014612651523373112	0.0015900294303778297	0.0015256472913575704	60.7522222501124	1.6120959898352081e10	289.3703613623993	1.71850163096484e10
0.0015900294303778312	0.00172136899397916	0.0016556992121784958	71.39813899935885	1.5772149996017534e10	360.76850036175813	1.6885661302615189e10
0.0017213689939791588	0.0018553353488525142	0.0017883521714158364	82.35205893099067	1.5288318499971174e10	443.1205592927488	1.6564030967923954e10
0.001855335348852515	0.0019919810308233377	0.0019236581898379264	94.08934179208498	1.4801177422220383e10	537.2099010848337	1.6225564074912382e10
0.0019919810308233377	0.0021313596264335767	0.002061670328628457	106.71428249690297	1.4328897715881165e10	643.9241835817368	1.5877273362552612e10
0.0021313596264335767	0.0022735257939560205	0.0022024427101947986	119.96713156376384	1.3838727112762398e10	763.8913151455006	1.5518270069952824e10
0.00227352579395602	0.0024185352848289125	0.0023460305393924663	133.97649649342213	1.3354165503170565e10	897.8678116389227	1.515187956436671e10
0.002418535284828912	0.0025664449655192624	0.0024924901251740872	148.52708266065014	1.2858931010120378e10	1046.3948942995728	1.4777845963078426e10
0.002566444965519263	0.0027173128398234204	0.0026418789026713416	162.97679089118313	1.2313323943447733e10	1209.371685190756	1.4389717379324413e10
0.0027173128398234204	0.002871198071613661	0.002794255455718541	179.84376667783454	1.1908213609380474e10	1389.2154518685904	1.4011722738398561e10
0.002871198071613661	0.003028161008039706	0.0029496795398266835	196.8700446204476	1.1468867080567244e10	1586.085496489038	1.3636442815539415e10
0.003028161008039706	0.0031882632031942724	0.003108212105616989	215.0441169426757	1.1061221968931322e10	1801.1296134317136	1.3267645434939333e10
0.0031882632031942715	0.003351567442251929	0.0032699153227231	233.9609072255568	1.0660380467557718e10	2035.0905206572704	1.2904798663635965e10
0.0033515674422519306	0.0035181377660907414	0.0034348526041713357	253.419939274178	1.0259636539204962e10	2288.5104599314486	1.2546591747032402e10
0.003518137766090741	0.0036880394964063277	0.0036030886312485343	274.43022507444095	9.899059165834782e9	2562.9406850058895	1.2197287363615986e10
0.0036880394964063277	0.003861339261328226	0.003774689378867277	296.433426751778	9.551698836122046e9	2859.3741117576674	1.1856827155407928e10
0.0038613392613282265	0.004038105021548563	0.003949722141438395	319.79983771026497	9.227087914272728e9	3179.1739494679323	1.1526377860905123e10
0.004038105021548562	0.0042184060969733045	0.0041282555592609335	343.72192779599004	8.900140854162687e9	3522.8958772639226	1.1203817862391733e10
0.004218406096973306	0.004402313193906544	0.004310359645439925	369.35053869780984	8.6007730836486e9	3892.2464159617325	1.0891028865117218e10
0.004402313193906543	0.004589898432778446	0.004496105813342494	396.40615221495494	8.317557671106308e9	4288.652568176687	1.058822177402231e10
0.004589898432778446	0.0047812353764277865	0.004685566904603117	425.06464226850443	8.051219220357059e9	4713.717210445191	1.0295668305426708e10
0.0047812353764277865	0.004976399058950114	0.004878817217688951	454.23927738133614	7.780165078613536e9	5167.956487826527	1.0011165506056564e10
0.004976399058950114	0.005175466015122888	0.005075932537036501	485.762499609859	7.535769432612174e9	5653.718987436387	9.736373504428804e9
0.005175466015122887	0.005378514310419117	0.005276990162771002	518.7036147655523	7.299345383987627e9	6172.422602201939	9.470655913364508e9
0.005378514310419117	0.005585623571621271	0.005482068941020194	552.8919140511431	7.067897088740026e9	6725.314516253083	9.213168146857494e9
0.005585623571621272	0.005796875018047469	0.00569124929483437	589.2968445615077	6.852664666339251e9	7314.611360814591	8.964391929389135e9
0.005796875018047468	0.006012351493402189	0.005904613255724828	627.4647145894966	6.6458184438114805e9	7942.0760754040875	8.723933500889248e9
0.006012351493402189	0.006232137498264004	0.006122244495833097	666.4318119573426	6.43691600665938e9	8608.50788736143	8.49040081431793e9
0.006232137498264004	0.006456319223223056	0.00634422836074353	708.2400477014457	6.245505682563954e9	9316.747935062875	8.264579289503957e9
0.006456319223223056	0.006684984582681288	0.006570651902952172	751.547338379468	6.057387396053253e9	10068.295273442343	8.045742041521205e9
0.0066849845826812875	0.006918223249328685	0.006801603916004986	797.6539771088217	5.882187847888835e9	10865.949250551164	7.834212466602917e9
0.006918223249328684	0.007156126689309029	0.007037174969318856	842.4773195992534	5.689964712446306e9	11708.426570150417	7.627388464339427e9
0.00715612668930903	0.007398788198088982	0.007277457443699006	892.9125921361976	5.528389125228512e9	12601.339162286615	7.427562346703215e9
0.007398788198088982	0.007646302937044533	0.007522545567566758	946.1223537846879	5.3748647539044e9	13547.461516071302	7.23460486349915e9
0.007646302937044532	0.007898767970779194	0.0077725354539118635	1003.4556783570918	5.23508199359015e9	14550.917194428393	7.048937998695268e9
0.007898767970779196	0.00815628230518855	0.008027525137983873	1058.035521051298	5.073274785933033e9	15608.952715479692	6.867654022174557e9
0.008156282305188549	0.008418946926286091	0.008287614615737321	1119.1764713194557	4.936187857254356e9	16728.12918679915	6.692454840946757e9
0.008418946926286091	0.008686864839805583	0.008552905883045837	1185.3674389245737	4.812585741382973e9	17913.496625723725	6.523828925543123e9
0.008686864839805583	0.008960141111595467	0.008823502975700524	1248.5127105914814	4.669435628565228e9	19162.009336315205	6.359279160380437e9
0.008960141111595465	0.009238882908821145	0.009099512010208305	1321.0072554165645	4.554315142655493e9	20483.016591731768	6.200788500285368e9
0.009238882908821145	0.009523199541991339	0.009381041225406242	1390.6019664910973	4.422373066669565e9	21873.618558222865	6.046212018203916e9
0.009523199541991342	0.00981320250782494	0.009668201024908141	1469.56144808286	4.313715927862599e9	23343.180006305724	5.897108607211017e9
0.009813202507824938	0.010109005532975208	0.009961104020400072	1546.1670827748326	4.1917665100357814e9	24889.347089080555	5.751744581959738e9
0.010109005532975208	0.010410724618628483	0.010259865075801846	1630.4267845809934	4.084830665008169e9	26519.773873661547	5.610974964525366e9
0.010410724618628481	0.010718478085994822	0.010564601352311652	1717.2646171156039	3.97820780076159e9	28237.03849077715	5.4743323911502905e9
0.01071847808599482	0.011032386622708487	0.010875432354351653	1807.181844590271	3.8731618960791554e9	30044.220335367423	5.341508330047492e9
0.011032386622708489	0.01135257333015643	0.01119247997643246	1900.7275766001358	3.7707213867552366e9	31944.94791196756	5.212314683262399e9
0.01135257333015643	0.011679163771753329	0.01151586855095488	1997.5664549769892	3.66999436254327e9	33942.514366944546	5.086512967212999e9
0.011679163771753329	0.012012286022182166	0.011845724896967749	2094.621526826875	3.5656618275846815e9	36037.135893771425	4.96346157960707e9
0.012012286022182165	0.012352070717619578	0.012182178369900872	2193.8420181586253	3.4618927562714767e9	38230.97791193005	4.842922168555716e9
0.01235207071761958	0.012698651106965742	0.01252536091229266	2304.328224239608	3.3722695712837863e9	40535.30613616966	4.72576448753597e9
0.01269865110696574	0.013052163104098825	0.012875407105532283	2421.626908654844	3.2880922317731133e9	42956.9330448245	4.612083706569737e9
0.013052163104098825	0.013412745341174571	0.013232454222636698	2544.641333615715	3.207042468083727e9	45501.574378440215	4.501785286604903e9
0.013412745341174571	0.013780539222991833	0.013596642282083203	2673.915641542174	3.1292734300594215e9	48175.49001998239	4.394797783997889e9
0.013780539222991831	0.014155688982445437	0.013968114102718634	2810.097753304768	3.05495796078602e9	50985.58777328716	4.291071832892972e9
0.01415568898244544	0.01453834173708812	0.01434701535976678	2953.974178650929	2.984304378232067e9	53939.561951938085	4.190580487723624e9
0.014538341737088116	0.014928647546823649	0.014733494641955882	3106.303105273426	2.9173733715335655e9	57045.865057211515	4.0933055705302234e9
0.014928647546823649	0.01532675947275389	0.01512770350978877	3269.37450393579	2.855476217284687e9	60315.239561147304	3.999331667230197e9
0.015326759472753894	0.01573283363720274	0.015529796554978317	3441.1843605466065	2.7959953211328125e9	63756.42392169391	3.9085393554647846e9
0.01573283363720274	0.016147029284940564	0.01593993146107165	3612.419689595886	2.7314010392475986e9	67368.84361128979	3.820257039310313e9
0.01614702928494056	0.01656950884563314	0.01635826906528685	3788.3948456020626	2.666495383063911e9	71157.23845689185	3.7342343555514693e9
0.016569508845633144	0.017000437997539575	0.016784973421586358	3979.960347821042	2.6085420185551314e9	75137.1988047129	3.6507833302411385e9
0.017000437997539575	0.017439985732484137	0.017220211865011856	4174.170090367885	2.5483182916708064e9	79311.36889508078	3.569508829370386e9
0.01743998573248414	0.017888324422127594	0.017664155077305867	4375.050843379168	2.488616466994839e9	83686.41973845995	3.4902568742655635e9
0.017888324422127587	0.01834562988556391	0.018116977153845748	4583.332605618374	2.4298003406063533e9	88269.75234407833	3.412914559461421e9
0.01834562988556391	0.018812081458268955	0.01857885567191643	4799.074290359333	2.371812278947955e9	93068.82663443766	3.3373755307245765e9
0.01881208145826896	0.019287862062428107	0.019049971760348533	5025.27783651743	2.3159662893252487e9	98094.10447095509	3.263638313553476e9
0.019287862062428104	0.019773158278670433	0.01953051017054927	5248.099700513134	2.2559828139494634e9	103342.20417146823	3.191251137907278e9
0.019773158278670436	0.020268160419237614	0.020020659348954025	5464.213854087676	2.191451539870037e9	108806.4180255559	3.1197723521811576e9
0.02026816041923761	0.020773062602616132	0.02052061151092687	5679.089476089466	2.1254901279515088e9	114485.50750164536	3.0490202912138143e9
0.020773062602616132	0.021288062829662224	0.02103056271613918	5931.69916049444	2.072231844413395e9	120417.2066621398	2.979830145001805e9
0.021288062829662228	0.02181336306124924	0.021550712945455734	6201.064628017425	2.0225721120924504e9	126618.27129015722	2.9123253271748624e9
0.021813363061249234	0.022349169297467986	0.02208126617935861	6482.135332424066	1.974382127235188e9	133100.4066225813	2.846470038675954e9
0.02234916929746799	0.022895691658411117	0.022622430477939555	6776.940572290654	1.9280408502260525e9	139877.34719487195	2.7822584801511836e9
0.02289569165841112	0.02345314446657311	0.023174418062492114	7087.156256106205	1.8837159766046016e9	146964.50345097817	2.7196975255873246e9
0.023453144466573112	0.024021746330898344	0.023737445398735728	7412.601129775791	1.8410422920233333e9	154377.10458075395	2.65876866905874e9
0.024021746330898337	0.02460172023251007	0.024311733281704204	7753.266878929166	1.7997574389584696e9	162130.3714596831	2.59943727375161e9
0.02460172023251007	0.02519329361215404	0.024897506922332058	8109.933561415153	1.7598135387186022e9	170240.30502109826	2.5416686667728305e9
0.02519329361215404	0.02579669845939089	0.025494996035772467	8483.548257745015	1.7211895722295644e9	178723.85327884328	2.485429955852579e9
0.025796698459390893	0.02641217140357248	0.026104434931481686	8875.167288145207	1.6838717314168897e9	187599.02056698847	2.430690347478734e9
0.026412171403572472	0.02703995380663769	0.02672606260510508	9285.982735594887	1.6478547896027765e9	196885.00330258335	2.377421532957681e9
0.027039953806637693	0.027680291857764213	0.027360122832200955	9717.432993601264	1.613156386464239e9	206602.4362961846	2.325599012326217e9
0.027680291857764217	0.028333436669913267	0.028006864263838742	10174.699737857183	1.5803511627539513e9	216777.1360340418	2.2752394022405877e9
0.028333436669913267	0.0289996443783053	0.02866654052410928	10661.228838020816	1.5495929461521919e9	227438.3648720626	2.226368755398121e9
0.0289996443783053	0.02967917624086517	0.029339410309585236	11184.388476355856	1.521494472355461e9	238622.75334841848	2.1790526061689963e9
0.02967917624086517	0.030372298740676238	0.030025737490770706	11764.827320514425	1.498162921090446e9	250387.5806689329	2.1334928207616227e9
0.03037229874067624	0.031079283690483534	0.03072579121557989	12314.500520844878	1.4681534766008422e9	262702.08118977776	2.0891128575472133e9
0.031079283690483534	0.03180040833928697	0.03143984601488525	12891.247011264528	1.439112898108474e9	275593.3282010423	2.0458886843494947e9
0.03180040833928697	0.03253595548106648	0.03216818191017672	13478.27233939464	1.4091002674701917e9	289071.600540437	2.003669661218877e9
0.03253595548106647	0.033286213565681566	0.03291108452337402	14071.173249547292	1.3778646779660747e9	303142.7737899843	1.962300095187917e9
0.033286213565681566	0.034051476811988966	0.03366884518883527	14660.197034989113	1.3447574211350818e9	317802.9708249734	1.9215933511482747e9
0.03405147681198896	0.0348320453232225	0.03444176106760573	15214.444026888777	1.3075126748787172e9	333017.4148518622	1.8812278758258076e9
0.03483204532322251	0.03562822520468072	0.03523013526395162	15699.367010500664	1.264194725603782e9	348716.78186236287	1.840779090000505e9
0.03562822520468072	0.036440328683768106	0.03603427694422441	16313.979279714851	1.231086774122495e9	365030.76114207774	1.8009182454266376e9
0.036440328683768106	0.03726867423243723	0.036854501458102665	16986.747239068347	1.2014050517411034e9	382017.50838114606	1.761825238593206e9
0.03726867423243723	0.03811358669207974	0.037691130462258485	17692.196297919236	1.1729072153689854e9	399709.7046790653	1.723521173449671e9
0.03811358669207974	0.0389753974009151	0.03854449204649742	18438.045138927428	1.1459096526158793e9	418147.74981799274	1.6860463083960383e9
0.0389753974009151	0.039854444323927166	0.039414920862421134	19224.90198477345	1.1202188939715385e9	437372.6518027662	1.6494256336512983e9
0.03985444432392717	0.04075107218539948	0.040302758254663326	20048.34362486034	1.0953904549839323e9	457420.99542762653	1.613653803678005e9
0.04075107218539948	0.041665632604101235	0.04120835239475036	20908.740584471885	1.0713152360058991e9	478329.73601209844	1.5787189817975788e9
0.04166563260410123	0.042598484231177014	0.04213205841763912	21806.935862937906	1.0479223712734898e9	500136.6718750362	1.5446057686361678e9
0.04259848423117702	0.04354999289079432	0.043074238560985675	22743.897214637596	1.0251546762947367e9	522880.5690896738	1.5112963328727057e9
0.04354999289079433	0.04452053172360398	0.044035262307199154	23721.027847917478	1.0029792935116833e9	546601.5969375913	1.478772137059391e9
0.04452053172360398	0.04551048133306982	0.0450155065283369	24740.002332964767	9.813750185672693e8	571341.5992705561	1.4470147247863507e9
0.04551048133306983	0.04652022993472499	0.04601535563389741	25802.715301965152	9.603273411737802e8	597144.3145725213	1.4160061334260328e9
0.04652022993472498	0.04755017350841324	0.04703520172156911	26911.28214552883	9.398265690363388e8	624055.5967180501	1.3857291573833547e9
0.04755017350841324	0.04860071595357527	0.04807544473099426	28067.99835490328	9.198649525985526e8	652123.5950729534	1.3561674099719436e9
0.04860071595357527	0.04967226924764054	0.0491364926006079	29275.392429177035	9.004374893810434e8	681398.9875021304	1.327305432212894e9
0.04967226924764054	0.05076525360758711	0.05021876142761382	30536.422773541286	8.815464697246493e8	711935.4102756717	1.2991290815618248e9
0.05076525360758711	0.051880097654732615	0.05132267563115986	31854.4702106963	8.631986398564519e8	743789.8804863681	1.271625714012226e9
0.05188009765473262	0.053017238582821036	0.052448668118776826	33233.64663165467	8.45411015753772e8	777023.5271180228	1.244784719846593e9
0.053017238582821036	0.054177122329471215	0.05359718045614613	34679.088242346734	8.282138861553708e8	811702.6153603696	1.2185982103683393e9
0.05417712232947121	0.055360203751054396	0.0547686630402628	36197.325789978975	8.116537917457331e8	847899.9411503485	1.1930618433086348e9
0.055360203751054396	0.056566946801069246	0.05596357527606182	37796.4029893822	7.957892523132913e8	885696.3441397307	1.168175322819381e9
0.05656694680106925	0.057797824712084396	0.057182385756576824	39491.795192986145	7.80801651632951e8	925188.1393327168	1.1439497997890897e9
0.057797824712084396	0.05905332018131985	0.05842557244670212	41324.82186522112	7.672966679117104e8	966512.961197938	1.1204335702251153e9
0.05905332018131985	0.06033392555994001	0.05969362287062993	43362.38310139236	7.561630044635404e8	1.0098753442993301e6	1.0977271621781073e9
0.060333925559939994	0.06164014304613255	0.06098703430303627	45660.57971035039	7.478671070214374e8	1.0555359240096805e6	1.0759534826794105e9
0.06164014304613256	0.06297248488204897	0.06230631396409077	47673.94308941539	7.334573712436447e8	1.1032098670990958e6	1.0546710759181945e9
0.06297248488204897	0.06433147355468372	0.06365197921836635	49646.88513868567	7.17506737485363e8	1.1528567522377814e6	1.0337517084584479e9
0.06433147355468372	0.06571764200077115	0.06502455777772743	51274.9536985195	6.961585208465954e8	1.204131705936301e6	1.0128367848820527e9
0.06571764200077114	0.06713153381578033	0.06642458790827574	52574.36825384277	6.706159579740403e8	1.2567060741901437e6	9.916659348334835e8
0.06713153381578033	0.06857370346708969	0.067852618641435	54312.04117127097	6.509090853716471e8	1.3110181153614146e6	9.706156022856617e8
0.06857370346708969	0.07004471651142524	0.06930920998925746	56325.64258818847	6.342808034963273e8	1.367343757949603e6	9.49867344458722e8
0.07004471651142524	0.0715451498166475	0.07079493316403637	58499.12290456191	6.190164444375906e8	1.425842880854165e6	9.294851806787864e8
0.07154514981664752	0.07307559178797422	0.07231037080231087	60844.609423214584	6.050315017798289e8	1.4866874902773795e6	9.095237718023629e8
0.07307559178797422	0.07463664259872746	0.07385611719335083	63315.517667308355	5.916898876238385e8	1.550003007944688e6	8.899951625575564e8
0.07463664259872745	0.07622891442569575	0.0754327785122116	65885.28843487213	5.786621034388833e8	1.6158882963795601e6	8.708904356183771e8
0.07622891442569575	0.07785303168920342	0.07704097305744959	68562.19508184696	5.659758027483457e8	1.6844504914614072e6	8.52202990974229e8
0.07785303168920343	0.07950963129798126	0.07868133149359235	71346.17516072432	5.535843867156304e8	1.7557966666221316e6	8.339238452037299e8
0.07950963129798126	0.08119936289893465	0.08035449709845796	74240.07536702874	5.414700450024301e8	1.8300367419891604e6	8.160435467805816e8
0.08119936289893465	0.0829228891319071	0.08206112601542087	77248.03513647965	5.296253588422697e8	1.90728477712564e6	7.985528392112988e8
0.08292288913190708	0.08468088588953898	0.08380188751072304	80374.30629096272	5.18042959823095e8	1.9876590834166028e6	7.814426490834173e8
0.084680885889539	0.08647404258232352	0.08557746423593127	83623.44749704443	5.0671673250077045e8	2.0712825309136473e6	7.647041482904179e8
0.08647404258232352	0.08830306240896375	0.08738855249564365	87000.16567695184	4.956405810606605e8	2.158282696590599e6	7.48328737166404e8
0.08830306240896375	0.09016866263213678	0.08923586252055027	90509.19187155845	4.848077666631775e8	2.2487918884621575e6	7.323079885633796e8
0.09016866263213677	0.09207157485977326	0.09112011874595502	94155.30016535212	4.7421120743763703e8	2.3429471886275094e6	7.166336139443753e8
0.09207157485977327	0.09401254533196249	0.09304206009586788	97943.92169280408	4.638465292752295e8	2.4408911103203134e6	7.012976168834909e8
0.09401254533196249	0.09599233521359549	0.09500244027277899	101880.86502655059	4.5371007243304986e8	2.5427719753468637e6	6.862923157515794e8
0.09599233521359549	0.09801172089286114	0.09700202805322831	105972.0553016331	4.437975580064888e8	2.648744030648497e6	6.716102842839184e8
0.09801172089286114	0.10007149428571212	0.09904160758928662	110223.94297000009	4.341058314576252e8	2.758967973618497e6	6.572444016011205e8
0.10007149428571215	0.10217246314642014	0.10112197871606615	114643.75304921412	4.246334232258194e8	2.873611726667711e6	6.431879329392318e8
0.10217246314642012	0.10431545138434227	0.10324395726538119	119238.13079556568	4.1537526468822914e8	2.992849857463277e6	6.294342862169416e8
0.10431545138434228	0.10650129938702288	0.10540837538568258	124013.8725587607	4.063260290562618e8	3.116863730022038e6	6.15976986024909e8
0.10650129938702287	0.10873086434975707	0.10761608186838997	128978.40787527146	3.9748169283764875e8	3.2458421378973094e6	6.028097434611918e8
0.1087308643497571	0.11100502061174598	0.10986794248075155	134139.63663076484	3.888386889480022e8	3.379981774528074e6	5.899264705202737e8
0.11100502061174598	0.11332465999897465	0.11216484030536031	139506.3130686031	3.8039478968856394e8	3.5194880875966772e6	5.773213467399745e8
0.11332465999897466	0.11569069217394791	0.11450767608646129	145087.7806580888	3.7214798711931026e8	3.664575868254766e6	5.649888143300551e8
0.1156906921739479	0.11810404499242061	0.11689736858318425	150893.95236249716	3.6409629273823977e8	3.815469820617263e6	5.529235616582106e8
0.11810404499242058	0.12056566486726274	0.11933485492984167	156935.67508912395	3.56238462599497e8	3.9724054957063873e6	5.411205513801281e8
0.12056566486726275	0.12307651713960176	0.12182109100343225	163224.5716882178	3.4857334071631217e8	4.135630067394605e6	5.2957500746747226e8
0.12307651713960176	0.12563758645738754	0.12435705179849466	169773.47946492588	3.41100587785953e8	4.305403546859531e6	5.182824467945157e8
0.12563758645738754	0.12824987716152902	0.12694373180945828	176597.68469505478	3.3382264071213573e8	4.4820012315545855e6	5.07238826095016e8
0.12824987716152905	0.13091441367975337	0.12958214542064123	183715.42996795377	3.2674462994875735e8	4.665716661522539e6	4.964406747022453e8
0.13091441367975337	0.1336322409283422	0.13227332730404778	191149.7525960691	3.198763945100231e8	4.856866414118608e6	4.858853394164766e8
0.1336322409283422	0.13640442472190278	0.1350183328251225	198931.85723864604	3.1323603233135957e8	5.055798271357254e6	4.7557142606646174e8
0.13640442472190276	0.13923205219133455	0.13781823845661867	207107.65588512467	3.068566033679831e8	5.262905927242379e6	4.6549961345384765e8
0.13923205219133455	0.14211623221015499	0.14067414220074476	215749.21634261537	3.007968161153141e8	5.478655143584994e6	4.5567405365473706e8
0.142116232210155	0.14505809582935186	0.14358716401975344	224974.61081379154	2.9515808372291595e8	5.7036297543987855e6	4.4610470124509245e8
0.14505809582935186	0.14805879672093264	0.14655844627514225	235096.96443493885	2.902535730247578e8	5.938726718833724e6	4.3681956797519624e8
0.1480587967209326	0.151119511630345	0.1495891541756388	247399.26372518175	2.874420460832461e8	6.186125982558906e6	4.279258547011887e8
0.15111951163034504	0.1542414408379457	0.15268047623414538	262645.0600559325	2.8717999187761e8	6.448771042614838e6	4.1955135510717255e8
0.15424144083794566	0.15742580862969832	0.155833624733822	269949.20600717375	2.777867397512172e8	6.718720248622011e6	4.111214637024627e8
0.15742580862969832	0.16067386377728604	0.15904983620349217	271686.38120641833	2.6311951827417612e8	6.99040662982843e6	4.0232601689933705e8
0.160673863777286	0.16398688002782547	0.16233037190255573	279553.36349912075	2.5481010687130633e8	7.269959993327552e6	3.9356466718319863e8
0.1639868800278255	0.16736615660337575	0.16567651831560062	288384.3661640894	2.4740082064800686e8	7.558344359491642e6	3.8488867799882406e8
0.16736615660337573	0.17081301871043697	0.16908958765690635	298522.2310995237	2.410427848888145e8	7.856866590591165e6	3.7635515238073987e8
0.170813018710437	0.17432881805963948	0.17257091838503824	309461.8544879108	2.3519221180590558e8	8.166328445079076e6	3.679854750040428e8
0.17432881805963946	0.17791493339582598	0.17612187572773272	320990.59069501783	2.29623628929052e8	8.487319035774093e6	3.597863736077959e8
0.17791493339582598	0.18157277103873623	0.17974385221728112	333005.2561739091	2.24230002379179e8	8.820324291948002e6	3.5175783449348086e8
0.18157277103873626	0.18530376543450472	0.1834382682366205	345472.4351255411	2.1896973132668406e8	9.165796727073543e6	3.438973893652411e8
0.18530376543450472	0.18910937971818856	0.18720657257634665	358388.93566012324	2.138271369882657e8	9.524185662733667e6	3.3620179911762667e8
0.18910937971818853	0.19299110628754604	0.19105024300286727	371763.6769053624	2.0879592661145943e8	9.895949339639029e6	3.2866765569745433e8
0.19299110628754604	0.1969504673882907	0.19497078683791835	385609.81623879814	2.0387270794312534e8	1.0281559155877827e7	3.212915635028056e8
0.1969504673882907	0.20098901571105024	0.19896974154967045	399941.809579602	1.990548107519508e8	1.0681500965457428e7	3.140701809212412e8
0.20098901571105027	0.205108335000265	0.20304867535565763	414773.95848310494	1.943394393717107e8	1.1096274923940534e7	3.070002092864622e8
0.20510833500026499	0.20931004067526401	0.20720918783776449	430131.1735199113	1.8972848103385225e8	1.1526406097460445e7	3.000786663220124e8
0.20931004067526404	0.21359578046376304	0.21145291056951354	446119.8949965148	1.8525661591490954e8	1.197252599245696e7	2.933048011796384e8
0.213595780463763	0.217967235048032	0.2157815077558975	462757.34415568045	1.8091483698491037e8	1.243528333661264e7	2.8667738241806215e8
0.217967235048032	0.22242611872398638	0.2201966768860092	480065.637370806	1.7669662461685893e8	1.2915348973983446e7	2.801948736177124e8
0.2224261187239864	0.22697418007345985	0.22470014939872313	498010.29324062326	1.725760768016409e8	1.341335926722407e7	2.738543097349703e8
0.22697418007345982	0.23161320264992274	0.22929369136169128	516403.48053336097	1.6848210693621165e8	1.3929762747757431e7	2.6764872242970616e8
0.23161320264992277	0.23634500567791494	0.23397910416391887	535348.8223079286	1.644490545267621e8	1.446511157006536e7	2.615735882739993e8
0.23634500567791494	0.24117144476646696	0.23875822522219095	554911.806490112	1.604928904786734e8	1.5020023376555473e7	2.5562559959654954e8
0.24117144476646696	0.24609441263679002	0.2436329287016285	575130.2913808557	1.5661834415586746e8	1.5595153667936329e7	2.498019294882512e8
0.24609441263679002	0.2511158398645195	0.24860512625065478	596031.2473092694	1.5282593704370615e8	1.6191184915245598e7	2.440999551190234e8
0.2511158398645195	0.25623769563680365	0.2536767677506616	617637.7317882243	1.4911470247024283e8	1.680882264703382e7	2.385171577401366e8
0.2562376956368037	0.2614619885245335	0.25884984208066864	639971.6364499829	1.4548318326417243e8	1.7448794283483803e7	2.33051087385856e8
0.26146198852453345	0.2667907672700178	0.26412637789727567	663054.7510237342	1.419297888308069e8	1.811184903450754e7	2.276993506981533e8
0.2667907672700179	0.27222612159041193	0.26950844443021493	686909.3375336555	1.384529523915472e8	1.8798758372041196e7	2.224596087303476e8
0.27222612159041193	0.2777701829972139	0.2749981522938129	711557.8998323187	1.3505108812458333e8	1.9510316271873515e7	2.1732957237749627e8
0.2777701829972139	0.2834251256321519	0.28059765431468287	737022.5815370718	1.3172249717435993e8	2.0247338853410587e7	2.1230699257725897e8
0.2834251256321519	0.28919316711978865	0.28630914637597027	763322.066306533	1.284648886694929e8	2.101066091971712e7	2.073896230178958e8
0.28919316711978865	0.29507656943717814	0.2921348682784834	790467.9798430619	1.2527499678743847e8	2.180112889956018e7	2.025751626499351e8
0.2950765694371781	0.30107763980091534	0.2980771046190467	818468.0573861641	1.2214937377103983e8	2.2619596956946343e7	1.9786124814552355e8
0.3010776398009154	0.3071987315719274	0.30413818568642137	847357.7368947418	1.1908895474786407e8	2.3466954693841085e7	1.9324571428071406e8
0.3071987315719274	0.31344224517835967	0.31032048837514353	877172.0644159737	1.1609414450734141e8	2.434412675825706e7	1.8872655086854303e8
0.31344224517835967	0.3198106290569206	0.31662643711764016	907973.2664426651	1.1316834763099217e8	2.5252100024699725e7	1.843020690109045e8
0.3198106290569206	0.3263063806130527	0.32305850483498666	939790.3931993274	1.1030996379410784e8	2.6191890417899054e7	1.799705887897456e8
0.32630638061305267	0.33293204720030745	0.32961921390668003	972630.8791882045	1.0751497301383716e8	2.716452129708726e7	1.7573029701092353e8
0.3329320472003074	0.33969022711930724	0.3363111371598073	1.0065180024598348e6	1.0478155043535896e8	2.8171039299547095e7	1.7157938347067896e8
0.3396902271193073	0.34658357063668715	0.34313689887799725	1.0414775914541879e6	1.0210821757308245e8	2.9212516891001284e7	1.6751606092319176e8
0.34658357063668715	0.3536147810244146	0.3500991758305509	1.077537696505406e6	9.94937365095769e7	3.029005458750669e7	1.635385776698887e8
0.3536147810244146	0.3607866156198966	0.3572006983221556	1.1147267453629507e6	9.693689498427045e7	3.140478133286964e7	1.5964521683701095e8
0.36078661561989656	0.3681018869072882	0.36444425126359237	1.153074303394781e6	9.443656979178233e7	3.255785563626442e7	1.5583429940638447e8
0.3681018869072882	0.37556346362042764	0.3718326752638579	1.1926101113659437e6	9.199163519799836e7	3.3750465747630365e7	1.52104181718939e8
0.3755634636204277	0.38317427186782993	0.3793688677441288	1.233364431823474e6	8.960099516544223e7	3.498383017945384e7	1.4845325501428816e8
0.38317427186782993	0.3909372962801802	0.3870557840740051	1.2753680355995358e6	8.726358084848517e7	3.625919821505338e7	1.4487994485593653e8
0.3909372962801802	0.3988555811807775	0.39489643873047886	1.318652126717251e6	8.49783445748965e7	3.7577850341770634e7	1.4138271024364668e8
0.3988555811807775	0.40693223177938675	0.40289390648008216	1.3632485203305457e6	8.274427094371952e7	3.894109886210118e7	1.3796004343056148e8
0.4069322317793867	0.41517041538996813	0.41105132358467744	1.4091890119261674e6	8.056033773803622e7	4.035028787402735e7	1.3461046747420195e8
0.41517041538996813	0.4235733626727612	0.4193718890313647	1.4565062358550087e6	7.842556999894342e7	4.1806794109882355e7	1.3133253709174018e8
0.4235733626727612	0.4321443689012101	0.4278588657869856	1.5052329976504943e6	7.633899908644924e7	4.331202710753284e7	1.2812483708006555e8
0.4321443689012101	0.44088679525422797	0.436515582077719	1.5554027493707386e6	7.429968920960777e7	4.4867429856903575e7	1.2498598238034983e8
0.4408867952542281	0.44980407013430634	0.4453454326942672	1.6070489249804765e6	7.230670395574312e7	4.647447878188405e7	1.2191461619063899e8
0.4498040701343063	0.4588996905119861	0.4543518803231462	1.6602058298891564e6	7.03591495769006e7	4.813468461177321e7	1.1890941071687667e8
0.4588996905119861	0.4681772232972195	0.4635384569046028	1.7149076551922916e6	6.84561291748832e7	4.98495922669655e7	1.1596906521237127e8
0.46817722329721945	0.4776403067381575	0.47290876501768847	1.771189160833109e6	6.659677431139857e7	5.162078142779861e7	1.130923059782786e8
0.47764030673815755	0.48729265184791437	0.482466479293036	1.829085333647853e6	6.478023020686289e7	5.344986676144646e7	1.1027788550459856e8
0.4872926518479144	0.4971380438598664	0.49221534785389043	1.88863158529309e6	6.300566347772742e7	5.533849834673955e7	1.075245821153944e8
0.4971380438598663	0.5071803437120573	0.5021591937859619	1.949863509104697e6	6.127225337548662e7	5.728836185584425e7	1.0483119912741812e8
0.5071803437120572	0.517423489561292	0.5123019166366747	2.012817077489247e6	5.957919877583502e7	5.93011789333335e7	1.0219656446791671e8
0.5174234895612922	0.5278714983275118	0.522647493944402	2.0775285569342538e6	5.792571492393132e7	6.137870749026775e7	9.961953012795167e7
0.5278714983275117	0.5385284672690556	0.5331999827982836	2.1440341742466968e6	5.631102448431126e7	6.352274166451445e7	9.709897112941897e7
0.5385284672690556	0.5493985755894304	0.543963521429243	2.2123706377471993e6	5.473437269425343e7	6.573511230226165e7	9.46337854370542e7
0.5493985755894303	0.5604860860762125	0.5549423308328214	2.2825748386164755e6	5.3195018400482826e7	6.801768714087813e7	9.222289335624026e7
0.5604860860762126	0.5717953467727306	0.5661407164244716	2.354684329685321e6	5.1692244794983014e7	7.037237147056344e7	8.986523759287053e7
0.5717953467727305	0.5833307926831788	0.5775630697279546	2.4287373276318135e6	5.022535647529968e7	7.280110879819526e7	8.75597831406408e7
0.5833307926831788	0.5950969475118361	0.5892138700975074	2.5047883230487956e6	4.879398093447141e7	7.530589712124404e7	8.53055347086291e7
0.595096947511836	0.6070984254370663	0.601097686474451	2.5829237889669444e6	4.739826640963126e7	7.788882091021098e7	8.310156462655899e7
0.6070984254370664	0.6193399329208014	0.6132191791789339	2.663194993172637e6	4.603756213120733e7	8.055201590338361e7	8.094696238852574e7
0.6193399329208014	0.631826270554211	0.6255831017375062	2.7456166805140194e6	4.471060336633475e7	8.329763258389764e7	7.884079792670052e7
0.631826270554211	0.6445623349402889	0.63819430274725	2.8301359507265915e6	4.3415212319733895e7	8.612776853462423e7	7.67820696666975e7
0.6445623349402889	0.6575531206140883	0.6510577277771886	2.9167662269416032e6	4.2150519909077264e7	8.904453476156583e7	7.476978473751803e7
0.6575531206140883	0.6708037220013637	0.664178421307726	3.005566849486265e6	4.091636186350237e7	9.20501016110521e7	7.280299937708317e7
0.6708037220013637	0.6843193354163847	0.6775615287088742	3.0966066138002616e6	3.971261935895612e7	9.514670822485235e7	7.08808186612931e7
0.6843193354163846	0.6981052610997059	0.6912122982580453	3.189935909592549e6	3.853885887417883e7	9.83366441344449e7	6.900237533383942e7
0.6981052610997058	0.7121669052966936	0.7051360831981996	3.285598005722968e6	3.739453933860289e7	1.0162224214016788e8	6.71668219117278e7
0.7121669052966937	0.7265097823776212	0.7193383438371574	3.3836338871261524e6	3.62790925760201e7	1.0500587602729402e8	6.537332792696167e7
0.7265097823776212	0.7411395170001672	0.7338246496888943	3.4840878667504564e6	3.5191988807753466e7	1.0848996389404449e8	6.362108113437212e7
0.7411395170001672	0.7560618463151642	0.7486006816576657	3.5870027671082076e6	3.413268170367064e7	1.1207696666115269e8	6.190928545991789e7
0.7560618463151642	0.771282622216461	0.7636722342658127	3.6924238909850237e6	3.310064971934325e7	1.1576939055213772e8	6.023716146981581e7
0.7712826222164612	0.786807813635784	0.7790452179261226	3.8004007268855674e6	3.2095404974035893e7	1.1956979127902329e8	5.860394732843935e7
0.7868078136357839	0.8026435088834932	0.7947256612596385	3.910984253679939e6	3.1116463073628653e7	1.2348077553270324e8	5.700889794995529e7
0.8026435088834933	0.8187959180361568	0.8107197134598251	4.024230648579313e6	3.0163369939445283e7	1.2750500618128255e8	5.545128575734901e7
0.8187959180361568	0.8352713753718736	0.8270336467040151	4.140202438048133e6	2.9235701190545615e7	1.3164520861933069e8	5.393040136210108e7
0.8352713753718735	0.8520763418543045	0.843673858613089	4.258971125229886e6	2.8333070148968022e7	1.3590417974456057e8	5.2445554669365704e7
0.8520763418543045	0.8692174076663841	0.8606468747603443	4.380619966596666e6	2.7455132515030555e7	1.4028479971115723e8	5.099607619053673e7
0.8692174076663842	0.8867012947947055	0.8779593512305448	4.505252841702091e6	2.6601623406626508e7	1.4479005255285934e8	4.95813204279923e7
0.8867012947947055	0.9045348596655932	0.8956180772301494	4.633001394732889e6	2.5772369558324553e7	1.4942305394759223e8	4.8200669770074666e7
0.9045348596655932	0.9227250958338986	0.9136299777497459	4.764041952473598e6	2.4967344136901498e7	1.5418709590006584e8	4.685354133748509e7
0.9227250958338986	0.9412791367255702	0.9320021162797344	4.898629055741812e6	2.4186779242790412e7	1.5908572495580766e8	4.553939995266645e7
0.9412791367255703	0.9602042584350753	0.9507416975803228	5.037162036714938e6	2.343138463664633e7	1.641228869925226e8	4.425778303160448e7
0.9602042584350751	0.9795078825787702	0.9698560705069226	5.180328665399111e6	2.2702813602489516e7	1.693032156579217e8	4.300835102544024e7
0.9795078825787704	0.9991975792053394	0.9893527308920549	5.329573672627885e6	2.20052817417261e7	1.746327893305496e8	4.1791028739774965e7
0.9991975792053394	1.0192810697644397	1.0092393244848896	5.488438175274976e6	2.1349959532269005e7	1.8012122750582457e8	4.060639296413518e7
1.0192810697644394	1.0397662301347217	1.0295236499495806	5.6722194107454615e6	2.0788196139489308e7	1.8579344691657004e8	3.94579627247458e7
1.039766230134722	1.06066109371241	1.050213661923566	5.915412215767412e6	2.0425183024654005e7	1.9170885913233745e8	3.835514750178688e7
1.06066109371241	1.0819738545616517	1.0713174741370308	6.090853673569429e6	1.9814261477201637e7	1.977997128059069e8	3.728093091944527e7
1.0819738545616517	1.1037128706278783	1.092843362594765	5.982444329157317e6	1.833575342234051e7	2.037821571350642e8	3.618338764148715e7
1.1037128706278783	1.1258866670154293	1.1147997688216538	6.211636827867409e6	1.793692858022716e7	2.0999379396293157e8	3.512641453690001e7
1.1258866670154293	1.1485039393307315	1.1371953031730804	6.295691807810992e6	1.7128090096549645e7	2.1628948577074257e8	3.408390383814517e7
1.1485039393307315	1.1715735570923396	1.1600387482115355	6.4478417776043285e6	1.6527410118774105e7	2.227373275483469e8	3.3067069833623696e7
1.1715735570923396	1.1951045672091798	1.1833390621507598	6.607776102980837e6	1.5957768926346198e7	2.2934510365132773e8	3.2076217164087802e7
1.19510456720918	1.2191061975283572	1.2071053823687685	6.77093197537053e6	1.5406115988811681e7	2.3611603562669826e8	3.111087717633806e7
1.2191061975283572	1.243587860453918	1.2313470289911375	6.936848706357865e6	1.487086410179489e7	2.4305288433305612e8	3.017051671319285e7
1.243587860453918	1.2685591566379897	1.2560735085459538	7.10548714720007e6	1.4351539557153285e7	2.501583714802562e8	2.9254606330771696e7
1.2685591566379897	1.294029878745743	1.2812945176918662	7.276840563103949e6	1.3847759125784827e7	2.5743521204336014e8	2.836262531218773e7
1.2940298787457432	1.3200100152956515	1.3070199470206973	7.450902927207877e6	1.3359151697697157e7	2.6488611497056803e8	2.749406185311894e7
1.3200100152956513	1.3465097545765579	1.3332598849361046	7.627666426691435e6	1.2885352543706646e7	2.725137813972595e8	2.6648412904762883e7
1.3465097545765579	1.3735394886430825	1.3600246216098202	7.807120648183706e6	1.242600194402489e7	2.803209020454432e8	2.5825183946910903e7
1.3735394886430825	1.4011098173909375	1.38732465301701	7.989254671776474e6	1.198074862101013e7	2.8831015671721965e8	2.5023888973259665e7
1.4011098173909378	1.42923155271375	1.415170685052344	8.174054467211861e6	1.154924537568006e7	2.964842111844315e8	2.4244050225370213e7
1.4292315527137498	1.4579157227430182	1.443573637728384	8.361504501554792e6	1.113115170607247e7	3.048457156859863e8	2.348519809395543e7
1.4579157227430184	1.4871735761728722	1.4725446494579453	8.551587533834552e6	1.0726133312420849e7	3.1339730321982086e8	2.2746870997581393e7
1.4871735761728724	1.5170165866713232	1.5020950814220977	8.744284023460908e6	1.0333861260164997e7	3.221415872432818e8	2.2028615220288508e7
1.517016586671323	1.547456457379743	1.532236522025533	8.93957232148477e6	9.954012267185742e6	3.310811595647665e8	2.1329984775559906e7
1.547456457379743	1.5785051255023312	1.5629807914410372	9.137429487856524e6	9.58626954881089e6	3.4021858905262303e8	2.0650541327361744e7
1.5785051255023315	1.6101747669873716	1.5943399462448515	9.337829928635651e6	9.230321200532898e6	3.495564189812587e8	1.9989854022472505e7
1.6101747669873714	1.6424778013021122	1.6263262841447417	9.540746596875034e6	8.88586147083679e6	3.590971655781337e8	1.934749940644509e7
1.6424778013021124	1.675426896303148	1.65895234880263	9.746150123828359e6	8.55258979384868e6	3.6884331570196205e8	1.8723061288739055e7
1.6754268963031482	1.7090349732042047	1.6922309347536766	9.954009642705204e6	8.230211511223468e6	3.7879732534466726e8	1.8116130657681365e7
1.7090349732042043	1.7433152116432817	1.726175092423743	1.016429181164083e7	7.918436939434478e6	3.889616171563081e8	1.7526305546646457e7
1.743315211643282	1.778281054851141	1.7607981332472114	1.0376961782112077e7	7.616982150124512e6	3.993385789384202e8	1.6953190953361034e7
1.778281054851141	1.813946214923157	1.7961136348871491	1.0591982803442499e7	7.325568541293997e6	4.0993056174186265e8	1.6396398739306066e7
1.8139462149231576	1.850324678196614	1.8321354465598858	1.0809316114154693e7	7.043922709353455e6	4.2073987785601735e8	1.5855547527763877e7
1.8503246781966136	1.8874307107355393	1.8688776944660765	1.1028921021113094e7	6.771776464119326e6	4.3176879887713045e8	1.5330262608847618e7
1.8874307107355395	1.9252788639252436	1.9063547873303914	1.125075529612753e7	6.508867009904507e6	4.43019554173258e8	1.48201758607033e7
1.9252788639252438	1.963883980178742	1.9445814220519928	1.1474774769180585e7	6.254936611047146e6	4.544943289424386e8	1.4324925656127475e7
1.9638839801787418	2.00326119875731	1.9835725894680258	1.1700933769986654e7	6.009732783181985e6	4.6619526271242523e8	1.3844156785838136e7
2.00326119875731	2.0434259617074493	2.0233435802323796	1.1929184515703175e7	5.7730078961729845e6	4.7812444722812843e8	1.3377520363409733e7
2.0434259617074497	2.084394019916592	2.0639099908120206	1.2159477735611022e7	5.544519455291008e6	4.9028392496373945e8	1.2924673752142223e7
2.0843940199165925	2.1261814392899177	2.105287729603255	1.2391762703173354e7	5.3240300240361355e6	5.026756876669128e8	1.2485280491867164e7
2.126181439289917	2.168804607050709	2.147493023170313	1.262598700832886e7	5.111307046773115e6	5.1530167467524165e8	1.205901021989708e7
2.168804607050709	2.2122802381667164	2.1905424226087127	1.2862096661573531e7	4.906122838801799e6	5.281637713368152e8	1.164553859613098e7
2.212280238166716	2.2566253819050437	2.23445281003588	1.3100036218028981e7	4.708254572724178e6	5.412638075548441e8	1.1244547231855234e7
2.2566253819050437	2.301857428518138	2.279241405211591	1.33397489651918e7	4.517484275122601e6	5.54603556520036e8	1.0855723622615699e7
2.301857428518138	2.347994116063494	2.3249257722908157	1.3581176676362734e7	4.333598668190043e6	5.681847331963987e8	1.0478761075958418e7
2.3479941160634943	2.3950535373597575	2.371523826711626	1.3824259866445322e7	4.156389197363982e6	5.82008993062844e8	1.0113358645081772e7
2.3950535373597575	2.443054147081946	2.4190538422208516	1.4068937863244591e7	3.985651982433673e6	5.960779309260886e8	9.759221063629655e6
2.443054147081946	2.492014768998578	2.467534458040262	1.4315148766307713e7	3.8211877372023542e6	6.103930796923963e8	9.41605867973751e6
2.4920147689985783	2.541954603353543	2.5169846861760607	1.4562829649577094e7	3.6628017597626364e6	6.249559093419734e8	9.08358739345089e6
2.5419546033535427	2.592893234395607	2.567423918874575	1.4811916182007754e7	3.510303771007386e6	6.397678255239812e8	8.76152858854666e6
2.592893234395607	2.6448506380585126	2.61887193622706	1.5062343765605245e7	3.3635081286465595e6	6.548301692895864e8	8.449609080775611e6
2.6448506380585126	2.6978471897946763	2.6713489139265945	1.5314046065074638e7	3.2222334042368615e6	6.701442153546611e8	8.147561044763804e6
2.697847189794676	2.751903672565563	2.724875431180119	1.5566956934579644e7	3.086302753175918e6	6.857111722892407e8	7.855121966623799e6
2.751903672565563	2.8070412849918673	2.779472478778715	1.5821008080193728e7	2.9555433504984546e6	7.015321803694345e8	7.572034566805222e6
2.8070412849918673	2.863281649666698	2.8351614673292826	1.607613174291531e7	2.8297868759295293e6	7.176083121123497e8	7.298046755528561e6
2.863281649666698	2.920646821635025	2.8919642356508612	1.6332259250021618e7	2.7088691401557396e6	7.339405713623713e8	7.032911569294243e6
2.9206468216350245	2.979159297042718	2.9499030593388715	1.6589320964925371e7	2.592630027620529e6	7.505298923272967e8	6.77638710784718e6
2.9791592970427185	3.038842021958566	3.009000659500642	1.68472469554089e7	2.480913548223384e6	7.673771392827057e8	6.528236477858451e6
3.038842021958566	3.0997184013727304	3.069280211665648	1.7105967126405355e7	2.3735677802531766e6	7.84483106409111e8	6.288227736648532e6
3.0997184013727304	3.161812308375178	3.1307653548739545	1.7365411072266467e7	2.2704447745453045e6	8.018485174813775e8	6.056133833706582e6
3.1618123083751777	3.2251480935176744	3.193480200946426	1.7625507767357018e7	2.171400449747404e6	8.194740252487345e8	5.831732549617122e6
3.2251480935176753	3.289750594363022	3.2574493439403485	1.7886186267370567e7	2.076294620620581e6	8.37360211516105e8	5.614806440225974e6
3.289750594363022	3.355645145225276	3.322697869794149	1.814737557283895e7	1.9849909064860432e6	8.55507587088944e8	5.4051427788162995e6
3.3556451452252753	3.422857587104774	3.3892513661650248	1.8409004363882482e7	1.8973566353770674e6	8.739165914528265e8	5.202533496159228e6
3.4228575871047733	3.4914142778218618	3.4571359324633173	1.8671001843565904e7	1.81326286763535e6	8.925875932963924e8	5.006775125458681e6
3.4914142778218618	3.561342102353292	3.526378190087577	1.8933296838850275e7	1.732584232099025e6	9.115208901352427e8	4.817668741080277e6
3.5613421023532927	3.6326684833753515	3.5970052928643224	1.919581870628698e7	1.6551989506484624e6	9.307167088415297e8	4.6350199023006875e6
3.632668483375351	3.7054213920178514	3.6690449376966012	1.9458497066750877e7	1.5809887399322828e6	9.501752059082806e8	4.458638594691029e6
3.705421392017851	3.779629358833201	3.742525375425526	1.9721261480242796e7	1.5098387191538513e6	9.698964673885235e8	4.288339169619125e6
3.7796293588332013	3.8553214849848585	3.81747542190903	1.9984042204727426e7	1.441637406205319e6	9.898805095932509e8	4.123940287079593e6
3.855321484984859	3.932527453659549	3.893924469322204	2.0246770015820745e7	1.3762766309336089e6	1.0101272796090716e9	3.9652648568713954e6
3.9325274536595485	4.011277541707733	3.9719024976836406	2.0509376081245195e7	1.313651458710622e6	1.0306366556903167e9	3.81213997881157e6
4.011277541707733	4.0916026315168805	4.051440086612306	2.0771792206287295e7	1.253660140669236e6	1.051408447896604e9	3.6643968835788984e6
4.0916026315168805	4.1735342231222115	4.132568427319546	2.1033950774730835e7	1.1962040422828984e6	1.0724423986713347e9	3.5218708728986066e6
4.173534223122211	4.257104446559648	4.215319334840929	2.129578492162194e7	1.1411875868800923e6	1.0937381835929568e9	3.3844012599668284e6
4.257104446559648	4.3423460744658335	4.299725260512741	2.1557228419198763e7	1.0885181824047626e6	1.1152954120121555e9	3.251831309131776e6
4.3423460744658335	4.429292534930143	4.385819304697988	2.1818216247966666e7	1.0381061839946685e6	1.1371136282601223e9	3.124008176941162e6
4.429292534930143	4.517977924603739	4.473635229766941	2.2078683537338592e7	989864.7747887687	1.1591923117974608e9	3.0007828497536667e6
4.5179779246037395	4.608437022070807	4.563207473337274	2.233856722012741e7	943709.9798063489	1.1815308790175881e9	2.8820100857951455e6
4.608437022070807	4.700705301487216	4.654571161779011	2.259780441523867e7	899560.5247066905	1.2041286834328268e9	2.7675483524446245e6
4.700705301487216	4.794818946491953	4.747762123989585	2.2856333848986246e7	857337.8337368518	1.226985017281813e9	2.6572597670608326e6
4.794818946491953	4.890814864396784	4.842816905444368	2.3114094687430184e7	816965.9170329104	1.250099111969243e9	2.551010034754826e6
4.890814864396785	4.988730700659714	4.93977278252825	2.337102810127892e7	778371.3653249072	1.273470140070522e9	2.4486683894848404e6
4.988730700659713	5.0886048536479	5.038667777153806	2.3627075359285343e7	741483.2174459961	1.2970972154298074e9	2.350107530936486e6
5.0886048536479	5.19047648969585	5.139540671671876	2.3882179468735557e7	706232.9559313739	1.320979394898543e9	2.2552035648256456e6
5.19047648969585	5.29438555846476	5.242431024080306	2.4136284692551564e7	672554.4258635093	1.3451156795910945e9	2.163835941993849e6
5.29438555846476	5.400372808609048	5.347379183536904	2.4389336409379024e7	640383.7691901224	1.3695050160004735e9	2.0758873972579683e6
5.400372808609048	5.508479803756222	5.454426306182635	2.4641281162187338e7	609659.3659475246	1.394146297162661e9	1.9912438884259677e6
5.508479803756222	5.618748938806339	5.563614371281281	2.489206692324975e7	580321.7808499378	1.4190383640859108e9	1.909794535777737e6
5.618748938806339	5.7312234565574585	5.674986197681899	2.5141643006538063e7	552313.7007825961	1.444180007092449e9	1.8314315614579676e6
5.731223456557458	5.845947464663599	5.788585460610529	2.538996005660575e7	525579.8756324449	1.4695699671490548e9	1.7560502289777743e6
5.8459474646636	5.962965952931865	5.904456708797732	2.5636969951269556e7	500067.0584658336	1.4952069371003244e9	1.6835487827800983e6
5.962965952931865	6.082324810965495	6.02264538194868	2.588262604434792e7	475723.9535317204	1.5210895631446724e9	1.6138283883159684e6
6.0823248109654955	6.204070846159798	6.143197828562647	2.6126883141542166e7	452501.15891132574	1.5472164462862146e9	1.546793072292116e6
6.204070846159798	6.328251802057986	6.266161324108892	2.6369697406129993e7	430351.1092116636	1.5735861436923447e9	1.4823496630817081e6
6.328251802057984	6.454916377074136	6.39158408956606	2.6611026472477503e7	409228.0229933866	1.600197170164822e9	1.4204077315611641e6
6.454916377074137	6.584114243590612	6.519515310332375	2.6850829354912426e7	389087.8475480208	1.6270479995197346e9	1.3608795321946093e6
6.584114243590613	6.715896067437418	6.650005155514016	2.7089066400796942e7	369888.2057472768	1.6541370659205315e9	1.3036799444704738e6
6.715896067437417	6.850313527761158	6.783104797599288	2.7325699651458077e7	351588.34930272767	1.6814627655719895e9	1.248726415039085e6
6.850313527761158	6.9874193372913735	6.918866432526266	2.756069246819501e7	334149.1024231285	1.7090234580401845e9	1.1959388999557944e6
6.987419337291374	7.127267263012194	7.057343300151784	2.7794009482338123e7	317532.8119039504	1.7368174675225227e9	1.1452398073940848e6
7.127267263012194	7.26991214724743	7.198589705129812	2.802561569558973e7	301703.2891816762	1.7648430832181125e9	1.096553940337035e6
7.269912147247429	7.41540992916737	7.3426610382074	2.8255470571016226e7	286625.7058270451	1.7930985537891288e9	1.0498084365604531e6
7.415409929167371	7.56381766672571	7.489613797946541	2.8483162417430397e7	272263.0718847243	1.8215817162065585e9	1.004932508842999e6
7.56381766672571	7.7151935590352165	7.6395056128804635	2.870770894155568e7	258575.4183918529	1.8502894251481142e9	961857.1530169224
7.715193559035217	7.869596969190914	7.792395264113066	2.8869517465602674e7	245028.50848825215	1.8791589426137168e9	920486.5189331083
7.869596969190913	8.027088447549723	7.948342708370317	2.8412512931520984e7	227235.0631247846	1.9075714555452378e9	880477.0914325449
8.027088447549723	8.18772975547571	8.107409101512715	2.8362822575615194e7	213748.9391610257	1.935934278120853e9	841998.8544866305
8.187729755475711	8.351583889560217	8.269656822517964	2.916083059869732e7	207082.51930775965	1.9650951087195504e9	805356.9702697474
8.351583889560215	8.518715106326411	8.435149497943314	2.9362251571106993e7	196481.71506056603	1.9944573602906573e9	770218.3546360346
8.518715106326413	8.689188947427933	8.603952026877174	2.964679824074991e7	186939.0447670173	2.024104158531407e9	736557.2768535459
8.689188947427933	8.863072265351484	8.776130606389708	2.99068190702166e7	177697.811088992	2.0540109776016238e9	704305.8245399253
8.863072265351484	9.040433249633505	8.951752757492494	3.0151171161644377e7	168812.99212577357	2.0841621487632682e9	673403.1804814197
9.040433249633505	9.221341453601168	9.130887351617336	3.0382518062299993e7	160293.33414437185	2.1145446668255682e9	643792.5448141604
9.221341453601168	9.405867821648183	9.313604637624675	3.060664423400303e7	152158.98935947928	2.1451513110595713e9	615421.5611336806
9.405867821648183	9.59408471705614	9.49997626935216	3.0825600191736307e7	144405.53004836748	2.1759769112513075e9	588240.6413672415
9.59408471705614	9.786065950372254	9.690075333714198	3.1040258029576987e7	137021.32695330936	2.2070171692808843e9	562202.3902523933
9.786065950372253	9.98188680835469	9.883976379363471	3.1251171799057078e7	129992.97714696749	2.2382683410799413e9	537261.3762822484
9.981886808354691	10.181624083496777	10.081755445925733	3.1458703200078562e7	123306.31217436944	2.2697270442800198e9	513373.9740611624
10.181624083496777	10.385356104141705	10.28349009381924	3.166310993444714e7	116947.01450358654	2.301390154214468e9	490498.2513427547
10.385356104141703	10.593162765199528	10.489259434670615	3.186457887423081e7	110900.88096845688	2.333254733088699e9	468593.877798729
10.59316276519953	10.805125559478512	10.69914416233902	3.2063254123990927e7	105154.0039844045	2.36531798721269e9	447622.04951808695
10.805125559478512	11.021327609643073	10.913226584560793	3.225924406257777e7	99692.83946900305	2.3975772312752676e9	427545.4217902856
11.021327609643073	11.241853700810926	11.131590655227	3.2452634942260474e7	94504.27658421546	2.430029866217528e9	408328.04979864974
11.241853700810926	11.466790313802136	11.354322007306532	3.2643495084652156e7	89575.66059662265	2.46267336130218e9	389935.3340616839
11.466790313802136	11.69622565905317	11.581507986427653	3.2831880486061e7	84894.81099862838	2.495505241788241e9	372333.9700743357
11.69622565905317	11.930249711209225	11.813237685131197	3.3017836900918365e7	80450.02282621489	2.5285230786891594e9	355491.9009368131
11.930249711209225	12.1689542444084	12.049601977808813	3.3201403389628008e7	76230.0675722468	2.5617244820787873e9	339378.2727748442
12.1689542444084	12.41243286827156	12.290693556339981	3.33826123521319e7	72224.18224165043	2.595107094430919e9	323963.39210572396
12.41243286827156	12.660781064611983	12.536606966441772	3.356149278445451e7	68422.06417392353	2.6286685872153735e9	309218.6853703496
12.660781064611983	12.914096224879215	12.787438644745599	3.3738070130632006e7	64813.856418571224	2.6624066573460054e9	295116.6599608704
12.914096224879211	13.172477688351787	13.0432869566155	3.3912366869731635e7	61390.134408877755	2.696319024215737e9	281630.8667323119
13.17247768835179	13.436026781093817	13.304252234722803	3.408440404207868e7	58141.893808497414	2.7304034282578154e9	268735.863979975
13.436026781093817	13.704846855690684	13.57043681839225	3.42542005535807e7	55060.533951588885	2.764657628811396e9	256407.18254356182
13.70484685569068	13.979043331779485	13.841945093735083	3.4421774931224056e7	52137.8456365372	2.79907940374262e9	244621.29222399616
13.979043331779488	14.258723737390069	14.118883534584779	3.4587143748844914e7	49365.99347664074	2.8336665474914656e9	233355.56912294903
14.258723737390067	14.54399775111286	14.401360744251463	3.475032441620422e7	46737.505293790906	2.86841687190767e9	222588.26425800964
14.54399775111286	14.834977245110109	14.689487498111484	3.491133205653989e7	44245.253017046394	2.90332820396421e9	212298.4728895703
14.834977245110109	15.131776328987302	14.983376787048705	3.507018322257289e7	41882.44362335145	2.938398387186783e9	202466.10509760448
15.131776328987304	15.43451139454204	15.283143861764671	3.52268931748984e7	39642.60159895785	2.9736252803616815e9	193071.8570468302
15.434511394542039	15.74330116140787	15.588906277974955	3.538147744898928e7	37519.55755072476	3.009006757810671e9	184097.1832552217
15.74330116140787	16.05826672361102	15.900783942509445	3.55339515637617e7	35507.43475956688	3.0445407093744326e9	175524.26968910528
16.058266723611016	16.37953159705823	16.218899160334622	3.568433092393257e7	33600.63648040188	3.080225040298365e9	167336.00768008683
16.37953159705823	16.707221767974385	16.543376682516307	3.583263112957585e7	31793.834076281433	3.116057671427941e9	159515.96866439295
16.707221767974385	17.041465742308862	16.874343755141624	3.597886789373851e7	30081.955159779543	3.152036539321679e9	152048.37969747753
17.041465742308862	17.38239459613003	17.211930169219446	3.6123056817913905e7	28460.172083265043	3.188159596139593e9	144918.0997191764
17.38239459613003	17.73014202702762	17.556268311578826	3.6265214131162904e7	26923.891630060592	3.2244248102707562e9	138110.59659528465
17.730142027027618	18.084844406543162	17.90749321678539	3.640535587280679e7	25468.74383281979	3.2608301661435633e9	131611.92484030404
18.08484440654316	18.446640833649013	18.265742620096084	3.6543498339006394e7	24090.572247774133	3.2973736644825697e9	125408.70406595709
18.446640833649013	18.815673189296984	18.631157011473	3.667965814375168e7	22785.424270966978	3.3340533226263213e9	119488.0981159267
18.815673189296984	19.192086192057914	19.00387969067745	3.68138518572172e7	21549.54158315103	3.3708671744835386e9	113837.79485456494
19.192086192057914	19.576027454874062	19.38405682346599	3.69460964296377e7	20379.351481024965	3.407813270913175e9	108445.98662289346
19.576027454874062	19.967647542946533	19.771837498910298	3.707640902932478e7	19271.458180626923	3.4448896799425e9	103301.35132171295
19.967647542946533	20.367100032780453	20.167373787863493	3.720480684864974e7	18222.63449328304	3.48209448679115e9	98393.03410706013
20.367100032780453	20.774541572411053	20.570820802595755	3.7331307398505196e7	17229.8141029467	3.5194257941896553e9	93710.62969730957
20.774541572411056	21.190131942834267	20.98233675762266	3.745592820838844e7	16290.083865142333	3.5568817223980436e9	89244.1652578124
21.190131942834263	21.614034120665938	21.402083031750102	3.757868729456113e7	15400.676789324998	3.5944604096926045e9	84984.08386911609
21.614034120665938	22.046414342054245	21.83022423136009	3.7699602387239344e7	14558.964781270957	3.632160012079844e9	80921.22853119318
22.04641434205425	22.487442167870324	22.266928254962288	3.7818691718284085e7	13762.452361649339	3.669978703798128e9	77046.8267290163
22.48744216787032	22.937290550202714	22.712366359036515	3.793597365077466e7	13008.770166926155	3.7079146774489026e9	73352.47551448288
22.937290550202718	23.39613590018176	23.16671322519224	3.805146775360908e7	12295.66924500006	3.745966145202512e9	69830.12712069711
23.396135900181758	23.864158157160382	23.630147028671068	3.8165216297010064e7	11621.02171513354	3.7841313614995217e9	66472.07544500327
23.864158157160386	24.34154085927858	24.102849508219485	3.8277466955558844e7	10982.865691332878	3.8224088284550805e9	63270.94590411955
24.341540859278584	24.828471215439144	24.585006037358866	3.839100312162962e7	10380.01331303423	3.86079983157671e9	60219.72095182655
24.82847121543914	25.32514017872291	25.076805697081028	3.8530669765853204e7	9816.824927555588	3.8993305013425636e9	57312.039541227685
25.325140178722915	25.83174252127236	25.57844134999764	3.864091576894906e7	9277.009529575169	3.9379714171115127e9	54540.96789132967
25.831742521272364	26.3484769106728	26.09010971597258	3.874731591163808e7	8765.937843696238	3.976718733023151e9	51900.28216115043
26.348476910672794	26.875545987861237	26.612011449267015	3.885097705601861e7	8282.376037535756	4.0155697100791693e9	49384.04647577069
26.87554598786124	27.413156446593455	27.144351217227346	3.895271801433334e7	7825.049002089957	4.0545224280935025e9	46986.593925385525
27.413156446593455	27.961519114500312	27.687337780546883	3.905278187705836e7	7392.607299981859	4.093575209970561e9	44702.50675443792
27.96151911450031	28.520849035765302	28.241184075132807	3.915123136935408e7	6983.731120332185	4.1327264413399153e9	42526.603691114855
28.520849035765302	29.091365555455596	28.80610729561045	3.9248095077336624e7	6597.162030796078	4.171974536417252e9	40453.92983993559
29.0913655554556	29.673292405539698	29.382328980497647	3.934339384680331e7	6231.705634788073	4.2113179302640553e9	38479.74731110549
29.673292405539694	30.266857792625476	29.970075099082585	3.943714719816781e7	5886.229643757837	4.250755077462223e9	36599.52627960896
30.266857792625476	30.872294487452972	30.569576140039224	3.9529374419883e7	5559.660958075933	4.290284451882106e9	34808.936392036034
30.872294487452976	31.489839916177022	31.181067201814997	3.962009470898254e7	5250.982706837453	4.329904546591088e9	33103.83849869115
31.489839916177026	32.11973625347555	31.80478808482629	3.970932722307084e7	4959.2314112555305	4.369613873814159e9	31480.27669932804
32.11973625347555	32.76223051752005	32.4409833854978	3.979709116775639e7	4683.494286018222	4.409410964981915e9	29934.470692357747
32.762230517520045	33.41757466684543	33.08990259218274	3.988340546224877e7	4422.906620754486	4.449294370444164e9	28462.808414626485
33.41757466684544	34.08602569915733	33.751800183001386	3.9968289115020394e7	4176.649373749737	4.489262659559185e9	27061.838967227464
34.08602569915733	34.76784575211546	34.4269357256364	4.005175948900288e7	3943.9466620107687	4.529314419048188e9	25728.265804851566
34.76784575211547	35.46330220613277	35.11557397912412	4.013382099391832e7	3724.062536747922	4.569448240042107e9	24458.940132237145
35.46330220613276	36.1726677892304	35.81798499768158	4.02141929966763e7	3516.275420394564	4.609662433038783e9	23250.85320715526
36.1726677892304	36.896220683989995	36.5344442366102	4.029021936909249e7	3319.710998327266	4.649952652407875e9	22101.11944793214
36.89622068399	37.63424463664479	37.265232660317395	4.035370716897977e7	3133.150439092185	4.690306359576855e9	21006.949452905083
37.63424463664479	38.38702906835267	38.01063685249873	4.039343647066235e7	2955.328912025643	4.730699796047517e9	19965.64179668178
38.38702906835267	39.154869188694704	38.77094912852368	4.0401907447719425e7	2785.44215807307	4.771101703495236e9	18974.604521279394
39.15486918869471	39.93806611144359	39.54646765006915	4.047605864282419e7	2629.5884891190217	4.811577762138061e9	18031.74699223828
39.93806611144358	40.73692697264744	40.337496542045514	4.0551132995631784e7	2482.503719122523	4.852128895133693e9	17134.795533375793
40.73692697264744	41.55176505107537	41.1443460118614	4.0624575969397254e7	2343.5441483748714	4.89275347110309e9	16281.570516522066
41.55176505107538	42.38289989107187	41.967332471073625	4.070550219374474e7	2212.7626902319726	4.933458973296835e9	15470.021118376255
42.382899891071865	43.23065742786829	42.806778659470076	3.977736729961349e7	2037.5826014947118	4.973236340596449e9	14695.18199027249
43.23065742786829	44.09537011540064	43.66301377163447	4.11307690492107e7	1985.379451090431	5.014367109645659e9	13962.029144370368
44.09537011540065	44.97737705668364	44.536373586042146	1.9659839201435477e7	894.2402168095626	5.034026948847095e9	13208.22783015317
44.977377056683636	45.87702413679229	45.42720059673796	1.5973051152893513e7	684.6359501955711	5.049999999999988e9	12485.819472326626
