-0.0	9.953897499377266e-5	4.976948749688633e-5	0.053636570843941495	1.2983533478927774e10	0.053636570843941495	1.2983533478927774e10
9.953897499377264e-5	0.0002010687294874207	0.00015030385224059668	0.3727574799303256	1.2458773136714333e10	0.42639405077426706	1.2522439038986273e10
0.00020106872948742055	0.0003046290790709416	0.00025284890427918107	1.0435887017068841	1.2370144724095211e10	1.469982752481151	1.2413937575142355e10
0.0003046290790709413	0.0004102606356461327	0.000357444857358537	2.104162528235874	1.231709971906728e10	3.574145280717025	1.2356743922208874e10
0.000410260635646133	0.0005180048233528283	0.00046413272949948065	3.6884991389745396	1.2589707067530203e10	7.262644419691565	1.2473971896972786e10
0.0005180048233528285	0.0006279038948136576	0.000572954359083243	5.920046928211616	1.3018223195575174e10	13.18269134790318	1.271264570923892e10
0.000627903894813658	0.0007400009477037037	0.0006839524212586809	8.364053188583732	1.266455302127582e10	21.546744536486912	1.2693933695256037e10
0.0007400009477037037	0.0008543399416515503	0.000797170444677627	11.869109031999638	1.2976799853641436e10	33.415853568486554	1.2792982847725744e10
0.0008543399416515499	0.0009709657154783534	0.0009126528285649516	15.80112736443456	1.292652747800508e10	49.21698093292112	1.2835555659504173e10
0.0009709657154783537	0.0010899240047816932	0.0010304448601300233	20.470645376938975	1.2882358627606333e10	69.6876263098601	1.2849268653405224e10
0.0010899240047816928	0.001211261459871099	0.001150592732326396	25.867137820465857	1.2802597136467043e10	95.55476413032595	1.2836600891038597e10
0.0012112614598710993	0.0013350256640622935	0.0012731435619666963	31.65506164152135	1.2547049585037798e10	127.2098257718473	1.2763306688396742e10
0.0013350256640622929	0.0014612651523373112	0.001398145408199802	38.4694829590624	1.239685818889169e10	165.6793087309097	1.267630213703843e10
0.0014612651523373112	0.0015900294303778297	0.0015256472913575704	46.276833526056734	1.2279830265713373e10	211.95614225696642	1.2587570283517729e10
0.0015900294303778312	0.00172136899397916	0.0016556992121784958	54.97238876492104	1.2143632500666573e10	266.92853102188747	1.2493509722496767e10
0.0017213689939791588	0.0018553353488525142	0.0017883521714158364	64.23546774962475	1.1925048416504429e10	331.1639987715122	1.2379048130531237e10
0.001855335348852515	0.0019919810308233377	0.0019236581898379264	74.68464282798561	1.1748627720819752e10	405.8486415994978	1.2258007765104294e10
0.0019919810308233377	0.0021313596264335767	0.002061670328628457	86.23931512467335	1.1579652663128298e10	492.0879567241712	1.2133439318695627e10
0.0021313596264335767	0.0022735257939560205	0.0022024427101947986	98.41264036386274	1.1352323396330057e10	590.5005970880339	1.1995878942981699e10
0.00227352579395602	0.0024185352848289125	0.0023460305393924663	111.22667389835867	1.1086567050802e10	701.7272709863926	1.184192924525219e10
0.002418535284828912	0.0025664449655192624	0.0024924901251740872	124.72648897928927	1.0798362751011837e10	826.4537599656818	1.1671699113703163e10
0.002566444965519263	0.0027173128398234204	0.0026418789026713416	138.11324223258615	1.0434817639925083e10	964.5670021982679	1.147690716180938e10
0.0027173128398234204	0.002871198071613661	0.002794255455718541	153.9328377906296	1.01925418254424e10	1118.4998399888975	1.1281266429758986e10
0.002871198071613661	0.003028161008039706	0.0029496795398266835	169.86600700963245	9.895719075271824e9	1288.36584699853	1.107678447156829e10
0.003028161008039706	0.0031882632031942724	0.003108212105616989	187.1119675385924	9.624476295436434e9	1475.4778145371224	1.0868799415883854e10
0.0031882632031942715	0.003351567442251929	0.0032699153227231	205.26014414497095	9.352636119253801e9	1680.7379586820934	1.0657798630066767e10
0.0033515674422519306	0.0035181377660907414	0.0034348526041713357	224.13003976641764	9.073843013722576e9	1904.8679984485111	1.044329992235916e10
0.003518137766090741	0.0036880394964063277	0.0036030886312485343	244.0084208834588	8.801704676050411e9	2148.87641933197	1.0226714706598825e10
0.0036880394964063277	0.003861339261328226	0.003774689378867277	264.9633612542673	8.537668160570188e9	2413.839780586237	1.0009351676498777e10
0.0038613392613282265	0.004038105021548563	0.003949722141438395	287.3448456207505	8.2906738516168e9	2701.1846262069876	9.793385064362473e9
0.004038105021548562	0.0042184060969733045	0.0041282555592609335	310.153542248499	8.030940097797689e9	3011.3381684554865	9.576917836029482e9
0.004218406096973306	0.004402313193906544	0.004310359645439925	334.69404789786114	7.793754866491518e9	3346.032216353348	9.36264808478527e9
0.004402313193906543	0.004589898432778446	0.004496105813342494	360.4903282018635	7.563957012123089e9	3706.5225445552114	9.151005377161903e9
0.004589898432778446	0.0047812353764277865	0.004685566904603117	387.8062443448147	7.34550178434074e9	4094.3287889000258	8.94280442841688e9
0.0047812353764277865	0.004976399058950114	0.004878817217688951	415.3961222906055	7.114863388891165e9	4509.724911190631	8.736064744171877e9
0.004976399058950114	0.005175466015122888	0.005075932537036501	444.8029835414621	6.900353011190771e9	4954.527894732093	8.5322836576100235e9
0.005175466015122887	0.005378514310419117	0.005276990162771002	475.47302067118403	6.69099211929639e9	5430.000915403277	8.331521283181945e9
0.005378514310419117	0.005585623571621271	0.005482068941020194	508.0539517496553	6.494710729594962e9	5938.054867152932	8.134682448550448e9
0.005585623571621272	0.005796875018047469	0.00569124929483437	542.8022578224718	6.312000288677915e9	6480.857124975404	7.942587847918639e9
0.005796875018047468	0.006012351493402189	0.005904613255724828	579.2819907777078	6.13548913423277e9	7060.139115753112	7.755174285424279e9
0.006012351493402189	0.006232137498264004	0.006122244495833097	616.8339900391527	5.957861723726871e9	7676.9731057922645	7.571646510844265e9
0.006232137498264004	0.006456319223223056	0.00634422836074353	657.3606027952715	5.796833140932753e9	8334.333708587536	7.393112085879611e9
0.006456319223223056	0.006684984582681288	0.006570651902952172	699.7666565340628	5.640040898298735e9	9034.100365121598	7.219299706744656e9
0.0066849845826812875	0.006918223249328685	0.006801603916004986	745.7248707276789	5.499243905687175e9	9779.825235849277	7.051130740372442e9
0.006918223249328684	0.007156126689309029	0.007037174969318856	788.904635201849	5.328142884510034e9	10568.729871051126	6.884939476555068e9
0.00715612668930903	0.007398788198088982	0.007277457443699006	837.6841067962911	5.186446856248381e9	11406.413977847416	6.723241861970108e9
0.007398788198088982	0.007646302937044533	0.007522545567566758	888.8045456047921	5.049245698689386e9	12295.218523452208	6.565883034399463e9
0.007646302937044532	0.007898767970779194	0.0077725354539118635	943.6897299756313	4.92327984133776e9	13238.908253427839	6.413358154808317e9
0.007898767970779196	0.00815628230518855	0.008027525137983873	994.8388791135213	4.770247218597687e9	14233.74713254136	6.262588690429582e9
0.008156282305188549	0.008418946926286091	0.008287614615737321	1050.327810235887	4.632527144633883e9	15284.07494277725	6.114729280121908e9
0.008418946926286091	0.008686864839805583	0.008552905883045837	1113.0530512683063	4.518989697233882e9	16397.127994045557	5.971590032834559e9
0.008686864839805583	0.008960141111595467	0.008823502975700524	1173.2402542419632	4.387916756913896e9	17570.36824828752	5.831062634427836e9
0.008960141111595465	0.009238882908821145	0.009099512010208305	1242.6841022791386	4.284287615636484e9	18813.052350566657	5.695243088254389e9
0.009238882908821145	0.009523199541991339	0.009381041225406242	1309.1973199204965	4.163491139870647e9	20122.249670487152	5.562106126480968e9
0.009523199541991342	0.00981320250782494	0.009668201024908141	1385.132156862514	4.0658841826909466e9	21507.381827349665	5.433337122807449e9
0.009813202507824938	0.010109005532975208	0.009961104020400072	1458.6655633611513	3.954543804455178e9	22966.047390710817	5.307284203791112e9
0.010109005532975208	0.010410724618628483	0.010259865075801846	1539.9917592749503	3.8582570046301284e9	24506.03914998577	5.184914954603412e9
0.010410724618628481	0.010718478085994822	0.010564601352311652	1624.1258060999894	3.7624428331246696e9	26130.16495608576	5.065871495409204e9
0.01071847808599482	0.011032386622708487	0.010875432354351653	1711.2900107820349	3.66764599962247e9	27841.454966867794	4.949882605244439e9
0.011032386622708489	0.01135257333015643	0.01119247997643246	1802.8471938366981	3.576543295600237e9	29644.30216070449	4.83692857640945e9
0.01135257333015643	0.011679163771753329	0.01151586855095488	1898.825243993919	3.488583783307879e9	31543.12740469841	4.726948770969709e9
0.011679163771753329	0.012012286022182166	0.011845724896967749	1998.4933547454987	3.4020234092087846e9	33541.62075944391	4.619749650693667e9
0.012012286022182165	0.012352070717619578	0.012182178369900872	2103.494804356481	3.319324438944108e9	35645.11556380039	4.515357173502769e9
0.01235207071761958	0.012698651106965742	0.01252536091229266	2211.2092472241557	3.235994586932585e9	37856.32481102455	4.413438369494244e9
0.01269865110696574	0.013052163104098825	0.012875407105532283	2323.9873929641367	3.1555170064527774e9	40180.31220398869	4.313970996195884e9
0.013052163104098825	0.013412745341174571	0.013232454222636698	2438.311933137013	3.073034229501614e9	42618.62413712569	4.216555090602865e9
0.013412745341174571	0.013780539222991833	0.013596642282083203	2551.3900572698362	2.9858821990837135e9	45170.014194395524	4.1206239563384347e9
0.013780539222991831	0.014155688982445437	0.013968114102718634	2681.476025145657	2.9151286712505836e9	47851.49021954118	4.0272985133772893e9
0.01415568898244544	0.01453834173708812	0.01434701535976678	2819.357189478792	2.8483051968328915e9	50670.84740901997	3.9366330901586175e9
0.014538341737088116	0.014928647546823649	0.014733494641955882	2965.045111634836	2.784706888195905e9	53635.8925206548	3.8486242151814337e9
0.014928647546823649	0.01532675947275389	0.01512770350978877	3121.036622930383	2.7259177066816864e9	56756.929143585185	3.7633902428350554e9
0.015326759472753894	0.01573283363720274	0.015529796554978317	3285.599329303715	2.6695809899563427e9	60042.5284728889	3.680861803449564e9
0.01573283363720274	0.016147029284940564	0.01593993146107165	3450.127853628546	2.608689912769328e9	63492.65632651745	3.6004516965649743e9
0.01614702928494056	0.01656950884563314	0.01635826906528685	3619.793354091119	2.547823724745737e9	67112.44968060857	3.521969383822748e9
0.016569508845633144	0.017000437997539575	0.016784973421586358	3805.326287815057	2.4940835205839424e9	70917.77596842362	3.445769052373257e9
0.017000437997539575	0.017439985732484137	0.017220211865011856	3993.5165600235932	2.4380298544809623e9	74911.29252844721	3.3714778073440266e9
0.01743998573248414	0.017888324422127594	0.017664155077305867	4188.742734804164	2.3826406867050934e9	79100.03526325138	3.2989754215203114e9
0.017888324422127587	0.01834562988556391	0.018116977153845748	4392.53886473407	2.3286532634734473e9	83492.57412798546	3.2282068803994994e9
0.01834562988556391	0.018812081458268955	0.01857885567191643	4604.923293325957	2.2758584155833464e9	88097.49742131142	3.1591075427093e9
0.01881208145826896	0.019287862062428107	0.019049971760348533	4828.637760166024	2.2253420884799075e9	92926.13518147744	3.091697475035489e9
0.019287862062428104	0.019773158278670433	0.01953051017054927	5054.970521287069	2.1729630288711486e9	97981.1057027645	3.025698141182952e9
0.019773158278670436	0.020268160419237614	0.020020659348954025	5288.843983297631	2.121118536138466e9	103269.94968606214	2.9610269291839395e9
0.02026816041923761	0.020773062602616132	0.02052061151092687	5535.188280244645	2.0716328023262763e9	108805.1379663068	2.8977385931823745e9
0.020773062602616132	0.021288062829662224	0.02103056271613918	5781.951712295007	2.0199177565976799e9	114587.0896786018	2.83555875042298e9
0.021288062829662228	0.02181336306124924	0.021550712945455734	6023.179836664655	1.9645522655438545e9	120610.26951526645	2.7741362999796534e9
0.021813363061249234	0.022349169297467986	0.02208126617935861	6262.621897980422	1.907520918786541e9	126872.89141324688	2.713289112271768e9
0.02234916929746799	0.022895691658411117	0.022622430477939555	6546.743916047481	1.8625498588136454e9	133419.63532929437	2.653810064730886e9
0.02289569165841112	0.02345314446657311	0.023174418062492114	6843.763462906558	1.8190238946788545e9	140263.39879220093	2.595688140115156e9
0.023453144466573112	0.024021746330898344	0.023737445398735728	7153.799832038466	1.7767647022780786e9	147417.1986242394	2.5389012836259704e9
0.024021746330898337	0.02460172023251007	0.024311733281704204	7479.255520580357	1.7361514792709973e9	154896.45414481976	2.4834558315690207e9
0.02460172023251007	0.02519329361215404	0.024897506922332058	7822.614878009525	1.6974668739580343e9	162719.0690228293	2.4293774565929914e9
0.02519329361215404	0.02579669845939089	0.025494996035772467	8184.076397068516	1.660431051371031e9	170903.1454198978	2.3766709892569556e9
0.025796698459390893	0.02641217140357248	0.026104434931481686	8563.792495674508	1.6247950747303672e9	179466.9379155723	2.3253242600335264e9
0.026412171403572472	0.02703995380663769	0.02672606260510508	8962.85377390652	1.5905135665638304e9	188429.79168947882	2.2753233445861917e9
0.027039953806637693	0.027680291857764213	0.027360122832200955	9382.575782837326	1.5575679354347186e9	197812.36747231614	2.226654509339998e9
0.027680291857764217	0.028333436669913267	0.028006864263838742	9828.380466425731	1.5265602817066782e9	207640.74793874187	2.1793461241537147e9
0.028333436669913267	0.0289996443783053	0.02866654052410928	10303.31545891022	1.497570795982659e9	217944.0633976521	2.1334300985059636e9
0.0289996443783053	0.02967917624086517	0.029339410309585236	10814.455195694249	1.471169732397005e9	228758.51859334635	2.0889744968970032e9
0.02967917624086517	0.030372298740676238	0.030025737490770706	11381.864618814378	1.449395480292807e9	240140.38321216073	2.0461788966902168e9
0.03037229874067624	0.031079283690483534	0.03072579121557989	11916.381700677632	1.42068914551089e9	252056.76491283835	2.0044570108706696e9
0.031079283690483534	0.03180040833928697	0.03143984601488525	12476.181270894855	1.3927770812548375e9	264532.9461837332	1.9637810710719764e9
0.03180040833928697	0.03253595548106648	0.03216818191017672	13047.492319829997	1.3640639137369938e9	277580.4385035632	1.924019869601892e9
0.03253595548106647	0.033286213565681566	0.03291108452337402	13630.295779759219	1.3346934738199255e9	291210.7342833224	1.885061763008738e9
0.033286213565681566	0.034051476811988966	0.03366884518883527	14233.315374087597	1.305600220172932e9	305444.04965741	1.8468652242169662e9
0.03405147681198896	0.0348320453232225	0.03444176106760573	14855.207808144361	1.2766403072487397e9	320299.2574655544	1.8093825273928883e9
0.03483204532322251	0.03562822520468072	0.03523013526395162	15477.52629977346	1.2463309571959257e9	335776.7837653279	1.7724724321033525e9
0.03562822520468072	0.036440328683768106	0.03603427694422441	16081.607153249119	1.2135514906296203e9	351858.390918577	1.735930950118164e9
0.036440328683768106	0.03726867423243723	0.036854501458102665	16602.9749555016	1.1742623649331846e9	368461.3658740786	1.699305711391095e9
0.03726867423243723	0.03811358669207974	0.037691130462258485	17265.707170616643	1.1446330448665664e9	385727.07304469525	1.6632290129134793e9
0.03811358669207974	0.0389753974009151	0.03854449204649742	17977.985431486886	1.117317312399577e9	403705.05847618217	1.627810800897164e9
0.0389753974009151	0.039854444323927166	0.039414920862421134	18719.709011816336	1.090781723688099e9	422424.7674879985	1.5930539710518947e9
0.03985444432392717	0.04075107218539948	0.040302758254663326	19502.939007644898	1.0655909352340246e9	441927.7064956434	1.5589977977961488e9
0.04075107218539948	0.041665632604101235	0.04120835239475036	20331.80843572637	1.0417545745879792e9	462259.5149313698	1.52567949637201e9
0.04166563260410123	0.042598484231177014	0.04213205841763912	21201.350174271298	1.0188212268089274e9	483460.865105641	1.4931047514519978e9
0.04259848423117702	0.04354999289079432	0.043074238560985675	22111.53843079268	9.966518406445011e8	505572.4035364337	1.4612700578957915e9
0.04354999289079433	0.04452053172360398	0.044035262307199154	23063.556507110046	9.751799019703462e8	528635.9600435437	1.4301680286698627e9
0.04452053172360398	0.04551048133306982	0.0450155065283369	24058.374945985575	9.543365373032094e8	552694.3349895293	1.3997875212603378e9
0.04551048133306983	0.04652022993472499	0.04601535563389741	25097.322686068055	9.340739873162315e8	577791.6576755974	1.3701152487681906e9
0.04652022993472498	0.04755017350841324	0.04703520172156911	26182.24494427529	9.143662982157676e8	603973.9026198726	1.3411373146247191e9
0.04755017350841324	0.04860071595357527	0.04807544473099426	27315.30032286574	8.951969826633084e8	631289.2029427383	1.3128398508603728e9
0.04860071595357527	0.04967226924764054	0.0491364926006079	28498.970769622043	8.765567106170331e8	659788.1737123603	1.2852094633843322e9
0.04967226924764054	0.05076525360758711	0.05021876142761382	29736.119399567557	8.584427611053619e8	689524.2931119279	1.2582336103751404e9
0.05076525360758711	0.051880097654732615	0.05132267563115986	31030.128369201713	8.408604640322012e8	720554.4214811296	1.2319010445550168e9
0.05188009765473262	0.053017238582821036	0.052448668118776826	32385.2838419057	8.238300181654351e8	752939.7053230352	1.2062026533844595e9
0.053017238582821036	0.054177122329471215	0.05359718045614613	33806.89072523291	8.073838663435516e8	786746.5960482681	1.1811320745001645e9
0.05417712232947121	0.055360203751054396	0.0547686630402628	35301.56456389141	7.915681091770484e8	822048.1606121595	1.15668635671542e9
0.055360203751054396	0.056566946801069246	0.05596357527606182	36877.35829440862	7.764391069870025e8	858925.5189065682	1.1328663621176567e9
0.05656694680106925	0.057797824712084396	0.057182385756576824	38548.814836390564	7.62157763293886e8	897474.3337429587	1.1096830371621249e9
0.057797824712084396	0.05905332018131985	0.05842557244670212	40360.657088202635	7.493945841922222e8	937834.9908311614	1.0871885316019063e9
0.05905332018131985	0.06033392555994001	0.05969362287062993	42377.97294054646	7.389966383275019e8	980212.963771708	1.0654843700514956e9
0.060333925559939994	0.06164014304613255	0.06098703430303627	44648.004728952605	7.312823083442408e8	1.0248609685006606e6	1.0446851719945501e9
0.06164014304613256	0.06297248488204897	0.06230631396409077	46614.46190395164	7.171573919506612e8	1.0714754304046123e6	1.0243328841648548e9
0.06297248488204897	0.06433147355468372	0.06365197921836635	48577.09004469136	7.020458443089733e8	1.1200525204493038e6	1.0043365789636681e9
0.06433147355468372	0.06571764200077115	0.06502455777772743	50417.11270433003	6.845116391907322e8	1.170469633153634e6	9.845224523206062e8
0.06571764200077114	0.06713153381578033	0.06642458790827574	52314.236113670464	6.672978246293046e8	1.2227838692673044e6	9.648979452874006e8
0.06713153381578033	0.06857370346708969	0.067852618641435	53949.8568689225	6.465684447348096e8	1.276733726136227e6	9.452330673634588e8
0.06857370346708969	0.07004471651142524	0.06930920998925746	55467.47682290967	6.246170332112063e8	1.3322012029591366e6	9.254544891015987e8
0.07004471651142524	0.0715451498166475	0.07079493316403637	57523.9981060941	6.086980284398801e8	1.3897252010652306e6	9.059406172664381e8
0.07154514981664752	0.07307559178797422	0.07231037080231087	59684.25326317214	5.934930592330666e8	1.4494094543284029e6	8.867178626362264e8
0.07307559178797422	0.07463664259872746	0.07385611719335083	62011.29948927142	5.795018374328175e8	1.5114207538176742e6	8.678416445594585e8
0.07463664259872745	0.07622891442569575	0.0754327785122116	64497.22855725617	5.664709501850829e8	1.5759179823749303e6	8.493482508935496e8
0.07622891442569575	0.07785303168920342	0.07704097305744959	67098.19323213224	5.538905767556801e8	1.6430161756070624e6	8.312403992690797e8
0.07785303168920343	0.07950963129798126	0.07868133149359235	69816.46002394774	5.417151251338513e8	1.7128326356310102e6	8.135178775819227e8
0.07950963129798126	0.08119936289893465	0.08035449709845796	72651.7768694296	5.2988578872681963e8	1.7854844125004397e6	7.961769287290802e8
0.08119936289893465	0.0829228891319071	0.08206112601542087	75603.06869951294	5.183471957417747e8	1.8610874811999525e6	7.792106925807686e8
0.08292288913190708	0.08468088588953898	0.08380188751072304	78673.16348234189	5.0707844770065826e8	1.9397606446822945e6	7.626115109049531e8
0.084680885889539	0.08647404258232352	0.08557746423593127	81865.63397491252	4.960652519538601e8	2.021626278657207e6	7.463713802965193e8
0.08647404258232352	0.08830306240896375	0.08738855249564365	85184.68025451232	4.8529774731220174e8	2.1068109589117193e6	7.304822425816852e8
0.08830306240896375	0.09016866263213678	0.08923586252055027	88634.86723082322	4.7476804446163446e8	2.1954458261425425e6	7.149361064450351e8
0.09016866263213677	0.09207157485977326	0.09112011874595502	92220.92880221707	4.644687863722893e8	2.2876667549447594e6	6.99725073639765e8
0.09207157485977327	0.09401254533196249	0.09304206009586788	95948.32108766187	4.5439568844185936e8	2.383615076032421e6	6.848415176413724e8
0.09401254533196249	0.09599233521359549	0.09500244027277899	99822.87596481727	4.4454514861715853e8	2.483437951997238e6	6.702781057939924e8
0.09599233521359549	0.09801172089286114	0.09700202805322831	103850.46595783578	4.349126102984365e8	2.587288417955074e6	6.560277209881488e8
0.09801172089286114	0.10007149428571212	0.09904160758928662	108037.2950638175	4.2549394023108083e8	2.6953257130188914e6	6.42083471904111e8
0.10007149428571215	0.10217246314642014	0.10112197871606615	112390.1116785736	4.1628607394174975e8	2.807715824697465e6	6.284387416744267e8
0.10217246314642012	0.10431545138434227	0.10324395726538119	116916.24481517763	4.072867950246688e8	2.924632069512643e6	6.150872201391261e8
0.10431545138434228	0.10650129938702288	0.10540837538568258	121623.30715289098	3.984934460675638e8	3.046255376665534e6	6.020228563432711e8
0.10650129938702287	0.10873086434975707	0.10761608186838997	126518.45427272792	3.899006834396521e8	3.172773830938262e6	5.89239678898021e8
0.1087308643497571	0.11100502061174598	0.10986794248075155	131609.8341550934	3.815053972927907e8	3.3043836650933553e6	5.76731924261794e8
0.11100502061174598	0.11332465999897465	0.11216484030536031	136906.3938622446	3.7330553546088135e8	3.4412900589556e6	5.644940860464156e8
0.11332465999897466	0.11569069217394791	0.11450767608646129	142417.68734553494	3.6529923771270573e8	3.583707746301135e6	5.525209091802459e8
0.1156906921739479	0.11810404499242061	0.11689736858318425	148153.84988183447	3.5748462183087677e8	3.7318615961829694e6	5.408073716707218e8
0.11810404499242058	0.12056566486726274	0.11933485492984167	154126.0896460047	3.498608024643471e8	3.885987685828974e6	5.2934872874508435e8
0.12056566486726275	0.12307651713960176	0.12182109100343225	160346.81683593374	3.4242776709189904e8	4.046334502664908e6	5.1814054679571956e8
0.12307651713960176	0.12563758645738754	0.12435705179849466	166829.76830277525	3.351862270103697e8	4.213164270967683e6	5.071787263001495e8
0.12563758645738754	0.12824987716152902	0.12694373180945828	173590.84950942796	3.2813881952509487e8	4.386755120477111e6	4.964595953279829e8
0.12824987716152905	0.13091441367975337	0.12958214542064123	180649.36053388182	3.212915130123749e8	4.567404481010993e6	4.859800812360586e8
0.13091441367975337	0.1336322409283422	0.13227332730404778	188029.59275780283	3.146550145929449e8	4.7554340737687955e6	4.7573795570927614e8
0.1336322409283422	0.13640442472190278	0.1350183328251225	195764.50361340155	3.0824875027239937e8	4.951198577382197e6	4.657323021616072e8
0.13640442472190276	0.13923205219133455	0.13781823845661867	203902.87372310268	3.021083068138575e8	5.155101451105299e6	4.5596439799224436e8
0.13923205219133455	0.14211623221015499	0.14067414220074476	212522.1171679755	2.9629760553427297e8	5.367623568273275e6	4.4643926762057626e8
0.142116232210155	0.14505809582935186	0.14358716401975344	221742.7591357813	2.90918017945237e8	5.589366327409056e6	4.371676814602472e8
0.14505809582935186	0.14805879672093264	0.14655844627514225	231890.09506887296	2.862943330832236e8	5.821256422477929e6	4.281791090799713e8
0.1480587967209326	0.151119511630345	0.1495891541756388	244177.80191179868	2.8369917489973897e8	6.065434224389727e6	4.195769908216705e8
0.15111951163034504	0.1542414408379457	0.15268047623414538	259440.8773151478	2.836764910949303e8	6.324875101704875e6	4.114907944891023e8
0.15424144083794566	0.15742580862969832	0.155833624733822	269290.4493844697	2.7710885720724845e8	6.594165551089345e6	4.0349990666990876e8
0.15742580862969832	0.16067386377728604	0.15904983620349217	273135.41404566023	2.645228599541373e8	6.867300965135004e6	3.952407907663521e8
0.160673863777286	0.16398688002782547	0.16233037190255573	278025.6498245401	2.534176110708046e8	7.145326614959546e6	3.868175469621325e8
0.1639868800278255	0.16736615660337575	0.16567651831560062	285998.14624978206	2.4535371673284405e8	7.431324761209329e6	3.78420541203571e8
0.16736615660337573	0.17081301871043697	0.16908958765690635	295102.16918937955	2.3828124433527872e8	7.726426930398708e6	3.701069060064139e8
0.170813018710437	0.17432881805963948	0.17257091838503824	305311.74882778205	2.320381153792262e8	8.031738679226491e6	3.6192068355571556e8
0.17432881805963946	0.17791493339582598	0.17612187572773272	316346.9968585911	2.2630179053595722e8	8.348085676085082e6	3.538841251643721e8
0.17791493339582598	0.18157277103873623	0.17974385221728112	328027.40854435955	2.208781550280544e8	8.67611308462944e6	3.460066375627312e8
0.18157277103873626	0.18530376543450472	0.1834382682366205	340246.45955313626	2.15657367298007e8	9.016359544182576e6	3.382905601281817e8
0.18530376543450472	0.18910937971818856	0.18720657257634665	352953.9899064333	2.1058446185361767e8	9.36931353408901e6	3.3073484476296264e8
0.18910937971818853	0.19299110628754604	0.19105024300286727	366133.8224572501	2.05633996737174e8	9.73544735654626e6	3.233370089138667e8
0.19299110628754604	0.1969504673882907	0.19497078683791835	379787.41062735906	2.0079439004570895e8	1.011523476717362e7	3.1609404218475986e8
0.1969504673882907	0.20098901571105024	0.19896974154967045	393924.3197286262	1.9605984929806617e8	1.0509159086902246e7	3.090027802672345e8
0.20098901571105027	0.205108335000265	0.20304867535565763	408556.49721445807	1.9142629134842807e8	1.0917715584116705e7	3.020600149355006e8
0.20510833500026499	0.20931004067526401	0.20720918783776449	423708.22302945476	1.868953531060678e8	1.134142380714616e7	2.952628340060807e8
0.20931004067526404	0.21359578046376304	0.21145291056951354	439479.64758963865	1.824991738522882e8	1.1780903454735799e7	2.886104024902346e8
0.213595780463763	0.217967235048032	0.2157815077558975	455872.737493698	1.782233021931065e8	1.2236776192229496e7	2.821010887380063e8
0.217967235048032	0.22242611872398638	0.2201966768860092	472901.92969221977	1.7405989566145912e8	1.2709678121921716e7	2.757329021668156e8
0.2224261187239864	0.22697418007345985	0.22470014939872313	490600.33712179825	1.700082962283963e8	1.3200278459043514e7	2.6950393810326105e8
0.22697418007345982	0.23161320264992274	0.22929369136169128	508958.6882553932	1.6605316457625902e8	1.3709237147298908e7	2.6341150774812305e8
0.23161320264992277	0.23634500567791494	0.23397910416391887	527775.7939305726	1.6212276313568065e8	1.4237012941229481e7	2.574488653822345e8
0.23634500567791494	0.24117144476646696	0.23875822522219095	547163.7262155039	1.5825197258075008e8	1.4784176667444985e7	2.5161172725309202e8
0.24117144476646696	0.24609441263679002	0.2436329287016285	567176.6697444734	1.5445242963284403e8	1.5351353337189458e7	2.4589675520608583e8
0.24609441263679002	0.2511158398645195	0.24860512625065478	587853.6963173333	1.5072916460315514e8	1.5939207033506792e7	2.4030111087473875e8
0.2511158398645195	0.25623769563680365	0.2536767677506616	609224.9954174303	1.470836369826154e8	1.6548432028924223e7	2.3482221542098144e8
0.2562376956368037	0.2614619885245335	0.25884984208066864	631316.0819001509	1.4351553726690382e8	1.7179748110824373e7	2.2945762974766076e8
0.26146198852453345	0.2667907672700178	0.26412637789727567	654150.390709777	1.4002377130045652e8	1.783389850153415e7	2.2420499980313063e8
0.2667907672700179	0.27222612159041193	0.26950844443021493	677750.832459455	1.366069706910089e8	1.8511649333993603e7	2.190620351777237e8
0.27222612159041193	0.2777701829972139	0.2749981522938129	702140.1370698696	1.3326363118106878e8	1.9213789471063472e7	2.1402649712640887e8
0.2777701829972139	0.2834251256321519	0.28059765431468287	727340.5997015623	1.2999210945366028e8	1.9941130070765033e7	2.0909618713685557e8
0.2834251256321519	0.28919316711978865	0.28630914637597027	753371.2903131234	1.2679020194603182e8	2.0694501361078158e7	2.0426891149291432e8
0.28919316711978865	0.29507656943717814	0.2921348682784834	780245.6178012278	1.2365493575447284e8	2.1474746978879385e7	1.9954243572223717e8
0.2950765694371781	0.30107763980091534	0.2980771046190467	807974.1927582074	1.205832540169757e8	2.228272117163759e7	1.9491448196405438e8
0.3010776398009154	0.3071987315719274	0.30413818568642137	836590.9542053181	1.1757577461077148e8	2.311931212584291e7	1.903829467318927e8
0.3071987315719274	0.31344224517835967	0.31032048837514353	866116.8283836984	1.1463097870263894e8	2.3985428954226613e7	1.8594576517715132e8
0.31344224517835967	0.3198106290569206	0.31662643711764016	896589.4822379133	1.1174949082556343e8	2.4882018436464526e7	1.8160103415250167e8
0.3198106290569206	0.3263063806130527	0.32305850483498666	928069.717905534	1.0893422376031221e8	2.581008815437006e7	1.773471363748098e8
0.32630638061305267	0.33293204720030745	0.32961921390668003	960586.5077873504	1.0618358379533705e8	2.677067466215741e7	1.7318245950714257e8
0.3329320472003074	0.33969022711930724	0.3363111371598073	994150.207238009	1.0349402576551417e8	2.7764824869395416e7	1.6910528158394316e8
0.3396902271193073	0.34658357063668715	0.34313689887799725	1.0287847000739473e6	1.0086378511930737e8	2.8793609569469362e7	1.6511388158832827e8
0.34658357063668715	0.3536147810244146	0.3500991758305509	1.064516236269629e6	9.829140851876047e7	2.9858125805738993e7	1.6120655748745856e8
0.3536147810244146	0.3607866156198966	0.3572006983221556	1.101372431930482e6	9.577560080686308e7	3.0959498237669475e7	1.5738163424639812e8
0.36078661561989656	0.3681018869072882	0.36444425126359237	1.139382640400557e6	9.33152251532687e7	3.2098880878070034e7	1.5363747137546307e8
0.3681018869072882	0.37556346362042764	0.3718326752638579	1.1785765811569914e6	9.090916291370468e7	3.3277457459227026e7	1.4997246184307572e8
0.3755634636204277	0.38317427186782993	0.3793688677441288	1.2189846464934503e6	8.855633793146424e7	3.4496442105720475e7	1.4638503247748438e8
0.38317427186782993	0.3909372962801802	0.3870557840740051	1.260637801722375e6	8.625570475391734e7	3.575707990744285e7	1.4287364366068375e8
0.3909372962801802	0.3988555811807775	0.39489643873047886	1.3035674294806109e6	8.400623633375303e7	3.7060647336923465e7	1.3943678832670915e8
0.3988555811807775	0.40693223177938675	0.40289390648008216	1.3478055827299166e6	8.180694030008635e7	3.840845291965338e7	1.360729919733483e8
0.4069322317793867	0.41517041538996813	0.41105132358467744	1.3933842637715125e6	7.965681391090727e7	3.980183718342489e7	1.3278081004823676e8
0.41517041538996813	0.4235733626727612	0.4193718890313647	1.4403364642681675e6	7.755490873966888e7	4.124217364769306e7	1.295588292681187e8
0.4235733626727612	0.4321443689012101	0.4278588657869856	1.4886952131380502e6	7.550027317573775e7	4.273086886083111e7	1.2640566550927925e8
0.4321443689012101	0.44088679525422797	0.436515582077719	1.5384942992425994e6	7.349199320286922e7	4.426936316007371e7	1.2331996420479013e8
0.4408867952542281	0.44980407013430634	0.4453454326942672	1.5897674766497503e6	7.152915166784905e7	4.5859130636723466e7	1.2030039834662697e8
0.4498040701343063	0.4588996905119861	0.4543518803231462	1.6425494950976027e6	6.961087808055145e7	4.7501680131821066e7	1.1734566951239307e8
0.4588996905119861	0.4681772232972195	0.4635384569046028	1.6968748608237514e6	6.77362914058119e7	4.919855499264482e7	1.1445450550008626e8
0.46817722329721945	0.4776403067381575	0.47290876501768847	1.7527788171792864e6	6.5904544746978596e7	5.09513338098241e7	1.1162566070956457e8
0.47764030673815755	0.48729265184791437	0.482466479293036	1.8102968617575385e6	6.411480388043647e7	5.276163067158164e7	1.0885791525365324e8
0.4872926518479144	0.4971380438598664	0.49221534785389043	1.8694648090990908e6	6.236625055027465e7	5.4631095480680734e7	1.061500743164366e8
0.4971380438598663	0.5071803437120573	0.5021591937859619	1.930318872260044e6	6.065808528870227e7	5.6561414352940775e7	1.035009677163016e8
0.5071803437120572	0.517423489561292	0.5123019166366747	1.9928956296636856e6	5.898952576820032e7	5.855430998260446e7	1.0090944940131621e8
0.5174234895612922	0.5278714983275118	0.522647493944402	2.0572318594909941e6	5.735980178349754e7	6.061154184209545e7	9.837439668467498e7
0.5278714983275117	0.5385284672690556	0.5331999827982836	2.1233645724845454e6	5.576815699418909e7	6.2734906414579995e7	9.589470962899229e7
0.5385284672690556	0.5493985755894304	0.543963521429243	2.1913311826464324e6	5.4213853502251305e7	6.4926237597226426e7	9.346931073547025e7
0.5493985755894303	0.5604860860762125	0.5549423308328214	2.261169382484906e6	5.26961678859123e7	6.718740697971134e7	9.1097144422724e7
0.5604860860762126	0.5717953467727306	0.5661407164244716	2.3329175259334673e6	5.12143994491079e7	6.952032450564481e7	8.877717701820701e7
0.5717953467727305	0.5833307926831788	0.5775630697279546	2.406614953053631e6	4.9767874253312044e7	7.192693945869845e7	8.650839698652722e7
0.5833307926831788	0.5950969475118361	0.5892138700975074	2.4823156498875474e6	4.835620694148111e7	7.440925510858598e7	8.428983037130651e7
0.595096947511836	0.6070984254370663	0.601097686474451	2.560102408413088e6	4.697947980820393e7	7.696935751699907e7	8.212056573994292e7
0.6070984254370664	0.6193399329208014	0.6132191791789339	2.6400208532723626e6	4.563696025705571e7	7.960937837027143e7	7.999970310416013e7
0.6193399329208014	0.631826270554211	0.6255831017375062	2.7221101845088284e6	4.4327815183672756e7	8.233148855478026e7	7.792634737384704e7
0.631826270554211	0.6445623349402889	0.63819430274725	2.8063854032508503e6	4.3050871143436514e7	8.51378739580311e7	7.5899588259878e7
0.6445623349402889	0.6575531206140883	0.6510577277771886	2.892804887888479e6	4.180425187790019e7	8.803067884591958e7	7.391846029890184e7
0.6575531206140883	0.6708037220013637	0.664178421307726	2.9813892742575034e6	4.058721981922837e7	9.101206812017709e7	7.19820122161033e7
0.6708037220013637	0.6843193354163847	0.6775615287088742	3.0722002346712076e6	3.939961826932368e7	9.40842683548483e7	7.008933980543695e7
0.6843193354163846	0.6981052610997059	0.6912122982580453	3.1653094921573745e6	3.824133752797973e7	9.724957784700567e7	6.823958587077728e7
0.6981052610997058	0.7121669052966936	0.7051360831981996	3.260769614563445e6	3.711195874039465e7	1.0051034746156912e8	6.643191948988366e7
0.7121669052966937	0.7265097823776212	0.7193383438371574	3.3586269191210633e6	3.6010969564616896e7	1.0386897438069017e8	6.4665529021071695e7
0.7265097823776212	0.7411395170001672	0.7338246496888943	3.458929756729234e6	3.493787239044369e7	1.073279041374194e8	6.2939621804812044e7
0.7411395170001672	0.7560618463151642	0.7486006816576657	3.5617245511348606e6	3.389214291519614e7	1.1088962868855426e8	6.1253421479362145e7
0.7560618463151642	0.771282622216461	0.7636722342658127	3.667060614187531e6	3.2873281203215327e7	1.145566893027418e8	5.960616841866374e7
0.7712826222164612	0.786807813635784	0.7790452179261226	3.774991953309958e6	3.1880821056073356e7	1.1833168125605175e8	5.79971206893954e7
0.7868078136357839	0.8026435088834932	0.7947256612596385	3.885574899450124e6	3.0914301883162886e7	1.2221725615550187e8	5.642555332062401e7
0.8026435088834933	0.8187959180361568	0.8107197134598251	3.998871932532947e6	2.9973295264285717e7	1.2621612808803484e8	5.489075915846824e7
0.8187959180361568	0.8352713753718736	0.8270336467040151	4.1149531153055658e6	2.9057405161302812e7	1.3033108120334041e8	5.339204968391559e7
0.8352713753718735	0.8520763418543045	0.843673858613089	4.233899677212175e6	2.8166280782584693e7	1.345649808805526e8	5.1928756529915586e7
0.8520763418543045	0.8692174076663841	0.8606468747603443	4.355806547968527e6	2.729961669722823e7	1.3892078742852113e8	5.050023291718595e7
0.8692174076663842	0.8867012947947055	0.8779593512305448	4.480793063083835e6	2.645719870011737e7	1.4340158049160495e8	4.910585766683862e7
0.8867012947947055	0.9045348596655932	0.8956180772301494	4.609011371230414e6	2.563891832472001e7	1.4801059186283538e8	4.7745039820669435e7
0.9045348596655932	0.9227250958338986	0.9136299777497459	4.740665868312982e6	2.4844834985295847e7	1.5275125773114836e8	4.641722659526491e7
0.9227250958338986	0.9412791367255702	0.9320021162797344	4.876052326596037e6	2.4075307572316997e7	1.5762731005774438e8	4.512191850134025e7
0.9412791367255703	0.9602042584350753	0.9507416975803228	5.0156348657998275e6	2.3331246618815217e7	1.626429449235442e8	4.385869819835284e7
0.9602042584350751	0.9795078825787702	0.9698560705069226	5.160213205088288e6	2.2614657507488213e7	1.678031581286325e8	4.2627289150582656e7
0.9795078825787704	0.9991975792053394	0.9893527308920549	5.3114644930348955e6	2.193051073309892e7	1.731146226216674e8	4.1427719255880885e7
0.9991975792053394	1.0192810697644397	1.0092393244848896	5.4737307112986185e6	2.1292747671501018e7	1.78588353332966e8	4.026082297280444e7
1.0192810697644394	1.0397662301347217	1.0295236499495806	5.662908406428947e6	2.075407210972758e7	1.8425126173939493e8	3.9130440488383204e7
1.039766230134722	1.06066109371241	1.050213661923566	5.933803106847673e6	2.0488684485346723e7	1.901850648462426e8	3.805028232826246e7
1.06066109371241	1.0819738545616517	1.0713174741370308	6.171168085990853e6	2.0075533681952093e7	1.9635623293223345e8	3.700886645236065e7
1.0819738545616517	1.1037128706278783	1.092843362594765	5.849482547004247e6	1.7928235304658826e7	2.022057154792377e8	3.59034759930441e7
1.1037128706278783	1.1258866670154293	1.1147997688216538	6.314870661251663e6	1.823503002237347e7	2.085205861404894e8	3.487998578444249e7
1.1258866670154293	1.1485039393307315	1.1371953031730804	6.283726341479335e6	1.709553678999776e7	2.1480431248196873e8	3.384986331889771e7
1.1485039393307315	1.1715735570923396	1.1600387482115355	6.417534088890854e6	1.6449724031181267e7	2.2122184657085958e8	3.2842085023642868e7
1.1715735570923396	1.1951045672091798	1.1833390621507598	6.572630105900772e6	1.5872891398513995e7	2.2779447667676035e8	3.1859346401272945e7
1.19510456720918	1.2191061975283572	1.2071053823687685	6.734510888297156e6	1.5323245935777321e7	2.3452898756505752e8	3.090176618907453e7
1.2191061975283572	1.243587860453918	1.2313470289911375	6.899810421619063e6	1.4791463307251183e7	2.4142879798667657e8	2.9968916454913385e7
1.243587860453918	1.2685591566379897	1.2560735085459538	7.067928619880402e6	1.4275679495855581e7	2.4849672660655698e8	2.9060286363168888e7
1.2685591566379897	1.294029878745743	1.2812945176918662	7.238777865687113e6	1.3775326170722093e7	2.5573550447224408e8	2.8175362005831122e7
1.2940298787457432	1.3200100152956515	1.3070199470206973	7.412343028646374e6	1.3290015441412047e7	2.6314784750089046e8	2.7313637019095875e7
1.3200100152956513	1.3465097545765579	1.3332598849361046	7.5886159370775875e6	1.2819384881051917e7	2.707364634379681e8	2.6474613610652305e7
1.3465097545765579	1.3735394886430825	1.3600246216098202	7.767586493396355e6	1.2363078427612051e7	2.785040499313644e8	2.5657802421994105e7
1.3735394886430825	1.4011098173909375	1.38732465301701	7.949244148176207e6	1.1920748527741956e7	2.864532940795406e8	2.4862722523166653e7
1.4011098173909378	1.42923155271375	1.415170685052344	8.133575407499665e6	1.1492051899043927e7	2.945868694870403e8	2.4088901162887327e7
1.4292315527137498	1.4579157227430182	1.443573637728384	8.32056506771164e6	1.107665158007432e7	3.0290743455475193e8	2.3335873652159095e7
1.4579157227430184	1.4871735761728722	1.4725446494579453	8.510196344391348e6	1.0674216938511219e7	3.114176308991433e8	2.2603183255430177e7
1.4871735761728724	1.5170165866713232	1.5020950814220977	8.702450124315746e6	1.0284422597310731e7	3.20120081023459e8	2.1890381026240576e7
1.517016586671323	1.547456457379743	1.532236522025533	8.89730520388266e6	9.90694878450673e6	3.2901738622734165e8	2.1197025672947884e7
1.547456457379743	1.5785051255023312	1.5629807914410372	9.09473893512807e6	9.541481991633397e6	3.3811212516246974e8	2.052268347062518e7
1.5785051255023315	1.6101747669873716	1.5943399462448515	9.294726149674328e6	9.187713685959335e6	3.474068513121441e8	1.986692810384038e7
1.6101747669873714	1.6424778013021122	1.6263262841447417	9.49724023377896e6	8.845341422259219e6	3.5690409154592305e8	1.922934058314117e7
1.6424778013021124	1.675426896303148	1.65895234880263	9.70225210502375e6	8.514067737156719e6	3.666063436509468e8	1.8609509102676947e7
1.6754268963031482	1.7090349732042047	1.6922309347536766	9.909731257487025e6	8.193601091020782e6	3.765160749084338e8	1.8007028960809313e7
1.7090349732042043	1.7433152116432817	1.726175092423743	1.0119644781562682e7	7.883654910468922e6	3.866357196899965e8	1.74215024301776e7
1.743315211643282	1.778281054851141	1.7607981332472114	1.033195804759434e7	7.58394814174053e6	3.9696767773759085e8	1.6852538667533644e7
1.778281054851141	1.813946214923157	1.7961136348871491	1.0546634633779522e7	7.294205091102179e6	4.075143123713704e8	1.6299753619791564e7
1.8139462149231576	1.850324678196614	1.8321354465598858	1.0763636148430252e7	7.014155225034302e6	4.182779485198006e8	1.5762769924178274e7
1.8503246781966136	1.8874307107355393	1.8688776944660765	1.0982922134102436e7	6.743533068429199e6	4.2926087065390307e8	1.5241216808488252e7
1.8874307107355395	1.9252788639252436	1.9063547873303914	1.1204450559066106e7	6.482078463933273e6	4.404653212129692e8	1.4734730012311062e7
1.9252788639252438	1.963883980178742	1.9445814220519928	1.142817765518363e7	6.2295363744262485e6	4.518934988681528e8	1.4242951701589787e7
1.9638839801787418	2.00326119875731	1.9835725894680258	1.165405781331484e7	5.985656758217531e6	4.6354755668146765e8	1.3765530381094946e7
2.00326119875731	2.0434259617074493	2.0233435802323796	1.1882043607366769e7	5.7501945315460395e6	4.754296002888344e8	1.3302120809976155e7
2.0434259617074497	2.084394019916592	2.0639099908120206	1.2112085928174786e7	5.522909579927523e6	4.875416862170092e8	1.2852383923030257e7
2.0843940199165925	2.1261814392899177	2.105287729603255	1.234413417948727e7	5.303566777912136e6	4.998858203964964e8	1.2415986757833801e7
2.126181439289917	2.168804607050709	2.147493023170313	1.257813613315613e7	5.091935847095555e6	5.1246395652965254e8	1.1992602378043253e7
2.168804607050709	2.2122802381667164	2.1905424226087127	1.281403802810526e7	4.887791336134376e6	5.252779945577578e8	1.1581909800132211e7
2.212280238166716	2.2566253819050437	2.23445281003588	1.3051784453022746e7	4.69091251431674e6	5.383297790107806e8	1.1183593918364026e7
2.2566253819050437	2.301857428518138	2.279241405211591	1.3291318758211816e7	4.50108346435443e6	5.516210977689924e8	1.0797345439611727e7
2.301857428518138	2.347994116063494	2.3249257722908157	1.353258293885568e7	4.318092960462269e6	5.651536807078481e8	1.0422860815038819e7
2.3479941160634943	2.3950535373597575	2.371523826711626	1.377551752737223e7	4.141734370737829e6	5.789291982352203e8	1.0059842170222657e7
2.3950535373597575	2.443054147081946	2.4190538422208516	1.4020061896815041e7	3.9718056925156387e6	5.929492601320354e8	9.707997241491081e6
2.443054147081946	2.492014768998578	2.467534458040262	1.4266154120755557e7	3.8081094421857414e6	6.072154142527909e8	9.367039309696527e6
2.4920147689985783	2.541954603353543	2.5169846861760607	1.4513731404234288e7	3.650452707842764e6	6.217291456570252e8	9.036687140981717e6
2.5419546033535427	2.592893234395607	2.567423918874575	1.4762729335517496e7	3.498646888089803e6	6.364918749925427e8	8.716664915991144e6
2.592893234395607	2.6448506380585126	2.61887193622706	1.5013083235472567e7	3.35250796850541e6	6.515049582280153e8	8.406702179262767e6
2.6448506380585126	2.6978471897946763	2.6713489139265945	1.5264726921475386e7	3.211856147220749e6	6.667696851494907e8	8.106533770015973e6
2.697847189794676	2.751903672565563	2.724875431180119	1.551759400054638e7	3.0765160646245237e6	6.82287279150037e8	7.815899770317237e6
2.751903672565563	2.8070412849918673	2.779472478778715	1.5771616223862994e7	2.9463163927845634e6	6.980588953739e8	7.5345454326179605e6
2.8070412849918673	2.863281649666698	2.8351614673292826	1.6026725666876048e7	2.821090215078346e6	7.140856210407761e8	7.262221133512071e6
2.863281649666698	2.920646821635025	2.8919642356508612	1.6282853549626527e7	2.7006747088098214e6	7.303684745904026e8	6.998682311920469e6
2.9206468216350245	2.979159297042718	2.9499030593388715	1.6539930256522046e7	2.5849110960281724e6	7.469084048469247e8	6.743689408096507e6
2.9791592970427185	3.038842021958566	3.009000659500642	1.679788554942453e7	2.4736446228499915e6	7.637062903963492e8	6.49700780504834e6
3.038842021958566	3.0997184013727304	3.069280211665648	1.7056649251853127e7	2.3667245940619064e6	7.807629396482023e8	6.258407775428481e6
3.0997184013727304	3.161812308375178	3.1307653548739545	1.7316150755690996e7	2.26400422281314e6	7.980790904038934e8	6.027664422889007e6
3.1618123083751777	3.2251480935176744	3.193480200946426	1.757631891343965e7	2.165340556272077e6	8.15655409317333e8	5.804557622608446e6
3.2251480935176753	3.289750594363022	3.2574493439403485	1.7837082563751683e7	2.0705944811860262e6	8.334924918810847e8	5.58887196565095e6
3.289750594363022	3.355645145225276	3.322697869794149	1.80983705063254e7	1.9796306486894984e6	8.5159086238741e8	5.380396702268756e6
3.3556451452252753	3.422857587104774	3.3892513661650248	1.8360111196018282e7	1.8923173744459464e6	8.699509735834284e8	5.178925682781737e6
3.4228575871047733	3.4914142778218618	3.4571359324633173	1.8622233635525137e7	1.80852666860852e6	8.885732072189535e8	4.984257303670142e6
3.4914142778218618	3.561342102353292	3.526378190087577	1.888466634798264e7	1.728134060404489e6	9.074578735669361e8	4.7961944467141675e6
3.5613421023532927	3.6326684833753515	3.5970052928643224	1.9147338554573715e7	1.6510186498511436e6	9.266052121215098e8	4.614544424698855e6
3.632668483375351	3.7054213920178514	3.6690449376966012	1.9410179564530432e7	1.5770629780047236e6	9.460153916860402e8	4.439118922821358e6
3.705421392017851	3.779629358833201	3.742525375425526	1.9673118626303513e7	1.5061529536666423e6	9.656885103123437e8	4.269733939307848e6
3.7796293588332013	3.8553214849848585	3.81747542190903	1.9936085833824545e7	1.4381778609616098e6	9.856245961461682e8	4.1062097299541077e6
3.855321484984859	3.932527453659549	3.893924469322204	2.01990116184476e7	1.3730302481187629e6	1.0058236077646158e9	3.948370749500162e6
3.9325274536595485	4.011277541707733	3.9719024976836406	2.046182685082365e7	1.3106058704071848e6	1.0262854346154397e9	3.7960455931475204e6
4.011277541707733	4.0916026315168805	4.051440086612306	2.0724463079061776e7	1.250803639905795e6	1.0470098976945014e9	3.6490669386035707e6
4.0916026315168805	4.1735342231222115	4.132568427319546	2.0986852420271546e7	1.1935255515612809e6	1.0679967501147729e9	3.5072714872515113e6
4.173534223122211	4.257104446559648	4.215319334840929	2.1248927678618915e7	1.1386766250034918e6	1.089245677793392e9	3.3704999054045244e6
4.257104446559648	4.3423460744658335	4.299725260512741	2.1510622302341625e7	1.086164836945701e6	1.1107563000957336e9	3.238596765093938e6
4.3423460744658335	4.429292534930143	4.385819304697988	2.177187104478439e7	1.0359010888817031e6	1.132528171140518e9	3.1114104864547895e6
4.429292534930143	4.517977924603739	4.473635229766941	2.203260865150062e7	987799.0761516063	1.1545607797920187e9	2.9887932759197396e6
4.5179779246037395	4.608437022070807	4.563207473337274	2.2292771812550765e7	941775.317536674	1.1768535516045694e9	2.8706010697310925e6
4.608437022070807	4.700705301487216	4.654571161779011	2.25522972836215e7	897749.0027356519	1.199405848888191e9	2.756693471946626e6
4.700705301487216	4.794818946491953	4.747762123989585	2.2811123501981884e7	855642.0000471927	1.222216972390173e9	2.6469336965060653e6
4.794818946491953	4.890814864396784	4.842816905444368	2.306918935770532e7	815378.7415724635	1.2452861617478783e9	2.5411885060504857e6
4.890814864396785	4.988730700659714	4.93977278252825	2.3326435674922537e7	776886.2159495458	1.2686125974228008e9	2.439328153889375e6
4.988730700659713	5.0886048536479	5.038667777153806	2.358280341698502e7	740093.8409903729	1.2921954008397858e9	2.341226321998383e6
5.0886048536479	5.19047648969585	5.139540671671876	2.3838235293975264e7	704933.4587695862	1.3160336361337612e9	2.246760062345457e6
5.19047648969585	5.29438555846476	5.242431024080306	2.4092675245868944e7	671339.2543178693	1.34012631137963e9	2.1558097369412915e6
5.29438555846476	5.400372808609048	5.347379183536904	2.4346068400138102e7	639247.6935553461	1.3644723797797682e9	2.0682589577973697e6
5.400372808609048	5.508479803756222	5.454426306182635	2.45983609378035e7	608597.4602530947	1.3890707407175713e9	1.9839945267397407e6
5.508479803756222	5.618748938806339	5.563614371281281	2.4849500572050236e7	579329.4092317611	1.4139202412896216e9	1.9029063760230928e6
5.618748938806339	5.7312234565574585	5.674986197681899	2.5099436257677846e7	551386.4994197049	1.4390196775472994e9	1.8248875085351341e6
5.731223456557458	5.845947464663599	5.788585460610529	2.534811845639315e7	524713.7418147086	1.4643677960036926e9	1.7498339384742898e6
5.8459474646636	5.962965952931865	5.904456708797732	2.5595498678396545e7	499258.1322364133	1.489963294682089e9	1.677644631594394e6
5.962965952931865	6.082324810965495	6.02264538194868	2.5841529996347804e7	474968.60612625827	1.515804824678437e9	1.6082214463131558e6
6.0823248109654955	6.204070846159798	6.143197828562647	2.6086166982686017e7	451795.9806866973	1.541890991661123e9	1.5414690749026947e6
6.204070846159798	6.328251802057986	6.266161324108892	2.632936545663087e7	429692.8953938751	1.568220357117754e9	1.4772949846626741e6
6.328251802057984	6.454916377074136	6.39158408956606	2.6571082818647847e7	408613.7639942177	1.5947914399364018e9	1.4156093597390275e6
6.454916377074137	6.584114243590612	6.519515310332375	2.6811277829278126e7	388514.7174680192	1.62160271776568e9	1.3563250430287626e6
6.584114243590613	6.715896067437418	6.650005155514016	2.7049910557597596e7	369353.5514933708	1.6486526283232777e9	1.299357478424856e6
6.715896067437417	6.850313527761158	6.783104797599288	2.7286942749422565e7	351089.6804530894	1.6759395710727003e9	1.244624653758445e6
6.850313527761158	6.9874193372913735	6.918866432526266	2.7522337569113757e7	333684.0830802248	1.703461908641814e9	1.1920470439147053e6
6.987419337291374	7.127267263012194	7.057343300151784	2.7756059196014848e7	317099.2486522559	1.7312179678378289e9	1.1415475541433448e6
7.127267263012194	7.26991214724743	7.198589705129812	2.798807252094835e7	301299.12681112724	1.7592060403587773e9	1.0930514637610544e6
7.269912147247429	7.41540992916737	7.3426610382074	2.8218290573170617e7	286248.54901776946	1.787424330931948e9	1.0464863397276803e6
7.415409929167371	7.56381766672571	7.489613797946541	2.8446466430261947e7	271912.3045771514	1.8158707973622093e9	1.0017819019001481e6
7.56381766672571	7.7151935590352165	7.6395056128804635	2.8663530697677165e7	258177.49712554913	1.8445343280598865e9	958865.4149540105
7.715193559035217	7.869596969190914	7.792395264113066	2.87983667447483e7	244424.6204936023	1.8733326948046348e9	917632.5918689271
7.869596969190913	8.027088447549723	7.948342708370317	2.782271117566132e7	222517.99921893093	1.9011554059802961e9	877515.6376725796
8.027088447549723	8.18772975547571	8.107409101512715	2.816067073776036e7	212225.47509902253	1.9293160767180564e9	839120.3900351794
8.187729755475711	8.351583889560217	8.269656822517964	2.905810622289579e7	206353.03314092022	1.9583741829409523e9	802602.5262744202
8.351583889560215	8.518715106326411	8.435149497943314	2.919014146491489e7	195330.01561537915	1.987564324405867e9	767556.4061465184
8.518715106326413	8.689188947427933	8.603952026877174	2.950777109476468e7	186062.4036654686	2.0170720955006318e9	733998.3585415712
8.689188947427933	8.863072265351484	8.776130606389708	2.977476325358335e7	176913.17299350604	2.0468468587542152e9	701849.2988996303
8.863072265351484	9.040433249633505	8.951752757492494	3.0026041661348104e7	168112.40622697148	2.0768729004155633e9	671047.9880010381
9.040433249633505	9.221341453601168	9.130887351617336	3.0262793123790346e7	159661.68440636827	2.1071356935393536e9	641536.8148495847
9.221341453601168	9.405867821648183	9.313604637624675	3.0491663725065883e7	151587.37105653321	2.1376273572644196e9	613263.017180796
9.405867821648183	9.59408471705614	9.49997626935216	3.071463712450894e7	143885.71273940697	2.1683419943889284e9	586176.6634046588
9.59408471705614	9.786065950372254	9.690075333714198	3.0932770475850746e7	136546.8435508679	2.199274764864779e9	560230.1363299405
9.786065950372253	9.98188680835469	9.883976379363471	3.1146752197762806e7	129558.63135884725	2.230421517062542e9	535377.8686644805
9.981886808354691	10.181624083496777	10.081755445925733	3.135702929296957e7	122907.78860999255	2.2617785463555117e9	511576.15789749415
10.181624083496777	10.385356104141705	10.28349009381924	3.1563920218740292e7	116580.6594252196	2.293342466574252e9	488783.0372980392
10.385356104141703	10.593162765199528	10.489259434670615	3.176765757221697e7	110563.55789193453	2.325110124146469e9	466958.17388982
10.59316276519953	10.805125559478512	10.69914416233902	3.1968420316793174e7	104842.98893579571	2.357078544463262e9	446062.78506809566
10.805125559478512	11.021327609643073	10.913226584560793	3.2166344655941054e7	99405.74639222065	2.389244889119203e9	426059.5656955809
11.021327609643073	11.241853700810926	11.131590655227	3.2361539197000556e7	94238.99958834115	2.4216064283162036e9	406912.62440875464
11.241853700810926	11.466790313802136	11.354322007306532	3.2554090217509642e7	89330.32840979414	2.4541605185337133e9	388587.4256297751
11.466790313802136	11.69622565905317	11.581507986427653	3.2744068527835082e7	84667.75182666977	2.486904587061548e9	371050.7365767641
11.69622565905317	11.930249711209225	11.813237685131197	3.2931532263411455e7	80239.73618392895	2.5198361193249598e9	354270.57781591
11.930249711209225	12.1689542444084	12.049601977808813	3.3116530452393956e7	76035.20021484986	2.552952649777354e9	338216.1769615133
12.1689542444084	12.41243286827156	12.290693556339981	3.329910426910852e7	72043.51025159431	2.586251754046462e9	322857.9247763193
12.41243286827156	12.660781064611983	12.536606966441772	3.3479289823458564e7	68254.47638786545	2.6197310438699207e9	308167.33358824876
12.660781064611983	12.914096224879215	12.787438644745599	3.3657118716603346e7	64658.34149713623	2.653388162586524e9	294116.9974773241
12.914096224879211	13.172477688351787	13.0432869566155	3.3832618715398975e7	61245.76967219783	2.687220781301923e9	280680.55409699463
13.17247768835179	13.436026781093817	13.304252234722803	3.400581547031008e7	58007.83576867689	2.721226596772233e9	267832.64809899795
13.436026781093817	13.704846855690684	13.57043681839225	3.417673177358125e7	54936.00988381285	2.755403328545814e9	255548.8957767732
13.70484685569068	13.979043331779485	13.841945093735083	3.43453895207209e7	52022.14646792505	2.789748718066535e9	243805.8511241946
13.979043331779488	14.258723737390069	14.118883534584779	3.451180830612752e7	49258.46771502387	2.824260526372663e9	232580.97289767908
14.258723737390067	14.54399775111286	14.401360744251463	3.4676008198070556e7	46637.553575446174	2.8589365345707335e9	221852.59300566284
14.54399775111286	14.834977245110109	14.689487498111484	3.4838006607168406e7	44152.32321835594	2.8937745411779017e9	211599.88565535203
14.834977245110109	15.131776328987302	14.983376787048705	3.499782203705563e7	41796.02653069722	2.928772363214957e9	201802.83779196945
15.131776328987304	15.43451139454204	15.283143861764671	3.51554716803659e7	39562.227384879516	2.9639278348953233e9	192442.22028083785
15.434511394542039	15.74330116140787	15.588906277974955	3.531097256554657e7	37444.79210217193	2.99923880746087e9	183499.5600890698
15.74330116140787	16.05826672361102	15.900783942509445	3.546434169986433e7	35437.87684123282	3.034703149160734e9	174957.1133470287
16.058266723611016	16.37953159705823	16.218899160334622	3.561559576135428e7	33535.91493031488	3.0703187449220886e9	166797.83923541848
16.37953159705823	16.707221767974385	16.543376682516307	3.5764751510101974e7	31733.60536042439	3.1060834964321904e9	159005.37471721924
16.707221767974385	17.041465742308862	16.874343755141624	3.59118256842123e7	30025.901124206874	3.1419953221164026e9	151564.01005670513
17.041465742308862	17.38239459613003	17.211930169219446	3.605683485328732e7	28407.9979685863	3.17805215696969e9	144458.66510388823
17.38239459613003	17.73014202702762	17.556268311578826	3.6199796016363665e7	26875.324145331913	3.2142519529860535e9	137674.86635769508
17.730142027027618	18.084844406543162	17.90749321678539	3.634072602778981e7	25423.52957993779	3.250592679013843e9	131198.72472928328
18.08484440654316	18.446640833649013	18.265742620096084	3.6479641885767266e7	24048.476154894	3.2870723208996105e9	125016.9140293008
18.446640833649013	18.815673189296984	18.631157011473	3.661656083819806e7	22746.228189265246	3.3236888817378087e9	119116.65014855353
18.815673189296984	19.192086192057914	19.00387969067745	3.675150001861583e7	21513.04299713135	3.3604403817564244e9	113485.67089653858
19.192086192057914	19.576027454874062	19.38405682346599	3.688447689724545e7	20345.362339273284	3.3973248586536703e9	108112.21651133893
19.576027454874062	19.967647542946533	19.771837498910298	3.701550915495493e7	19239.803837262774	3.434340367808625e9	102985.01079989919
19.967647542946533	20.367100032780453	20.167373787863493	3.714461442010624e7	18193.15269462532	3.4714849822287316e9	98093.24288995532
20.367100032780453	20.774541572411053	20.570820802595755	3.727181061977837e7	17202.354083230694	3.50875679284851e9	93426.54959663782
20.774541572411056	21.190131942834267	20.98233675762266	3.739711567843872e7	16264.505509698254	3.5461539085269485e9	88974.998367067
21.190131942834263	21.614034120665938	21.402083031750102	3.7520547926205516e7	15376.849836196967	3.583674456453154e9	84729.07080728404
21.614034120665938	22.046414342054245	21.83022423136009	3.7642125456057474e7	14536.768138234327	3.6213165819092116e9	80679.64674845741
22.04641434205425	22.487442167870324	22.266928254962288	3.7761866812759176e7	13741.773432270518	3.659078448721971e9	76817.98887137817
22.48744216787032	22.937290550202714	22.712366359036515	3.787979057050958e7	12989.504211472724	3.6969582392924805e9	73135.72784591252
22.937290550202718	23.39613590018176	23.16671322519224	3.79959206299882e7	12277.720159199323	3.7349541599224687e9	69624.8480812852
23.396135900181758	23.864158157160382	23.630147028671068	3.811029567671953e7	11604.29879874711	3.7730644555991883e9	66277.6741059181
23.864158157160386	24.34154085927858	24.102849508219485	3.822347157134459e7	10967.372919737893	3.8112879271705327e9	63086.865661749434
24.341540859278584	24.828471215439144	24.585006037358866	3.833965523161755e7	10366.130065955926	3.84962758240215e9	60045.45920373134
24.82847121543914	25.32514017872291	25.076805697081028	3.8489036726858504e7	9806.217682535018	3.888116619129009e9	57147.21882120597
25.325140178722915	25.83174252127236	25.57844134999764	3.860056056953391e7	9267.320950459167	3.9267171796985426e9	54385.096520929415
25.831742521272364	26.3484769106728	26.09010971597258	3.870872566702178e7	8757.207440629069	3.9654259053655643e9	51752.89910965149
26.348476910672794	26.875545987861237	26.612011449267015	3.881329684845867e7	8274.343249898682	4.004239202214023e9	49244.70228119675
26.87554598786124	27.413156446593455	27.144351217227346	3.891568236853345e7	7817.609065726554	4.0431548845825567e9	46854.859014468006
27.413156446593455	27.961519114500312	27.687337780546883	3.901629479224022e7	7385.700373596159	4.082171179374797e9	44577.97288646518
27.96151911450031	28.520849035765302	28.241184075132807	3.9115258818007074e7	6977.314396833766	4.121286438192804e9	42408.883709652786
28.520849035765302	29.091365555455596	28.80610729561045	3.9212622004762694e7	6591.199407462659	4.1604990601975665e9	40342.65684298444
29.0913655554556	29.673292405539698	29.382328980497647	3.930840999573417e7	6226.164448822191	4.1998074701933007e9	38374.57368083307
29.673292405539694	30.266857792625476	29.970075099082585	3.940264355876303e7	5881.079769603365	4.2392101137520638e9	36500.12271600506
30.266857792625476	30.872294487452972	30.569576140039224	3.9495342372834764e7	5554.874475970558	4.2787054561248984e9	34714.99098321367
30.872294487452976	31.489839916177022	31.181067201814997	3.95865258582684e7	5246.533715589879	4.318291981983167e9	33015.055834038896
31.489839916177026	32.11973625347555	31.80478808482629	3.967621334444003e7	4955.095874379474	4.357968195327607e9	31396.377024964346
32.11973625347555	32.76223051752005	32.4409833854978	3.9764424214508444e7	4679.649897285551	4.397732619542115e9	29855.18910756576
32.762230517520045	33.41757466684543	33.08990259218274	3.985117752981593e7	4419.332674796802	4.437583797071931e9	28387.894107195294
33.41757466684544	34.08602569915733	33.751800183001386	3.993649226219683e7	4173.326631936831	4.477520289334127e9	26991.054485181743
34.08602569915733	34.76784575211546	34.4269357256364	4.0020383771748565e7	3940.857056038094	4.517540673105876e9	25661.386353107464
34.76784575211547	35.46330220613277	35.11557397912412	4.010284778569724e7	3721.188497807136	4.557643520891573e9	24395.752871147146
35.46330220613276	36.1726677892304	35.81798499768158	4.018338039775918e7	3513.581207825889	4.597826901289332e9	23191.15551446463
36.1726677892304	36.896220683989995	36.5344442366102	4.0257860629879266e7	3317.044801316174	4.638084761919212e9	22044.711633725878
36.89622068399	37.63424463664479	37.265232660317395	4.031553205376309e7	3130.186439316336	4.678400293972976e9	20953.624552749472
37.63424463664479	38.38702906835267	38.01063685249873	4.03389784708406e7	2951.34456913664	4.718739272443816e9	19915.163106367978
38.38702906835267	39.154869188694704	38.77094912852368	4.033248724225855e7	2780.6560977326512	4.759071759686075e9	18926.761603568204
39.15486918869471	39.93806611144359	39.54646765006915	4.040695922481388e7	2625.0993407113633	4.799478718910889e9	17986.40492418791
39.93806611144358	40.73692697264744	40.337496542045514	4.048152019118409e7	2478.2420861378523	4.839960239102073e9	17091.823172681317
40.73692697264744	41.55176505107537	41.1443460118614	4.054410175459497e7	2338.9017645297567	4.8805043408566675e9	16240.809198983574
41.55176505107538	42.38289989107187	41.967332471073625	4.071923871773322e7	2213.5094115874913	4.921223579574401e9	15431.654163202975
42.382899891071865	43.23065742786829	42.806778659470076	4.0097727792210445e7	2053.9929627185975	4.9613213073666115e9	14659.974819379902
43.23065742786829	44.09537011540064	43.66301377163447	3.663163063190636e7	1768.2063427870023	4.997952937998518e9	13916.325441807936
44.09537011540065	44.97737705668364	44.536373586042146	2.8445580839118067e7	1293.8652303417398	5.026398518837636e9	13188.212434412317
44.977377056683636	45.87702413679229	45.42720059673796	2.360148116234616e7	1011.6052548093569	5.049999999999982e9	12485.81947232661
