-0.0	9.953897499377266e-5	4.976948749688633e-5	0.0888677532630186	2.1511767652794006e10	0.0888677532630186	2.1511767652794006e10
9.953897499377264e-5	0.0002010687294874207	0.00015030385224059668	0.5571899782112849	1.86231099477407e10	0.6460577314743035	1.8973572786398205e10
0.00020106872948742055	0.0003046290790709416	0.00025284890427918107	1.4797124718126389	1.753972364441348e10	2.125770203286942	1.7952032810017715e10
0.0003046290790709413	0.0004102606356461327	0.000357444857358537	2.8755717442475888	1.6832684475625923e10	5.001341947534531	1.7290931637979633e10
0.000410260635646133	0.0005180048233528283	0.00046413272949948065	4.883561438577841	1.6668733173426886e10	9.884903386112372	1.69778389133766e10
0.0005180048233528285	0.0006279038948136576	0.000572954359083243	7.623306542648276	1.6763702596267038e10	17.50820992876065	1.6883932419666025e10
0.000627903894813658	0.0007400009477037037	0.0006839524212586809	10.645296161712889	1.6118730312620752e10	28.153506090473538	1.6586205818529972e10
0.0007400009477037037	0.0008543399416515503	0.000797170444677627	14.820083378845528	1.6203175428169106e10	42.973589469319066	1.6452082897103317e10
0.0008543399416515499	0.0009709657154783534	0.0009126528285649516	19.506330867907316	1.595766657299428e10	62.47992033722638	1.6294467476232859e10
0.0009709657154783537	0.0010899240047816932	0.0010304448601300233	25.02207999144524	1.5746616783346922e10	87.50200032867161	1.6133950451033968e10
0.0010899240047816928	0.001211261459871099	0.001150592732326396	31.357783027075055	1.5520119232934748e10	118.85978335574667	1.5967342024434002e10
0.0012112614598710993	0.0013350256640622935	0.0012731435619666963	38.1714238065597	1.5129926223368395e10	157.03120716230637	1.5755366729739166e10
0.0013350256640622929	0.0014612651523373112	0.001398145408199802	46.11017920930119	1.4859085923519796e10	203.14138637160755	1.554256599637141e10
0.0014612651523373112	0.0015900294303778297	0.0015256472913575704	55.14445615150554	1.4632906144156902e10	258.2858425231131	1.533898079752591e10
0.0015900294303778312	0.00172136899397916	0.0016556992121784958	65.1576991672971	1.4393610520733952e10	323.4435416904102	1.5138677822553862e10
0.0017213689939791588	0.0018553353488525142	0.0017883521714158364	75.75676418123845	1.4063929358469637e10	399.20030587164865	1.492227361198609e10
0.001855335348852515	0.0019919810308233377	0.0019236581898379264	87.33476725383834	1.373861651736122e10	486.535073125487	1.4695012113045803e10
0.0019919810308233377	0.0021313596264335767	0.002061670328628457	99.69728459283156	1.3386701011865377e10	586.2323577183186	1.4454762897231655e10
0.0021313596264335767	0.0022735257939560205	0.0022024427101947986	112.63428270580398	1.2992851305100016e10	698.8666404241226	1.4197309295127182e10
0.00227352579395602	0.0024185352848289125	0.0023460305393924663	126.34624588038946	1.2593616957835901e10	825.212886304512	1.3925798548704065e10
0.002418535284828912	0.0025664449655192624	0.0024924901251740872	140.62647856416436	1.2174925634164114e10	965.8393648686764	1.3640190177591377e10
0.002566444965519263	0.0027173128398234204	0.0026418789026713416	154.97520980535245	1.1708783509004025e10	1120.8145746740288	1.333601998598392e10
0.0027173128398234204	0.002871198071613661	0.002794255455718541	171.46419679644845	1.1353366978076157e10	1292.2787714704773	1.303401270278661e10
0.002871198071613661	0.003028161008039706	0.0029496795398266835	187.98966480941968	1.0951531414422667e10	1480.268436279897	1.2726675786180279e10
0.003028161008039706	0.0031882632031942724	0.003108212105616989	205.97211471234306	1.0594585486152771e10	1686.24055099224	1.2421339131699305e10
0.0031882632031942715	0.003351567442251929	0.0032699153227231	224.76021795761733	1.0241152959325113e10	1911.0007689498575	1.2117927885284763e10
0.0033515674422519306	0.0035181377660907414	0.0034348526041713357	244.24574549082837	9.888221827217491e9	2155.246514440686	1.181598188181839e10
0.003518137766090741	0.0036880394964063277	0.0036030886312485343	265.07628638246683	9.561650294343582e9	2420.3228008231526	1.1518554794132524e10
0.0036880394964063277	0.003861339261328226	0.003774689378867277	286.9012274170229	9.244551635183386e9	2707.2240282401754	1.1225913825623722e10
0.0038613392613282265	0.004038105021548563	0.003949722141438395	309.74189464843494	8.9368891276419e9	3016.9659228886103	1.09382782362407e10
0.004038105021548562	0.0042184060969733045	0.0041282555592609335	332.69744543205064	8.614679154024864e9	3349.663368320661	1.0652888869408598e10
0.004218406096973306	0.004402313193906544	0.004310359645439925	357.75341262572135	8.330720005832174e9	3707.4167809463825	1.037385069216645e10
0.004402313193906543	0.004589898432778446	0.004496105813342494	384.3777672721005	8.065173128400708e9	4091.794548218483	1.010220050273091e10
0.004589898432778446	0.0047812353764277865	0.004685566904603117	412.53355999169355	7.813865932300685e9	4504.328108210177	9.838322086479649e9
0.0047812353764277865	0.004976399058950114	0.004878817217688951	441.201982793171	7.556863596057489e9	4945.5300910033475	9.580289689520971e9
0.004976399058950114	0.005175466015122888	0.005075932537036501	472.2460249926962	7.32608458386716e9	5417.776115996044	9.330051943849745e9
0.005175466015122887	0.005378514310419117	0.005276990162771002	504.6853703279834	7.102076645320309e9	5922.461486324027	9.087128103820839e9
0.005378514310419117	0.005585623571621271	0.005482068941020194	538.3839631553126	6.882434611727316e9	6460.84544947934	8.850865688594696e9
0.005585623571621272	0.005796875018047469	0.00569124929483437	574.2979606573601	6.678249475229656e9	7035.1434101366995	8.621891129551588e9
0.005796875018047468	0.006012351493402189	0.005904613255724828	611.9991974596746	6.482014780283254e9	7647.142607596374	8.39996531726665e9
0.006012351493402189	0.006232137498264004	0.006122244495833097	650.7460618073769	6.285410849784851e9	8297.88866940375	8.184043232307395e9
0.006232137498264004	0.006456319223223056	0.00634422836074353	692.4191834283686	6.105991829822561e9	8990.307852832118	7.975005077378396e9
0.006456319223223056	0.006684984582681288	0.006570651902952172	735.987998043315	5.931980855134166e9	9726.295850875433	7.772444620498929e9
0.0066849845826812875	0.006918223249328685	0.006801603916004986	782.8966118424541	5.773361718855642e9	10509.192462717887	7.576995318764047e9
0.006918223249328684	0.007156126689309029	0.007037174969318856	826.23238202164	5.58024885491262e9	11335.424844739528	7.384398593708058e9
0.00715612668930903	0.007398788198088982	0.007277457443699006	874.1547690697184	5.412251727271572e9	12209.579613809246	7.196648914903801e9
0.007398788198088982	0.007646302937044533	0.007522545567566758	925.9020728053013	5.259994541700449e9	13135.481686614548	7.014599715352716e9
0.007646302937044532	0.007898767970779194	0.0077725354539118635	982.4184628953949	5.125329714307503e9	14117.900149509944	6.839170445129838e9
0.007898767970779196	0.00815628230518855	0.008027525137983873	1036.1413468017597	4.968292334995432e9	15154.041496311704	6.667501396883234e9
0.008156282305188549	0.008418946926286091	0.008287614615737321	1096.369931542414	4.835598390268243e9	16250.411427854118	6.501333377646434e9
0.008418946926286091	0.008686864839805583	0.008552905883045837	1161.6284706781341	4.716205651677112e9	17412.039898532254	6.341205846972178e9
0.008686864839805583	0.008960141111595467	0.008823502975700524	1223.8154903717605	4.577068062706926e9	18635.855388904012	6.184664913294003e9
0.008960141111595465	0.009238882908821145	0.009099512010208305	1295.3805777109073	4.46596440434405e9	19931.23596661492	6.033748897520707e9
0.009238882908821145	0.009523199541991339	0.009381041225406242	1364.0960587697239	4.338079346942986e9	21295.332025384643	5.886364529984024e9
0.009523199541991342	0.00981320250782494	0.009668201024908141	1442.2010160708628	4.233402762654485e9	22737.533041455506	5.74410606306816e9
0.009813202507824938	0.010109005532975208	0.009961104020400072	1517.9669526320554	4.1153139956678e9	24255.49999408756	5.605267192200634e9
0.010109005532975208	0.010410724618628483	0.010259865075801846	1601.4336668207964	4.0121920297618265e9	25856.93366090836	5.470733201644704e9
0.010410724618628481	0.010718478085994822	0.010564601352311652	1687.502046855472	3.909259958944151e9	27544.43570776383	5.340057054503742e9
0.01071847808599482	0.011032386622708487	0.010875432354351653	1776.7264284686717	3.80788968365376e9	29321.162136232502	5.212957102867141e9
0.011032386622708489	0.01135257333015643	0.01119247997643246	1870.0673239123244	3.7098966415594807e9	31191.229460144827	5.089333804899167e9
0.01135257333015643	0.011679163771753329	0.01151586855095488	1967.755421071883	3.6152245569627166e9	33158.98488121671	4.969095829335034e9
0.011679163771753329	0.012012286022182166	0.011845724896967749	2068.2240290768555	3.5207255234049063e9	35227.208910293564	4.851908833666619e9
0.012012286022182165	0.012352070717619578	0.012182178369900872	2171.569406909329	3.426746473672738e9	37398.778317202894	4.737503001009138e9
0.01235207071761958	0.012698651106965742	0.01252536091229266	2271.9387594625205	3.32486920299034e9	39670.717076665416	4.624967314326231e9
0.01269865110696574	0.013052163104098825	0.012875407105532283	2384.536876837155	3.237731276061854e9	42055.25395350257	4.515274666657577e9
0.013052163104098825	0.013412745341174571	0.013232454222636698	2505.9220087364342	3.158244031312701e9	44561.175962239	4.408745170709329e9
0.013412745341174571	0.013780539222991833	0.013596642282083203	2633.453445652848	3.081920674216571e9	47194.62940789185	4.305319004588727e9
0.013780539222991831	0.014155688982445437	0.013968114102718634	2767.6141676546986	3.0087725325275965e9	49962.24357554655	4.2049446810043774e9
0.01415568898244544	0.01453834173708812	0.01434701535976678	2909.246043866827	2.93911699324033e9	52871.489619413376	4.1076016329797974e9
0.014538341737088116	0.014928647546823649	0.014733494641955882	3059.392875782535	2.8733162883284783e9	55930.88249519591	4.013300397016502e9
0.014928647546823649	0.01532675947275389	0.01512770350978877	3220.4352079464165	2.8127325684246125e9	59151.317703142326	3.922155325417253e9
0.015326759472753894	0.01573283363720274	0.015529796554978317	3390.2295563432635	2.75459405365781e9	62541.54725948559	3.834062260386351e9
0.01573283363720274	0.016147029284940564	0.01593993146107165	3559.761337601893	2.69158532299079e9	66101.30859708748	3.748379457612189e9
0.01614702928494056	0.01656950884563314	0.01635826906528685	3733.816813975832	2.6280801504180827e9	69835.12541106332	3.6648516748190427e9
0.016569508845633144	0.017000437997539575	0.016784973421586358	3923.3803237947886	2.571458390281261e9	73758.5057348581	3.5837950773249393e9
0.017000437997539575	0.017439985732484137	0.017220211865011856	4115.8320009653835	2.5127030634680624e9	77874.33773582349	3.5048334179822035e9
0.01743998573248414	0.017888324422127594	0.017664155077305867	4315.244521470297	2.454597434334214e9	82189.58225729378	3.4278292148600597e9
0.017888324422127587	0.01834562988556391	0.018116977153845748	4522.524929245575	2.3975638599763e9	86712.10718653935	3.3526888343917847e9
0.01834562988556391	0.018812081458268955	0.01857885567191643	4737.781532305773	2.3415199960270476e9	91449.88871884512	3.279321679820416e9
0.01881208145826896	0.019287862062428107	0.019049971760348533	4964.193651227992	2.287814828143697e9	96414.08237007311	3.2077431654645452e9
0.019287862062428104	0.019773158278670433	0.01953051017054927	5191.7719142183	2.231769379548333e9	101605.85428429142	3.1376319162380347e9
0.019773158278670436	0.020268160419237614	0.020020659348954025	5422.276868806713	2.1746324926245265e9	107028.13115309813	3.068784089543586e9
0.02026816041923761	0.020773062602616132	0.02052061151092687	5650.598909963013	2.1148270775987217e9	112678.73006306114	3.0009015276063647e9
0.020773062602616132	0.021288062829662224	0.02103056271613918	5867.851919661974	2.049926888944288e9	118546.58198272312	2.9335398849615617e9
0.021288062829662228	0.02181336306124924	0.021550712945455734	6132.595021119958	2.0002397021364157e9	124679.17700384307	2.8677245492281194e9
0.021813363061249234	0.022349169297467986	0.02208126617935861	6410.305698239987	1.9525036661007066e9	131089.48270208307	2.8034646502252183e9
0.02234916929746799	0.022895691658411117	0.022622430477939555	6700.588591159486	1.9063186974277103e9	137790.07129324257	2.740741099430251e9
0.02289569165841112	0.02345314446657311	0.023174418062492114	7005.389378668739	1.8619829192512634e9	144795.4606719113	2.6795576269002314e9
0.023453144466573112	0.024021746330898344	0.023737445398735728	7326.249662788982	1.8195954746487443e9	152121.7103347003	2.619925010382359e9
0.024021746330898337	0.02460172023251007	0.024311733281704204	7663.19826171527	1.7788499084453704e9	159784.90859641557	2.561832452791251e9
0.02460172023251007	0.02519329361215404	0.024897506922332058	8016.228376613403	1.739479999409869e9	167801.13697302897	2.5052521612925167e9
0.02519329361215404	0.02579669845939089	0.025494996035772467	8386.231830203726	1.7014454728030322e9	176187.3688032327	2.4501562395434203e9
0.025796698459390893	0.02641217140357248	0.026104434931481686	8774.30791718249	1.6647358393149502e9	184961.67672041518	2.396518707288539e9
0.026412171403572472	0.02703995380663769	0.02672606260510508	9181.622519365252	1.629335426918761e9	194143.29923978043	2.344314967365747e9
0.027039953806637693	0.027680291857764213	0.027360122832200955	9609.529890677319	1.5952437772684062e9	203752.82913045774	2.293522703213233e9
0.027680291857764217	0.028333436669913267	0.028006864263838742	10063.208997783699	1.5630342369231222e9	213816.03812824143	2.244160448286186e9
0.028333436669913267	0.0289996443783053	0.02866654052410928	10546.036366940423	1.532849900547596e9	224362.07449518185	2.1962552924321346e9
0.0289996443783053	0.02967917624086517	0.029339410309585236	11065.282662830625	1.5052916341504803e9	235427.35715801248	2.1498729227618575e9
0.02967917624086517	0.030372298740676238	0.030025737490770706	11641.232412735411	1.4824240323651319e9	247068.5895707479	2.1052124896795783e9
0.03037229874067624	0.031079283690483534	0.03072579121557989	12185.443024548744	1.4527670456572692e9	259254.03259529662	2.0616925850485938e9
0.031079283690483534	0.03180040833928697	0.03143984601488525	12756.276634588221	1.424045495415181e9	272010.3092298848	2.0192898620312955e9
0.03180040833928697	0.03253595548106648	0.03216818191017672	13338.76593787214	1.394515422858869e9	285349.07516775694	1.9778673646999109e9
0.03253595548106647	0.033286213565681566	0.03291108452337402	13931.64312307091	1.364201735340439e9	299280.7182908278	1.937300284772294e9
0.033286213565681566	0.034051476811988966	0.03366884518883527	14535.367260409987	1.3333069770964882e9	313816.0855512378	1.8974866783443232e9
0.03405147681198896	0.0348320453232225	0.03444176106760573	15136.987088404318	1.3008561103242226e9	328953.0726396421	1.8582682541197622e9
0.03483204532322251	0.03562822520468072	0.03523013526395162	15673.168841736715	1.262085112728963e9	344626.24148137885	1.819186262835995e9
0.03562822520468072	0.036440328683768106	0.03603427694422441	16194.409319599621	1.2220637764861522e9	360820.6508009785	1.780147216418499e9
0.036440328683768106	0.03726867423243723	0.036854501458102665	16856.22308718177	1.1921735977585483e9	377676.8738881602	1.7418066812405396e9
0.03726867423243723	0.03811358669207974	0.037691130462258485	17550.903442167608	1.1635401810448937e9	395227.77733032784	1.704195406291692e9
0.03811358669207974	0.0389753974009151	0.03854449204649742	18280.98428951143	1.1361484473450525e9	413508.7616198393	1.667341080567851e9
0.0389753974009151	0.039854444323927166	0.039414920862421134	19054.46172596503	1.1102874832230306e9	432563.2233458043	1.631288252296e9
0.03985444432392717	0.04075107218539948	0.040302758254663326	19868.34527740203	1.0855558035330153e9	452431.56862320635	1.5960524963012004e9
0.04075107218539948	0.041665632604101235	0.04120835239475036	20719.995537460898	1.0616443787982829e9	473151.56416066724	1.5616285155827467e9
0.04166563260410123	0.042598484231177014	0.04213205841763912	21610.07326658788	1.0384622288638086e9	494761.63742725516	1.5280056877352111e9
0.04259848423117702	0.04354999289079432	0.043074238560985675	22539.49226019737	1.015941361051325e9	517301.1296874525	1.4951699231215405e9
0.04354999289079433	0.04452053172360398	0.044035262307199154	23509.31686053582	9.940276689061179e8	540810.4465479883	1.4631047993025215e9
0.04452053172360398	0.04551048133306982	0.0450155065283369	24521.05121794651	9.726897665743841e8	565331.4977659348	1.4317931736412022e9
0.04551048133306983	0.04652022993472499	0.04601535563389741	25576.522390605372	9.519088768913816e8	590908.0201565402	1.4012180312413855e9
0.04652022993472498	0.04755017350841324	0.04703520172156911	26677.801020846273	9.316726742067084e8	617585.8211773864	1.371362878712716e9
0.04755017350841324	0.04860071595357527	0.04807544473099426	27827.172582815263	9.119724344137795e8	645412.9937602017	1.3422119284184039e9
0.04860071595357527	0.04967226924764054	0.0491364926006079	29027.163637772344	8.928025956638967e8	674440.157397974	1.3137502418347096e9
0.04967226924764054	0.05076525360758711	0.05021876142761382	30280.709273738627	8.741643564141376e8	704720.8666717127	1.2859640903690567e9
0.05076525360758711	0.051880097654732615	0.05132267563115986	31591.24558746738	8.560657277331281e8	736312.11225918	1.2588412938277273e9
0.05188009765473262	0.053017238582821036	0.052448668118776826	32962.92333220009	8.385242463866658e8	769275.0355913801	1.2323717059318151e9
0.053017238582821036	0.054177122329471215	0.05359718045614613	34400.93009336557	8.215708498701158e8	803675.9656847457	1.2065479092545178e9
0.05417712232947121	0.055360203751054396	0.0547686630402628	35911.822724691796	8.052519473984492e8	839587.7884094375	1.1813659912515159e9
0.055360203751054396	0.056566946801069246	0.05596357527606182	37503.64917489566	7.896254292847466e8	877091.4375843331	1.1568260160736866e9
0.05656694680106925	0.057797824712084396	0.057182385756576824	39191.59671914466	7.748663563887695e8	916283.0343034777	1.1329390737732482e9
0.057797824712084396	0.05905332018131985	0.05842557244670212	41017.755887777574	7.615952349547839e8	957300.7901912553	1.1097543283888252e9
0.05905332018131985	0.06033392555994001	0.05969362287062993	43047.98292747639	7.506804234080604e8	1.0003487731187319e6	1.0873718485184584e9
0.060333925559939994	0.06164014304613255	0.06098703430303627	45332.94187996753	7.42500781015207e8	1.0456817149986995e6	1.0659086606480206e9
0.06164014304613256	0.06297248488204897	0.06230631396409077	47326.65776927919	7.28114432072432e8	1.0930083727679786e6	1.0449184247472397e9
0.06297248488204897	0.06433147355468372	0.06365197921836635	49316.755089018494	7.127356318214146e8	1.142325127856997e6	1.0243081373683313e9
0.06433147355468372	0.06571764200077115	0.06502455777772743	51105.86468111728	6.938628042880149e8	1.1934309925381143e6	1.0038360450952564e9
0.06571764200077114	0.06713153381578033	0.06642458790827574	52617.867124693264	6.711708108028055e8	1.2460488596628075e6	9.832563338742595e8
0.06713153381578033	0.06857370346708969	0.067852618641435	54074.86588503806	6.480666300835501e8	1.3001237255478457e6	9.625499130274191e8
0.06857370346708969	0.07004471651142524	0.06930920998925746	56044.963121546534	6.311200832728902e8	1.3561686886693921e6	9.421042392998163e8
0.07004471651142524	0.0715451498166475	0.07079493316403637	58155.59645742769	6.153813725028844e8	1.4143242851268197e6	9.21976384180547e8
0.07154514981664752	0.07307559178797422	0.07231037080231087	60443.778467833945	6.010456868129362e8	1.4747680635946537e6	9.022317201875532e8
0.07307559178797422	0.07463664259872746	0.07385611719335083	62883.183300715806	5.876496794377631e8	1.5376512468953696e6	8.829029133640939e8
0.07463664259872745	0.07622891442569575	0.0754327785122116	65432.080606481526	5.746816367595773e8	1.6030833275018511e6	8.639891386976844e8
0.07622891442569575	0.07785303168920342	0.07704097305744959	68088.78764043047	5.620678596557581e8	1.6711721151422816e6	8.454851491190952e8
0.07785303168920343	0.07950963129798126	0.07868133149359235	70855.26253689942	5.497753308947843e8	1.742027377679181e6	8.273840569700974e8
0.07950963129798126	0.08119936289893465	0.08035449709845796	73732.13368713972	5.377653719817146e8	1.8157595113663208e6	8.09677094321817e8
0.08119936289893465	0.0829228891319071	0.08206112601542087	76723.03238094563	5.260258527538414e8	1.8924825437472663e6	7.923553559446509e8
0.08292288913190708	0.08468088588953898	0.08380188751072304	79831.99655083464	5.1454756737890005e8	1.972314540298101e6	7.754099845668819e8
0.084680885889539	0.08647404258232352	0.08557746423593127	83063.45684786228	5.0332346613257164e8	2.0553779971459634e6	7.58832297025681e8
0.08647404258232352	0.08830306240896375	0.08738855249564365	86422.09067585364	4.9234728354551727e8	2.141800087821817e6	7.426138186227698e8
0.08830306240896375	0.09016866263213678	0.08923586252055027	89912.63962649832	4.816123656696969e8	2.2317127274483154e6	7.267462440050827e8
0.09016866263213677	0.09207157485977326	0.09112011874595502	93539.89931696246	4.711117538873801e8	2.3252526267652777e6	7.112214058177714e8
0.09207157485977327	0.09401254533196249	0.09304206009586788	97309.31828857111	4.608411504683348e8	2.422561945053849e6	6.96031425423132e8
0.09401254533196249	0.09599233521359549	0.09500244027277899	101226.71168969621	4.5079690559088403e8	2.523788656743545e6	6.811687318001932e8
0.09599233521359549	0.09801172089286114	0.09700202805322831	105297.9628189067	4.40974543987812e8	2.6290866195624517e6	6.666259901071224e8
0.09801172089286114	0.10007149428571212	0.09904160758928662	109529.36686049034	4.3137031382502335e8	2.738615986422942e6	6.523961287057331e8
0.10007149428571215	0.10217246314642014	0.10112197871606615	113928.0161083785	4.2198237753660744e8	2.8525440025313203e6	6.384724364741849e8
0.10217246314642012	0.10431545138434227	0.10324395726538119	118501.15598122553	4.128079558371709e8	2.9710451585125457e6	6.248484814576404e8
0.10431545138434228	0.10650129938702288	0.10540837538568258	123255.46891269005	4.03841152682583e8	3.0943006274252357e6	6.115179037111466e8
0.10650129938702287	0.10873086434975707	0.10761608186838997	128198.41637175057	3.9507793899756193e8	3.2224990437969863e6	5.984745219783252e8
0.1087308643497571	0.11100502061174598	0.10986794248075155	133337.96184760454	3.865148257001482e8	3.355837005644591e6	5.857123536287855e8
0.11100502061174598	0.11332465999897465	0.11216484030536031	138682.91311718005	3.7814960777197844e8	3.494519918761771e6	5.732256781374301e8
0.11332465999897466	0.11569069217394791	0.11450767608646129	144242.68193189177	3.699803215278676e8	3.638762600693663e6	5.610090338704196e8
0.1156906921739479	0.11810404499242061	0.11689736858318425	150027.24866333304	3.6200499882733417e8	3.788789849356996e6	5.490572003900775e8
0.11810404499242058	0.12056566486726274	0.11933485492984167	156047.61091553108	3.542225881610638e8	3.944837460272527e6	5.373652372384673e8
0.12056566486726275	0.12307651713960176	0.12182109100343225	162315.74031966645	3.466324908613721e8	4.1071532005921933e6	5.2592849249785894e8
0.12307651713960176	0.12563758645738754	0.12435705179849466	168844.65406812937	3.392344371374752e8	4.275997854660323e6	5.1474260344723916e8
0.12563758645738754	0.12824987716152902	0.12694373180945828	175649.8857270528	3.320310161225552e8	4.4516477403873755e6	5.0380364871952903e8
0.12824987716152905	0.13091441367975337	0.12958214542064123	182750.01300338574	3.250276004706723e8	4.634397753390761e6	4.931082863443967e8
0.13091441367975337	0.1336322409283422	0.13227332730404778	190168.44544992773	3.182342422835542e8	4.824566198840689e6	4.8265399646293867e8
0.1336322409283422	0.13640442472190278	0.1350183328251225	197936.97986939436	3.1166950877838826e8	5.0225031787100835e6	4.7243953791717863e8
0.13640442472190276	0.13923205219133455	0.13781823845661867	206102.47057895135	3.0536729218105704e8	5.228605649289035e6	4.62465782648324e8
0.13923205219133455	0.14211623221015499	0.14067414220074476	214738.56599628992	2.993877708750395e8	5.443344215285325e6	4.5273715154739016e8
0.142116232210155	0.14505809582935186	0.14358716401975344	223964.84354517361	2.9383330769181937e8	5.667309058830499e6	4.43263907970773e8
0.14505809582935186	0.14805879672093264	0.14655844627514225	234095.99334002082	2.890177619308427e8	5.90140505217052e6	4.340743946274762e8
0.1480587967209326	0.151119511630345	0.1495891541756388	246352.3967161309	2.862257385222305e8	6.147757448886651e6	4.2527170772590524e8
0.15111951163034504	0.1542414408379457	0.15268047623414538	261722.54509731114	2.861713003824514e8	6.409479993983962e6	4.1699511414471126e8
0.15424144083794566	0.15742580862969832	0.155833624733822	270227.3624874683	2.7807297205004317e8	6.67970735647143e6	4.0873424757637036e8
0.15742580862969832	0.16067386377728604	0.15904983620349217	271916.4573852045	2.633423396502781e8	6.951623813856634e6	4.0009390985602254e8
0.160673863777286	0.16398688002782547	0.16233037190255573	279086.2633540161	2.5438434974070364e8	7.230710077210651e6	3.9143984391213596e8
0.1639868800278255	0.16736615660337575	0.16567651831560062	287499.64646076004	2.4664183227579185e8	7.518209723671411e6	3.8284492791440064e8
0.16736615660337573	0.17081301871043697	0.16908958765690635	297334.4707462162	2.40083723775385e8	7.8155441944176275e6	3.7437575047422755e8
0.170813018710437	0.17432881805963948	0.17257091838503824	308074.57925487595	2.341378772386261e8	8.123618773672503e6	3.660609211699039e8
0.17432881805963946	0.17791493339582598	0.17612187572773272	319479.4078799357	2.2854259013217312e8	8.44309818155244e6	3.5791180512378037e8
0.17791493339582598	0.18157277103873623	0.17974385221728112	331410.5215168307	2.2315618342490968e8	8.774508703069272e6	3.499306916587511e8
0.18157277103873626	0.18530376543450472	0.1834382682366205	343811.9239869357	2.1791725465729865e8	9.118320627056208e6	3.4211610320547074e8
0.18530376543450472	0.18910937971818856	0.18720657257634665	356668.8148515152	2.1280085388859043e8	9.474989441907723e6	3.3446518261967367e8
0.18910937971818853	0.19299110628754604	0.19105024300286727	369985.10463160404	2.0779701609648904e8	9.844974546539327e6	3.2697466342630017e8
0.19299110628754604	0.1969504673882907	0.19497078683791835	383772.0758995897	2.029010908222097e8	1.0228746622438917e7	3.196412086116964e8
0.1969504673882907	0.20098901571105024	0.19896974154967045	398043.51784375735	1.9811001305093592e8	1.0626790140282674e7	3.12461508243445e8
0.20098901571105027	0.205108335000265	0.20304867535565763	412813.47088989464	1.93420866611856e8	1.1039603611172568e7	3.0543228626729053e8
0.20510833500026499	0.20931004067526401	0.20720918783776449	428106.5327560457	1.8883542319378927e8	1.1467710143928614e7	2.985505747984792e8
0.20931004067526404	0.21359578046376304	0.21145291056951354	444025.890768928	1.8438705564363477e8	1.1911736034697542e7	2.9181555935334563e8
0.213595780463763	0.217967235048032	0.2157815077558975	460582.41615777614	1.8006454957366964e8	1.2372318450855318e7	2.852258184975188e8
0.217967235048032	0.22242611872398638	0.2201966768860092	477801.5192042921	1.758632759940586e8	1.285011997005961e7	2.787797486723884e8
0.2224261187239864	0.22697418007345985	0.22470014939872313	495693.8908389585	1.7177337122667792e8	1.3345813860898566e7	2.7247526662902457e8
0.22697418007345982	0.23161320264992274	0.22929369136169128	514083.0767033143	1.6772505060145316e8	1.385989693760188e7	2.6630630941318434e8
0.23161320264992277	0.23634500567791494	0.23397910416391887	532981.1240553109	1.6372174230933896e8	1.439287806165719e7	2.602673848689011e8
0.23634500567791494	0.24117144476646696	0.23875822522219095	552485.9258241698	1.5979127159891662e8	1.494536398748136e7	2.5435497233991212e8
0.24117144476646696	0.24609441263679002	0.2436329287016285	572637.9112265497	1.5593962411864397e8	1.551800189870791e7	2.4856611859295264e8
0.24609441263679002	0.2511158398645195	0.24860512625065478	593468.1314633151	1.5216873898122555e8	1.6111470030171225e7	2.4289816538153172e8
0.2511158398645195	0.25623769563680365	0.2536767677506616	615001.36821717	1.4847821193660432e8	1.6726471398388395e7	2.3734859369637683e8
0.2562376956368037	0.2614619885245335	0.25884984208066864	637260.1882572448	1.4486679639346108e8	1.736373158664564e7	2.319149656761244e8
0.26146198852453345	0.2667907672700178	0.26412637789727567	660266.630199872	1.4133297929259825e8	1.8023998216845512e7	2.2659490387431803e8
0.2667907672700179	0.27222612159041193	0.26950844443021493	684043.0609546555	1.3787522774427694e8	1.870804127780017e7	2.2138608627260768e8
0.27222612159041193	0.2777701829972139	0.2749981522938129	708612.0020635672	1.344919674974813e8	1.9416653279863738e7	2.162862403413864e8
0.2777701829972139	0.2834251256321519	0.28059765431468287	733995.6591031125	1.3118151811653692e8	2.015064893896685e7	2.1129313366489902e8
0.2834251256321519	0.28919316711978865	0.28630914637597027	760212.8964595994	1.2794162440677674e8	2.091086183542645e7	2.0640453765824628e8
0.28919316711978865	0.29507656943717814	0.2921348682784834	787276.1836978872	1.2476915434722689e8	2.1698138019124337e7	2.0161817576857358e8
0.2950765694371781	0.30107763980091534	0.2980771046190467	815194.2312995208	1.2166078316238998e8	2.2513332250423856e7	1.969317148958208e8
0.3010776398009154	0.3071987315719274	0.30413818568642137	844000.7238251361	1.1861715498711683e8	2.335733297424899e7	1.9234300117713383e8
0.3071987315719274	0.31344224517835967	0.31032048837514353	873723.6382715242	1.1563774364897259e8	2.4231056612520516e7	1.878499805638052e8
0.31344224517835967	0.3198106290569206	0.31662643711764016	904419.0311194735	1.1272535337831646e8	2.513547564363999e7	1.834508877346779e8
0.3198106290569206	0.3263063806130527	0.32305850483498666	936136.8617873305	1.0988112251131284e8	2.607161250542732e7	1.7914413119617128e8
0.32630638061305267	0.33293204720030745	0.32961921390668003	968879.4306737329	1.0710028652338472e8	2.7040491936101053e7	1.749279373372223e8
0.3329320472003074	0.33969022711930724	0.3363111371598073	1.0026689484852985e6	1.0438085234334704e8	2.8043160884586353e7	1.708005233311979e8
0.3396902271193073	0.34658357063668715	0.34313689887799725	1.0375301565506831e6	1.0172120440516603e8	2.9080691041137036e7	1.6676011965392324e8
0.34658357063668715	0.3536147810244146	0.3500991758305509	1.0734907516368735e6	9.912006450930779e7	3.015418179277391e7	1.628049889095767e8
0.3536147810244146	0.3607866156198966	0.3572006983221556	1.1105790278896925e6	9.657620851576848e7	3.12647608206636e7	1.589334269730463e8
0.36078661561989656	0.3681018869072882	0.36444425126359237	1.1488245614342424e6	9.408851672003153e7	3.2413585382097844e7	1.5514376701277718e8
0.3681018869072882	0.37556346362042764	0.3718326752638579	1.1882571132676103e6	9.165586795163415e7	3.3601842495365456e7	1.5143437709048736e8
0.3755634636204277	0.38317427186782993	0.3793688677441288	1.2289069951230774e6	8.92771729812302e7	3.483074949048854e7	1.478036598601796e8
0.38317427186782993	0.3909372962801802	0.3870557840740051	1.270805065217515e6	8.695137203994815e7	3.6101554555706054e7	1.4425005214463973e8
0.3909372962801802	0.3988555811807775	0.39489643873047886	1.3139825739368119e6	8.46774230072237e7	3.741553712964287e7	1.4077202385178924e8
0.3988555811807775	0.40693223177938675	0.40289390648008216	1.358471445447515e6	8.245431971872638e7	3.877400857509038e7	1.3736807802828902e8
0.4069322317793867	0.41517041538996813	0.41105132358467744	1.404303526373635e6	8.02810449229522e7	4.017831210146401e7	1.3403674816862321e8
0.41517041538996813	0.4235733626727612	0.4193718890313647	1.451511563837286e6	7.815663191251104e7	4.162982366530129e7	1.3077659928373711e8
0.4235733626727612	0.4321443689012101	0.4278588657869856	1.5001284675984262e6	7.608011908874135e7	4.312995213289972e7	1.2758622625948891e8
0.4321443689012101	0.44088679525422797	0.436515582077719	1.5501877794604492e6	7.405057646776086e7	4.468013991236017e7	1.2446425386183704e8
0.4408867952542281	0.44980407013430634	0.4453454326942672	1.6017230613554972e6	7.206707488256806e7	4.628186297371566e7	1.2140933494939454e8
0.4498040701343063	0.4588996905119861	0.4543518803231462	1.6547687359645613e6	7.012872675955044e7	4.793663170968022e7	1.1842015117215154e8
0.4588996905119861	0.4681772232972195	0.4635384569046028	1.7093591263489705e6	6.82346415594545e7	4.9645990836029194e7	1.1549541103491813e8
0.46817722329721945	0.4776403067381575	0.47290876501768847	1.7655291367661483e6	6.6383957208787605e7	5.1411519972795345e7	1.1263384990992579e8
0.47764030673815755	0.48729265184791437	0.482466479293036	1.8233139297866437e6	6.4575825926828414e7	5.323483390258199e7	1.0983422922580148e8
0.4872926518479144	0.4971380438598664	0.49221534785389043	1.8827490310468609e6	6.280941862186801e7	5.511758293362885e7	1.0709533596330798e8
0.4971380438598663	0.5071803437120573	0.5021591937859619	1.9438702708019777e6	6.108392264663858e7	5.7061453204430826e7	1.0441598205278942e8
0.5071803437120572	0.517423489561292	0.5123019166366747	2.0067137918510116e6	5.9398542087111115e7	5.906816699628184e7	1.0179500382654288e8
0.5174234895612922	0.5278714983275118	0.522647493944402	2.0713160066296647e6	5.775249640585461e7	6.113948300291151e7	9.92312614269643e7
0.5278714983275117	0.5385284672690556	0.5331999827982836	2.1377134503194354e6	5.614501666405269e7	6.327719645323095e7	9.672363803206459e7
0.5385284672690556	0.5493985755894304	0.543963521429243	2.205943041346616e6	5.4575353020553544e7	6.5483139494577564e7	9.427103956527865e7
0.5493985755894303	0.5604860860762125	0.5549423308328214	2.2760418824025057e6	5.304276896702184e7	6.775918137698007e7	9.187239408909278e7
0.5604860860762126	0.5717953467727306	0.5661407164244716	2.3480477867693785e6	5.1546553163761616e7	7.010722916374944e7	8.952665192494647e7
0.5717953467727305	0.5833307926831788	0.5775630697279546	2.421999379230602e6	5.008601828647504e7	7.252922854298005e7	8.723278570090596e7
0.5833307926831788	0.5950969475118361	0.5892138700975074	2.4979506549117495e6	4.866078123625933e7	7.502717919789179e7	8.49898066927187e7
0.595096947511836	0.6070984254370663	0.601097686474451	2.5759860693631056e6	4.7270954917336084e7	7.760316526725489e7	8.279679135362138e7
0.6070984254370664	0.6193399329208014	0.6132191791789339	2.6561569923543422e6	4.591589909084326e7	8.025932225960924e7	8.065283366799337e7
0.6193399329208014	0.631826270554211	0.6255831017375062	2.7384934217198514e6	4.45946056741288e7	8.299781568132909e7	7.855702270888016e7
0.631826270554211	0.6445623349402889	0.63819430274725	2.8229528613055823e6	4.330502137563996e7	8.582076854263467e7	7.65083821536727e7
0.6445623349402889	0.6575531206140883	0.6510577277771886	2.9095283687417163e6	4.2045924798459396e7	8.873029691137639e7	7.450592242998888e7
0.6575531206140883	0.6708037220013637	0.664178421307726	2.9982700369634875e6	4.081702651793083e7	9.172856694833988e7	7.254869560729419e7
0.6708037220013637	0.6843193354163847	0.6775615287088742	3.0892487147748847e6	3.9618257536574736e7	9.481781566311477e7	7.063580572850223e7
0.6843193354163846	0.6981052610997059	0.6912122982580453	3.182521290922219e6	3.844927997647044e7	9.8000336954037e7	6.876639011699346e7
0.6981052610997058	0.7121669052966936	0.7051360831981996	3.2781332887987485e6	3.730958078609949e7	1.0127847024283575e8	6.693960722604397e7
0.7121669052966937	0.7265097823776212	0.7193383438371574	3.3761269905078015e6	3.6198604140668996e7	1.0465459723334354e8	6.515463289141201e7
0.7265097823776212	0.7411395170001672	0.7338246496888943	3.4765478150234977e6	3.511582843920556e7	1.0813114504836704e8	6.341066127548378e7
0.7411395170001672	0.7560618463151642	0.7486006816576657	3.5794396642375295e6	3.4060713824151814e7	1.1171058471260457e8	6.1706902710671976e7
0.7560618463151642	0.771282622216461	0.7636722342658127	3.6848491164379087e6	3.3032745825752053e7	1.1539543382904248e8	6.004258420371484e7
0.7712826222164612	0.786807813635784	0.7790452179261226	3.7928270232670987e6	3.203144301258577e7	1.1918826085230958e8	5.841695035544012e7
0.7868078136357839	0.8026435088834932	0.7947256612596385	3.903426030024049e6	3.1056328546861015e7	1.2309168688233364e8	5.682926257702607e7
0.8026435088834933	0.8187959180361568	0.8107197134598251	4.0167043979881974e6	3.010695739735679e7	1.271083912803218e8	5.5278799932145186e7
0.8187959180361568	0.8352713753718736	0.8270336467040151	4.132726963082345e6	2.918291373494955e7	1.3124111824340415e8	5.376485977962468e7
0.8352713753718735	0.8520763418543045	0.843673858613089	4.251568328352174e6	2.8283822582579922e7	1.3549268657175633e8	5.2286759055198886e7
0.8520763418543045	0.8692174076663841	0.8606468747603443	4.373315448661485e6	2.7409352121068507e7	1.398660020204178e8	5.08438356128737e7
0.8692174076663842	0.8867012947947055	0.8779593512305448	4.498077181639466e6	2.655925415158426e7	1.4436407920205727e8	4.943545183531263e7
0.8867012947947055	0.9045348596655932	0.8956180772301494	4.62599178652698e6	2.573337664687257e7	1.4899007098858425e8	4.806099876167369e7
0.9045348596655932	0.9227250958338986	0.9136299777497459	4.757244478913841e6	2.493172000442722e7	1.537473154674981e8	4.671990323660221e7
0.9227250958338986	0.9412791367255702	0.9320021162797344	4.892103386940364e6	2.4154559021802828e7	1.5863941885443845e8	4.5411641713784784e7
0.9412791367255703	0.9602042584350753	0.9507416975803228	5.030988820400901e6	2.3402668664270397e7	1.6367040767483935e8	4.4135766341334924e7
0.9602042584350751	0.9795078825787702	0.9698560705069226	5.174625123658741e6	2.2677817805240102e7	1.688450327984981e8	4.289195814314705e7
0.9795078825787704	0.9991975792053394	0.9893527308920549	5.324544549720782e6	2.198451699143229e7	1.741695773482189e8	4.168017839293919e7
0.9991975792053394	1.0192810697644397	1.0092393244848896	5.484483190879535e6	2.1334574689787984e7	1.796540605390984e8	4.0501075197354294e7
1.0192810697644394	1.0397662301347217	1.0295236499495806	5.670383563777115e6	2.078146791829466e7	1.8532444410287553e8	3.935835805166565e7
1.039766230134722	1.06066109371241	1.050213661923566	5.923507902510049e6	2.045313642458577e7	1.9124795200538558e8	3.826293391854991e7
1.06066109371241	1.0819738545616517	1.0713174741370308	6.108855407081572e6	1.9872823227978926e7	1.9735680741246715e8	3.7197452914637044e7
1.0819738545616517	1.1037128706278783	1.092843362594765	5.95482467390695e6	1.825110120321119e7	2.033116320863741e8	3.6099841611397296e7
1.1037128706278783	1.1258866670154293	1.1147997688216538	6.235425186240137e6	1.800562063306228e7	2.0954705727261424e8	3.505168728960004e7
1.1258866670154293	1.1485039393307315	1.1371953031730804	6.290403765466112e6	1.7113703422537886e7	2.1583746103808036e8	3.4012671676925585e7
1.1485039393307315	1.1715735570923396	1.1600387482115355	6.438120506309233e6	1.650249210075946e7	2.222755815443896e8	3.2998520087039627e7
1.1715735570923396	1.1951045672091798	1.1833390621507598	6.59720668901742e6	1.593224380819956e7	2.2887278823340702e8	3.201015910715102e7
1.19510456720918	1.2191061975283572	1.2071053823687685	6.760142647731148e6	1.5381566689888246e7	2.3563293088113818e8	3.1047222827904955e7
1.2191061975283572	1.243587860453918	1.2313470289911375	6.925914153975339e6	1.4847423163498878e7	2.425588450351135e8	3.0109190878955368e7
1.243587860453918	1.2685591566379897	1.2560735085459538	7.094415892428454e6	1.4329178029011644e7	2.4965326092754197e8	2.9195536509179343e7
1.2685591566379897	1.294029878745743	1.2812945176918662	7.265635182430122e6	1.3826435391790895e7	2.569188961099721e8	2.830574080425596e7
1.2940298787457432	1.3200100152956515	1.3070199470206973	7.439565727040092e6	1.3338824580521127e7	2.6435846183701217e8	2.7439293682682417e7
1.3200100152956513	1.3465097545765579	1.3332598849361046	7.616199876954978e6	1.286598219797454e7	2.7197466171396714e8	2.659569379510246e7
1.3465097545765579	1.3735394886430825	1.3600246216098202	7.795527308028283e6	1.2407549703589417e7	2.797701890219954e8	2.5774448289923783e7
1.3735394886430825	1.4011098173909375	1.38732465301701	7.977537180530971e6	1.1963176979743367e7	2.877477262025264e8	2.4975072799333952e7
1.4011098173909378	1.42923155271375	1.415170685052344	8.162215669927486e6	1.153251815966521e7	2.9590994187245387e8	2.4197091184998874e7
1.4292315527137498	1.4579157227430182	1.443573637728384	8.349547308798026e6	1.1115233837879065e7	3.042594891812519e8	2.344003542679892e7
1.4579157227430184	1.4871735761728722	1.4725446494579453	8.539514970441002e6	1.071099086970252e7	3.1279900415169287e8	2.2703445506740026e7
1.4871735761728724	1.5170165866713232	1.5020950814220977	8.73209926586647e6	1.031946149980362e7	3.215311034175593e8	2.1986869249486875e7
1.517016586671323	1.547456457379743	1.532236522025533	8.927278639314448e6	9.940323529209075e6	3.304583820568738e8	2.128986218211673e7
1.547456457379743	1.5785051255023312	1.5629807914410372	9.12503024906586e6	9.573261246486329e6	3.395834123059397e8	2.0611987456175316e7
1.5785051255023315	1.6101747669873716	1.5943399462448515	9.325328618115077e6	9.217963820669012e6	3.4890874092405474e8	1.9952815681552324e7
1.6101747669873714	1.6424778013021122	1.6263262841447417	9.528146806951476e6	8.874126541427905e6	3.584368877310062e8	1.9311924842009805e7
1.6424778013021124	1.675426896303148	1.65895234880263	9.733455517281612e6	8.541449829759354e6	3.681703432482878e8	1.868890015863481e7
1.6754268963031482	1.7090349732042047	1.6922309347536766	9.941223973305587e6	8.219640016192968e6	3.781115672215934e8	1.8083334006475158e7
1.7090349732042043	1.7433152116432817	1.726175092423743	1.0151418972632784e7	7.90840842335036e6	3.8826298619422615e8	1.7494825783179525e7
1.743315211643282	1.778281054851141	1.7607981332472114	1.0364005698273797e7	7.607472019760361e6	3.986269918924999e8	1.6922981823300287e7
1.778281054851141	1.813946214923157	1.7961136348871491	1.057894749254809e7	7.316553131697313e6	4.0920593938504803e8	1.6367415301117744e7
1.8139462149231576	1.850324678196614	1.8321354465598858	1.0796205665226163e7	7.035379246662365e6	4.200021450502742e8	1.5827746127944453e7
1.8503246781966136	1.8874307107355393	1.8688776944660765	1.1015739603756804e7	6.763683051205572e6	4.31017884654031e8	1.5303600857774425e7
1.8874307107355395	1.9252788639252436	1.9063547873303914	1.1237507105335934e7	6.501202572298791e6	4.422553917593669e8	1.4794612606771678e7
1.9252788639252438	1.963883980178742	1.9445814220519928	1.1461464120945206e7	6.247680933908466e6	4.5371685588031214e8	1.430042096353754e7
1.9638839801787418	2.00326119875731	1.9835725894680258	1.1687564930574957e7	6.002866395074426e6	4.654044208108871e8	1.3820671906961413e7
2.00326119875731	2.0434259617074493	2.0233435802323796	1.1915761890153956e7	5.766512152630664e6	4.7732018270104104e8	1.3355017717600565e7
2.0434259617074497	2.084394019916592	2.0639099908120206	1.2146005746839195e7	5.538376452649694e6	4.8946618844788027e8	1.290311690080659e7
2.0843940199165925	2.1261814392899177	2.105287729603255	1.2378245792186027e7	5.31822258229822e6	5.0184443424006635e8	1.2464634113996428e7
2.126181439289917	2.168804607050709	2.147493023170313	1.2612429626691943e7	5.105818688496582e6	5.144568638667583e8	1.2039240087809308e7
2.168804607050709	2.2122802381667164	2.1905424226087127	1.284850333919259e7	4.900937796958071e6	5.2730536720595086e8	1.1626611553081896e7
2.212280238166716	2.2566253819050437	2.23445281003588	1.3086411434922747e7	4.703357720051817e6	5.403917786408736e8	1.1226431166872093e7
2.2566253819050437	2.301857428518138	2.279241405211591	1.3326097224546323e7	4.512861135372751e6	5.537178758654199e8	1.083838744744809e7
2.301857428518138	2.347994116063494	2.3249257722908157	1.3567502564886197e7	4.329235415086464e6	5.672853784303061e8	1.046217470331269e7
2.3479941160634943	2.3950535373597575	2.371523826711626	1.3810567868956935e7	4.1522725740509904e6	5.81095946299263e8	1.009749296346879e7
2.3950535373597575	2.443054147081946	2.4190538422208516	1.405523252186143e7	3.98176933531527e6	5.951511788211244e8	9.74404791563292e6
2.443054147081946	2.492014768998578	2.467534458040262	1.4301434544307038e7	3.8175269567389623e6	6.094526133654314e8	9.401550838125871e6
2.4920147689985783	2.541954603353543	2.5169846861760607	1.4549111070862796e7	3.659351301612312e6	6.240017244362942e8	9.069718539903484e6
2.5419546033535427	2.592893234395607	2.567423918874575	1.47981977084519e7	3.507052604253278e6	6.387999221447461e8	8.748273290624833e6
2.592893234395607	2.6448506380585126	2.61887193622706	1.5048629795001369e7	3.360445720012155e6	6.538485519397475e8	8.436942769322606e6
2.6448506380585126	2.6978471897946763	2.6713489139265945	1.5300341043518363e7	3.2193497262018886e6	6.691488929832658e8	8.135459993088127e6
2.697847189794676	2.751903672565563	2.724875431180119	1.5553265191064209e7	3.083588229978799e6	6.8470215817433e8	7.843563267773658e6
2.751903672565563	2.8070412849918673	2.779472478778715	1.5807333944520745e7	2.952988867209068e6	7.005094921188507e8	7.560996112688395e6
2.8070412849918673	2.863281649666698	2.8351614673292826	1.6062479460902592e7	2.82738374505925e6	7.165719715797533e8	7.287507215317167e6
2.863281649666698	2.920646821635025	2.8919642356508612	1.6318633055037787e7	2.706609098937658e6	7.328906046347914e8	7.0228503689274825e6
2.9206468216350245	2.979159297042718	2.9499030593388715	1.6575725022399597e7	2.5905052119683e6	7.494663296571909e8	6.766784409220821e6
2.9791592970427185	3.038842021958566	3.009000659500642	1.68336853544077e7	2.4789164765505744e6	7.663000150115986e8	6.519073158288623e6
3.038842021958566	3.0997184013727304	3.069280211665648	1.7092443879764702e7	2.3716913389930315e6	7.833924588913633e8	6.2794853686918765e6
3.0997184013727304	3.161812308375178	3.1307653548739545	1.7351930131969977e7	2.2686822058203407e6	8.007443890233332e8	6.047794665440083e6
3.1618123083751777	3.2251480935176744	3.193480200946426	1.7612073049226426e7	2.169745339813776e6	8.183564620725596e8	5.823779485395502e6
3.2251480935176753	3.289750594363022	3.2574493439403485	1.787280157042967e7	2.0747408755213416e6	8.362292636429893e8	5.607223021149931e6
3.289750594363022	3.355645145225276	3.322697869794149	1.8134044613255024e7	1.983532743379063e6	8.543633082562443e8	5.397913163833498e6
3.3556451452252753	3.422857587104774	3.3892513661650248	1.839573077593361e7	1.895988569528842e6	8.727590390321779e8	5.195642443510859e6
3.4228575871047733	3.4914142778218618	3.4571359324633173	1.86577892430856e7	1.8119797057548806e6	8.914168282752635e8	5.000207974817591e6
3.4914142778218618	3.561342102353292	3.526378190087577	1.8920148614903364e7	1.7313810393490028e6	9.103369768901669e8	4.811411394820109e6
3.5613421023532927	3.6326684833753515	3.5970052928643224	1.9182738289406683e7	1.6540710647986536e6	9.295197151795735e8	4.629058808668877e6
3.632668483375351	3.7054213920178514	3.6690449376966012	1.9445487778984815e7	1.5799317447593194e6	9.489652029585583e8	4.452960730421602e6
3.705421392017851	3.779629358833201	3.742525375425526	1.9708326457295544e7	1.5088484276099522e6	9.686735294158539e8	4.282932022581736e6
3.7796293588332013	3.8553214849848585	3.81747542190903	1.997118458155763e7	1.440709864603546e6	9.886447139974115e8	4.1187918401762675e6
3.855321484984859	3.932527453659549	3.893924469322204	2.0233992789843515e7	1.3754080974585467e6	1.008878706787255e9	3.960363571625926e6
3.9325274536595485	4.011277541707733	3.9719024976836406	2.0496682165521745e7	1.3128383973653717e6	1.0293753889527769e9	3.8074747795606274e6
4.011277541707733	4.0916026315168805	4.051440086612306	2.0759184385151416e7	1.2528992086003143e6	1.0501345733379283e9	3.6599571418474903e6
4.0916026315168805	4.1735342231222115	4.132568427319546	2.102143178541521e7	1.1954920854192055e6	1.0711560051233435e9	3.517646392429196e6
4.173534223122211	4.257104446559648	4.215319334840929	2.128335735922969e7	1.1405216250482365e6	1.0924393624825733e9	3.3803822617564765e6
4.257104446559648	4.3423460744658335	4.299725260512741	2.154489476420141e7	1.0878954025436852e6	1.1139842572467747e9	3.248008416944413e6
4.3423460744658335	4.429292534930143	4.385819304697988	2.1805978967647597e7	1.0375239367463085e6	1.1357902362144222e9	3.120372403462313e6
4.429292534930143	4.517977924603739	4.473635229766941	2.206654489561284e7	989320.5569309521	1.1578567811100352e9	2.997325582532896e6
4.5179779246037395	4.608437022070807	4.563207473337274	2.2326529439686466e7	943201.4344988145	1.1801833105497217e9	2.8787230740169007e6
4.608437022070807	4.700705301487216	4.654571161779011	2.2585869601418246e7	899085.430437119	1.20276918015114e9	2.7644236938270344e6
4.700705301487216	4.794818946491953	4.747762123989585	2.2844503986777388e7	856894.0972869663	1.2256136841379173e9	2.654289895107071e6
4.794818946491953	4.890814864396784	4.842816905444368	2.310237172232485e7	816551.569723741	1.2487160558602421e9	2.548187706525881e6
4.890814864396785	4.988730700659714	4.93977278252825	2.335941381161875e7	777984.5517683581	1.272075469671861e9	2.4459866734308135e6
4.988730700659713	5.0886048536479	5.038667777153806	2.3615571454822063e7	741122.1929871957	1.295691041126683e9	2.3475597952847006e6
5.0886048536479	5.19047648969585	5.139540671671876	2.387078759434542e7	705896.0805999294	1.3195618287210283e9	2.2527834662917447e6
5.19047648969585	5.29438555846476	5.242431024080306	2.4125006343994156e7	672240.1561515243	1.3436868350650225e9	2.161537414671667e6
5.29438555846476	5.400372808609048	5.347379183536904	2.4378173035777915e7	640090.6557103802	1.3680650081008003e9	2.0737046420172367e6
5.400372808609048	5.508479803756222	5.454426306182635	2.4630234077651765e7	609386.0458019852	1.392695242178452e9	1.9891713624830614e6
5.508479803756222	5.618748938806339	5.563614371281281	2.488113739213337e7	580066.9749721909	1.4175763795705855e9	1.9078269427165312e6
5.618748938806339	5.7312234565574585	5.674986197681899	2.5130832162877083e7	552076.2072715545	1.4427072117334626e9	1.8295638414433089e6
5.731223456557458	5.845947464663599	5.788585460610529	2.537926897709766e7	525358.567043313	1.4680864807105603e9	1.7542775493788181e6
5.8459474646636	5.962965952931865	5.904456708797732	2.562639961221101e7	499860.87659761595	1.4937128803227713e9	1.6818665290352541e6
5.962965952931865	6.082324810965495	6.02264538194868	2.587217733982771e7	475531.9058231485	1.519585057662599e9	1.6122321551182813e6
6.0823248109654955	6.204070846159798	6.143197828562647	2.611655690698766e7	452322.31503324845	1.5457016145695868e9	1.545278655087857e6
6.204070846159798	6.328251802057986	6.266161324108892	2.6359494346943635e7	430184.5961959632	1.5720611089165304e9	1.4809130497795527e6
6.328251802057984	6.454916377074136	6.39158408956606	2.660094725195355e7	409073.0233546993	1.598662056168484e9	1.4190450946124925e6
6.454916377074137	6.584114243590612	6.519515310332375	2.6840874543797407e7	388943.59516839066	1.6255029307122815e9	1.3595872208943183e6
6.584114243590613	6.715896067437418	6.650005155514016	2.7079236506356873e7	369753.98325458076	1.6525821672186384e9	1.3024544775517376e6
6.715896067437417	6.850313527761158	6.783104797599288	2.7315995081705168e7	351463.4846623474	1.6798981623003435e9	1.2475644734996324e6
6.850313527761158	6.9874193372913735	6.918866432526266	2.7551113592813935e7	334032.9670025652	1.7074492758931575e9	1.1948373201873081e6
6.987419337291374	7.127267263012194	7.057343300151784	2.7784556572156835e7	317424.81708037347	1.7352338324653144e9	1.1441955745130745e6
7.127267263012194	7.26991214724743	7.198589705129812	2.801628800198335e7	301602.8740517433	1.7632501204672978e9	1.0955641811919722e6
7.269912147247429	7.41540992916737	7.3426610382074	2.8246269752561726e7	286532.3720042344	1.7914963902198596e9	1.0488704151515272e6
7.415409929167371	7.56381766672571	7.489613797946541	2.8473949753357e7	272175.01044744055	1.819970339973216e9	1.0040435427612384e6
7.56381766672571	7.7151935590352165	7.6395056128804635	2.869807526390086e7	258488.64615115206	1.8486684152371168e9	961014.4848608962
7.715193559035217	7.869596969190914	7.792395264113066	2.885340348724658e7	244891.7419459256	1.8775218187243633e9	919684.5907748243
7.869596969190913	8.027088447549723	7.948342708370317	2.8256831624790117e7	225989.96904783338	1.9057786503491535e9	879649.5869634647
8.027088447549723	8.18772975547571	8.107409101512715	2.8301182537941065e7	213284.40525832385	1.9340798328870945e9	841192.2977867571
8.187729755475711	8.351583889560217	8.269656822517964	2.913017740248346e7	206864.83891366675	1.963210010289578e9	804584.3984214505
8.351583889560215	8.518715106326411	8.435149497943314	2.931566396274376e7	196169.96740151438	1.9925256742523217e9	769472.3772730975
8.518715106326413	8.689188947427933	8.603952026877174	2.9608298431506217e7	186696.28271543642	2.0221339726838279e9	735840.3400710825
8.689188947427933	8.863072265351484	8.776130606389708	2.987089595384352e7	177484.36615083241	2.0520048686376715e9	703617.9439767828
8.863072265351484	9.040433249633505	8.951752757492494	3.011733114147321e7	168623.5256858776	2.0821221997791448e9	672744.0627948502
9.040433249633505	9.221341453601168	9.130887351617336	3.035031107768297e7	160123.41521479486	2.1124725108568277e9	643161.6578977966
9.221341453601168	9.405867821648183	9.313604637624675	3.0575848395424824e7	152005.88980244478	2.1430483592522526e9	614818.2461705
9.405867821648183	9.59408471705614	9.49997626935216	3.079599852143884e7	144266.85813726002	2.1738443577736917e9	587664.139558359
9.59408471705614	9.786065950372254	9.690075333714198	3.1011689009990603e7	136895.21443936854	2.2048560467836823e9	561651.8787971738
9.786065950372253	9.98188680835469	9.883976379363471	3.122351417266311e7	129877.9319506181	2.2360795609563456e9	536735.9937800705
9.981886808354691	10.181624083496777	10.081755445925733	3.1431860884859018e7	123201.10037085378	2.2675114218412046e9	512872.8376362782
10.181624083496777	10.385356104141705	10.28349009381924	3.1637004956218652e7	116850.59632881396	2.299148426797423e9	490020.46908752335
10.385356104141703	10.593162765199528	10.489259434670615	3.1839146858459994e7	110812.36785912256	2.330987573655883e9	468138.55801939016
10.59316276519953	10.805125559478512	10.69914416233902	3.2038441114164915e7	105072.62773594202	2.3630260147700477e9	447188.30766698666
10.805125559478512	11.021327609643073	10.913226584560793	3.2235004392354786e7	99617.93004001476	2.3952610191624026e9	427132.38571710605
11.021327609643073	11.241853700810926	11.131590655227	3.242892957424721e7	94435.24494289445	2.42768994873665e9	407934.8637086599
11.241853700810926	11.466790313802136	11.354322007306532	3.2620290245050605e7	89511.9851589602	2.4603102389817004e9	389561.16146293643
11.466790313802136	11.69622565905317	11.581507986427653	3.280914679333208e7	84836.02750773629	2.4931193857750325e9	371977.99597075616
11.69622565905317	11.930249711209225	11.813237685131197	3.299554877096789e7	80395.71640485089	2.5261149345460005e9	355153.333436126
11.930249711209225	12.1689542444084	12.049601977808813	3.3179537972375065e7	76179.86480776945	2.5592944725183754e9	339056.3441469967
12.1689542444084	12.41243286827156	12.290693556339981	3.33611495240632e7	72177.74683421425	2.5926556220424385e9	323657.3595291378
12.41243286827156	12.660781064611983	12.536606966441772	3.35404144665042e7	68379.09165083771	2.6261960365089426e9	308927.8313301436
12.660781064611983	12.914096224879215	12.787438644745599	3.3717360045605786e7	64774.0704891417	2.6599133965545483e9	294840.29241380317
12.914096224879211	13.172477688351787	13.0432869566155	3.3892010344744846e7	61353.28384607755	2.693805406899293e9	281368.31908230996
13.17247768835179	13.436026781093817	13.304252234722803	3.406438777457627e7	58107.74963809821	2.727869794673869e9	268486.49489292223
13.436026781093817	13.704846855690684	13.57043681839225	3.423451233166218e7	55028.886912864524	2.7621043070055313e9	256170.37562629796
13.70484685569068	13.979043331779485	13.841945093735083	3.440240357721914e7	52108.50430632116	2.7965067105827503e9	244396.4556136372
13.979043331779488	14.258723737390069	14.118883534584779	3.4568078938756265e7	49338.782403725796	2.8310747895215073e9	233142.1349923016
14.258723737390067	14.54399775111286	14.401360744251463	3.4731556680011936e7	46712.26359650102	2.865806346201519e9	222385.68826864634
14.54399775111286	14.834977245110109	14.689487498111484	3.4892852551615536e7	44221.8328172762	2.9006991987531347e9	212106.23358615016
14.834977245110109	15.131776328987302	14.983376787048705	3.50519837075389e7	41860.708916191645	2.935751182460674e9	202283.7032719608
15.131776328987304	15.43451139454204	15.283143861764671	3.520896599049231e7	39622.427233149516	2.970960148451166e9	192898.81507996365
15.434511394542039	15.74330116140787	15.588906277974955	3.536381537428452e7	37500.828168117565	3.006323963825451e9	183933.0444361077
15.74330116140787	16.05826672361102	15.900783942509445	3.551654782007078e7	35490.04400322027	3.0418405116455216e9	175368.59752715193
16.058266723611016	16.37953159705823	16.218899160334622	3.566717912982711e7	33584.48622106389	3.0775076907753487e9	167188.38521266836
16.37953159705823	16.707221767974385	16.543376682516307	3.581572524417488e7	31778.83370096969	3.1133234160195236e9	159375.99776332497
16.707221767974385	17.041465742308862	16.874343755141624	3.596220218643317e7	30068.020950917115	3.149285618205957e9	151915.680379718
17.041465742308862	17.38239459613003	17.211930169219446	3.6106625863109484e7	28447.226672704044	3.1853922440690665e9	144792.3094658276
17.38239459613003	17.73014202702762	17.556268311578826	3.62490127360401e7	26911.86344776545	3.2216412568051066e9	137991.36967810825
17.730142027027618	18.084844406543162	17.90749321678539	3.638937907319843e7	25457.56665828769	3.258030635878305e9	131498.93166124035
18.08484440654316	18.446640833649013	18.265742620096084	3.652774140848529e7	24080.184805674304	3.2945583772867904e9	125301.63051144939
18.446640833649013	18.815673189296984	18.631157011473	3.666411656208967e7	22775.769831696496	3.33122249384888e9	119386.64492547745
18.815673189296984	19.192086192057914	19.00387969067745	3.6798521263214916e7	21540.567589497008	3.368021015112095e9	113741.67700420809
19.192086192057914	19.576027454874062	19.38405682346599	3.693097262162122e7	20371.009235724807	3.4049519877337155e9	108354.93272623412
19.576027454874062	19.967647542946533	19.771837498910298	3.706148798079382e7	19263.702565390613	3.4420134757145095e9	103215.1030493347
19.967647542946533	20.367100032780453	20.167373787863493	3.719008466414733e7	18215.423678072486	3.479203560378657e9	98311.34562267683
20.367100032780453	20.774541572411053	20.570820802595755	3.731678031664076e7	17223.10930374664	3.5165203406952977e9	93633.2671124919
20.774541572411056	21.190131942834267	20.98233675762266	3.744159258423867e7	16283.849110569981	3.5539619332795362e9	89170.9061047264
21.190131942834263	21.614034120665938	21.402083031750102	3.7564539607055165e7	15394.87871657999	3.5915264728865914e9	84914.71659192574
21.614034120665938	22.046414342054245	21.83022423136009	3.768563921936502e7	14553.572436088396	3.6292121121059566e9	80855.55199528048
22.04641434205425	22.487442167870324	22.266928254962288	3.7804909738617904e7	13757.437015269354	3.6670170218445745e9	76984.64974797123
22.48744216787032	22.937290550202714	22.712366359036515	3.792236968697938e7	13004.10517954502	3.7049393915315537e9	73293.61639651874
22.937290550202718	23.39613590018176	23.16671322519224	3.803803928718744e7	12291.330069894984	3.7429774308187413e9	69774.41324148508
23.396135900181758	23.864158157160382	23.630147028671068	3.815196246719005e7	11616.986023498821	3.7811293932859316e9	66419.34285236457
23.864158157160386	24.34154085927858	24.102849508219485	3.8264472809965864e7	10979.137310978267	3.8193938660958977e9	63221.04032653959
24.341540859278584	24.828471215439144	24.585006037358866	3.8378643244784825e7	10376.671496572962	3.8577725093406825e9	60172.50159101074
24.82847121543914	25.32514017872291	25.076805697081028	3.852104848517963e7	9814.373622438772	3.896293557825862e9	57267.40279477756
25.325140178722915	25.83174252127236	25.57844134999764	3.8631672632843606e7	9274.790413903942	3.9349252304587054e9	54498.77815686389
25.831742521272364	26.3484769106728	26.09010971597258	3.873851560190387e7	8763.946919516837	3.9736637460606093e9	51860.41142952492
26.348476910672794	26.875545987861237	26.612011449267015	3.884240356888483e7	8280.548314019497	4.0125061496294937e9	49346.37037435763
26.87554598786124	27.413156446593455	27.144351217227346	3.894430760220363e7	7823.359469487417	4.0514504572316976e9	46950.99381464643
27.413156446593455	27.961519114500312	27.687337780546883	3.904451349836115e7	7391.042113744719	4.0904949707300587e9	44668.87004120044
27.96151911450031	28.520849035765302	28.241184075132807	3.914309756332455e7	6982.280225627003	4.129638068293383e9	42494.823698302745
28.520849035765302	29.091365555455596	28.80610729561045	3.924009209930279e7	6595.816820468952	4.168878160392686e9	40423.9055487127
29.0913655554556	29.673292405539698	29.382328980497647	3.933551885318426e7	6230.458293435144	4.20821367924587e9	38451.38308006238
29.673292405539694	30.266857792625476	29.970075099082585	3.942939755184774e7	5885.072962782193	4.247643076797718e9	36572.73156948637
30.266857792625476	30.872294487452972	30.569576140039224	3.952174758543493e7	5558.588271894153	4.287164824383153e9	34783.62550265427
30.872294487452976	31.489839916177022	31.181067201814997	3.961258820241957e7	5249.987844597965	4.326777412585572e9	33079.93031827552
31.489839916177026	32.11973625347555	31.80478808482629	3.9701938621382214e7	4958.30866115771	4.366479351206954e9	31457.694466241846
32.11973625347555	32.76223051752005	32.4409833854978	3.978981811076011e7	4682.6383611281235	4.406269169317714e9	29913.141768612983
32.762230517520045	33.41757466684543	33.08990259218274	3.9876245629456595e7	4422.112624567525	4.44614541494717e9	28442.66407047778
33.41757466684544	34.08602569915733	33.751800183001386	3.996124018747438e7	4175.912767318173	4.4861066551346445e9	27042.81417629996
34.08602569915733	34.76784575211546	34.4269357256364	4.00448187803006e7	3943.2632017766214	4.526151473914945e9	25710.299047504803
34.76784575211547	35.46330220613277	35.11557397912412	4.012698224066617e7	3723.4279611168536	4.566278456155611e9	24441.973192195557
35.46330220613276	36.1726677892304	35.81798499768158	4.020738901674965e7	3515.6804894611264	4.60648584517236e9	23234.830693738128
36.1726677892304	36.896220683989995	36.5344442366102	4.028302212903891e7	3319.1179820236175	4.646768867301401e9	22085.986989562203
36.89622068399	37.63424463664479	37.265232660317395	4.034494736563796e7	3132.4703087246867	4.687113814667039e9	20992.650679135288
37.63424463664479	38.38702906835267	38.01063685249873	4.03806143883013e7	2954.3908024210914	4.72749442905534e9	19952.11373276908
38.38702906835267	39.154869188694704	38.77094912852368	4.038462039263123e7	2784.2503308779333	4.767879049447971e9	18961.78807135737
39.15486918869471	39.93806611144359	39.54646765006915	4.045882218919286e7	2628.4686967879024	4.808337871637164e9	18019.605260631153
39.93806611144358	40.73692697264744	40.337496542045514	4.053363224376075e7	2481.432338907032	4.848871503880925e9	17123.292390261777
40.73692697264744	41.55176505107537	41.1443460118614	4.0605726812712155e7	2342.4567811889483	4.889477230693637e9	16270.668201584142
41.55176505107538	42.38289989107187	41.967332471073625	4.070986029149059e7	2212.9995976664145	4.930187090985127e9	15459.761361736355
42.382899891071865	43.23065742786829	42.806778659470076	3.978579152802942e7	2038.0141298339813	4.969972882513157e9	14685.538951581542
43.23065742786829	44.09537011540064	43.66301377163447	4.041196855717286e7	1950.6829997642187	5.01038485107033e9	13950.940923449682
44.09537011540065	44.97737705668364	44.536373586042146	2.1800887470791012e7	991.6271511059753	5.032185738541121e9	13203.396881600125
44.977377056683636	45.87702413679229	45.42720059673796	1.7814261458864346e7	763.5537947120753	5.049999999999985e9	12485.819472326617
