-0.0	9.953897499377266e-5	4.976948749688633e-5	-2.264833291119552e-30
9.953897499377266e-5	0.0002010687294874207	0.00015030385224059668	-2.264829582733799e-30
0.00020106872948742058	0.0003046290790709416	0.00025284890427918107	-2.264825389998888e-30
0.0003046290790709413	0.00041026063564613265	0.000357444857358537	-2.264820433839469e-30
0.0004102606356461331	0.0005180048233528283	0.0004641327294994807	-2.26481482132099e-30
0.0005180048233528287	0.0006279038948136577	0.0005729543590832433	-2.264808653663709e-30
0.0006279038948136573	0.0007400009477037028	0.0006839524212586801	-2.2648020089433836e-30
0.000740000947703703	0.0008543399416515495	0.0007971704446776262	-2.264794945419157e-30
0.0008543399416515493	0.0009709657154783526	0.0009126528285649509	-2.2647875062550288e-30
0.0009709657154783523	0.0010899240047816917	0.001030444860130022	-2.264779723294935e-30
0.0010899240047816917	0.0012112614598710977	0.0011505927323263946	-2.264771619913313e-30
0.0012112614598710973	0.0013350256640622914	0.0012731435619666943	-2.2647632131699664e-30
0.0013350256640622922	0.00146126515233731	0.0013981454081998012	-2.2647545153788062e-30
0.0014612651523373099	0.0015900294303778282	0.001525647291357569	-2.2647455352633515e-30
0.0015900294303778277	0.0017213689939791564	0.001655699212178492	-2.2647362788458477e-30
0.0017213689939791568	0.0018553353488525118	0.0017883521714158342	-2.2647267511245065e-30
0.0018553353488525112	0.0019919810308233333	0.0019236581898379223	-2.264716961073345e-30
0.0019919810308233333	0.002131359626433572	0.0020616703286284524	-2.264706914562682e-30
0.0021313596264335728	0.002273525793956016	0.0022024427101947942	-2.2646966152700873e-30
0.0022735257939560153	0.0024185352848289073	0.002346030539392461	-2.2646860652032657e-30
0.002418535284828908	0.002566444965519258	0.002492490125174083	-2.264675264970664e-30
0.002566444965519257	0.002717312839823414	0.0026418789026713355	-2.2646642141198477e-30
0.002717312839823413	0.0028711980716136527	0.002794255455718533	-2.264652911473497e-30
0.002871198071613654	0.0030281610080396984	0.002949679539826676	-2.264641354978545e-30
0.003028161008039698	0.0031882632031942633	0.0031082121056169804	-2.2646295421903656e-30
0.003188263203194263	0.0033515674422519193	0.0032699153227230913	-2.2646174700139623e-30
0.0033515674422519197	0.0035181377660907292	0.0034348526041713245	-2.264605135029428e-30
0.0035181377660907292	0.003688039496406315	0.003603088631248522	-2.2645925334553948e-30
0.0036880394964063155	0.003861339261328213	0.0037746893788672643	-2.264579660986841e-30
0.003861339261328213	0.004038105021548549	0.003949722141438381	-2.264566513039357e-30
0.004038105021548548	0.00421840609697329	0.004128255559260919	-2.264553084473779e-30
0.00421840609697329	0.004402313193906526	0.004310359645439908	-2.2645393693780403e-30
0.004402313193906526	0.004589898432778427	0.004496105813342477	-2.264525361208764e-30
0.004589898432778428	0.004781235376427767	0.004685566904603098	-2.264511052836756e-30
0.0047812353764277666	0.0049763990589500925	0.00487881721768893	-2.2644964366373205e-30
0.004976399058950093	0.005175466015122866	0.0050759325370364795	-2.2644815046659073e-30
0.005175466015122865	0.005378514310419092	0.005276990162770979	-2.2644662488063503e-30
0.005378514310419092	0.005585623571621245	0.005482068941020169	-2.264450662325225e-30
0.005585623571621245	0.00579687501804744	0.0056912492948343425	-2.2644347373638636e-30
0.005796875018047441	0.00601235149340216	0.0059046132557248	-2.2644184670188785e-30
0.00601235149340216	0.006232137498263974	0.006122244495833067	-2.2644018433500004e-30
0.006232137498263972	0.006456319223223022	0.006344228360743497	-2.264384858804417e-30
0.006456319223223021	0.006684984582681251	0.006570651902952136	-2.264367505406965e-30
0.006684984582681254	0.006918223249328648	0.0068016039160049505	-2.2643497751143677e-30
0.006918223249328647	0.00715612668930899	0.007037174969318818	-2.264331659735101e-30
0.00715612668930899	0.007398788198088939	0.007277457443698964	-2.264313150829698e-30
0.007398788198088939	0.007646302937044488	0.0075225455675667135	-2.264294239837876e-30
0.007646302937044487	0.007898767970779146	0.007772535453911817	-2.2642749179829693e-30
0.007898767970779147	0.0081562823051885	0.008027525137983823	-2.2642551762995664e-30
0.0081562823051885	0.00841894692628604	0.008287614615737269	-2.2642350056257775e-30
0.00841894692628604	0.00868686483980553	0.008552905883045785	-2.2642143965819802e-30
0.008686864839805528	0.008960141111595408	0.008823502975700469	-2.2641933395795874e-30
0.008960141111595408	0.009238882908821085	0.009099512010208246	-2.2641718248086002e-30
0.009238882908821085	0.009523199541991274	0.00938104122540618	-2.2641498422120868e-30
0.009523199541991274	0.009813202507824869	0.009668201024908072	-2.2641273815055936e-30
0.00981320250782487	0.010109005532975137	0.009961104020400003	-2.2641044321703486e-30
0.010109005532975134	0.010410724618628405	0.01025986507580177	-2.264080983445147e-30
0.010410724618628405	0.010718478085994741	0.010564601352311572	-2.264057024313563e-30
0.010718478085994743	0.011032386622708406	0.010875432354351573	-2.264032543487707e-30
0.011032386622708406	0.011352573330156341	0.011192479976432374	-2.264007529404219e-30
0.011352573330156343	0.011679163771753237	0.01151586855095479	-2.2639819702606225e-30
0.011679163771753237	0.01201228602218207	0.011845724896967653	-2.2639558539670064e-30
0.012012286022182067	0.012352070717619476	0.012182178369900772	-2.263929168082443e-30
0.01235207071761948	0.012698651106965636	0.012525360912292557	-2.2639018998105194e-30
0.012698651106965634	0.013052163104098714	0.012875407105532175	-2.263874035825299e-30
0.013052163104098714	0.013412745341174455	0.013232454222636584	-2.2638455622914984e-30
0.013412745341174457	0.013780539222991713	0.013596642282083085	-2.2638164648989567e-30
0.013780539222991713	0.014155688982445314	0.013968114102718514	-2.2637867289507107e-30
0.014155688982445312	0.014538341737087986	0.014347015359766648	-2.2637563394103365e-30
0.014538341737087988	0.014928647546823513	0.01473349464195575	-2.263725280881661e-30
0.014928647546823513	0.01532675947275375	0.01512770350978863	-2.2636935376810644e-30
0.01532675947275375	0.01573283363720259	0.01552979655497817	-2.2636610937159085e-30
0.01573283363720259	0.01614702928494041	0.015939931461071498	-2.263627932586921e-30
0.016147029284940405	0.016569508845632977	0.01635826906528669	-2.263594037218952e-30
0.016569508845632984	0.01700043799753941	0.016784973421586198	-2.263559390367921e-30
0.017000437997539405	0.01743998573248396	0.017220211865011683	-2.2635239743874246e-30
0.01743998573248396	0.017888324422127407	0.017664155077305684	-2.2634877711857732e-30
0.017888324422127403	0.018345629885563715	0.01811697715384556	-2.2634507623568405e-30
0.01834562988556372	0.018812081458268758	0.018578855671916236	-2.2634129289788067e-30
0.018812081458268758	0.0192878620624279	0.01904997176034833	-2.2633742522273622e-30
0.019287862062427896	0.019773158278670218	0.019530510170549055	-2.2633347128683523e-30
0.019773158278670218	0.020268160419237388	0.020020659348953803	-2.2632942911011914e-30
0.020268160419237388	0.0207730626026159	0.020520611510926642	-2.2632529662534197e-30
0.0207730626026159	0.02128806282966198	0.021030562716138942	-2.263210717723289e-30
0.02128806282966198	0.021813363061248984	0.021550712945455484	-2.263167523907686e-30
0.021813363061248984	0.022349169297467726	0.022081266179358357	-2.2631233633179753e-30
0.02234916929746773	0.022895691658410846	0.022622430477939288	-2.2630782129507595e-30
0.022895691658410842	0.02345314446657282	0.023174418062491833	-2.2630320495286243e-30
0.02345314446657282	0.024021746330898038	0.02373744539873543	-2.2629848493364283e-30
0.024021746330898045	0.02460172023250977	0.024311733281703905	-2.26293658800926e-30
0.02460172023250977	0.025193293612153726	0.024897506922331746	-2.2628872411183033e-30
0.025193293612153722	0.02579669845939056	0.02549499603577214	-2.2628367833647574e-30
0.02579669845939056	0.026412171403572132	0.026104434931481346	-2.2627851878410916e-30
0.026412171403572136	0.02703995380663734	0.02672606260510474	-2.262732427746199e-30
0.02703995380663734	0.027680291857763845	0.027360122832200594	-2.262678475768808e-30
0.027680291857763845	0.028333436669912882	0.028006864263838364	-2.262623303923179e-30
0.028333436669912882	0.0289996443783049	0.028666540524108892	-2.2625668836293533e-30
0.028999644378304903	0.02967917624086476	0.029339410309584833	-2.2625091849620905e-30
0.02967917624086476	0.030372298740675815	0.03002573749077029	-2.2624501771094876e-30
0.030372298740675818	0.031079283690483094	0.030725791215579456	-2.2623898291044275e-30
0.031079283690483087	0.03180040833928651	0.031439846014884795	-2.2623281092515752e-30
0.03180040833928651	0.032535955481066	0.03216818191017626	-2.2622649850331005e-30
0.032535955481066005	0.03328621356568108	0.032911084523373546	-2.2622004231509906e-30
0.03328621356568108	0.03405147681198846	0.03366884518883477	-2.262134388343408e-30
0.03405147681198846	0.03483204532322199	0.03444176106760523	-2.2620668453486685e-30
0.03483204532322199	0.03562822520468019	0.03523013526395109	-2.2619977581052763e-30
0.03562822520468018	0.036440328683767544	0.03603427694422386	-2.2619270902542386e-30
0.036440328683767544	0.037268674232436655	0.036854501458102096	-2.2618548042709585e-30
0.037268674232436655	0.03811358669207914	0.0376911304622579	-2.2617808594397888e-30
0.03811358669207915	0.03897539740091449	0.03854449204649682	-2.2617052154150457e-30
0.038975397400914484	0.03985444432392653	0.0394149208624205	-2.2616278315802734e-30
0.03985444432392653	0.040751072185398814	0.040302758254662674	-2.26154866636984e-30
0.040751072185398814	0.04166563260410055	0.04120835239474968	-2.2614676766086107e-30
0.04166563260410054	0.042598484231176306	0.042132058417638424	-2.261384815081138e-30
0.04259848423117632	0.0435499928907936	0.04307423856098496	-2.2613000365924595e-30
0.043549992890793594	0.04452053172360322	0.04403526230719841	-2.261213295253663e-30
0.044520531723603214	0.04551048133306903	0.04501550652833612	-2.2611245440422168e-30
0.045510481333069036	0.04652022993472417	0.0460153556338966	-2.26103373246172e-30
0.04652022993472417	0.047550173508412404	0.04703520172156829	-2.2609408079066685e-30
0.04755017350841241	0.04860071595357441	0.048075444730993414	-2.2608457197132154e-30
0.04860071595357442	0.04967226924763966	0.04913649260060704	-2.260748415730478e-30
0.04967226924763965	0.05076525360758619	0.05021876142761292	-2.2606488419301267e-30
0.0507652536075862	0.05188009765473167	0.051322675631158936	-2.260546940024248e-30
0.051880097654731665	0.05301723858282005	0.052448668118775854	-2.2604426521580735e-30
0.05301723858282006	0.05417712232947021	0.05359718045614513	-2.260335920493688e-30
0.0541771223294702	0.055360203751053355	0.054768663040261775	-2.260226685641951e-30
0.055360203751053355	0.05656694680106817	0.05596357527606076	-2.2601148849011294e-30
0.05656694680106818	0.057797824712083286	0.057182385756575735	-2.2600004534190123e-30
0.05779782471208328	0.059053320181318696	0.05842557244670099	-2.259883325729202e-30
0.0590533201813187	0.06033392555993882	0.059693622870628765	-2.259763436071743e-30
0.06033392555993882	0.06164014304613134	0.06098703430303508	-2.259640716033306e-30
0.06164014304613134	0.06297248488204772	0.06230631396408953	-2.2595150942620894e-30
0.06297248488204771	0.06433147355468241	0.06365197921836506	-2.2593864984543953e-30
0.06433147355468241	0.06571764200076981	0.06502455777772612	-2.2592548538990212e-30
0.06571764200076981	0.06713153381577895	0.06642458790827438	-2.2591200849889238e-30
0.06713153381577895	0.06857370346708827	0.0678526186414336	-2.2589821140434724e-30
0.06857370346708827	0.07004471651142379	0.06930920998925602	-2.2588408607488923e-30
0.07004471651142379	0.071545149816646	0.0707949331640349	-2.2586962425637593e-30
0.071545149816646	0.07307559178797267	0.07231037080230934	-2.258548174511865e-30
0.07307559178797267	0.07463664259872586	0.07385611719334927	-2.2583965709482448e-30
0.07463664259872586	0.07622891442569413	0.07543277851221	-2.2582413428894784e-30
0.07622891442569411	0.07785303168920174	0.07704097305744792	-2.2580823991589684e-30
0.07785303168920174	0.07950963129797951	0.07868133149359063	-2.257919646944483e-30
0.07950963129797951	0.08119936289893284	0.08035449709845618	-2.2577529884895578e-30
0.08119936289893284	0.08292288913190524	0.08206112601541904	-2.2575823263273842e-30
0.08292288913190525	0.0846808858895371	0.08380188751072118	-2.2574075604658787e-30
0.08468088588953708	0.08647404258232155	0.08557746423592932	-2.257228586343747e-30
0.08647404258232155	0.08830306240896171	0.08738855249564163	-2.257045298373663e-30
0.08830306240896173	0.0901686626321347	0.08923586252054821	-2.2568575862177878e-30
0.09016866263213469	0.09207157485977112	0.09112011874595291	-2.2566653381395447e-30
0.09207157485977113	0.09401254533196028	0.09304206009586571	-2.256468440039876e-30
0.09401254533196027	0.09599233521359321	0.09500244027277674	-2.2562667743859355e-30
0.09599233521359321	0.09801172089285881	0.09700202805322601	-2.2560602207681773e-30
0.0980117208928588	0.1000714942857097	0.09904160758928425	-2.2558486527529388e-30
0.10007149428570972	0.10217246314641765	0.10112197871606368	-2.2556319441672636e-30
0.10217246314641763	0.10431545138433972	0.10324395726537867	-2.255409965258365e-30
0.10431545138433973	0.10650129938702026	0.10540837538567999	-2.2551825808864325e-30
0.10650129938702026	0.10873086434975439	0.10761608186838732	-2.2549496561999723e-30
0.10873086434975437	0.1110050206117432	0.10986794248074878	-2.2547110471915063e-30
0.1110050206117432	0.11332465999897179	0.11216484030535749	-2.2544666090168227e-30
0.11332465999897177	0.11569069217394494	0.11450767608645836	-2.2542161947428785e-30
0.11569069217394495	0.11810404499241757	0.11689736858318125	-2.2539596510955135e-30
0.11810404499241758	0.12056566486725966	0.11933485492983861	-2.253696824270346e-30
0.12056566486725963	0.12307651713959854	0.12182109100342908	-2.2534275506186704e-30
0.12307651713959855	0.12563758645738424	0.1243570517984914	-2.2531516668387177e-30
0.12563758645738424	0.12824987716152564	0.12694373180945495	-2.252869003644572e-30
0.12824987716152564	0.13091441367974987	0.12958214542063776	-2.2525793868833535e-30
0.13091441367974987	0.13363224092833859	0.13227332730404423	-2.2522826421169345e-30
0.13363224092833859	0.13640442472189906	0.13501833282511883	-2.251978586324787e-30
0.13640442472189906	0.13923205219133075	0.1378182384566149	-2.2516670302333117e-30
0.1392320521913308	0.14211623221015113	0.14067414220074098	-2.2513477815485094e-30
0.1421162322101511	0.14505809582934784	0.14358716401974947	-2.2510206447245274e-30
0.14505809582934784	0.1480587967209285	0.14655844627513817	-2.250685417351842e-30
0.1480587967209285	0.1511195116303408	0.14958915417563465	-2.2503418939272956e-30
0.1511195116303408	0.1542414408379413	0.15268047623414105	-2.2499898613521748e-30
0.1542414408379413	0.15742580862969385	0.15583362473381757	-2.2496291002069703e-30
0.15742580862969385	0.16067386377728143	0.15904983620348764	-2.2492593838712984e-30
0.16067386377728143	0.16398688002782077	0.16233037190255112	-2.248880485620938e-30
0.16398688002782077	0.1673661566033709	0.16567651831559582	-2.2484921720048217e-30
0.1673661566033709	0.17081301871043203	0.16908958765690146	-2.248094201123054e-30
0.170813018710432	0.17432881805963435	0.1725709183850332	-2.247686323155705e-30
0.17432881805963435	0.17791493339582073	0.17612187572772753	-2.2472682825380724e-30
0.17791493339582073	0.18157277103873085	0.1797438522172758	-2.2468398177467893e-30
0.18157277103873087	0.1853037654344992	0.18343826823661502	-2.246400662612942e-30
0.18530376543449914	0.1891093797181828	0.187206572576341	-2.245950546935624e-30
0.18910937971818284	0.19299110628754018	0.1910502430028615	-2.2454891920459874e-30
0.19299110628754018	0.19695046738828467	0.1949707868379124	-2.2450163026539023e-30
0.19695046738828464	0.20098901571104402	0.19896974154966435	-2.2445315791039407e-30
0.20098901571104408	0.20510833500025866	0.20304867535565135	-2.244034718766752e-30
0.20510833500025863	0.2093100406752575	0.20720918783775805	-2.2435254127630802e-30
0.2093100406752575	0.21359578046375632	0.2114529105695069	-2.2430033415004217e-30
0.21359578046375632	0.21796723504802512	0.21578150775589072	-2.2424681815938252e-30
0.21796723504802512	0.2224261187239793	0.2201966768860022	-2.241919588445753e-30
0.22242611872397927	0.22697418007345255	0.2247001493987159	-2.2413572131370882e-30
0.22697418007345255	0.23161320264991528	0.22929369136168393	-2.240780698343871e-30
0.23161320264991528	0.23634500567790726	0.23397910416391127	-2.2401896835157324e-30
0.23634500567790728	0.2411714447664591	0.2387582252221832	-2.239583803851243e-30
0.24117144476645908	0.24609441263678192	0.2436329287016205	-2.2389626821703974e-30
0.24609441263678195	0.25111583986451125	0.2486051262506466	-2.2383259036273024e-30
0.25111583986451125	0.25623769563679516	0.2536767677506532	-2.23767306178634e-30
0.2562376956367951	0.2614619885245247	0.25884984208065986	-2.2370037497659286e-30
0.2614619885245247	0.26679076727000883	0.2641263778972668	-2.2363175492053937e-30
0.26679076727000883	0.27222612159040266	0.2695084444302057	-2.235614026792775e-30
0.2722261215904027	0.2777701829972044	0.27499815229380353	-2.2348927212069945e-30
0.2777701829972044	0.28342512563214217	0.2805976543146733	-2.234153175183712e-30
0.28342512563214217	0.28919316711977866	0.2863091463759604	-2.233394917061697e-30
0.28919316711977866	0.29507656943716787	0.29213486827847324	-2.232617462251536e-30
0.2950765694371678	0.3010776398009048	0.2980771046190363	-2.2318203123129306e-30
0.30107763980090485	0.3071987315719166	0.3041381856864107	-2.2310029510835085e-30
0.30719873157191663	0.3134422451783486	0.3103204883751326	-2.230164852518368e-30
0.31344224517834857	0.31981062905690916	0.31662643711762883	-2.229305472658235e-30
0.3198106290569092	0.326306380613041	0.3230585048349751	-2.2284242586856132e-30
0.326306380613041	0.33293204720029546	0.32961921390666826	-2.2275206351556495e-30
0.3329320472002955	0.33969022711929503	0.33631113715979527	-2.2265940038418174e-30
0.33969022711929503	0.34658357063667455	0.3431368988779848	-2.225643757896872e-30
0.3465835706366745	0.35361478102440164	0.35009917583053807	-2.2246692705695654e-30
0.35361478102440164	0.3607866156198833	0.35720069832214246	-2.2236698940059553e-30
0.3607866156198833	0.3681018869072746	0.36444425126357893	-2.2226449515857153e-30
0.36810188690727463	0.37556346362041376	0.3718326752638442	-2.221593744713889e-30
0.3755634636204137	0.3831742718678156	0.37936886774411466	-2.220515538666545e-30
0.38317427186781555	0.3909372962801655	0.38705578407399055	-2.2194095747836546e-30
0.39093729628016555	0.3988555811807625	0.394896438730464	-2.218275076316754e-30
0.3988555811807624	0.40693223177937127	0.40289390648006684	-2.2171112621976424e-30
0.40693223177937127	0.4151704153899523	0.4110513235846618	-2.2159173357689173e-30
0.4151704153899523	0.4235733626727449	0.4193718890313486	-2.2146924695084033e-30
0.423573362672745	0.43214436890119345	0.4278588657869692	-2.2134358318391526e-30
0.4321443689011934	0.4408867952542109	0.43651558207770214	-2.2121465716818246e-30
0.4408867952542108	0.44980407013428864	0.44534543269424975	-2.2108238135474316e-30
0.4498040701342887	0.45889969051196805	0.45435188032312834	-2.2094666643546197e-30
0.4588996905119681	0.468177223297201	0.46353845690458456	-2.2080741959206077e-30
0.4681772232972011	0.4776403067381387	0.4729087650176699	-2.206645482786825e-30
0.47764030673813856	0.4872926518478949	0.4824664792930167	-2.2051795289861216e-30
0.48729265184789494	0.4971380438598464	0.49221534785387067	-2.2036753375224023e-30
0.49713804385984633	0.5071803437120368	0.5021591937859415	-2.2021318925641112e-30
0.5071803437120368	0.517423489561271	0.5123019166366539	-2.2005482061154e-30
0.5174234895612712	0.5278714983274901	0.5226474939443806	-2.1989232060272608e-30
0.5278714983274901	0.5385284672690335	0.5331999827982619	-2.1972558650640354e-30
0.5385284672690335	0.5493985755894076	0.5439635214292206	-2.19554512709119e-30
0.5493985755894077	0.5604860860761894	0.5549423308327985	-2.1937899102176074e-30
0.5604860860761894	0.5717953467727067	0.5661407164244481	-2.1919890882593637e-30
0.5717953467727067	0.5833307926831544	0.5775630697279306	-2.1901416199178337e-30
0.5833307926831544	0.595096947511811	0.5892138700974827	-2.1882463088184597e-30
0.5950969475118111	0.6070984254370408	0.601097686474426	-2.186301923207021e-30
0.6070984254370407	0.619339932920775	0.6132191791789079	-2.1843074037263096e-30
0.619339932920775	0.631826270554184	0.6255831017374796	-2.1822614587056764e-30
0.631826270554184	0.6445623349402613	0.6381943027472227	-2.180162914780503e-30
0.6445623349402613	0.65755312061406	0.6510577277771606	-2.1780105796682272e-30
0.65755312061406	0.6708037220013348	0.6641784213076973	-2.175803205620023e-30
0.6708037220013346	0.6843193354163548	0.6775615287088448	-2.1735394534522308e-30
0.6843193354163548	0.6981052610996754	0.6912122982580151	-2.1712182037996293e-30
0.6981052610996754	0.7121669052966624	0.7051360831981689	-2.1688382002950797e-30
0.7121669052966624	0.7265097823775891	0.7193383438371257	-2.1663981431466143e-30
0.7265097823775891	0.7411395170001344	0.7338246496888617	-2.1638967127928904e-30
0.7411395170001344	0.7560618463151305	0.7486006816576325	-2.161332526262377e-30
0.7560618463151304	0.7712826222164265	0.7636722342657785	-2.1587043301795683e-30
0.7712826222164265	0.7868078136357485	0.7790452179260875	-2.156010655701266e-30
0.7868078136357485	0.8026435088834569	0.7947256612596028	-2.1532502335539616e-30
0.8026435088834569	0.8187959180361195	0.8107197134597882	-2.150421788678065e-30
0.8187959180361196	0.8352713753718355	0.8270336467039776	-2.1475239611132647e-30
0.8352713753718353	0.8520763418542654	0.8436738586130503	-2.1445553620137113e-30
0.8520763418542654	0.8692174076663441	0.8606468747603048	-2.1415145476673264e-30
0.8692174076663441	0.8867012947946644	0.8779593512305043	-2.138400118357422e-30
0.8867012947946645	0.9045348596655512	0.8956180772301079	-2.1352110041797764e-30
0.9045348596655511	0.9227250958338555	0.9136299777497033	-2.1319454856978883e-30
0.9227250958338556	0.9412791367255261	0.9320021162796909	-2.1286020025052143e-30
0.9412791367255261	0.96020425843503	0.950741697580278	-2.1251797147975864e-30
0.9602042584350299	0.9795078825787238	0.9698560705068768	-2.1216768099913892e-30
0.9795078825787238	0.9991975792052916	0.9893527308920077	-2.1180921400541315e-30
0.9991975792052917	1.0192810697643908	1.0092393244848412	-2.1144242010294982e-30
1.0192810697643908	1.039766230134672	1.0295236499495313	-2.1106714163062568e-30
1.039766230134672	1.0606610937123586	1.0502136619235154	-2.1068329008273348e-30
1.0606610937123588	1.0819738545615993	1.071317474136979	-2.1029066669473372e-30
1.0819738545615993	1.1037128706278245	1.0928433625947118	-2.098892177710435e-30
1.1037128706278245	1.1258866670153744	1.1147997688215994	-2.0947873757768863e-30
1.1258866670153742	1.148503939330675	1.1371953031730246	-2.090591485481302e-30
1.1485039393306753	1.171573557092282	1.1600387482114787	-2.0863026482830746e-30
1.171573557092282	1.195104567209121	1.1833390621507016	-2.081920225485944e-30
1.195104567209121	1.2191061975282966	1.2071053823687088	-2.07744224055319e-30
1.2191061975282966	1.2435878604538557	1.2313470289910762	-2.0728680865072166e-30
1.243587860453856	1.2685591566379264	1.2560735085458912	-2.0681963541628557e-30
1.268559156637926	1.2940298787456777	1.2812945176918018	-2.0634256016039112e-30
1.2940298787456779	1.3200100152955847	1.3070199470206312	-2.058555053063224e-30
1.3200100152955847	1.3465097545764897	1.3332598849360373	-2.0535825781188172e-30
1.3465097545764895	1.3735394886430126	1.360024621609751	-2.0485079195794994e-30
1.3735394886430126	1.401109817390866	1.3873246530169392	-2.0433298780584878e-30
1.401109817390866	1.4292315527136765	1.4151706850522712	-2.038046780839861e-30
1.4292315527136763	1.457915722742943	1.4435736377283095	-2.032658125787282e-30
1.4579157227429431	1.487173576172795	1.4725446494578691	-2.027163127200008e-30
1.487173576172795	1.5170165866712442	1.5020950814220195	-2.0215597373382212e-30
1.5170165866712444	1.5474564573796623	1.5322365220254532	-2.0158475606728212e-30
1.5474564573796623	1.5785051255022486	1.5629807914409555	-2.010026639827558e-30
1.5785051255022486	1.6101747669872868	1.5943399462447676	-2.0040946254845635e-30
1.6101747669872866	1.6424778013020254	1.626326284144656	-1.998051150602158e-30
1.6424778013020256	1.6754268963030592	1.6589523488025424	-1.9918955164802324e-30
1.6754268963030592	1.7090349732041135	1.6922309347535864	-1.9856269704533703e-30
1.709034973204113	1.7433152116431883	1.7261750924236505	-1.979244619544386e-30
1.7433152116431885	1.7782810548510453	1.7607981332471168	-1.9727479252575012e-30
1.7782810548510457	1.8139462149230596	1.7961136348870528	-1.966136257213786e-30
1.8139462149230594	1.8503246781965137	1.8321354465597866	-1.9594095858648342e-30
1.8503246781965135	1.8874307107354367	1.868877694465975	-1.952567121646392e-30
1.887430710735437	1.9252788639251386	1.9063547873302877	-1.945607155298377e-30
1.9252788639251386	1.9638839801786343	1.9445814220518864	-1.9385304234546072e-30
1.9638839801786343	2.0032611987571998	1.983572589467917	-1.931337346219679e-30
2.0032611987571998	2.0434259617073365	2.023343580232268	-1.9240268278694717e-30
2.0434259617073365	2.084394019916476	2.063909990811906	-1.9165985842563382e-30
2.084394019916476	2.1261814392897986	2.1052877296031376	-1.9090515630273555e-30
2.126181439289799	2.1688046070505878	2.1474930231701936	-1.9013866625014264e-30
2.1688046070505878	2.2122802381665925	2.19054242260859	-1.893604542964002e-30
2.212280238166592	2.2566253819049167	2.234452810035754	-1.8857049058864437e-30
2.256625381904917	2.3018574285180082	2.2792414052114625	-1.877686688863112e-30
2.3018574285180082	2.347994116063361	2.3249257722906846	-1.869551591167774e-30
2.347994116063361	2.395053537359621	2.371523826711491	-1.861298647314511e-30
2.395053537359621	2.4430541470818063	2.4190538422207135	-1.8529293504575905e-30
2.4430541470818063	2.4920147689984353	2.467534458040121	-1.8444436110591996e-30
2.4920147689984353	2.5419546033533966	2.516984686175916	-1.835841621424091e-30
2.5419546033533966	2.5928932343954574	2.567423918874427	-1.827124563579743e-30
2.5928932343954574	2.6448506380583594	2.6188719362269084	-1.818293601884313e-30
2.644850638058359	2.6978471897945187	2.6713489139264386	-1.809349504564215e-30
2.697847189794519	2.751903672565402	2.7248754311799606	-1.8002921305030294e-30
2.7519036725654016	2.807041284991702	2.779472478778552	-1.7911231535287387e-30
2.8070412849917026	2.863281649666529	2.835161467329116	-1.7818441234107972e-30
2.8632816496665288	2.920646821634852	2.8919642356506903	-1.772455119931413e-30
2.920646821634852	2.9791592970425413	2.9499030593386966	-1.7629575735918872e-30
2.979159297042542	3.038842021958385	3.0090006595004635	-1.7533532924535575e-30
3.038842021958385	3.099718401372545	3.069280211665465	-1.7436452333662305e-30
3.099718401372545	3.1618123083749885	3.130765354873767	-1.7338338633824372e-30
3.161812308374988	3.2251480935174803	3.193480200946234	-1.7239208073629606e-30
3.2251480935174803	3.2897505943628222	3.2574493439401513	-1.7139090933936367e-30
3.2897505943628227	3.3556451452250715	3.322697869793947	-1.703799725999881e-30
3.355645145225072	3.422857587104566	3.389251366164819	-1.693595338459495e-30
3.422857587104566	3.4914142778216495	3.4571359324631077	-1.6832970325926015e-30
3.491414277821649	3.5613421023530742	3.5263781900873616	-1.6729074588969687e-30
3.5613421023530742	3.632668483375128	3.597005292864101	-1.6624285707685626e-30
3.6326684833751277	3.7054213920176227	3.669044937696375	-1.6518623314815922e-30
3.705421392017622	3.779629358832967	3.7425253754252945	-1.6412099646159187e-30
3.7796293588329672	3.8553214849846187	3.817475421908793	-1.630474454943267e-30
3.855321484984619	3.932527453659304	3.8939244693219615	-1.6196580363877698e-30
3.9325274536593033	4.011277541707481	3.9719024976833923	-1.6087626288462733e-30
4.011277541707481	4.091602631516623	4.051440086612052	-1.5977913202489547e-30
4.091602631516623	4.173534223121948	4.132568427319285	-1.586747016629374e-30
4.173534223121948	4.257104446559379	4.215319334840663	-1.5756316496368787e-30
4.257104446559379	4.342346074465558	4.299725260512469	-1.5644477747804592e-30
4.342346074465559	4.429292534929862	4.38581930469771	-1.5531981153113183e-30
4.4292925349298615	4.517977924603451	4.473635229766656	-1.5418852815427941e-30
4.51797792460345	4.608437022070511	4.5632074733369805	-1.5305115306187552e-30
4.608437022070511	4.700705301486913	4.654571161778712	-1.5190797997104532e-30
4.700705301486913	4.794818946491643	4.747762123989277	-1.5075926234367101e-30
4.794818946491643	4.890814864396467	4.842816905444055	-1.4960519746308401e-30
4.890814864396468	4.988730700659389	4.939772782527928	-1.484460975155542e-30
4.988730700659389	5.088604853647568	5.038667777153478	-1.472821296784154e-30
5.088604853647569	5.190476489695512	5.13954067167154	-1.4611359818623155e-30
5.190476489695511	5.294385558464413	5.242431024079962	-1.449408613437408e-30
5.294385558464413	5.400372808608692	5.347379183536552	-1.437641143412364e-30
5.400372808608693	5.508479803755858	5.454426306182276	-1.4258369565236631e-30
5.508479803755859	5.618748938805967	5.563614371280913	-1.4139983621446542e-30
5.618748938805966	5.731223456557077	5.6749861976815215	-1.4021283458675156e-30
5.7312234565570765	5.845947464663209	5.788585460610143	-1.390229245245839e-30
5.845947464663211	5.962965952931467	5.904456708797339	-1.3783036379395879e-30
5.962965952931466	6.082324810965086	6.022645381948276	-1.3663540597950165e-30
6.082324810965086	6.204070846159379	6.143197828562233	-1.3543832573727891e-30
6.20407084615938	6.328251802057558	6.266161324108468	-1.3423943582600601e-30
6.328251802057558	6.4549163770737	6.3915840895656295	-1.3303896496174858e-30
6.454916377073701	6.584114243590166	6.519515310331934	-1.3183722198783269e-30
6.584114243590165	6.71589606743696	6.650005155513563	-1.3063443170012385e-30
6.715896067436961	6.850313527760691	6.783104797598826	-1.2943083710710325e-30
6.85031352776069	6.987419337290895	6.9188664325257925	-1.2822668871786174e-30
6.987419337290895	7.127267263011704	7.057343300151299	-1.2702222247711384e-30
7.127267263011705	7.269912147246929	7.198589705129317	-1.2581767088873043e-30
7.269912147246929	7.4154099291668585	7.342661038206893	-1.2461336296303134e-30
7.415409929166858	7.5638176667251855	7.489613797946022	-1.234094769088931e-30
7.5638176667251855	7.71519355903468	7.639505612879933	-1.2220632429448741e-30
7.715193559034678	7.869596969190362	7.79239526411252	-1.2100414962780852e-30
7.869596969190363	8.027088447549161	7.948342708369762	-1.1980317104095208e-30
8.027088447549161	8.187729755475134	8.107409101512147	-1.1860356929265986e-30
8.187729755475134	8.351583889559627	8.26965682251738	-1.1740561692731281e-30
8.351583889559627	8.51871510632581	8.435149497942719	-1.1620948742482728e-30
8.51871510632581	8.689188947427317	8.603952026876563	-1.1501542984171946e-30
8.689188947427317	8.863072265350853	8.776130606389085	-1.138237566564432e-30
8.863072265350853	9.04043324963286	8.951752757491857	-1.1263460190115542e-30
9.04043324963286	9.221341453600507	9.130887351616684	-1.1144817949597144e-30
9.221341453600507	9.405867821647508	9.313604637624007	-1.1026477091803379e-30
9.405867821647508	9.594084717055448	9.499976269351478	-1.0908449538125047e-30
9.594084717055447	9.786065950371546	9.690075333713496	-1.079075784857726e-30
9.786065950371546	9.981886808353966	9.883976379362757	-1.0673420032775155e-30
9.981886808353966	10.181624083496034	10.081755445925001	-1.0556455448668281e-30
10.181624083496034	10.385356104140945	10.28349009381849	-1.0439888483531195e-30
10.385356104140945	10.593162765198754	10.48925943466985	-1.0323734396951596e-30
10.593162765198754	10.805125559477718	10.699144162338236	-1.0208017560728717e-30
10.805125559477718	11.021327609642261	10.91322658455999	-1.009274558773934e-30
11.021327609642261	11.241853700810095	11.131590655226178	-9.97794150284266e-31
11.241853700810095	11.466790313801287	11.35432200730569	-9.863614062906338e-31
11.466790313801285	11.696225659052299	11.581507986426793	-9.749790247650531e-31
11.6962256590523	11.930249711208337	11.813237685130318	-9.636480669245879e-31
11.930249711208337	12.168954244407493	12.049601977807914	-9.523709332228036e-31
12.168954244407491	12.41243286827063	12.290693556339061	-9.411479010637744e-31
12.41243286827063	12.660781064611031	12.53660696644083	-9.299810831930585e-31
12.66078106461103	12.914096224878238	12.787438644744633	-9.18871350426162e-31
12.91409622487824	13.172477688350792	13.043286956614516	-9.07820689866795e-31
13.172477688350792	13.436026781092796	13.304252234721794	-8.968303848155233e-31
13.436026781092798	13.704846855689642	13.570436818391219	-8.859017560011025e-31
13.70484685568964	13.97904333177842	13.84194509373403	-8.750355766550698e-31
13.979043331778422	14.258723737388978	14.1188835345837	-8.642329636181156e-31
14.258723737388976	14.543997751111744	14.401360744250361	-8.534956337453587e-31
14.543997751111744	14.834977245108966	14.689487498110356	-8.428249314401184e-31
14.834977245108968	15.131776328986135	14.98337678704755	-8.322215206402092e-31
15.131776328986136	15.434511394540847	15.283143861763492	-8.216860109299104e-31
15.434511394540843	15.743301161406647	15.588906277973745	-8.112198467538954e-31
15.743301161406647	16.058266723609766	15.900783942508205	-8.008237877523599e-31
16.05826672360977	16.37953159705695	16.218899160333358	-7.904994376144098e-31
16.37953159705695	16.707221767973074	16.54337668251501	-7.802466400628031e-31
16.707221767973074	17.041465742307523	16.8743437551403	-7.700664212898275e-31
17.041465742307526	17.382394596128663	17.211930169218093	-7.599599268444354e-31
17.382394596128663	17.730142027026222	17.55626831157744	-7.499279330037079e-31
17.730142027026222	18.084844406541734	17.907493216783976	-7.3997110694342506e-31
18.08484440654173	18.44664083364755	18.265742620094642	-7.300897453276903e-31
18.446640833647553	18.81567318929549	18.631157011471522	-7.202846371117904e-31
18.81567318929549	19.192086192056387	19.003879690675937	-7.105565412784618e-31
19.192086192056387	19.5760274548725	19.38405682346444	-7.009060925568847e-31
19.5760274548725	19.967647542944935	19.771837498908717	-6.9133338490518215e-31
19.967647542944935	20.36710003277882	20.167373787861877	-6.818390863798638e-31
20.367100032778815	20.774541572409376	20.570820802594096	-6.724238962964104e-31
20.77454157240938	21.19013194283255	20.982336757620963	-6.630879619779764e-31
21.19013194283255	21.614034120664186	21.40208303174837	-6.538314614959635e-31
21.61403412066419	22.046414342052458	21.830224231358322	-6.446552218013952e-31
22.046414342052458	22.48744216786849	22.266928254960476	-6.35559699089868e-31
22.48744216786849	22.937290550200846	22.712366359034668	-6.265445881362297e-31
22.937290550200842	23.396135900179843	23.166713225190342	-6.176099773486177e-31
23.396135900179846	23.86415815715843	23.630147028669136	-6.087562489104517e-31
23.86415815715842	24.341540859276574	24.102849508217496	-5.999843523889544e-31
24.341540859276574	24.828471215437087	24.58500603735683	-5.9129377445088e-31
24.82847121543709	25.325140178720815	25.076805697078953	-5.826847966939184e-31
25.32514017872082	25.83174252127022	25.57844134999552	-5.741578824779913e-31
25.831742521270215	26.348476910670602	26.090109715970407	-5.657126584013809e-31
26.348476910670605	26.875545987859	26.612011449264802	-5.573491876108233e-31
26.875545987858995	27.413156446591156	27.144351217225076	-5.490675983989958e-31
27.41315644659116	27.961519114497964	27.68733778054456	-5.408680222515029e-31
27.961519114497964	28.520849035762904	28.241184075130434	-5.327500092077888e-31
28.52084903576291	29.09136555545315	28.80610729560803	-5.247138181975678e-31
29.091365555453145	29.67329240553719	29.382328980495167	-5.16759590976386e-31
29.67329240553719	30.266857792622915	29.970075099080052	-5.088868513275474e-31
30.266857792622922	30.87229448745036	30.56957614003664	-5.010956260735655e-31
30.872294487450354	31.48983991617434	31.181067201812347	-4.933860353663443e-31
31.489839916174343	32.11973625347281	31.804788084823578	-4.857575036132135e-31
32.11973625347281	32.762230517517246	32.44098338549503	-4.782099187952184e-31
32.762230517517246	33.41757466684257	33.08990259217991	-4.707435242471989e-31
33.41757466684257	34.0860256991544	33.75180018299848	-4.633575923415259e-31
34.086025699154405	34.76784575211247	34.42693572563344	-4.560521015806658e-31
34.767845752112464	35.46330220612969	35.11557397912108	-4.4882724412443705e-31
35.4633022061297	36.17266778922727	35.81798499767848	-4.416820587020401e-31
36.17266778922727	36.89622068398679	36.53444423660703	-4.346165702734485e-31
36.8962206839868	37.63424463664151	37.265232660314155	-4.276307070368057e-31
37.634244636641505	38.387029068349314	38.01063685249541	-4.207238158093179e-31
38.387029068349314	39.15486918869128	38.7709491285203	-4.138954136946525e-31
39.15486918869128	39.93806611144008	39.54646765006568	-4.0714588561671805e-31
39.93806611144008	40.73692697264386	40.33749654204197	-4.00474435484154e-31
40.736926972643865	41.55176505107172	41.14434601185779	-3.9388065104328537e-31
41.55176505107172	42.38289989106813	41.96733247106992	-3.8736402364884966e-31
42.38289989106812	43.23065742786446	42.80677865946629	-3.809244682680978e-31
43.23065742786446	44.09537011539672	43.66301377163059	-3.745617585389901e-31
44.09537011539672	44.97737705667963	44.536373586038174	-3.6827537827735614e-31
44.977377056679636	45.8770241367882	45.42720059673392	-3.6206433759792e-31
45.8770241367882	46.79466415849894	46.33584414764357	-3.559286154596797e-31
46.79466415849895	47.7306569806439	47.26266056957142	-3.498679954059063e-31
47.73065698064389	48.685369659231746	48.20801331993782	-3.438821520666486e-31
48.685369659231746	49.65917659139136	49.17227312531155	-3.3797052838988173e-31
49.65917659139135	50.65245966219415	50.15581812679275	-3.321325668894801e-31
50.652459662194154	51.665608394413006	51.15903402830358	-3.2636777197430424e-31
51.66560839441301	52.69902010127625	52.18231424784463	-3.2067546980320195e-31
52.69902010127624	53.753100042276735	53.22606007177649	-3.150554208973511e-31
53.753100042276735	54.82826158209724	54.29068081218699	-3.0950706250664478e-31
54.82826158209724	55.92492635271416	55.3765939674057	-3.0403002981919763e-31
55.92492635271416	57.04352441874341	56.484225385728784	-2.986236580721144e-31
57.04352441874342	58.184494446093254	57.614009432418335	-2.9328764250856435e-31
58.184494446093254	59.348283873990084	58.76638916004167	-2.8802131945957812e-31
59.348283873990084	60.53534909044485	59.94181648221747	-2.8282450372122926e-31
60.535349090444846	61.74615561122871	61.14075235083678	-2.776970651436126e-31
61.74615561122872	62.981178262428266	62.363666936828494	-2.7264050670462473e-31
62.98117826242826	64.2409013666518	63.61103981454003	-2.6764173134961697e-31
64.2409013666518	65.5258189329598	64.8833601498058	-2.6272928901078027e-31
65.5258189329598	66.83643485059396	66.18112689177687	-2.5790153900332073e-31
66.83643485059396	68.1732630865808	67.50484896858738	-2.5315764469244907e-31
68.17326308658079	69.53682788728737	68.85504548693407	-2.484962087408106e-31
69.53682788728739	70.9276639840081	70.23224593564774	-2.4391585593844838e-31
70.92766398400809	72.34631680266321	71.63699039333565	-2.3941521777957075e-31
72.34631680266322	73.79334267769146	73.06982974017734	-2.349930052594992e-31
73.79334267769144	75.26930907022023	74.53132587395584	-2.306480246951909e-31
75.26930907022025	76.77479479059961	76.02205193040993	-2.263789001473026e-31
76.7747947905996	78.31039022538656	77.54259250799308	-2.22184963457629e-31
78.31039022538656	79.87669756886925	79.0935438971279	-2.1806505298490834e-31
79.87669756886925	81.4743310592216	80.67551431404542	-2.140176655596255e-31
81.47433105922158	83.10391721938097	82.28912413930128	-2.100415965097646e-31
83.10391721938097	84.76609510274355	83.93500616106226	-2.061354084463499e-31
84.76609510274358	86.4615165437734	85.61380582325849	-2.0229885524964187e-31
86.4615165437734	88.19084641362383	87.32618147869862	-1.985304860349673e-31
88.19084641362382	89.95476288087124	89.07280464724752	-1.948288613714412e-31
89.95476288087124	91.75395767746362	90.85436027916742	-1.9119290311055252e-31
91.75395767746362	93.58913636998784	92.67154702372574	-1.8762219979091877e-31
93.58913636998786	95.46101863636257	94.52507750317521	-1.8411521222460463e-31
95.46101863636258	97.37033854806478	96.41567859221368	-1.806707556988504e-31
97.37033854806477	99.31784485800101	98.34409170303289	-1.77288088604129e-31
99.31784485800102	101.304301294136	100.31107307606851	-1.7396626074975192e-31
101.304301294136	103.33048685899367	102.31739407656482	-1.7070394606678217e-31
103.33048685899367	105.39719613514849	104.36384149707108	-1.6750033119372121e-31
105.39719613514849	107.50523959682641	106.45121786598745	-1.6435461968243858e-31
107.50523959682641	109.65544392773789	108.58034176228216	-1.6126546040705865e-31
109.65544392773788	111.84865234526758	110.75204813650274	-1.5823236998474008e-31
111.84865234526758	114.08572493114788	112.96718863820773	-1.552540750633993e-31
114.0857249311479	116.36753896874579	115.22663194994684	-1.5232951309646806e-31
116.36753896874578	118.69498928709564	117.5312641279207	-1.4945840662147427e-31
118.69498928709562	121.06898861181249	119.88198894945405	-1.466392974168304e-31
121.06898861181249	123.49046792302367	122.27972826741808	-1.4387154209305315e-31
123.49046792302369	125.9603768204591	124.72542237174139	-1.4115426977197977e-31
125.9603768204591	128.47968389584324	127.22003035815118	-1.384862909539129e-31
128.4796838958432	131.04937711273502	129.7645305042891	-1.3586728464558588e-31
131.04937711273502	133.67046419396465	132.35992065334983	-1.33295982156344e-31
133.67046419396468	136.3439730168189	135.00721860539178	-1.3077206236536076e-31
136.3439730168189	139.0709520161302	137.70746251647455	-1.2829421037336235e-31
139.0709520161302	141.85247059542775	140.46171130577898	-1.258619595560069e-31
141.85247059542775	144.68961954631123	143.2710450708695	-1.2347421598611153e-31
144.68961954631123	147.58351147621238	146.1365655112618	-1.211306204033447e-31
147.5835114762124	150.5352812447116	149.05939636046202	-1.1883006786931238e-31
150.53528124471157	153.54608640858072	152.04068382664616	-1.1657198789874463e-31
153.54608640858075	156.61710767572728	155.08159704215402	-1.143554637147269e-31
156.61710767572728	159.74954936821675	158.18332852197202	-1.1218007727401655e-31
159.74954936821675	162.94463989455602	161.34709463138637	-1.1004473537127243e-31
162.94463989455602	166.20363223142206	164.57413606298906	-1.0794910053700391e-31
166.20363223142203	169.5278044150254	167.86571832322372	-1.0589205391483943e-31
169.5278044150254	172.91846004230084	171.22313222866313	-1.0387337026268e-31
172.91846004230084	176.37692878212178	174.6476944122113	-1.018920321040076e-31
176.37692878212178	179.90456689673914	178.14074783943045	-9.994770043242267e-32
179.90456689673914	183.50275777364885	181.703662335194	-9.803944022598047e-32
183.50275777364885	187.17291246809674	185.3378351208728	-9.616668954976734e-32
187.17291246809674	190.9164702564336	189.04469136226516	-9.432895911373316e-32
190.91647025643357	194.73489920053714	192.82568472848536	-9.252535736507713e-32
194.73489920053717	198.6296967235228	196.68229796203	-9.075562770105107e-32
198.6296967235228	202.60239019696817	200.6160434602455	-8.901880662637929e-32
202.6023901969682	206.65453753988248	204.62846386842534	-8.731448449051125e-32
206.65453753988243	210.78772782965498	208.7211326847687	-8.56421523991439e-32
210.787727829655	215.00358192522302	212.89565487743903	-8.4000991582823e-32
215.00358192522305	219.30375310270242	217.15366751396272	-8.239077263294207e-32
219.30375310270236	223.6899277037313	221.49684040321682	-8.081085049883642e-32
223.6899277037313	228.16382579678083	225.92687675025607	-7.926031042899284e-32
228.16382579678083	232.72720185169135	230.4455138242361	-7.773909410079965e-32
232.72720185169135	237.38184542770006	235.0545236396957	-7.62464921783136e-32
237.38184542770009	242.12958187522898	239.75571365146453	-7.478191477095833e-32
242.12958187522898	246.97227305170844	244.55092746346872	-7.334505838986947e-32
246.97227305170844	251.9118180517175	249.44204555171297	-7.193532506270644e-32
251.91181805171752	256.95015395172675	254.43098600172215	-7.055191287580578e-32
256.95015395172675	262.08925656973616	259.5197052607315	-6.919479205145832e-32
262.08925656973616	267.33114124010575	264.71019890492096	-6.78633037938328e-32
267.3311412401058	272.6778636038828	270.0045024219943	-6.655687030859916e-32
272.67786360388277	278.1315204149353	275.404692009409	-6.527525050758435e-32
278.1315204149353	283.6942503622089	280.91288538857214	-6.40180119005519e-32
283.6942503622089	289.36823490842795	286.53124263531845	-6.278444951047897e-32
289.36823490842795	295.15569914557136	292.2619670269996	-6.157419143751974e-32
295.15569914557136	301.05891266745766	298.1073059065145	-6.038700653847907e-32
301.05891266745766	307.0801904597817	304.0695515636197	-5.922231259469513e-32
307.08019045978165	313.22189380795214	310.1510421338669	-5.807963311286999e-32
313.2218938079522	319.48643122308613	316.3541625155192	-5.695875222309884e-32
319.4864312230861	325.87625938652263	322.6813453048044	-5.585928327469123e-32
325.87625938652263	332.39388411322795	329.1350717498753	-5.478073152759799e-32
332.39388411322795	339.04186133446734	335.7178727238477	-5.372256194176016e-32
339.04186133446734	345.82279810013154	342.43232971729947	-5.268455599001201e-32
345.8227981001316	352.7393536011091	349.28107585062037	-5.166639905433769e-32
352.73935360110903	359.79424021210605	356.2667969066075	-5.06675838187905e-32
359.7942402121061	366.99022455532304	363.3922323837146	-4.968773942679028e-32
366.9902245553231	374.3301285854044	370.6601765703638	-4.8726695226769295e-32
374.33012858540434	381.81683069608727	378.0734796407458	-4.7784049153433014e-32
381.81683069608727	389.45326684898384	385.6350487725356	-4.6859458244168196e-32
389.4532668489838	397.2424317249383	393.34784928696104	-4.5952429966006596e-32
397.24243172493834	405.1873798984119	401.2149058116751	-4.506272199227637e-32
405.18737989841185	413.2912270353549	409.23930346688337	-4.419003649571043e-32
413.29122703535495	421.55715111503685	417.4241890751959	-4.333410840443257e-32
421.5571511150369	429.98839367631246	425.7727723956747	-4.2494496135940434e-32
429.98839367631246	438.5882610888135	434.288327382563	-4.1670865451439e-32
438.58826108881357	447.36012584956467	442.9741934691891	-4.0863115277510885e-32
447.3601258495646	456.3074279055307	451.8337768775476	-4.007089535088411e-32
456.3074279055307	465.4336760026161	460.8705519540734	-3.9293914412780526e-32
465.43367600261604	474.74244906164313	470.0880625321296	-3.853187011783555e-32
474.74244906164324	484.23739758185087	479.489923321747	-3.778437127752845e-32
484.2373975818509	493.9222450724627	489.0798213271568	-3.705122010299568e-32
493.9222450724626	503.80078951288664	498.86151729267465	-3.633217524437669e-32
503.80078951288675	513.8769048421193	508.838847177503	-3.5626931120761133e-32
513.8769048421193	524.1545424779365	519.0157236600279	-3.493527495423349e-32
524.1545424779364	534.6377328664698	529.3961376722032	-3.425688437852629e-32
534.6377328664698	545.330587062774	539.984159964622	-3.359142605053731e-32
545.330587062774	556.2372983430043	550.7839427028891	-3.2938832254622065e-32
556.2372983430042	567.3621438488391	561.7997210959217	-3.229886150674534e-32
567.3621438488391	578.7094862647906	573.0358150568148	-3.1671215303962807e-32
578.7094862647906	590.2837755290611	584.4966308969258	-3.1055710360029446e-32
590.2837755290612	602.0895505786173	596.1866630538393	-3.045208794795953e-32
602.0895505786171	614.1314411291643	608.1104958538907	-2.986004517652259e-32
614.1314411291643	626.4141694907223	620.2728053099434	-2.9279409602355606e-32
626.4141694907223	638.9425524195115	632.6783609551169	-2.8709973310843367e-32
638.9425524195115	651.7215030068764	645.332027713194	-2.815156050374251e-32
651.7215030068764	664.7560326059887	658.2387678064326	-2.760393281378322e-32
664.7560326059887	678.0512527970832	671.403642701536	-2.706685780866915e-32
678.0512527970831	691.6123773919994	684.8318150945413	-2.6540159759190745e-32
691.6123773919994	705.4447244788141	698.5285509354068	-2.602359272595424e-32
705.4447244788141	719.5537185073651	712.4992214930896	-2.551691192872456e-32
719.5537185073651	733.9448924164872	726.7493054619262	-2.5020064324513725e-32
733.944892416487	748.6238898037915	741.2843911101393	-2.4532869868853528e-32
748.6238898037917	763.5964671388422	756.1101784713169	-2.4055130666317708e-32
763.5964671388421	778.8684960205935	771.2324815797178	-2.3586640508901897e-32
778.8684960205936	794.4459654799801	786.6572307502869	-2.3127228251367921e-32
794.4459654799801	810.3349843285544	802.3904749042672	-2.2676728015258126e-32
810.3349843285545	826.5417835541002	818.4383839413274	-2.223495029103439e-32
826.5417835541001	843.0727187641568	834.8072511591284	-2.1801682376942963e-32
843.0727187641568	859.9342726784146	851.5034957212856	-2.1376802258281635e-32
859.9342726784146	877.1330576709574	868.533665174686	-2.0960170550683355e-32
877.1330576709573	894.6758183633511	885.9044380171542	-2.055161264179152e-32
894.6758183633511	912.5694342695928	903.622626316472	-2.0150996904875483e-32
912.5694342695929	930.8209224939593	921.695178381776	-1.9758161436056265e-32
930.8209224939593	949.437440482813	940.1291814883862	-1.937294386820478e-32
949.437440482813	968.4262888314439	958.9318646571285	-1.8995162371643524e-32
968.4262888314439	987.7949141470474	978.1106014892457	-1.862471267560797e-32
987.7949141470475	1007.5509119689631	997.6729130580053	-1.8261437379284379e-32
1007.5509119689629	1027.7020297473166	1017.6264708581398	-1.790516792907384e-32
1027.7020297473166	1048.2561698812374	1037.979099814277	-1.7555746387532696e-32
1048.2561698812376	1069.2213928178369	1058.7387813495372	-1.721313392036697e-32
1069.2213928178369	1090.6059202131682	1079.9136565155027	-1.6877204020489926e-32
1090.605920213168	1112.4181381564058	1101.512029184787	-1.6547823554206406e-32
1112.418138156406	1134.6666004585086	1123.5423693074572	-1.622486137551038e-32
1134.6666004585088	1157.3600320066535	1146.013316232581	-1.5908187653325784e-32
1157.3600320066535	1180.507332185761	1168.9336820962071	-1.559767088659455e-32
1180.507332185761	1204.1175783684507	1192.312455277106	-1.5293184866895538e-32
1204.1175783684507	1228.2000294747943	1216.1588039216226	-1.499463135695904e-32
1228.2000294747943	1252.7641296032646	1240.4820795390294	-1.470189047279933e-32
1252.7641296032646	1277.8195117343043	1265.2918206687846	-1.4414842651415087e-32
1277.8195117343043	1303.376001507965	1290.5977566211345	-1.413336279997114e-32
1303.376001507965	1329.4436210770987	1316.4098112925317	-1.3857339573033216e-32
1329.4436210770984	1356.0325930376148	1342.7381070573565	-1.358668154051366e-32
1356.0325930376152	1383.153344437342	1369.5929687374787	-1.3321302993961853e-32
1383.1533444373417	1410.816510865063	1396.9849276512023	-1.3061096966621894e-32
1410.816510865063	1439.0329406213386	1424.9247257432007	-1.2805946227447e-32
1439.0329406213386	1467.8136989727398	1453.4233197970393	-1.2555776798166028e-32
1467.8136989727395	1497.1700724911686	1482.491885731954	-1.2310489948499737e-32
1497.1700724911689	1527.1135734799666	1512.1418229855676	-1.2069988711241785e-32
1527.1135734799666	1557.6559444885402	1542.3847589842535	-1.1834177783092392e-32
1557.6559444885404	1588.8091629172854	1573.2325537029128	-1.1602963381607844e-32
1588.8091629172857	1620.5854457146056	1604.6973043159455	-1.1376252999432152e-32
1620.5854457146054	1652.9972541678717	1636.7913499412384	-1.1153954845912759e-32
1652.9972541678717	1686.0572987902035	1669.5272764790375	-1.0935975566452227e-32
1686.0572987902035	1719.7785443049818	1702.9179215475926	-1.0722223428353959e-32
1719.778544304982	1754.1742147300558	1736.976379517519	-1.0512632003307074e-32
1754.1742147300558	1789.2577985636312	1771.7160066468437	-1.030711094364759e-32
1789.2577985636312	1825.043054073878	1807.1504263187546	-1.0105580417115546e-32
1825.0430540738782	1861.54401469433	1843.293534384104	-9.907960478417609e-33
1861.54401469433	1898.7749945271908	1880.1595046107605	-9.714171600514678e-33
1898.7749945271908	1936.7505939567088	1917.76279424195	-9.524152709108566e-33
1936.7505939567088	1975.4857053748171	1956.118149665763	-9.337852416249653e-33
1975.485705374817	2014.9955190212875	1995.240612198052	-9.155197550630497e-33
2014.9955190212875	2055.2955289406873	2035.1455239809875	-8.9761163475379e-33
2055.2955289406877	2096.4015390584755	2075.8485339995814	-8.800538414311128e-33
2096.4015390584755	2138.329669378619	2117.3656042185476	-8.628394693465041e-33
2138.329669378619	2181.0963623051657	2159.7130158418922	-8.459617421478749e-33
2181.0963623051653	2224.7183890902425	2202.907375697704	-8.294140079215025e-33
2224.718389090243	2269.2128564110217	2246.965622750632	-8.131897324822245e-33
2269.2128564110217	2314.597213078216	2291.905034744619	-7.972824884677155e-33
2314.5972130782156	2360.889256878754	2337.743234978485	-7.816859317928454e-33
2360.8892568787546	2408.1071415553038	2384.498199217029	-7.663937170486391e-33
2408.1071415553033	2456.2693839253834	2432.1882627403434	-7.513992454952903e-33
2456.269383925384	2505.3948711428657	2480.832127534125	-7.366980455388143e-33
2505.394871142865	2555.5028681046965	2530.448869623781	-7.222843266196546e-33
2555.5028681046965	2606.6130250057645	2581.0579465552305	-7.081524040206579e-33
2606.613025005764	2658.7453850448533	2632.679205025309	-6.942966934974721e-33
2658.7453850448533	2711.920392284724	2685.3328886647887	-6.807117034318824e-33
2711.920392284724	2766.1588996693927	2739.039645977058	-6.673920209434071e-33
2766.1588996693927	2821.4821772017544	2793.8205384355733	-6.543322785252201e-33
2821.482177201754	2877.911920284763	2849.697048743258	-6.415269852177196e-33
2877.911920284763	2935.4702582294317	2906.6910892570972	-6.289706687540849e-33
2935.470258229432	2994.1797629329944	2964.825010581213	-6.166598128519371e-33
2994.1797629329944	3054.063457730628	3024.121610331811	-6.0458931942876676e-33
3054.0634577306278	3115.144826424214	3084.604142077421	-5.927545910749763e-33
3115.144826424215	3177.447822491673	3146.296324457944	-5.8115129685786424e-33
3177.4478224916725	3240.9968784804796	3209.222350486076	-5.697751802475969e-33
3240.9968784804796	3305.816915589063	3273.406897034771	-5.586217675034236e-33
3305.816915589063	3371.9333534398174	3338.87513451444	-5.4768666775385335e-33
3371.9333534398174	3439.3721200475875	3405.6527367437025	-5.369655684580721e-33
3439.3721200475875	3508.1596619875127	3473.76589101755	-5.264542276087052e-33
3508.159661987512	3578.322954766236	3543.2413083768743	-5.161484551278092e-33
3578.3229547662368	3649.889513400535	3614.106234083386	-5.0604402739380685e-33
3649.8895134005347	3722.8874032075187	3686.3884583040267	-4.9613689621006244e-33
3722.8874032075187	3797.3452508106425	3760.1163270090806	-4.864238472050492e-33
3797.3452508106425	3873.2922553658286	3835.3187530882356	-4.7690107119784816e-33
3873.2922553658286	3950.7582000121183	3912.0252276889732	-4.675648335425896e-33
3950.758200012119	4029.7734635513343	3990.265831781727	-4.5841147265438766e-33
4029.7734635513343	4110.369032361335	4070.0712479563344	-4.49437398562631e-33
4110.369032361334	4192.576512547534	4151.472772454434	-4.4063909149082666e-33
4192.576512547535	4276.428142337459	4234.502327442497	-4.320131004621601e-33
4276.428142337458	4361.9568047231805	4319.192473530319	-4.2355604192987056e-33
4361.9568047231805	4449.196040356617	4405.576422539899	-4.1526459843146384e-33
4449.196040356617	4538.180060702723	4493.68805052967	-4.071355172656854e-33
4538.180060702723	4628.94376145575	4583.561911079236	-3.991656091910257e-33
4628.94376145575	4721.522736223838	4675.233248839794	-3.913517471443419e-33
4721.5227362238375	4815.953290487288	4768.7380133555625	-3.8369086497790654e-33
4815.953290487288	4912.272455836006	4864.112873161646	-3.7617995621281816e-33
4912.272455836007	5010.5180044917	4961.395230163853	-3.68816072806173e-33
5010.5180044917	5110.728464120507	5060.623234306104	-3.6159632392862083e-33
5110.728464120506	5212.943132941889	5161.835798531198	-3.545178747477831e-33
5212.943132941889	5317.2020951397	5265.072614040795	-3.4757794521126845e-33
5317.202095139701	5423.546236581467	5370.374165860584	-3.407738088203131e-33
5423.5462365814665	5532.017260852069	5477.781748716768	-3.341027913806784e-33
5532.017260852069	5642.657705608083	5587.337483230076	-3.2756226971005944e-33
5642.657705608082	5755.510959259216	5699.084332433649	-3.211496702682077e-33
5755.510959259216	5870.621277983373	5813.066118621295	-3.148624676514859e-33
5870.621277983374	5988.033803082014	5929.327540532694	-3.0869818284409925e-33
5988.033803082014	6107.794578682627	6047.91419088232	-3.0265438100818462e-33
6107.794578682627	6229.950569795252	6168.87257423894	-2.967286683164771e-33
6229.950569795251	6354.549680730128	6292.25012526269	-2.909186864837865e-33
6354.54968073013	6481.640773883704	6418.095227306917	-2.8522210018567306e-33
6481.640773883703	6611.27368890035	6546.457231392027	-2.796365461478495e-33
6611.27368890035	6743.4992622173295	6677.38647555884	-2.7415966622148e-33
6743.4992622173295	6878.369347000648	6810.934304608989	-2.6878981282560234e-33
6878.369347000648	7015.936833479634	6947.153090240141	-2.6352470666328683e-33
7015.936833479633	7156.2556696881975	7086.096251583915	-2.583625301395553e-33
7156.2556696881975	7299.380882620933	7227.818276154565	-2.533013281007039e-33
7299.380882620934	7445.368599812325	7372.374741216629	-2.4833909086930484e-33
7445.368599812325	7594.276071347543	7519.822335579934	-2.434738166052492e-33
7594.276071347542	7746.161692313464	7670.218881830503	-2.387035338128436e-33
7746.161692313464	7901.085025698705	7823.623359006085	-2.340265829909798e-33
7901.085025698706	8059.106825751652	7980.095925725179	-2.2944111162629948e-33
8059.106825751651	8220.289061805655	8139.697943778653	-2.2494528696710105e-33
8220.289061805655	8384.69494258074	8302.492002193198	-2.2053726018561235e-33
8384.69494258074	8552.388940971327	8468.541941776033	-2.162154510464328e-33
8552.388940971327	8723.436819329725	8637.912880150525	-2.119781268395054e-33
8723.436819329725	8897.90565525529	8810.671237292507	-2.078234642039324e-33
8897.905655255292	9075.863867899368	8986.88476157733	-2.0374993897598895e-33
9075.863867899368	9257.381244796326	9166.622556347847	-1.997561091558881e-33
9257.381244796328	9442.528969231225	9349.955107013777	-1.9584053184776888e-33
9442.528969231224	9631.37964815482	9536.95430869302	-1.9200166929205806e-33
9631.379648154818	9824.007340656884	9727.693494405852	-1.8823801330037846e-33
9824.007340656886	10020.487587008995	9922.24746383294	-1.8454808448287126e-33
10020.487587008995	10220.897438288144	10120.69251264857	-1.8093043138651366e-33
10220.897438288146	10425.31548659288	10323.106462440512	-1.773836294601494e-33
10425.31548659288	10633.821895863708	10529.568691228294	-1.739062796564687e-33
10633.821895863706	10846.49843331995	10740.160164591827	-1.704970061717291e-33
10846.498433319952	11063.42850152532	10954.963467422636	-1.6715445165155754e-33
11063.428501525323	11284.6971710948	11174.062836310062	-1.6387726099989373e-33
