-0.0	9.953897499377266e-5	4.976948749688633e-5	0.0001446193324422389	3.5007270504432075e7	0.0001446193324422389	3.5007270504432075e7
9.953897499377266e-5	0.0002010687294874207	0.00015030385224059668	0.0008773422387528394	2.9323644740601305e7	0.0010219615711950783	3.001320363696154e7
0.00020106872948742058	0.0003046290790709416	0.00025284890427918107	0.0022390262508813984	2.6540224821474332e7	0.0032609878220764767	2.753889403683727e7
0.0003046290790709413	0.00041026063564613265	0.000357444857358537	0.004204061097424634	2.460923957496975e7	0.007465048919501111	2.5808603349926475e7
0.0004102606356461331	0.0005180048233528283	0.0004641327294994807	0.006767937118788876	2.3100546473410603e7	0.014232986038289987	2.4445898434770856e7
0.0005180048233528287	0.0006279038948136577	0.0005729543590832433	0.009935743354169406	2.1848766769422226e7	0.02416872939245939	2.330696258451623e7
0.0006279038948136573	0.0007400009477037028	0.0006839524212586801	0.013720515158774576	2.077511797087735e7	0.037889244551233964	2.2321866641257606e7
0.000740000947703703	0.0008543399416515495	0.0007971704446776262	0.018134437390757117	1.982684326547138e7	0.05602368194199108	2.1448202742492363e7
0.0008543399416515493	0.0009709657154783526	0.0009126528285649509	0.023196096448703213	1.897617626964485e7	0.0792197783906943	2.066014321872372e7
0.0009709657154783523	0.0010899240047816917	0.001030444860130022	0.028927618296277675	1.8204406664919775e7	0.10814739668697197	1.9940626877122924e7
0.0010899240047816917	0.0012112614598710977	0.0011505927323263946	0.0353504526612685	1.749623816732812e7	0.14349784934824047	1.9277161505976174e7
0.0012112614598710973	0.0013350256640622914	0.0012731435619666943	0.04248975908930084	1.6841575612365447e7	0.1859876084375413	1.866064097114064e7
0.0013350256640622922	0.00146126515233731	0.0013981454081998012	0.0503746593529227	1.6233322110839542e7	0.23636226779046401	1.8084331370393593e7
0.0014612651523373099	0.0015900294303778282	0.001525647291357569	0.05903007124061718	1.5663976987526558e7	0.2953923390310812	1.7542647215472393e7
0.0015900294303778277	0.0017213689939791564	0.001655699212178492	0.06849043720307328	1.5129826407231685e7	0.3638827762341545	1.7031424049450073e7
0.0017213689939791568	0.0018553353488525118	0.0017883521714158342	0.07878774274947736	1.4626617970258456e7	0.44267051898363186	1.6547208273827123e7
0.0018553353488525112	0.0019919810308233333	0.0019236581898379223	0.08996894061401385	1.4152997854527015e7	0.5326394595976457	1.6087521214847445e7
0.0019919810308233333	0.002131359626433572	0.0020616703286284524	0.10205640708989938	1.3703468591319522e7	0.6346958666875451	1.5649730254619818e7
0.0021313596264335728	0.002273525793956016	0.0022024427101947942	0.11507808459607685	1.3274754415029552e7	0.7497739512836219	1.5231479186563041e7
0.0022735257939560153	0.0024185352848289073	0.002346030539392461	0.1291061282334427	1.2868709430594914e7	0.8788800795170646	1.483145396654334e7
0.002418535284828908	0.002566444965519258	0.002492490125174083	0.14419120573691474	1.2483546661138974e7	1.0230712852539794	1.4448455306017278e7
0.002566444965519257	0.002717312839823414	0.0026418789026713355	0.16033424860277312	1.2113672943734782e7	1.1834055338567526	1.4080758947685577e7
0.002717312839823413	0.0028711980716136527	0.002794255455718533	0.17766802052474845	1.1764148288522707e7	1.3610735543815011	1.372788162189573e7
0.002871198071613654	0.0030281610080396984	0.002949679539826676	0.19615214243274925	1.142704494971228e7	1.5572256968142504	1.3388319363932202e7
0.003028161008039698	0.0031882632031942633	0.0031082121056169804	0.2158654047287134	1.1103466540096141e7	1.7730911015429638	1.3061105588229317e7
0.003188263203194263	0.0033515674422519193	0.0032699153227230913	0.23668527808086925	1.0784515863495406e7	2.0097763796238333	1.2744278092161011e7
0.0033515674422519197	0.0035181377660907292	0.0034348526041713245	0.25849070992347944	1.0464925294243507e7	2.2682670895473125	1.2435608944794726e7
0.0035181377660907292	0.003688039496406315	0.003603088631248522	0.2814305558886692	1.0151570305566914e7	2.5496976454359817	1.2134262432861017e7
0.0036880394964063155	0.003861339261328213	0.0037746893788672643	0.30582160548505616	9.85420539505705e6	2.855519250921038	1.1840842392008211e7
0.003861339261328213	0.004038105021548549	0.003949722141438381	0.33196518613808446	9.578091030018443e6	3.187484437059122	1.1556508272674767e7
0.004038105021548548	0.00421840609697329	0.004128255559260919	0.3598928953399273	9.318862725682607e6	3.5473773323990496	1.1281675901316721e7
0.00421840609697329	0.004402313193906526	0.004310359645439908	0.38960422723592303	9.072404666581757e6	3.9369815596349724	1.1016203812682956e7
0.004402313193906526	0.004589898432778427	0.004496105813342477	0.4211570971551994	8.836892224328095e6	4.358138656790172	1.075977545078991e7
0.004589898432778428	0.004781235376427767	0.004685566904603098	0.4547386862074069	8.613280161562659e6	4.812877342997579	1.05122531764113e7
0.0047812353764277666	0.0049763990589500925	0.00487881721768893	0.4903960355335965	8.39945442927004e6	5.303273378531175	1.0273296155144058e7
0.004976399058950093	0.005175466015122866	0.0050759325370364795	0.5282368844678222	8.194686436989384e6	5.831510262998997	1.0042551131678028e7
0.005175466015122865	0.005378514310419092	0.005276990162770979	0.5683793259592048	7.998396176918086e6	6.399889588958202	9.81966985846456e6
0.005378514310419092	0.005585623571621245	0.005482068941020169	0.6109761354190367	7.810417079853476e6	7.010865724377239	9.60435153146042e6
0.005585623571621245	0.00579687501804744	0.0056912492948343425	0.6562034132107739	7.630690686943624e6	7.667069137588013	9.396345111001132e6
0.005796875018047441	0.00601235149340216	0.0059046132557248	0.7041448561639079	7.457979330791046e6	8.37121399375192	9.19531788789754e6
0.00601235149340216	0.006232137498263974	0.006122244495833067	0.7549603987154363	7.291993850972514e6	9.126174392467357	9.000965034506474e6
0.006232137498263972	0.006456319223223022	0.006344228360743497	0.808808323709027	7.132351521527101e6	9.934982716176384	8.812994938790116e6
0.006456319223223021	0.006684984582681251	0.006570651902952136	0.8658450780877135	6.978614380103388e6	10.800827794264098	8.63112095021341e6
0.006684984582681254	0.006918223249328648	0.0068016039160049505	0.9262420031046751	6.830442286033193e6	11.727069797368774	8.455069528197024e6
0.006918223249328647	0.00715612668930899	0.007037174969318818	0.9901886106293312	6.687584486935842e6	12.717258407998106	8.284586276219331e6
0.00715612668930899	0.007398788198088939	0.007277457443698964	1.0578714410130705	6.549717208484105e6	13.775129849011176	8.119425599913678e6
0.007398788198088939	0.007646302937044488	0.0075225455675667135	1.1294722807760478	6.416464771359661e6	14.904602129787223	7.959344038642467e6
0.007646302937044487	0.007898767970779146	0.007772535453911817	1.2051841966208603	6.28751047282848e6	16.109786326408084	7.804104955704295e6
0.007898767970779147	0.0081562823051885	0.008027525137983823	1.2852671658632637	6.162849333529784e6	17.395053492271348	7.6535057322370615e6
0.0081562823051885	0.00841894692628604	0.008287614615737269	1.3699868627568983	6.04240054168231e6	18.765040355028248	7.507365812530669e6
0.00841894692628604	0.00868686483980553	0.008552905883045785	1.4595491945493786	5.925762267359216e6	20.224589549577626	7.365494580287926e6
0.008686864839805528	0.008960141111595408	0.008823502975700469	1.5542102895217687	5.812744106335671e6	21.778799839099396	7.227711119648007e6
0.008960141111595408	0.009238882908821085	0.009099512010208246	1.654251112784343	5.703209321384745e6	23.43305095188374	7.093847345107274e6
0.009238882908821085	0.009523199541991274	0.00938104122540618	1.7599626223749127	5.597008696295387e6	25.193013574258654	6.963744980832089e6
0.009523199541991274	0.009813202507824869	0.009668201024908072	1.8716205331308897	5.493910659683013e6	27.064634107389544	6.837246969033072e6
0.00981320250782487	0.010109005532975137	0.009961104020400003	1.9895383008218404	5.393776722274994e6	29.054172408211386	6.714205002411369e6
0.010109005532975134	0.010410724618628405	0.01025986507580177	2.114052156735369	5.296493629107527e6	31.168224564946755	6.594480350992476e6
0.010410724618628405	0.010718478085994741	0.010564601352311572	2.2455286343312	5.201981943199162e6	33.413753199277956	6.477945323779555e6
0.010718478085994743	0.011032386622708406	0.010875432354351573	2.384353577147841	5.110159472569887e6	35.7981067764258	6.364481534610399e6
0.011032386622708406	0.011352573330156341	0.011192479976432374	2.5308157484272846	5.02070953566199e6	38.328922524853084	6.253959349706082e6
0.011352573330156343	0.011679163771753237	0.01151586855095479	2.6851711929537436	4.933284254974962e6	41.01409371780683	6.146236465536721e6
0.011679163771753237	0.01201228602218207	0.011845724896967653	2.8476264627759615	4.84749767320604e6	43.86172018058279	6.0411560889174845e6
0.012012286022182067	0.012352070717619476	0.012182178369900772	3.0184197107158135	4.763080133128769e6	46.880139891298604	5.938557712742198e6
0.01235207071761948	0.012698651106965636	0.012525360912292557	3.1982801488031543	4.68052368269248e6	50.07842004010176	5.838338021240642e6
0.012698651106965634	0.013052163104098714	0.012875407105532175	3.388302296526093	4.600646953619853e6	53.46672233662785	5.740470314189845e6
0.013052163104098714	0.013412745341174455	0.013232454222636584	3.5894840777900194	4.523870505406867e6	57.05620641441786	5.644964906261122e6
0.013412745341174457	0.013780539222991713	0.013596642282083085	3.802460316597952	4.450005023615103e6	60.85866673101581	5.551817606330578e6
0.013780539222991713	0.014155688982445314	0.013968114102718514	4.027705675030679	4.378663162577864e6	64.88637240604649	5.460995883940283e6
0.014155688982445312	0.014538341737087986	0.014347015359766648	4.265730417457497	4.309529193985832e6	69.15210282350398	5.372447277852414e6
0.014538341737087988	0.014928647546823513	0.01473349464195575	4.5170287698637255	4.242296712539255e6	73.66913159336771	5.2861020939000305e6
0.014928647546823513	0.01532675947275375	0.01512770350978863	4.78225631725811	4.1768292872080836e6	78.45138791062581	5.201887985391375e6
0.01532675947275375	0.01573283363720259	0.01552979655497817	5.061865172365516	4.1128140358895212e6	83.51325308299133	5.119716826945575e6
0.01573283363720259	0.01614702928494041	0.015939931461071498	5.356760231630101	4.0503213139423355e6	88.87001331462143	5.039514941175249e6
0.016147029284940405	0.016569508845632977	0.01635826906528669	5.667572862893689	3.989171532536802e6	94.53758617751512	4.961202961928651e6
0.016569508845632984	0.01700043799753941	0.016784973421586198	5.995120432258981	3.929316422061438e6	100.53270660977411	4.884706048051077e6
0.017000437997539405	0.01743998573248396	0.017220211865011683	6.340189626747789	3.8706667070865654e6	106.8728962365219	4.80995035202731e6
0.01743998573248396	0.017888324422127407	0.017664155077305684	6.7035435631261135	3.81310972046405e6	113.57643979964801	4.73686114191791e6
0.017888324422127403	0.018345629885563715	0.01811697715384556	7.086404189747958	3.7567745558805154e6	120.66284398939597	4.665380451416566e6
0.01834562988556372	0.018812081458268758	0.018578855671916236	7.489588815942421	3.7015260950657264e6	128.15243280533838	4.595446283289864e6
0.018812081458268758	0.0192878620624279	0.01904997176034833	7.914310678345474	3.6474155918507385e6	136.06674348368387	4.527006384622271e6
0.019287862062427896	0.019773158278670218	0.019530510170549055	8.361681301735382	3.594407573963177e6	144.42842478541925	4.460011073287055e6
0.019773158278670218	0.020268160419237388	0.020020659348953803	8.832957734499116	3.5425038890809794e6	153.26138251991836	4.394415628409112e6
0.020268160419237388	0.0207730626026159	0.020520611510926642	9.32913396283273	3.4915776945977667e6	162.5905164827511	4.33017064546562e6
0.0207730626026159	0.02128806282966198	0.021030562716138942	9.85115724040167	3.441489729257135e6	172.44167372315277	4.267221536342046e6
0.02128806282966198	0.021813363061248984	0.021550712945455484	10.400409201065758	3.392252599559125e6	182.84208292421854	4.205519658007058e6
0.021813363061248984	0.022349169297467726	0.022081266179358357	10.978959949360247	3.344061977728344e6	193.8210428735788	4.145034605108326e6
0.02234916929746773	0.022895691658410846	0.022622430477939288	11.588315082696647	3.2968777911503534e6	205.40935795627544	4.0857361076492416e6
0.022895691658410842	0.02345314446657282	0.023174418062491833	12.229771382961657	3.2505866826992673e6	217.6391293392371	4.02758889143843e6
0.02345314446657282	0.024021746330898038	0.02373744539873543	12.904546665354292	3.205057948534951e6	230.5436760045914	3.9705518786305673e6
0.024021746330898045	0.02460172023250977	0.024311733281703905	13.61413847246592	3.1602352109690844e6	244.15781447705731	3.9145837878206577e6
0.02460172023250977	0.025193293612153726	0.024897506922331746	14.360318228784942	3.1161146078383834e6	258.5181327058423	3.8596467364743785e6
0.025193293612153722	0.02579669845939056	0.02549499603577214	15.146447245343301	3.0729956691424195e6	273.6645799511856	3.805726725269931e6
0.02579669845939056	0.026412171403572132	0.026104434931481346	15.973967083731843	3.0307160121713793e6	289.63854703491745	3.752800086097318e6
0.026412171403572136	0.02703995380663734	0.02672606260510474	16.84417109721753	2.989101833351805e6	306.482718132135	3.700833488302586e6
0.02703995380663734	0.027680291857763845	0.027360122832200594	17.758930177359037	2.9480966476686527e6	324.24164830949405	3.6497926674136687e6
0.027680291857763845	0.028333436669912882	0.028006864263838364	18.72069406620499	2.9077291121438267e6	342.96234237569905	3.599648233822088e6
0.028333436669912882	0.0289996443783049	0.028666540524108892	19.732749463006517	2.868124288545086e6	362.6950918387056	3.5503817513822084e6
0.028999644378304903	0.02967917624086476	0.029339410309584833	20.798216937454082	2.8293341358881514e6	383.49330877615955	3.501979933644225e6
0.02967917624086476	0.030372298740675815	0.03002573749077029	21.918975461571023	2.7912178742783843e6	405.41228423773055	3.454421323769447e6
0.030372298740675818	0.031079283690483094	0.030725791215579456	23.097004965964597	2.7536600516155707e6	428.5092892036951	3.4076786205861587e6
0.031079283690483087	0.03180040833928651	0.031439846014884795	24.3357309737233	2.7167165673407707e6	452.8450201774184	3.3617305200842484e6
0.03180040833928651	0.032535955481066	0.03216818191017626	25.63884259661604	2.6804399741148488e6	478.48386277403444	3.31656100921294e6
0.032535955481066005	0.03328621356568108	0.032911084523373546	27.011798611430027	2.6450248699924294e6	505.4956613854645	3.2721683319458785e6
0.03328621356568108	0.03405147681198846	0.03366884518883477	28.45708239982403	2.6103245849755662e6	533.9527437852885	3.2285413809121214e6
0.03405147681198846	0.03483204532322199	0.03444176106760523	29.977590838129384	2.57624136076955e6	563.9303346234178	3.1856636265983665e6
0.03483204532322199	0.03562822520468019	0.03523013526395109	31.574675063457317	2.5425571394808013e6	595.5050096868752	3.143505637921551e6
0.03562822520468018	0.036440328683767544	0.03603427694422386	33.25318125014814	2.509354151593198e6	628.7581909370233	3.102045686443537e6
0.036440328683767544	0.037268674232436655	0.036854501458102096	35.02214701931005	2.4769771257353653e6	663.7803379563334	3.061286267347341e6
0.037268674232436655	0.03811358669207914	0.0376911304622579	36.88227765259811	2.4451169797988716e6	700.6626156089314	3.0212097412453094e6
0.03811358669207915	0.03897539740091449	0.03854449204649682	38.83603971919492	2.413628584173789e6	739.4986553281263	2.981790475788972e6
0.038975397400914484	0.03985444432392653	0.0394149208624205	40.88689026910501	2.3824447600030145e6	780.3855455972314	2.94300047735849e6
0.03985444432392653	0.040751072185398814	0.040302758254662674	43.04211251240841	2.3517114476217846e6	823.4276581096398	2.9048233155983095e6
0.040751072185398814	0.04166563260410055	0.04120835239474968	45.315026095274135	2.3218365391136236e6	868.7426842049139	2.8672701331230965e6
0.04166563260410054	0.042598484231176306	0.042132058417638424	47.70216971016057	2.292306040232011e6	916.4448539150745	2.8303183661523466e6
0.04259848423117632	0.0435499928907936	0.04307423856098496	50.207342321147074	2.263037476784411e6	966.6521962362216	2.793941878311944e6
0.043549992890793594	0.04452053172360322	0.04403526230719841	52.8346523340806	2.23396990259959e6	1019.4868485703022	2.7581125891523072e6
0.044520531723603214	0.04551048133306903	0.04501550652833612	55.59552392833331	2.2053376387410606e6	1075.0823724986356	2.7228194574839207e6
0.045510481333069036	0.04652022993472417	0.0460153556338966	58.50129910502757	2.177305619477502e6	1133.583671603663	2.688062822621971e6
0.04652022993472417	0.047550173508412404	0.04703520172156829	61.54868106048642	2.14947342296744e6	1195.1323526641495	2.653817635365603e6
0.04755017350841241	0.04860071595357441	0.048075444730993414	64.74557086270238	2.1218891607276117e6	1259.8779235268519	2.6200637323039807e6
0.04860071595357442	0.04967226924763966	0.04913649260060704	68.10305831309017	2.0946789012295813e6	1327.9809818399422	2.586790417069926e6
0.04967226924763965	0.05076525360758619	0.05021876142761292	71.63802512282061	2.068095815066823e6	1399.6190069627628	2.5540038166496577e6
0.0507652536075862	0.05188009765473167	0.051322675631158936	75.35469614717299	2.041976237269165e6	1474.9737031099357	2.521699390612921e6
0.051880097654731665	0.05301723858282005	0.052448668118775854	79.25485417776994	2.0161172054477555e6	1554.2285572877056	2.4898602059538397e6
0.05301723858282006	0.05417712232947021	0.05359718045614513	83.34733556955646	1.9905200566510346e6	1637.575892857262	2.458470645055576e6
0.0541771223294702	0.055360203751053355	0.054768663040261775	87.64984673467933	1.965375311450059e6	1725.2257395919414	2.42752818004525e6
0.055360203751053355	0.05656694680106817	0.05596357527606076	92.1733474659483	1.9406756585739385e6	1817.3990870578898	2.397030064833012e6
0.05656694680106818	0.057797824712083286	0.057182385756575735	96.92542117359447	1.91633549621486e6	1914.3245082314843	2.3669684519543434e6
0.05779782471208328	0.059053320181318696	0.05842557244670099	101.91092912456699	1.892226337867936e6	2016.2354373560513	2.3373280651005404e6
0.0590533201813187	0.06033392555993882	0.059693622870628765	107.14457623649821	1.8684112561232275e6	2123.3800135925494	2.308098647723708e6
0.06033392555993882	0.06164014304613134	0.06098703430303508	112.645211500063	1.844997347356924e6	2236.0252250926123	2.279277354349416e6
0.06164014304613134	0.06297248488204772	0.06230631396408953	118.41898952999817	1.82186064624662e6	2354.4442146226106	2.2508538829108337e6
0.06297248488204771	0.06433147355468241	0.06365197921836506	124.482692395672	1.7990488274282822e6	2478.9269070182827	2.2228216300938805e6
0.06433147355468241	0.06571764200076981	0.06502455777772612	130.84738106079723	1.7765109997275725e6	2609.7742880790797	2.195171330656628e6
0.06571764200076981	0.06713153381577895	0.06642458790827438	137.5282460565533	1.7542509694535462e6	2747.302534135633	2.167894618906701e6
0.06713153381577895	0.06857370346708827	0.0678526186414336	144.5459629967607	1.7323282008807969e6	2891.8484971323937	2.140987403510769e6
0.06857370346708827	0.07004471651142379	0.06930920998925602	151.9137476599552	1.7106946232710623e6	3043.762244792349	2.1144429437117223e6
0.07004471651142379	0.071545149816646	0.0707949331640349	159.65448402992484	1.6894056891068728e6	3203.416728822274	2.088258402773865e6
0.071545149816646	0.07307559178797267	0.07231037080230934	167.77849082179145	1.6683691986941793e6	3371.195219644065	2.062425500789602e6
0.07307559178797267	0.07463664259872586	0.07385611719334927	176.30478585015774	1.6475859752955025e6	3547.500005494223	2.0369365916583e6
0.07463664259872586	0.07622891442569413	0.07543277851221	185.25885010434396	1.6271049035176618e6	3732.7588555985667	2.011787567924314e6
0.07622891442569411	0.07785303168920174	0.07704097305744792	194.65377268585925	1.6068523640814747e6	3927.412628284426	1.9869701161180404e6
0.07785303168920174	0.07950963129797951	0.07868133149359063	204.52594385769487	1.5869437842021077e6	4131.93857214212	1.9624835652841309e6
0.07950963129797951	0.08119936289893284	0.08035449709845618	214.8868775895171	1.567277601801998e6	4346.8254497316375	1.938321114460088e6
0.08119936289893284	0.08292288913190524	0.08206112601541904	225.75741867414104	1.5478303579548455e6	4572.582868405779	1.914475004407845e6
0.08292288913190525	0.0846808858895371	0.08380188751072118	237.17793044464727	1.528701929289131e6	4809.760798850427	1.8909441017676417e6
0.08468088588953708	0.08647404258232155	0.08557746423592932	249.16218764983023	1.509799624000647e6	5058.922986500257	1.8677217308216868e6
0.08647404258232155	0.08830306240896171	0.08738855249564163	261.75168322361424	1.491201256424024e6	5320.674669723871	1.8448064114852513e6
0.08830306240896173	0.0901686626321347	0.08923586252054821	274.963916107801	1.4728298786532928e6	5595.638585831673	1.8221921105916807e6
0.09016866263213469	0.09207157485977112	0.09112011874595291	288.8234499810788	1.4546532878267318e6	5884.462035812751	1.7998712541675207e6
0.09207157485977113	0.09401254533196028	0.09304206009586571	303.3724324869452	1.4367226414337403e6	6187.834468299697	1.777839883123234e6
0.09401254533196027	0.09599233521359321	0.09500244027277674	318.63261645447375	1.4189791915628863e6	6506.46708475417	1.7560907569576942e6
0.09599233521359321	0.09801172089285881	0.09700202805322601	334.65881074879314	1.401508752028447e6	6841.125895502963	1.7346223169689418e6
0.0980117208928588	0.1000714942857097	0.09904160758928425	351.4671909270713	1.3842179206836268e6	7192.593086430034	1.713427478772569e6
0.10007149428570972	0.10217246314641765	0.10112197871606368	369.09804109126014	1.3671164849885642e6	7561.691127521294	1.6925002221770603e6
0.10217246314641763	0.10431545138433972	0.10324395726537867	387.6074147790248	1.3502604530509622e6	7949.298542300319	1.6718383120426673e6
0.10431545138433973	0.10650129938702026	0.10540837538567999	407.0064271628041	1.3335387560862794e6	8356.304969463123	1.6514329772636062e6
0.10650129938702026	0.10873086434975439	0.10761608186838732	427.38538005395765	1.3171031272319867e6	8783.69034951708	1.631285164615374e6
0.10873086434975437	0.1110050206117432	0.10986794248074878	448.76563871043476	1.3008641366862862e6	9232.455988227515	1.6113903975502027e6
0.1110050206117432	0.11332465999897179	0.11216484030535749	471.18984999876477	1.284803246183843e6	9703.64583822628	1.5917433854530936e6
0.11332465999897177	0.11569069217394494	0.11450767608645836	494.72926161096734	1.2689731557162332e6	10198.375099837249	1.5723423563597153e6
0.11569069217394495	0.11810404499241757	0.11689736858318125	519.3953517941395	1.2532637596994773e6	10717.770451631386	1.5531790552055507e6
0.11810404499241758	0.12056566486725966	0.11933485492983861	545.306021638094	1.237825489228623e6	11263.07647326948	1.534254787946521e6
0.12056566486725963	0.12307651713959854	0.12182109100342908	572.4744489247994	1.2225446761632985e6	11835.55092219428	1.515563980787048e6
0.12307651713959855	0.12563758645738424	0.1243570517984914	600.968398591538	1.2074363713722727e6	12436.519320785817	1.4971023257242066e6
0.12563758645738424	0.12824987716152564	0.12694373180945495	630.8740865244529	1.192541419125208e6	13067.39340731027	1.4788682442524254e6
0.12824987716152564	0.13091441367974987	0.12958214542063776	662.2031575928211	1.1777526020341658e6	13729.596564903091	1.4608538573035547e6
0.13091441367974987	0.13363224092833859	0.13227332730404423	695.0769362236836	1.1631650119692548e6	14424.673501126776	1.443057474196417e6
0.13363224092833859	0.13640442472189906	0.13501833282511883	729.5728236486916	1.1487777762129528e6	15154.246324775468	1.425477471375012e6
0.13640442472189906	0.13923205219133075	0.1378182384566149	765.7485905306872	1.1345549275803803e6	15919.994915306155	1.4081101926794038e6
0.1392320521913308	0.14211623221015113	0.14067414220074098	803.6942122557148	1.1205077092513929e6	16723.68912756187	1.390952892105531e6
0.1421162322101511	0.14505809582934784	0.14358716401974947	843.4725652683077	1.106603741359635e6	17567.161692830177	1.3740010758343763e6
0.14505809582934784	0.1480587967209285	0.14655844627513817	885.1800397198956	1.0928540481858186e6	18452.341732550074	1.357251196318192e6
0.1480587967209285	0.1511195116303408	0.14958915417563465	928.9201039441242	1.0792703717266822e6	19381.2618364942	1.3407006355760116e6
0.1511195116303408	0.1542414408379413	0.15268047623414105	974.7755565918816	1.065834005653725e6	20356.03739308608	1.3243458352677566e6
0.1542414408379413	0.15742580862969385	0.15583362473381757	1022.9038251297713	1.0526021649210698e6	21378.941218215852	1.3081868690462632e6
0.15742580862969385	0.16067386377728143	0.15904983620348764	1073.3283206550964	1.039483942576642e6	22452.269538870947	1.292218414788661e6
0.16067386377728143	0.16398688002782077	0.16233037190255112	1126.1807153659622	1.0265025068808884e6	23578.45025423691	1.2764368628606084e6
0.16398688002782077	0.1673661566033709	0.16567651831559582	1181.6121640207725	1.0136881653983284e6	24760.06241825768	1.2608406336190477e6
0.1673661566033709	0.17081301871043203	0.16908958765690146	1239.7487074496157	1.0010392857688467e6	25999.811125707296	1.2454281570473528e6
0.170813018710432	0.17432881805963435	0.1725709183850332	1300.7358409130395	988564.2930234997	27300.546966620335	1.2301984681300155e6
0.17432881805963435	0.17791493339582073	0.17612187572772753	1364.6614537350965	976223.3671329304	28665.208420355433	1.215148310414799e6
0.17791493339582073	0.18157277103873085	0.1797438522172758	1431.6862199131212	964029.8420086666	30096.894640268554	1.200275424488063e6
0.18157277103873087	0.1853037654344992	0.18343826823661502	1501.9295354790256	951963.3794689747	31598.82417574758	1.185576493198248e6
0.18530376543449914	0.1891093797181828	0.187206572576341	1575.5074134797942	940001.7857908739	33174.331589227375	1.171047096285051e6
0.18910937971818284	0.19299110628754018	0.1910502430028615	1652.7405439423567	928238.8645210599	34827.072133169735	1.1566886369320895e6
0.19299110628754018	0.19695046738828467	0.1949707868379124	1733.7289613958933	916626.0901935935	36560.80109456563	1.1424995731190965e6
0.19695046738828464	0.20098901571104402	0.19896974154966435	1818.5697725036418	905119.3279479323	38379.37086706927	1.1284758566090513e6
0.20098901571104408	0.20510833500025866	0.20304867535565135	1907.5036479545888	893747.5026126202	40286.87451502386	1.1146153995271358e6
0.20510833500025863	0.2093100406752575	0.20720918783775805	2000.6772685764076	882487.6748637372	42287.55178360027	1.1009148935020454e6
0.2093100406752575	0.21359578046375632	0.2114529105695069	2098.281419960535	871336.4265050214	44385.833203560804	1.0873710352490616e6
0.21359578046375632	0.21796723504802512	0.21578150775589072	2200.6868540728583	860357.8278933368	46586.520057633665	1.0739845055857173e6
0.21796723504802512	0.2224261187239793	0.2201966768860022	2308.0029142941357	849501.1782038688	48894.5229719278	1.0607529624105466e6
0.22242611872397927	0.22697418007345255	0.2247001493987159	2420.5257702413846	838787.5650267705	51315.04874216918	1.0476754534297007e6
0.22697418007345255	0.23161320264991528	0.22929369136168393	2538.3954103264527	828178.397495185	53853.444152495635	1.034748817109385e6
0.23161320264991528	0.23634500567790726	0.23397910416391127	2661.7760981681095	817647.3814188171	56515.22025066374	1.0219685400598779e6
0.23634500567790728	0.2411714447664591	0.2387582252221832	2791.084758609443	807244.0615628331	59306.30500927319	1.0093333011396062e6
0.24117144476645908	0.24609441263678192	0.2436329287016205	2926.833343602432	797029.4709998008	62233.13835287562	996845.4540221478
0.24609441263678195	0.25111583986451125	0.2486051262506466	3069.0947195261306	786934.0382822984	65302.23307240175	984503.12596563
0.25111583986451125	0.25623769563679516	0.2536767677506532	3218.1720380089027	776955.06807273	68520.40511041065	972304.4033083145
0.2562376956367951	0.2614619885245247	0.25884984208065986	3374.2683053092414	767064.1420406362	71894.6734157199	960245.8224088196
0.2614619885245247	0.26679076727000883	0.2641263778972668	3537.8123122625348	757284.3021292692	75432.48572798244	948325.4851057268
0.26679076727000883	0.27222612159040266	0.2695084444302057	3709.442756578625	747672.6160395839	79141.92848456107	936544.9619814829
0.2722261215904027	0.2777701829972044	0.27499815229380353	3889.230528960771	738161.7364199607	83031.15901352184	924901.781752902
0.2777701829972044	0.28342512563214217	0.2805976543146733	4077.6219772283685	728762.6767872797	87108.78099075021	913394.27137132
0.28342512563214217	0.28919316711977866	0.2863091463759604	4275.066406530846	719481.2703727017	91383.84739728106	902021.2040956666
0.28919316711977866	0.29507656943716787	0.29213486827847324	4481.9142604762255	710303.0216281146	95865.76165775729	890780.5806686418
0.2950765694371678	0.3010776398009048	0.2980771046190363	4698.754034290587	701248.946264023	100564.51569204788	879671.7568334157
0.30107763980090485	0.3071987315719166	0.3041381856864107	4925.9786864660755	692304.5926639577	105490.49437851395	868693.2838948183
0.30719873157191663	0.3134422451783486	0.3103204883751326	5164.033721173575	683462.3460859281	110654.52809968751	857843.3571933008
0.31344224517834857	0.31981062905690916	0.31662643711762883	5413.509639042662	674731.2540767058	116068.03773873017	847120.8129368392
0.3198106290569092	0.326306380613041	0.3230585048349751	5674.9970686620745	666115.2590044442	121743.03480739225	836524.7909088011
0.326306380613041	0.33293204720029546	0.32961921390666826	5949.057423737408	657610.9828065675	127692.09223112966	826054.2878085307
0.3329320472002955	0.33969022711929503	0.33631113715979527	6236.359908325979	649223.8178258162	133928.45213945565	815708.6787934747
0.33969022711929503	0.34658357063667455	0.3431368988779848	6537.479302109413	640945.484028454	140465.93144156507	805486.8951140943
0.3465835706366745	0.35361478102440164	0.35009917583053807	6853.051198730845	632771.9878984545	147318.98264029593	795387.7011073034
0.35361478102440164	0.3607866156198833	0.35720069832214246	7184.18413031853	624738.3096219559	154503.16677061445	785411.982324046
0.3607866156198833	0.3681018869072746	0.36444425126357893	7531.649949656673	616840.722253608	162034.81672027113	775560.3570808549
0.36810188690727463	0.37556346362041376	0.3718326752638442	7896.3033858516565	609079.0724993129	169931.12010612278	765833.4011032769
0.3755634636204137	0.3831742718678156	0.37936886774411466	8279.225270460103	601466.0422268161	178210.34537658287	756232.3997306292
0.38317427186781555	0.3909372962801655	0.38705578407399055	8681.226937376034	593989.2858909012	186891.5723139589	746757.8441833132
0.39093729628016555	0.3988555811807625	0.394896438730464	9102.667469038555	586606.2755007528	195994.23978299747	737407.7165309397
0.3988555811807624	0.40693223177937127	0.40289390648006684	9544.528804499168	579318.4923011842	205538.76858749663	728180.2072769849
0.40693223177937127	0.4151704153899523	0.4110513235846618	10008.06161326017	572139.5901074903	215546.83020075678	719074.4132109621
0.4151704153899523	0.4235733626727449	0.4193718890313486	10493.612414174142	565028.5008540298	226040.44261493091	710087.0910105223
0.423573362672745	0.43214436890119345	0.4278588657869692	11002.308214349794	557990.1570289728	237042.7508292807	701215.4789156367
0.4321443689011934	0.4408867952542109	0.43651558207770214	11535.533981062616	551038.3661123613	248578.28481034332	692457.7856261212
0.4408867952542108	0.44980407013428864	0.44534543269424975	12093.937235648864	544148.1748093864	260672.22204599218	683810.8728760997
0.4498040701342887	0.45889969051196805	0.45435188032312834	12678.848733811503	537326.7569990472	273351.0707798037	675272.2077108492
0.4588996905119681	0.468177223297201	0.46353845690458456	13291.469049580035	530572.3135745806	286642.5398293837	666839.3036415299
0.4681772232972011	0.4776403067381387	0.4729087650176699	13933.692830217853	523907.3370921131	300576.23265960155	658511.1331816502
0.47764030673813856	0.4872926518478949	0.4824664792930167	14606.064248043362	517299.1040924122	315182.2969076449	650284.824966722
0.48729265184789494	0.4971380438598464	0.49221534785387067	15309.972443503419	510748.0882668214	330492.26935114834	642157.7060456792
0.49713804385984633	0.5071803437120368	0.5021591937859415	16046.238728272427	504234.88643768476	346538.5080794208	634126.1325853496
0.5071803437120368	0.517423489561271	0.5123019166366539	16816.90820521323	497778.9228633238	363355.41628463403	626187.8076125532
0.5174234895612712	0.5278714983274901	0.5226474939443806	17622.52382551897	491351.7496306757	380977.940110153	618338.9148249961
0.5278714983274901	0.5385284672690335	0.5331999827982619	18465.146499005	484969.56303289044	399443.08660915797	610576.806324782
0.5385284672690335	0.5493985755894076	0.5439635214292206	19346.286433817382	478629.9518948356	418789.3730429753	602898.850916069
0.5493985755894077	0.5604860860761894	0.5549423308327985	20267.398385379674	472328.27235308033	439056.771428355	595302.3031334815
0.5604860860761894	0.5717953467727067	0.5661407164244481	21228.57997773493	466029.7514298882	460285.35140608996	587782.5572772358
0.5717953467727067	0.5833307926831544	0.5775630697279306	22234.4632924056	459800.17361000105	482519.81469849555	580339.1051801553
0.5833307926831544	0.595096947511811	0.5892138700974827	23286.243954075257	453622.5808286088	505806.0586525708	572970.4836097758
0.5950969475118111	0.6070984254370408	0.601097686474426	24382.037794571563	447425.6375404575	530188.0964471424	565671.1688052267
0.6070984254370407	0.619339932920775	0.6132191791789079	25528.283281975037	441296.9875319099	555716.3797291175	558441.0568021146
0.619339932920775	0.631826270554184	0.6255831017374796	26724.19773817073	435186.3877558192	582440.5774672882	551277.13054947
0.631826270554184	0.6445623349402613	0.6381943027472227	27970.987518143225	429084.1086913901	610411.5649854315	544175.9853470905
0.6445623349402613	0.65755312061406	0.6510577277771606	29272.37527176443	423018.41857666464	639683.940257196	537136.0594016877
0.65755312061406	0.6708037220013348	0.6641784213076973	30631.85763394149	417007.58434836863	670315.7978911374	530156.9445575109
0.6708037220013346	0.6843193354163548	0.6775615287088448	32046.272430407964	410979.3647119271	702362.0703215454	523234.0610606092
0.6843193354163548	0.6981052610996754	0.6912122982580151	33519.60757527909	404963.4420481909	735881.6778968244	516364.8219489394
0.6981052610996754	0.7121669052966624	0.7051360831981689	35055.31817494147	398976.8292520698	770936.9960717659	509547.78038551105
0.7121669052966624	0.7265097823775891	0.7193383438371257	36656.684437204756	393030.4792392916	807593.6805089706	502782.21091111994
0.7265097823775891	0.7411395170001344	0.7338246496888617	38327.23582024973	387134.79843335797	845920.9163292204	496068.03541396745
0.7411395170001344	0.7560618463151305	0.7486006816576325	40065.7311301881	381251.68467440386	885986.6474594085	489402.9692745019
0.7560618463151304	0.7712826222164265	0.7636722342657785	41878.85296591847	375422.02184786083	927865.500425327	482787.23507858464
0.7712826222164265	0.7868078136357485	0.7790452179260875	43764.44399096907	369602.4851844953	971629.9444162961	476218.5287455986
0.7868078136357485	0.8026435088834569	0.7947256612596028	45724.849689920775	363794.7648562125	1.0173547941062169e6	469694.7794982581
0.8026435088834569	0.8187959180361195	0.8107197134597882	47764.55242420909	358016.22485835565	1.0651193465304258e6	463215.0455816202
0.8187959180361196	0.8352713753718355	0.8270336467039776	49886.855702982924	352271.9549327336	1.1150062022334088e6	456778.73610705923
0.8352713753718353	0.8520763418542654	0.8436738586130503	52096.60789019638	346575.9223236697	1.1671028101236052e6	450386.1054763927
0.8520763418542654	0.8692174076663441	0.8606468747603048	54394.66017949517	340913.5270180836	1.2214974703031003e6	444036.54701286316
0.8692174076663441	0.8867012947946644	0.8779593512305043	56776.68945468211	335242.4745551132	1.2782741597577825e6	437727.0371294608
0.8867012947946645	0.9045348596655512	0.8956180772301079	59262.05108934124	329661.77890544286	1.3375362108471238e6	431460.4707997738
0.9045348596655511	0.9227250958338555	0.9136299777497033	61847.26637799549	324128.544414789	1.3993834772251192e6	425237.08754243376
0.9227250958338556	0.9412791367255261	0.9320021162796909	64518.85039673238	318559.16702153964	1.4639023276218516e6	419052.26636606845
0.9412791367255261	0.96020425843503	0.950741697580278	67305.13754766915	313083.54871398193	1.5312074651695208e6	412909.1865959122
0.9602042584350299	0.9795078825787238	0.9698560705068768	70191.6999069799	307615.43955194706	1.6013991650765007e6	406805.8433256596
0.9795078825787238	0.9991975792052916	0.9893527308920077	73192.22008740377	302203.42625113437	1.6745913851639044e6	400743.1649752146
0.9991975792052917	1.0192810697643908	1.0092393244848412	76311.08745669473	296849.2268718136	1.7509024726205992e6	394722.12592388154
1.0192810697643908	1.039766230134672	1.0295236499495313	79535.95324966198	291492.42590356304	1.8304384258702612e6	388740.14329673356
1.039766230134672	1.0606610937123586	1.0502136619235154	82899.44964676557	286241.49423860264	1.9133378755170268e6	382801.07016631315
1.0606610937123588	1.0819738545615993	1.071317474136979	86367.20095015578	280962.6358463817	1.9997050764671825e6	376900.78391671745
1.0819738545615993	1.1037128706278245	1.0928433625947118	89985.38382281888	275798.6064907602	2.0896904602900015e6	371043.6725099891
1.1037128706278245	1.1258866670153744	1.1147997688215994	93724.09537692404	270640.80718313577	2.1834145556669254e6	365227.5781150342
1.1258866670153742	1.148503939330675	1.1371953031730246	97616.78601092061	265576.7081318205	2.281031341677846e6	359455.5353650535
1.1485039393306753	1.171573557092282	1.1600387482114787	101635.57365118274	260517.06389953414	2.382666915329029e6	353725.2338737872
1.171573557092282	1.195104567209121	1.1833390621507016	105820.01684021777	255555.17472160535	2.4884869321692465e6	348039.9013341005
1.195104567209121	1.2191061975282966	1.2071053823687088	110133.69512827476	250590.68494482362	2.598620627297521e6	342396.7666964438
1.2191061975282966	1.2435878604538557	1.2313470289910762	114606.20877511284	245686.9722926017	2.713226836072634e6	336796.8902284359
1.243587860453856	1.2685591566379264	1.2560735085458912	119242.71950292635	240844.37426973443	2.8324695555755603e6	331241.2904751071
1.268559156637926	1.2940298787456777	1.2812945176918018	124031.24187455559	236030.2863112958	2.956500797450116e6	325729.03950354265
1.2940298787456779	1.3200100152955847	1.3070199470206312	129017.57201201751	231323.01319932338	3.0855183694621334e6	320263.79679571156
1.3200100152955847	1.3465097545764897	1.3332598849360373	134141.94365626364	226604.85372837735	3.2196603131183973e6	314842.1962263853
1.3465097545764895	1.3735394886430126	1.360024621609751	139447.08128716977	221947.34541041864	3.359107394405567e6	309465.2083557527
1.3735394886430126	1.401109817390866	1.3873246530169392	144949.92764909627	217368.04209441424	3.504057322054663e6	304134.763691486
1.401109817390866	1.4292315527136765	1.4151706850522712	150612.87858893094	212803.21761235897	3.6546702006435944e6	298848.9928270198
1.4292315527136763	1.457915722742943	1.4435736377283095	156460.7328098562	208286.45761372466	3.8111309334534504e6	293608.0788695302
1.4579157227429431	1.487173576172795	1.4725446494578691	162538.28997308662	203869.44058359848	3.973669223426537e6	288415.18508204026
1.487173576172795	1.5170165866712442	1.5020950814220195	168783.92608442315	199466.26509649097	4.14245314951096e6	283268.3208633645
1.5170165866712444	1.5474564573796623	1.5322365220254532	175197.36497639964	195078.31666206074	4.31765051448736e6	278165.6916427537
1.5474564573796623	1.5785051255022486	1.5629807914409555	181871.9223740451	190805.660777502	4.499522436861405e6	273111.39668926346
1.5785051255022486	1.6101747669872868	1.5943399462447676	188732.94354804023	186560.01484118684	4.688255380409446e6	268104.19029809197
1.6101747669872866	1.6424778013020254	1.626326284144656	195800.228594211	182360.33098463176	4.884055609003657e6	263143.995704131
1.6424778013020256	1.6754268963030592	1.6589523488025424	203082.66990996792	178212.19126651017	5.087138278913625e6	258231.06377605634
1.6754268963030592	1.7090349732041135	1.6922309347535864	210591.99802725905	174122.46406712936	5.297730276940884e6	253366.02838709042
1.709034973204113	1.7433152116431883	1.7261750924236505	218323.2576161097	170083.56114544542	5.516053534556994e6	248549.0480143452
1.7433152116431885	1.7782810548510453	1.7607981332471168	226285.8593122064	166100.1926573674	5.742339393869201e6	243780.54462476488
1.7782810548510457	1.8139462149230596	1.7961136348870528	234466.13514828833	162160.17109498588	5.976805529017489e6	239060.21113591923
1.8139462149230594	1.8503246781965137	1.8321354465597866	242912.47528134205	158294.63057141865	6.219718004298831e6	234389.55900494152
1.8503246781965135	1.8874307107354367	1.868877694465975	251660.48122900075	154519.9680434193	6.471378485527832e6	229770.9604825713
1.887430710735437	1.9252788639251386	1.9063547873302877	260599.1058550942	150763.64904096336	6.731977591382926e6	225202.45631326464
1.9252788639251386	1.9638839801786343	1.9445814220518864	269760.3263038658	147047.2209823474	7.001737917686792e6	220683.44695951408
1.9638839801786343	2.0032611987571998	1.983572589467917	279220.21239049773	143410.67961898394	7.280958130077289e6	216215.6803513202
2.0032611987571998	2.0434259617073365	2.023343580232268	288951.8335372668	139835.31015290602	7.569909963614556e6	211799.72133725925
2.0434259617073365	2.084394019916476	2.063909990811906	298989.7617882911	136334.35474891248	7.868899725402847e6	207436.86782447956
2.084394019916476	2.1261814392897986	2.1052877296031376	309241.912027347	132863.52101486002	8.178141637430193e6	203125.7821906229
2.126181439289799	2.1688046070505878	2.1474930231701936	319736.0593910603	129436.94401041495	8.497877696821254e6	198866.02165227497
2.1688046070505878	2.2122802381665925	2.19054242260859	330537.6526174133	126080.40269479057	8.828415349438667e6	194658.65944261535
2.212280238166592	2.2566253819049167	2.234452810035754	341675.7041398351	122800.89685488457	9.170091053578502e6	190505.11143209203
2.256625381904917	2.3018574285180082	2.2792414052114625	353021.7186933118	119550.23045301705	9.523112772271814e6	186403.92595294706
2.3018574285180082	2.347994116063361	2.3249257722906846	364717.2530709094	116377.11811268506	9.887830025342723e6	182356.5512089485
2.347994116063361	2.395053537359621	2.371523826711491	376643.08525094116	113241.16198067892	1.0264473110593665e7	178362.0169234061
2.395053537359621	2.4430541470818063	2.4190538422207135	388901.7108353388	110173.6954011626	1.0653374821429005e7	174421.2200483921
2.4430541470818063	2.4920147689984353	2.467534458040121	401476.46176485624	107167.37614926133	1.105485128319386e7	170534.58147133622
2.4920147689984353	2.5419546033533966	2.516984686175916	414309.44877678744	104205.94174225345	1.1469160731970647e7	166701.55811167965
2.5419546033533966	2.5928932343954574	2.567423918874427	427409.2472177445	101292.5183910122	1.1896569979188392e7	162921.819166125
2.5928932343954574	2.6448506380583594	2.6188719362269084	440821.7659218917	98438.03965944807	1.2337391745110285e7	159195.68494481983
2.644850638058359	2.6978471897945187	2.6713489139264386	454600.59922199533	95652.65966779286	1.279199234433228e7	155524.0441110999
2.697847189794519	2.751903672565402	2.7248754311799606	468635.2881942652	92911.56815477397	1.3260627632526545e7	151906.30051971585
2.7519036725654016	2.807041284991702	2.779472478778552	482958.7430836501	90222.15869248002	1.3743586375610195e7	148342.3198821889
2.8070412849917026	2.863281649666529	2.835161467329116	497668.56478206214	87601.66908957191	1.4241254940392258e7	144832.97177323
2.8632816496665288	2.920646821634852	2.8919642356506903	512676.7180432663	85032.57994647321	1.4753931658435522e7	141378.0634317528
2.920646821634852	2.9791592970425413	2.9499030593386966	527958.0812527209	82510.9103425644	1.5281889739688242e7	137977.1834196638
2.979159297042542	3.038842021958385	3.0090006595004635	543462.5074427385	80029.90050748434	1.582535224713098e7	134629.55374363528
3.038842021958385	3.099718401372545	3.069280211665465	559364.6646892792	77615.60253844867	1.6384716911820259e7	131335.94656190072
3.099718401372545	3.1618123083749885	3.130765354873767	575571.8728872559	75253.28054337944	1.6960288784707516e7	128096.23825351207
3.161812308374988	3.2251480935174803	3.193480200946234	591999.7478192906	72932.28289548216	1.7552288532526806e7	124909.69719797654
3.2251480935174803	3.2897505943628222	3.2574493439401513	608784.3045252155	70669.93252273746	1.816107283705202e7	121776.63486337032
3.2897505943628227	3.3556451452250715	3.322697869793947	625823.7106826957	68453.66536790121	1.8786896547734715e7	118696.61911112699
3.355645145225072	3.422857587104566	3.389251366164819	643215.2944334468	66294.12339452367	1.9430111842168164e7	115669.85760617061
3.422857587104566	3.4914142778216495	3.4571359324631077	660834.2471295684	64177.92746322114	2.009094608929773e7	112695.77336982256
3.491414277821649	3.5613421023530742	3.5263781900873616	678749.4582636956	62112.29977235564	2.0769695547561426e7	109774.24004666867
3.5613421023530742	3.632668483375128	3.597005292864101	696976.8670950092	60098.263934129434	2.1466672414656434e7	106905.19782541197
3.6326684833751277	3.7054213920176227	3.669044937696375	715560.9939816517	58138.810532958865	2.2182233408638086e7	104088.76318518014
3.705421392017622	3.779629358832967	3.7425253754252945	734360.4642811127	56221.852942745274	2.2916593872919198e7	101324.34795243398
3.7796293588329672	3.8553214849846187	3.817475421908793	753437.0499709903	54352.51904153993	2.367003092289019e7	98611.69421292582
3.855321484984619	3.932527453659304	3.8939244693219615	772790.9054951968	52530.55489839585	2.4442821828385387e7	95950.54440703108
3.9325274536593033	4.011277541707481	3.9719024976833923	792319.3434368607	50749.05531731301	2.523514117182225e7	93340.25720989054
4.011277541707481	4.091602631516623	4.051440086612052	812046.0260557237	49010.202159974404	2.6047187197877973e7	90780.35447105765
4.091602631516623	4.173534223121948	4.132568427319285	832055.8417673896	47319.14474779341	2.6879243039645363e7	88270.68312870673
4.173534223121948	4.257104446559379	4.215319334840663	852257.5011999618	45670.337335514494	2.7731500540845323e7	85810.77883091827
4.257104446559379	4.342346074465558	4.299725260512469	872627.4016000483	44062.7512329235	2.860412794244537e7	83400.1447615198
4.342346074465559	4.429292534929862	4.38581930469771	893157.063196665	42496.22700799694	2.9497285005642038e7	81038.30370602797
4.4292925349298615	4.517977924603451	4.473635229766656	913848.5557492077	40971.03404277282	3.0411133561391246e7	78724.82167441539
4.51797792460345	4.608437022070511	4.5632074733369805	934633.8612365602	39484.32742451548	3.1345767422627807e7	76459.12558301819
4.608437022070511	4.700705301486913	4.654571161778712	955557.5076862051	38038.28890660468	3.2301324930314012e7	74240.80152117171
4.700705301486913	4.794818946491643	4.747762123989277	976673.4585322908	36634.8825992347	3.3277998388846304e7	72069.57297890421
4.794818946491643	4.890814864396467	4.842816905444055	997897.0014212102	35270.59354455185	3.427589539026751e7	69944.97656514408
4.890814864396468	4.988730700659389	4.939772782527928	1.0193562370389435e6	33949.62782716485	3.5295251627306454e7	67866.81857646815
4.988730700659389	5.088604853647568	5.038667777153478	1.0408515813358532e6	32664.812198582906	3.6336103208642304e7	65834.5024410805
5.088604853647569	5.190476489695512	5.13954067167154	1.0622589050003602e6	31412.637503418846	3.739836211364266e7	63847.26354026253
5.190476489695511	5.294385558464413	5.242431024079962	1.0835921031111297e6	30194.152665227106	3.8481954216753796e7	61904.442060851645
5.294385558464413	5.400372808608692	5.347379183536552	1.1045305266109281e6	29001.339353571144	3.958648474336472e7	60004.95348348802
5.400372808608693	5.508479803755858	5.454426306182276	1.1252669252069085e6	27840.659567500225	4.0711751668571636e7	58148.14905879035
5.508479803755859	5.618748938805967	5.563614371280913	1.1458269842730707e6	26713.264033463027	4.1857578652844705e7	56333.484009503416
5.618748938805966	5.731223456557077	5.6749861976815215	1.1663816783885725e6	25623.169541800187	4.302396033123328e7	54560.676967263855
5.7312234565570765	5.845947464663209	5.788585460610143	1.1868366879470297e6	24567.879486878675	4.4210797019180305e7	52829.318756051136
5.845947464663211	5.962965952931467	5.904456708797339	1.2072019116067542e6	23547.318971747376	4.541799893078706e7	51139.019569114775
5.962965952931466	6.082324810965086	6.022645381948276	1.227362694537973e6	22558.98734783063	4.664536162532503e7	49489.26782365231
6.082324810965086	6.204070846159379	6.143197828562233	1.2472461585622202e6	21601.517836616844	4.789260778388725e7	47879.502646154964
6.20407084615938	6.328251802057558	6.266161324108468	1.266977952269102e6	20676.96715318008	4.915958573615635e7	46309.314329784684
6.328251802057558	6.4549163770737	6.3915840895656295	1.2865071294179964e6	19784.083476946667	5.0446092865574345e7	44778.24462465981
6.454916377073701	6.584114243590166	6.519515310331934	1.3060512084898876e6	18925.622251066754	5.175214407406423e7	43286.02084166149
6.584114243590165	6.71589606743696	6.650005155513563	1.3256226847858897e6	18100.741794446654	5.307776675885012e7	41832.337504812924
6.715896067436961	6.850313527760691	6.783104797598826	1.3451844920342858e6	17307.926277994735	5.4422951250884406e7	40416.81933305236
6.85031352776069	6.987419337290895	6.9188664325257925	1.3646597627707035e6	16545.29672536759	5.578761101365511e7	39039.00431147705
6.987419337290895	7.127267263011704	7.057343300151299	1.383887632628526e6	15810.23175612603	5.7171498646283634e7	37698.30585105253
7.127267263011705	7.269912147246929	7.198589705129317	1.4027167560248114e6	15100.623075682424	5.857421540230845e7	36394.0495970014
7.269912147246929	7.4154099291668585	7.342661038206893	1.4214544535709224e6	14419.345274460866	5.9995669855879374e7	35125.76608726543
7.415409929166858	7.5638176667251855	7.489613797946022	1.4398557572881344e6	13763.203179656768	6.143552561316752e7	33892.82859904417
7.5638176667251855	7.71519355903468	7.639505612879933	1.4580963328074024e6	13133.331889317606	6.2893621945974916e7	32694.71214918073
7.715193559034678	7.869596969190362	7.79239526411252	1.4763729604192444e6	12530.637718313543	6.436999490639416e7	31530.974411737672
7.869596969190363	8.027088447549161	7.948342708369762	1.4946900924790779e6	11954.099179299985	6.586468499887324e7	30401.139683317913
8.027088447549161	8.187729755475134	8.107409101512147	1.5127789909215516e6	11400.660270414895	6.737746398979479e7	29304.583393554552
8.187729755475134	8.351583889559627	8.26965682251738	1.5304947260232158e6	10868.644587454031	6.8907958715818e7	28240.620320416183
8.351583889559627	8.51871510632581	8.435149497942719	1.5477925092194052e6	10357.275430084674	7.045575122503741e7	27208.560014187122
8.51871510632581	8.689188947427317	8.603952026876563	1.5650532015566207e6	9868.504117469323	7.202080442659403e7	26207.864531909207
8.689188947427317	8.863072265350853	8.776130606389085	1.582172620920014e6	9400.819620514922	7.360297704751405e7	25237.93981791846
8.863072265350853	9.04043324963286	8.951752757491857	1.5992151069782532e6	8953.824241667533	7.52021921544923e7	24298.203192141827
9.04043324963286	9.221341453600507	9.130887351616684	1.6159572171039039e6	8525.533322589166	7.68181493715962e7	23387.991111158903
9.221341453600507	9.405867821647508	9.313604637624007	1.6323982981996005e6	8115.364539386262	7.84505476697958e7	22506.64476199628
9.405867821647508	9.594084717055448	9.499976269351478	1.648674392384203e6	7723.375961169115	8.009922206218e7	21653.546742731196
9.594084717055447	9.786065950371546	9.690075333713496	1.664674819614849e6	7348.390999588212	8.176389688179484e7	20828.047422160762
9.786065950371546	9.981886808353966	9.883976379362757	1.6804797426426497e6	6990.155959141611	8.34443766244375e7	20029.52005595477
9.981886808353966	10.181624083496034	10.081755445925001	1.6960707516503078e6	6647.960923333189	8.51404473760878e7	19257.33313746628
10.181624083496034	10.385356104140945	10.28349009381849	1.71141444683178e6	6321.072394647776	8.685186182291959e7	18510.84931079617
10.385356104140945	10.593162765198754	10.48925943466985	1.7266614302887458e6	6009.439964956783	8.857852325320834e7	17789.465124525253
10.593162765198754	10.805125559477718	10.699144162338236	1.741947036094573e6	5712.854498979111	9.032047028930292e7	17092.59991380125
10.805125559477718	11.021327609642261	10.91322658455999	1.7567430633524382e6	5428.97731463844	9.207721335265535e7	16419.57160195607
11.021327609642261	11.241853700810095	11.131590655226178	1.771400268263799e6	5158.437864636915	9.384861362091915e7	15769.773824135813
11.241853700810095	11.466790313801287	11.35432200730569	1.785601207600528e6	4899.794195388793	9.563421482851969e7	15142.552030195202
11.466790313801285	11.696225659052299	11.581507986426793	1.7998513076711972e6	4653.953240822952	9.743406613619089e7	14537.341800566674
11.6962256590523	11.930249711208337	11.813237685130318	1.8138698878324425e6	4419.6073267258635	9.924793602402334e7	13953.535856012044
11.930249711208337	12.168954244407493	12.049601977807914	1.827677374722063e6	4196.327731703226	1.010756133987454e8	13390.53724743096
12.168954244407491	12.41243286827063	12.290693556339061	1.8411853794384908e6	3983.454230081167	1.0291679877818389e8	12847.745400719805
12.41243286827063	12.660781064611031	12.53660696644083	1.8544378371899244e6	3780.656167998684	1.0477123661537382e8	12324.575341450092
12.66078106461103	12.914096224878238	12.787438644744633	1.8672881434771896e6	3587.2278750637915	1.06638524758851e8	11820.43515522351
12.91409622487824	13.172477688350792	13.043286956614516	1.8798379982987668e6	3402.991829671065	1.0851836275714977e8	11334.756861185548
13.172477688350792	13.436026781092796	13.304252234721794	1.8922810968263985e6	3227.8929228660736	1.1041064385397618e8	10867.002092662435
13.436026781092798	13.704846855689642	13.570436818391219	1.9046657461714437e6	3061.578179863947	1.1231530960014762e8	10416.643200579432
13.70484685568964	13.97904333177842	13.84194509373403	1.916844082229932e6	2903.398243359673	1.1423215368237755e8	9983.145533476678
13.979043331778422	14.258723737388978	14.1188835345837	1.9287884069597935e6	2752.94648807189	1.1616094208933732e8	9565.98184607079
14.258723737388976	14.543997751111744	14.401360744250361	1.9405582529580875e6	2609.9569757762542	1.1810150034229541e8	9164.639988322622
14.543997751111744	14.834977245108966	14.689487498110356	1.9522358981940437e6	2474.1872101782674	1.2005373624048945e8	8778.623385998439
14.834977245108968	15.131776328986135	14.98337678704755	1.96371924391382e6	2345.164837131321	1.2201745548440327e8	8407.43687907654
15.131776328986136	15.434511394540847	15.283143861763492	1.9748222441667917e6	2222.3671859336087	1.2399227772857006e8	8050.583736500636
15.434511394540843	15.743301161406647	15.588906277973745	1.9856089856495226e6	2105.5980694344926	1.2597788671421959e8	7707.584582964875
15.743301161406647	16.058266723609766	15.900783942508205	1.9959125941948835e6	1994.4231672917892	1.2797379930841447e8	7377.96265748414
16.05826672360977	16.37953159705695	16.218899160333358	2.0063938294373737e6	1889.2356379939733	1.2998019313785185e8	7061.291403264808
16.37953159705695	16.707221767973074	16.54337668251501	2.0167513886482853e6	1789.4376439157343	1.3199694452650014e8	6757.134394512336
16.707221767973074	17.041465742307523	16.8743437551403	2.0269139452400855e6	1694.7040855632542	1.3402385847174022e8	6465.061641012048
17.041465742307526	17.382394596128663	17.211930169218093	2.0369808405331434e6	1604.870416812342	1.3606083931227335e8	6184.658479208761
17.382394596128663	17.730142027026222	17.55626831157744	2.0466190992268738e6	1519.4436915859865	1.3810745841150022e8	5915.505740657545
17.730142027026222	18.084844406541734	17.907493216783976	2.0565368761137386e6	1438.7281658088357	1.4016399528761396e8	5657.226004791069
18.08484440654173	18.44664083364755	18.265742620094642	2.0661245584423633e6	1362.0513965664954	1.422301198460563e8	5409.424840494361
18.446640833647553	18.81567318929549	18.631157011471522	2.0750217041726941e6	1289.0046498185675	1.44305141550229e8	5171.70700155689
18.81567318929549	19.192086192056387	19.003879690675937	2.0836892772351566e6	1219.718841166393	1.4638883082746416e8	4943.707607017678
19.192086192056387	19.5760274548725	19.38405682346444	2.0924746644160002e6	1154.202494233636	1.4848130549188018e8	4725.083327353563
19.5760274548725	19.967647542944935	19.771837498908717	2.1010816775800884e6	1092.0935641731335	1.5058238716946027e8	4515.48976166865
19.967647542944935	20.36710003277882	20.167373787861877	2.1099023700375613e6	1033.414307514703	1.5269228953949782e8	4314.603670158716
20.367100032778815	20.774541572409376	20.570820802594096	2.118248159197258e6	977.6518571205617	1.548105376986951e8	4122.090880699369
20.77454157240938	21.19013194283255	20.982336757620963	2.126168479839092e6	924.6990931665969	1.5693670617853418e8	3937.630327435979
21.19013194283255	21.614034120664186	21.40208303174837	2.1339682775017098e6	874.553053513429	1.5907067445603588e8	3760.9193031139807
21.61403412066419	22.046414342052458	21.830224231358322	2.141239805102156e6	826.91150401357	1.6121191426113805e8	3591.655134270851
22.046414342052458	22.48744216786849	22.266928254960476	2.149235614913919e6	782.119936473641	1.6336114987605196e8	3429.572546491935
22.48744216786849	22.937290550200846	22.712366359034668	2.1567389800548344e6	739.5756323501695	1.655178888561068e8	3274.3868038200703
22.937290550200842	23.396135900179843	23.166713225190342	2.164246641313883e6	699.3386178560912	1.6768213549742067e8	3125.8330651636747
23.396135900179846	23.86415815715843	23.630147028669136	2.170949447456408e6	661.0378014111004	1.698530849448771e8	2983.6403651038054
23.86415815715842	24.341540859276574	24.102849508217496	2.178312270138748e6	625.0181372894601	1.7203139721501583e8	2847.5732752541103
24.341540859276574	24.828471215437087	24.58500603735683	2.1851649653900024e6	590.8165868984822	1.7421656218040583e8	2717.3832411323588
24.82847121543709	25.325140178720815	25.076805697078953	2.191133118136999e6	558.2558087995682	1.7640769529854283e8	2592.8258209578307
25.32514017872082	25.83174252127022	25.57844134999552	2.1976994455925934e6	527.6292834729647	1.786053947441354e8	2473.687609217283
25.831742521270215	26.348476910670602	26.090109715970407	2.204246701211269e6	498.67427253695035	1.8080964144534668e8	2359.7523582811687
26.348476910670605	26.875545987859	26.612011449264802	2.2104004049380124e6	471.22025582073576	1.8302004185028473e8	2250.8064621684825
26.875545987858995	27.413156446591156	27.144351217225076	2.2166046470085448e6	445.2844593469544	1.8523664649729326e8	2146.649634680471
27.41315644659116	27.961519114497964	27.68733778054456	2.2229566224978366e6	420.80088959498164	1.874596031197911e8	2047.0893399584295
27.961519114497964	28.520849035762904	28.241184075130434	2.22851465061511e6	397.5187132888837	1.896881177704062e8	1951.9296822177755
28.52084903576291	29.09136555545315	28.80610729560803	2.2341226023310777e6	375.530806659622	1.9192224037273726e8	1860.991427198735
29.091365555453145	29.67329240553719	29.382328980495167	2.239839843150795e6	354.7742379810841	1.9416208021588805e8	1774.1020525703698
29.67329240553719	30.266857792622915	29.970075099080052	2.244746359555635e6	335.0417944265303	1.9640682657544369e8	1691.0870374201795
30.266857792622922	30.87229448745036	30.56957614003664	2.250196472257185e6	316.48184820549807	1.9865702304770088e8	1611.7904900377528
30.872294487450354	31.48983991617434	31.181067201812347	2.25568465503781e6	298.95337713566704	2.009127077027387e8	1536.0573787623532
31.489839916174343	32.11973625347281	31.804788084823578	2.260316961408751e6	282.2872019826707	2.0317302466414747e8	1463.7318580017902
32.11973625347281	32.762230517517246	32.44098338549503	2.26541489074648e6	266.6038493001935	2.0543843955489394e8	1394.6740271614676
32.762230517517246	33.41757466684257	33.08990259217991	2.27027664953132e6	251.76439944837418	2.0770871620442528e8	1328.744044145121
33.41757466684257	34.0860256991544	33.75180018299848	2.2749351595430174e6	237.72862736469656	2.0998365136396828e8	1265.8078152017947
34.086025699154405	34.76784575211247	34.42693572563344	2.2794797513095797e6	224.46321137949946	2.1226313111527786e8	1205.7370614277143
34.767845752112464	35.46330220612969	35.11557397912108	2.2833984614921072e6	211.87911981272572	2.1454652957676998e8	1148.4057695443928
35.4633022061297	36.17266778922727	35.81798499767848	2.2880588153502145e6	200.06481227909276	2.1683458839212018e8	1093.700299788961
36.17266778922727	36.89622068398679	36.53444423660703	2.2920065073998543e6	188.8497836448099	2.1912659489952004e8	1041.5037335028305
36.8962206839868	37.63424463664151	37.265232660314155	2.2963620565543026e6	178.29459275405665	2.2142295695607436e8	991.7093912197846
37.634244636641505	38.387029068349314	38.01063685249541	2.3007507682618783e6	168.33119087923643	2.2372370772433624e8	944.212823139355
38.387029068349314	39.15486918869128	38.7709491285203	2.304068787171175e6	158.85018159584098	2.2602777651150742e8	898.9092953078746
39.15486918869128	39.93806611144008	39.54646765006568	2.3080371790606375e6	149.94513304951542	2.2833581369056806e8	855.7055139241306
39.93806611144008	40.73692697264386	40.33749654204197	2.3109074937514984e6	141.4716685821268	2.3064672118431956e8	814.5052395251754
40.736926972643865	41.55176505107172	41.14434601185779	2.3148632889177296e6	133.53946928871574	2.3296158447323728e8	775.2241120760134
41.55176505107172	42.38289989106813	41.96733247106992	2.31787016719042e6	126.00008230706207	2.352794546404277e8	737.7740752906496
42.38289989106812	43.23065742786446	42.80677865946629	2.3215739923207993e6	118.92186677932196	2.376010286327485e8	702.0760964712889
43.23065742786446	44.09537011539672	43.66301377163059	2.3243462358906493e6	112.19603621893766	2.3992537486863917e8	668.0494274037183
44.09537011539672	44.97737705667963	44.536373586038174	2.3278533214421747e6	105.88388020568767	2.4225322819008136e8	635.6215139568029
44.977377056679636	45.8770241367882	45.42720059673392	2.3304724876114167e6	99.88857048591468	2.4458370067769277e8	604.7184024823897
45.8770241367882	46.79466415849894	46.33584414764357	2.3335773815371757e6	94.25223192932644	2.4691727805922994e8	575.2728358592807
46.79466415849895	47.7306569806439	47.26266056957142	2.336068813008403e6	88.91043264566684	2.4925334687223834e8	547.2177205616761
47.73065698064389	48.685369659231746	48.20801331993782	2.3390430177484723e6	83.8886088504099	2.515923898899868e8	520.4913011014919
48.685369659231746	49.65917659139136	49.17227312531155	2.3413605095044593e6	79.12811115174526	2.5393375039949128e8	495.03200171171875
49.65917659139135	50.65245966219415	50.15581812679275	2.344108376076034e6	74.65140012229	2.5627785877556723e8	470.7830946431217
50.652459662194154	51.665608394413006	51.15903402830358	2.346091877100052e6	70.40493168852187	2.5862395065266728e8	447.68803627596384
51.66560839441301	52.69902010127625	52.18231424784463	2.348481866955108e6	66.41147174900067	2.609724325196224e8	425.69485826925415
52.69902010127624	53.753100042276735	53.22606007177649	2.3499390669560577e6	62.619609533522265	2.6332237158657843e8	404.75162487058316
53.753100042276735	54.82826158209724	54.29068081218699	2.35224191736165e6	59.0654655065656	2.6567461350394008e8	384.81148006786304
54.82826158209724	55.92492635271416	55.3765939674057	2.35338270974218e6	55.685500574265035	2.6802799621368226e8	365.82660589437046
55.92492635271416	57.04352441874341	56.484225385728784	2.355508816684858e6	52.520911890367934	2.7038350503036714e8	347.75431936948723
57.04352441874342	58.184494446093254	57.614009432418335	2.356605177750693e6	49.51449287663605	2.7274011020811784e8	330.5511000793803
58.184494446093254	59.348283873990084	58.76638916004167	2.3584274171435838e6	46.69453300508715	2.750985376252614e8	314.1775700944312
59.348283873990084	60.53534909044485	59.94181648221747	2.359998827933547e6	44.03047301469138	2.77458536453195e8	298.59486045234564
60.535349090444846	61.74615561122871	61.14075235083678	2.3612809293276593e6	41.51330345023684	2.7981981738252264e8	283.7658248273763
61.74615561122872	62.981178262428266	62.363666936828494	2.3631573273307746e6	39.14987399663437	2.821829747098534e8	269.6558549338345
62.98117826242826	64.2409013666518	63.61103981454003	2.3639275637391135e6	36.90370951126233	2.8454690227359253e8	256.23023503775534
64.2409013666518	65.5258189329598	64.8833601498058	2.3652080277086315e6	34.793919555371495	2.869121103013012e8	243.45735438185332
65.5258189329598	66.83643485059396	66.18112689177687	2.365420069037564e6	32.789928240164485	2.8927753037033874e8	231.3056621086285
66.83643485059396	68.1732630865808	67.50484896858738	2.366376920181611e6	30.91108959468537	2.9164390729052037e8	219.74654384492715
68.17326308658079	69.53682788728737	68.85504548693407	2.367409828498998e6	29.140840135546533	2.940113171190194e8	208.75208051347389
69.53682788728739	70.9276639840081	70.23224593564774	2.367865443975186e6	27.465271433322076	2.963791825629946e8	198.29516136485927
70.92766398400809	72.34631680266321	71.63699039333565	2.3688760377971763e6	25.89211269261715	2.9874805860079175e8	188.3506854340211
72.34631680266322	73.79334267769146	73.06982974017734	2.3694105001006094e6	24.40415439423604	3.0111746910089236e8	178.89400709419476
73.79334267769144	75.26930907022023	74.53132587395584	2.37021798652747e6	23.004355447412717	3.034876870874198e8	169.90207312813533
75.26930907022025	76.77479479059961	76.02205193040993	2.3707183682041303e6	21.682037539383344	3.058584054556239e8	161.3525442497024
76.7747947905996	78.31039022538656	77.54259250799308	2.372398697140476e6	20.44589725428946	3.082308041527644e8	153.224871483782
78.31039022538656	79.87669756886925	79.0935438971279	2.3882732725336174e6	19.395496757200256	3.10619077425298e8	145.50543412067782
79.87669756886925	81.4743310592216	80.67551431404542	2.4304105130855227e6	18.599228801085204	3.130494879383835e8	138.18534216235656
81.47433105922158	83.10391721938097	82.28912413930128	2.481720448695178e6	17.896437790972513	3.155312083870787e8	131.24695167546363
83.10391721938097	84.76609510274355	83.93500616106226	2.4447570595435146e6	16.612993667019442	3.179759654466222e8	124.63475205223276
84.76609510274358	86.4615165437734	85.61380582325849	2.1617753084721914e6	13.842713089166265	3.201377407550944e8	118.24416531616626
86.4615165437734	88.19084641362383	87.32618147869862	1.5760742516667834e6	9.51011643631865	3.217138150067612e8	111.97229228065959
88.19084641362382	89.95476288087124	89.07280464724752	1.2885696547179546e6	7.3268208727030535	3.230023846614792e8	105.93625844161963
