-0.0	9.953897499377266e-5	4.976948749688633e-5	0.034652641908100315	8.388189797893016e9	0.034652641908100315	8.388189797893016e9
9.953897499377266e-5	0.0002010687294874207	0.00015030385224059668	0.16708211357833905	5.584430253859307e9	0.20173475548643938	5.924592927683961e9
0.00020106872948742058	0.0003046290790709416	0.00025284890427918107	0.3662408602377209	4.341224121732795e9	0.5679756157241602	4.796528276200422e9
0.0003046290790709413	0.00041026063564613265	0.000357444857358537	0.608488115770702	3.5618963360680757e9	1.1764637314948623	4.067339160016443e9
0.0004102606356461331	0.0005180048233528283	0.0004641327294994807	0.8818780110212352	3.0100551497323165e9	2.0583417425160975	3.535309670523868e9
0.0005180048233528287	0.0006279038948136577	0.0005729543590832433	1.1798230536316487	2.5944388667374496e9	3.238164796147746	3.1227039088724384e9
0.0006279038948136573	0.0007400009477037028	0.0006839524212586801	1.4988252754513731	2.269468132566538e9	4.736990071599119	2.790724964606168e9
0.000740000947703703	0.0008543399416515495	0.0007971704446776262	1.837298834842891	2.0087657116305122e9	6.5742889064420105	2.516912071203924e9
0.0008543399416515493	0.0009709657154783526	0.0009126528285649509	2.194834416117434	1.7955419721172912e9	8.769123322559444	2.2869458540168066e9
0.0009709657154783523	0.0010899240047816917	0.001030444860130022	2.571808715366124	1.618462026130035e9	11.340932037925569	2.091084031006784e9
0.0010899240047816917	0.0012112614598710977	0.0011505927323263946	2.969057379964377	1.4694956115579174e9	14.309989417889946	1.9223701150253992e9
0.0012112614598710973	0.0013350256640622914	0.0012731435619666943	3.387678979258665	1.3427671255959718e9	17.69766839714861	1.775655049064182e9
0.0013350256640622922	0.00146126515233731	0.0013981454081998012	3.8289103885094686	1.233873071671853e9	21.52657878565808	1.6470216996556997e9
0.0014612651523373099	0.0015900294303778282	0.001525647291357569	4.294029732210594	1.1394460737635105e9	25.820608517868674	1.533424419886973e9
0.0015900294303778277	0.0017213689939791564	0.001655699212178492	4.783222298553193	1.0566339769409766e9	30.60383081642187	1.4324031095022347e9
0.0017213689939791568	0.0018553353488525118	0.0017883521714158342	5.274380418302293	9.791668693139629e8	35.87821123472416	1.3411424712818902e9
0.0018553353488525112	0.0019919810308233333	0.0019236581898379223	5.79073148475676	9.109389275962943e8	41.668942719480924	1.2585436319462564e9
0.0019919810308233333	0.002131359626433572	0.0020616703286284524	6.333558206504562	8.504288797632886e8	48.00250092598548	1.1836002571742482e9
0.0021313596264335728	0.002273525793956016	0.0022024427101947942	6.904082037568132	7.964157018395337e8	54.90658296355361	1.1154141514024243e9
0.0022735257939560153	0.0024185352848289073	0.002346030539392461	7.503602208512314	7.479248105831014e8	62.41018517206592	1.053196915023455e9
0.002418535284828908	0.002566444965519258	0.002492490125174083	8.133533881414381	7.04171583902616e8	70.5437190534803	9.962627106784837e8
0.002566444965519257	0.002717312839823414	0.0026418789026713355	8.795235546683646	6.645031102468604e8	79.33895460016394	9.440151012691697e8
0.002717312839823413	0.0028711980716136527	0.002794255455718533	9.490058142149387	6.283767383753586e8	88.82901274231332	8.959355411695439e8
0.002871198071613654	0.0030281610080396984	0.002949679539826676	10.219815468895975	5.953658690262737e8	99.0488282112093	8.515768442736582e8
0.003028161008039698	0.0031882632031942633	0.0031082121056169804	10.985658748729339	5.650692128770071e8	110.03448695993863	8.10546086030073e8
0.003188263203194263	0.0033515674422519193	0.0032699153227230913	11.789769482271996	5.371984140267209e8	121.82425644221063	7.725049504069008e8
0.0033515674422519197	0.0035181377660907292	0.0034348526041713245	12.633329919940454	5.114568870534849e8	134.4575863621511	7.371539142660557e8
0.0035181377660907292	0.003688039496406315	0.003603088631248522	13.518403792520024	4.876266050268446e8	147.9759901546711	7.042323239829502e8
0.0036880394964063155	0.003861339261328213	0.0037746893788672643	14.446974372020023	4.655114296885973e8	162.42296452669115	6.735113843771008e8
0.003861339261328213	0.004038105021548549	0.003949722141438381	15.420749668415645	4.4493022233293414e8	177.8437141951068	6.447882005143849e8
0.004038105021548548	0.00421840609697329	0.004128255559260919	16.442279578119688	4.257470716143725e8	194.2859937732265	6.178851045519994e8
0.00421840609697329	0.004402313193906526	0.004310359645439908	17.514599775220958	4.078485951278078e8	211.80059354844747	5.926465417311358e8
0.004402313193906526	0.004589898432778427	0.004496105813342477	18.641543962268557	3.911445776466067e8	230.442137510716	5.689368442080603e8
0.004589898432778428	0.004781235376427767	0.004685566904603098	19.827800015708956	3.7556161747989845e8	250.26993752642497	5.466378547024903e8
0.0047812353764277666	0.0049763990589500925	0.00487881721768893	21.078700206567106	3.6103387667206365e8	271.3486377329921	5.256460902074046e8
0.004976399058950093	0.005175466015122866	0.0050759325370364795	22.399234223011263	3.4748558134326977e8	293.74787195600334	5.058686156581803e8
0.005175466015122865	0.005378514310419092	0.005276990162770979	23.78893667696269	3.347647099036491e8	317.53680863296603	4.872125659895552e8
0.005378514310419092	0.005585623571621245	0.005482068941020169	25.22852481393156	3.2250899778776985e8	342.7653334468976	4.695623742693599e8
0.005585623571621245	0.00579687501804744	0.0056912492948343425	26.753313392777343	3.11102099198588e8	369.51864683967494	4.528620608928057e8
0.005796875018047441	0.00601235149340216	0.0059046132557248	28.35708653433718	3.0034525339955175e8	397.8757333740121	4.370445972334593e8
0.00601235149340216	0.006232137498263974	0.006122244495833067	30.023115372746076	2.8998656493454355e8	427.8988487467582	4.2202815881473094e8
0.006232137498263972	0.006456319223223022	0.006344228360743497	31.787961344481428	2.8031723687245524e8	459.6868100912396	4.077729822485122e8
0.006456319223223021	0.006684984582681251	0.006570651902952136	33.61853341882451	2.709616150648466e8	493.30534351006406	3.9420849645275134e8
0.006684984582681254	0.006918223249328648	0.0068016039160049505	35.54673408017978	2.621344257524437e8	528.8520775902439	3.812956828448513e8
0.006918223249328647	0.00715612668930899	0.007037174969318818	37.56155731148863	2.5368509118864834e8	566.4136349017325	3.6898696840344167e8
0.00715612668930899	0.007398788198088939	0.007277457443698964	39.671337924809265	2.456215704631173e8	606.0849728265417	3.5724250137969184e8
0.007398788198088939	0.007646302937044488	0.0075225455675667135	41.88056222714718	2.3792098018606344e8	647.9655350536889	3.460260511327706e8
0.007646302937044487	0.007898767970779146	0.007772535453911817	44.191863443097205	2.3055131737650135e8	692.1573984967861	3.353035772350025e8
0.007898767970779147	0.0081562823051885	0.008027525137983823	46.6110793334643	2.2349988145258892e8	738.7684778302504	3.250446330838837e8
0.0081562823051885	0.00841894692628604	0.008287614615737269	49.14249809945879	2.1674562377791426e8	787.9109759297093	3.152210606585434e8
0.00841894692628604	0.00868686483980553	0.008552905883045785	51.7908186650754	2.1027045897956154e8	839.7017945947847	3.0580689917017853e8
0.008686864839805528	0.008960141111595408	0.008823502975700469	54.56164158658177	2.0406045610596913e8	894.2634361813665	2.967784188905966e8
0.008960141111595408	0.009238882908821085	0.009099512010208246	57.46013797212929	1.9810002964974457e8	951.7235741534957	2.8811364613373363e8
0.009238882908821085	0.009523199541991274	0.00938104122540618	60.49183872747178	1.9237530565034562e8	1012.2154128809675	2.797922519349947e8
0.009523199541991274	0.009813202507824869	0.009668201024908072	63.66314496004392	1.868752904414039e8	1075.8785578410113	2.7179556093232685e8
0.00981320250782487	0.010109005532975137	0.009961104020400003	66.9795764118093	1.8158629063266653e8	1142.8581342528207	2.6410608756070217e8
0.010109005532975134	0.010410724618628405	0.01025986507580177	70.44765568403434	1.7649780225491163e8	1213.305789936855	2.5670763423857096e8
0.010410724618628405	0.010718478085994741	0.010564601352311572	74.07430208214927	1.7160020851891154e8	1287.3800920190042	2.4958518719177026e8
0.010718478085994743	0.011032386622708406	0.010875432354351573	77.86602552175135	1.6688288671822017e8	1365.2461175407557	2.427246714345441e8
0.011032386622708406	0.011352573330156341	0.011192479976432374	81.83019972184462	1.6233724810030153e8	1447.0763172626002	2.3611298904148808e8
0.011352573330156343	0.011679163771753237	0.01151586855095479	85.97454544985058	1.579552441607337e8	1533.050862712451	2.2973793303239298e8
0.011679163771753237	0.01201228602218207	0.011845724896967653	90.30654905632777	1.537283039570689e8	1623.3574117687788	2.2358802783429685e8
0.012012286022182067	0.012352070717619476	0.012182178369900772	94.83467595680122	1.4964955316781417e8	1718.19208772558	2.176525688318017e8
0.01235207071761948	0.012698651106965636	0.012525360912292557	99.56771770286053	1.457123951178177e8	1817.7598054284406	2.119215457879348e8
0.012698651106965634	0.013052163104098714	0.012875407105532175	104.51437446805103	1.4190992905175707e8	1922.2741798964917	2.0638553072234952e8
0.013052163104098714	0.013412745341174455	0.013232454222636584	109.68571820251232	1.3823824669149068e8	2031.9598980990038	2.010358388075429e8
0.013412745341174457	0.013780539222991713	0.013596642282083085	115.09181902309507	1.346915234313347e8	2147.051717122099	1.9586428959255987e8
0.013780539222991713	0.014155688982445314	0.013968114102718514	120.74575475153367	1.312670366272914e8	2267.7974718736327	1.908633847183301e8
0.014155688982445312	0.014538341737087986	0.014347015359766648	126.66374148466952	1.2796427301493825e8	2394.4612133583023	1.8602639836510715e8
0.014538341737087988	0.014928647546823513	0.01473349464195575	132.8622038905368	1.2478133735742156e8	2527.323417248839	1.8134718462032768e8
0.014928647546823513	0.01532675947275375	0.01512770350978863	139.35614430119549	1.2171384933280931e8	2666.6795615500346	1.7681992303206924e8
0.01532675947275375	0.01573283363720259	0.01552979655497817	146.15560628668626	1.18752832896755e8	2812.8351678367208	1.7243873287856504e8
0.01573283363720259	0.01614702928494041	0.015939931461071498	153.26898098030935	1.1588881965729854e8	2966.10414881703	1.6819763627272943e8
0.016147029284940405	0.016569508845632977	0.01635826906528669	160.70493645926416	1.1311359786102805e8	3126.809085276294	1.6409065560579887e8
0.016569508845632984	0.01700043799753941	0.016784973421586198	168.4789705766854	1.1042433481349255e8	3295.288055852979	1.60112206657038e8
0.017000437997539405	0.01743998573248396	0.017220211865011683	176.6035330846268	1.0781592603803016e8	3471.891588937606	1.5625688793398952e8
0.01743998573248396	0.017888324422127407	0.017664155077305684	185.09202586790238	1.0528404811143675e8	3656.9836148055083	1.5251951559813192e8
0.017888324422127403	0.018345629885563715	0.01811697715384556	193.9642282603411	1.0282787404839897e8	3850.947843065849	1.488953533039806e8
0.01834562988556372	0.018812081458268758	0.018578855671916236	203.2324518977366	1.0044212607004158e8	4054.1802949635858	1.4537974317332917e8
0.018812081458268758	0.0192878620624279	0.01904997176034833	212.91387552307626	9.812419816031086e7	4267.094170486662	1.4196828746690747e8
0.019287862062427896	0.019773158278670218	0.019530510170549055	223.03069428466824	9.587344791491877e7	4490.12486477133	1.386569620701381e8
0.019773158278670218	0.020268160419237388	0.020020659348953803	233.6021149180955	9.368734974953684e7	4723.726979689427	1.354419444910541e8
0.020268160419237388	0.0207730626026159	0.020520611510926642	244.64781943001134	9.156336191086653e7	4968.374799119439	1.3231959142648096e8
0.0207730626026159	0.02128806282966198	0.021030562716138942	256.1836619117658	8.949744885372226e7	5224.558461031204	1.2928631404136664e8
0.02128806282966198	0.021813363061248984	0.021550712945455484	268.17018279794775	8.74678084423221e7	5492.728643829152	1.2633731752714702e8
0.021813363061248984	0.022349169297467726	0.022081266179358357	280.58942966291386	8.546423772525991e7	5773.318073492066	1.2346751852187103e8
0.02234916929746773	0.022895691658410846	0.022622430477939288	293.6029543793888	8.353009499671681e7	6066.9210278714545	1.2067531174070133e8
0.022895691658410842	0.02345314446657282	0.023174418062491833	307.29599482123393	8.167710066963054e7	6374.217022692688	1.1796006421344568e8
0.02345314446657282	0.024021746330898038	0.02373744539873543	321.5173873418242	7.985416958959965e7	6695.734410034513	1.1531767559759218e8
0.024021746330898045	0.02460172023250977	0.024311733281703905	336.4467656458837	7.809902312666865e7	7032.181175680396	1.1274700538377735e8
0.02460172023250977	0.025193293612153726	0.024897506922331746	351.91266267537	7.636322338929166e7	7384.093838355766	1.1024369310859689e8
0.025193293612153722	0.02579669845939056	0.02549499603577214	368.18424900026724	7.469927332114978e7	7752.278087356033	1.0780734541546395e8
0.02579669845939056	0.026412171403572132	0.026104434931481346	385.14442220812975	7.307285417993842e7	8137.422509564163	1.0543527512869726e8
0.026412171403572136	0.02703995380663734	0.02672606260510474	402.85874112070877	7.148976311838989e7	8540.281250684871	1.0312541941901855e8
0.02703995380663734	0.027680291857763845	0.027360122832200594	421.4067815232322	6.995623652472906e7	8961.688032208103	1.0087631690171197e8
0.027680291857763845	0.028333436669912882	0.028006864263838364	440.691701674113	6.844896273110162e7	9402.379733882217	9.86850607805735e7
0.028333436669912882	0.0289996443783049	0.028666540524108892	460.856063857872	6.698470847927429e7	9863.23579774009	9.655011378386435e7
0.028999644378304903	0.02967917624086476	0.029339410309584833	481.94489698216745	6.556250243707966e7	10345.180694722256	9.447000605683884e7
0.02967917624086476	0.030372298740675815	0.03002573749077029	503.92403752055407	6.417096379673065e7	10849.10473224281	9.244263232263367e7
0.030372298740675818	0.031079283690483094	0.030725791215579456	526.8964954044576	6.281740134140844e7	11376.001227647266	9.046654797905184e7
0.031079283690483087	0.03180040833928651	0.031439846014884795	550.8928814076269	6.1498864339278795e7	11926.894109054892	8.854023374379648e7
0.03180040833928651	0.032535955481066	0.03216818191017626	575.9146255571342	6.0209604946226165e7	12502.808734612026	8.666191523044911e7
0.032535955481066005	0.03328621356568108	0.032911084523373546	602.0553792075128	5.89539213594888e7	13104.86411381954	8.483024607998613e7
0.03328621356568108	0.03405147681198846	0.03366884518883477	629.3608844972971	5.7730310034714624e7	13734.224998316837	8.304389153893758e7
0.03405147681198846	0.03483204532322199	0.03444176106760523	657.8536375032344	5.653522190692114e7	14392.078635820071	8.130139239963408e7
0.03483204532322199	0.03562822520468019	0.03523013526395109	687.620430705861	5.537077521242482e7	15079.699066525933	7.960154534839234e7
0.03562822520468018	0.036440328683767544	0.03603427694422386	718.7017093056344	5.423472432416333e7	15798.400775831567	7.794309749880163e7
0.036440328683767544	0.037268674232436655	0.036854501458102096	751.1212059895739	5.31238146212199e7	16549.52198182114	7.632468375019093e7
0.037268674232436655	0.03811358669207914	0.0376911304622579	784.953024541961	5.2038596605403155e7	17334.4750063631	7.474508212926833e7
0.03811358669207915	0.03897539740091449	0.03854449204649682	820.3232339279265	5.0982428177189276e7	18154.798240291027	7.320338460757609e7
0.038975397400914484	0.03985444432392653	0.0394149208624205	857.2813871945986	4.995306650437991e7	19012.079627485626	7.169861068665381e7
0.03985444432392653	0.040751072185398814	0.040302758254662674	895.7744594198256	4.894283592836009e7	19907.854086905452	7.022936155427526e7
0.040751072185398814	0.04166563260410055	0.04120835239474968	935.9646740792507	4.795665294394291e7	20843.818760984705	6.879466161870474e7
0.04166563260410054	0.042598484231176306	0.042132058417638424	977.9920579013831	4.699696293162026e7	21821.810818886086	6.739376808058186e7
0.04259848423117632	0.0435499928907936	0.04307423856098496	1021.9156833374569	4.606165916359103e7	22843.726502223544	6.602586160748768e7
0.043549992890793594	0.04452053172360322	0.04403526230719841	1067.8149616377414	4.514965804564446e7	23911.541463861286	6.469011702308915e7
0.044520531723603214	0.04551048133306903	0.04501550652833612	1115.6993205955278	4.42570468154757e7	25027.240784456815	6.338552274527285e7
0.045510481333069036	0.04652022993472417	0.0460153556338966	1165.6897884189882	4.338472761665704e7	26192.930572875805	6.211120065699289e7
0.04652022993472417	0.047550173508412404	0.04703520172156829	1217.9486200410995	4.253459447401393e7	27410.879192916906	6.08664592175767e7
0.04755017350841241	0.04860071595357441	0.048075444730993414	1272.5536565603059	4.1705058343305156e7	28683.432849477213	5.9650558775181316e7
0.04860071595357442	0.04967226924763966	0.04913649260060704	1329.4815824093798	4.089151191189556e7	30012.91443188659	5.8462523562028915e7
0.04967226924763965	0.05076525360758619	0.05021876142761292	1388.8488384388118	4.0094244161691025e7	31401.763270325402	5.7301467644382924e7
0.0507652536075862	0.05188009765473167	0.051322675631158936	1450.9215681948747	3.931735533255676e7	32852.684838520276	5.6166828712010056e7
0.051880097654731665	0.05301723858282005	0.052448668118775854	1515.785738328685	3.855917392721623e7	34368.47057684896	5.5057981548174016e7
0.05301723858282006	0.05417712232947021	0.05359718045614513	1583.4217965230762	3.781564008710602e7	35951.89237337204	5.397409208309391e7
0.0541771223294702	0.055360203751053355	0.054768663040261775	1654.011235283038	3.708794673111634e7	37605.90360865508	5.2914461366468914e7
0.055360203751053355	0.05656694680106817	0.05596357527606076	1727.7430358727815	3.637698907732134e7	39333.64664452786	5.187849726450762e7
0.05656694680106818	0.057797824712083286	0.057182385756575735	1804.6912783065761	3.568097940099988e7	41138.337922834435	5.086553905071329e7
0.05779782471208328	0.059053320181318696	0.05842557244670099	1885.0588341732632	3.500074040236978e7	43023.3967570077	4.9875024926640846e7
0.0590533201813187	0.06033392555993882	0.059693622870628765	1968.9888710732503	3.433567147416126e7	44992.38562808094	4.8906396293303415e7
0.06033392555993882	0.06164014304613134	0.06098703430303508	2056.509808167554	3.3683235091449164e7	47048.895436248495	4.795897680919641e7
0.06164014304613134	0.06297248488204772	0.06230631396408953	2147.9089911432643	3.3045298547256183e7	49196.80442739176	4.7032253975042306e7
0.06297248488204771	0.06433147355468241	0.06365197921836506	2243.395799896534	3.2422005867553964e7	51440.2002272883	4.612576086767743e7
0.06433147355468241	0.06571764200076981	0.06502455777772612	2343.000975121298	3.1810854530908816e7	53783.2012024096	4.5238908931609936e7
0.06571764200076981	0.06713153381577895	0.06642458790827438	2446.9911037507477	3.1212762752996705e7	56230.192306160345	4.4371207686803594e7
0.06713153381577895	0.06857370346708827	0.0678526186414336	2555.6192969474237	3.062812192766941e7	58785.811603107766	4.352222541126049e7
0.06857370346708827	0.07004471651142379	0.06930920998925602	2668.913029093094	3.0054522643121965e7	61454.72463220086	4.269141227394684e7
0.07004471651142379	0.071545149816646	0.0707949331640349	2787.167025219424	2.949278786315959e7	64241.89165742028	4.187830726382495e7
0.071545149816646	0.07307559178797267	0.07231037080230934	2910.779036601429	2.8944437782723222e7	67152.67069402171	4.108257501032517e7
0.07307559178797267	0.07463664259872586	0.07385611719334927	3039.5602061735394	2.8404996169611063e7	70192.23090019525	4.030362885110613e7
0.07463664259872586	0.07622891442569413	0.07543277851221	3173.907243972001	2.787602339682221e7	73366.13814416726	3.954101787306203e7
0.07622891442569411	0.07785303168920174	0.07704097305744792	3314.38748115907	2.736002126286755e7	76680.52562532632	3.8794475479471534e7
0.07785303168920174	0.07950963129797951	0.07868133149359063	3461.091522280085	2.6855065788908448e7	80141.6171476064	3.806363618468161e7
0.07950963129797951	0.08119936289893284	0.08035449709845618	3614.0663908926936	2.635919591465935e7	83755.6835384991	3.734803979044819e7
0.08119936289893284	0.08292288913190524	0.08206112601541904	3773.853635462369	2.587416731530866e7	87529.53717396146	3.6647364496066645e7
0.08292288913190525	0.0846808858895371	0.08380188751072118	3940.7263304189	2.539947933949015e7	91470.26350438036	3.596128009153389e7
0.08468088588953708	0.08647404258232155	0.08557746423592932	4114.6914292633455	2.493299497559102e7	95584.9549336437	3.528934873007063e7
0.08647404258232155	0.08830306240896171	0.08738855249564163	4296.377172756468	2.4476492220348585e7	99881.33210640018	3.4631270148140326e7
0.08830306240896173	0.0901686626321347	0.08923586252054821	4486.181131777902	2.402999530070222e7	104367.51323817809	3.398676599775699e7
0.09016866263213469	0.09207157485977112	0.09112011874595291	4684.110198925433	2.3591423417509854e7	109051.62343710352	3.3355450515305094e7
0.09207157485977113	0.09401254533196028	0.09304206009586571	4890.781766897571	2.316194929516356e7	113942.4052040011	3.273703480408783e7
0.09401254533196027	0.09599233521359321	0.09500244027277674	5106.600013863744	2.2741423147252508e7	119049.00521786485	3.213124034362184e7
0.09599233521359321	0.09801172089285881	0.09700202805322601	5331.648252023844	2.2328268218097515e7	124380.6534698887	3.1537711862586193e7
0.0980117208928588	0.1000714942857097	0.09904160758928425	5566.587926135996	2.192344253838874e7	129947.24139602469	3.0956175543798693e7
0.10007149428570972	0.10217246314641765	0.10112197871606368	5812.127610376892	2.1527763857838556e7	135759.3690064016	3.0386425249462847e7
0.10217246314641763	0.10431545138433972	0.10324395726537867	6068.189383901822	2.1139007754476286e7	141827.55839030343	2.9828134464775488e7
0.10431545138433973	0.10650129938702026	0.10540837538567999	6335.212263789457	2.0757045879319746e7	148162.7706540929	2.9280990384513672e7
0.10650129938702026	0.10873086434975439	0.10761608186838732	6614.347654986577	2.0383893290599953e7	154777.11830907947	2.8744822150225427e7
0.10873086434975437	0.1110050206117432	0.10986794248074878	6905.535893318558	2.0017495131828442e7	161682.65420239803	2.8219346700854674e7
0.1110050206117432	0.11332465999897179	0.11216484030535749	7209.245669848913	1.965760136637701e7	168891.89987224696	2.7704284447318092e7
0.11332465999897177	0.11569069217394494	0.11450767608645836	7526.618132008682	1.930566292308097e7	176418.51800425563	2.7199461246402565e7
0.11569069217394495	0.11810404499241757	0.11689736858318125	7857.737179031574	1.896015666236964e7	184276.25518328714	2.6704623057011764e7
0.11810404499241758	0.12056566486725966	0.11933485492983861	8203.022345530397	1.8620572201838598e7	192479.27752881753	2.6219501734711327e7
0.12056566486725963	0.12307651713959854	0.12182109100342908	8563.675351279384	1.828811002615202e7	201042.9528800969	2.5743918468955666e7
0.12307651713959855	0.12563758645738424	0.1243570517984914	8940.249743034894	1.7962313383184846e7	209983.2026231318	2.5277678818436824e7
0.12563758645738424	0.12824987716152564	0.12694373180945495	9332.285715586399	1.76408216610367e7	219315.4883387182	2.4820459679081764e7
0.12824987716152564	0.13091441367974987	0.12958214542063776	9741.653148097867	1.7325887398352336e7	229057.14148681605	2.4372093316953424e7
0.13091441367974987	0.13363224092833859	0.13227332730404423	10169.662605349506	1.701825382142724e7	239226.80409216555	2.393246735507427e7
0.13363224092833859	0.13640442472189906	0.13501833282511883	10615.432399798268	1.6714949392976962e7	249842.23649196382	2.350129936419119e7
0.13640442472189906	0.13923205219133075	0.1378182384566149	11081.430442998597	1.6418563049564574e7	260923.6669349624	2.3078479413907584e7
0.1392320521913308	0.14211623221015113	0.14067414220074098	11568.084027684887	1.6128183003717592e7	272491.7509626473	2.266385043308036e7
0.1421162322101511	0.14505809582934784	0.14358716401974947	12075.231724120433	1.5842242123720566e7	284566.98268676776	2.225717205746112e7
0.14505809582934784	0.1480587967209285	0.14655844627513817	12604.596408070889	1.5561788102076529e7	297171.57909483864	2.185828157120824e7
0.1480587967209285	0.1511195116303408	0.14958915417563465	13157.212001342865	1.5286771195157854e7	310328.7910961815	2.1467023714460324e7
0.1511195116303408	0.1542414408379413	0.15268047623414105	13733.761433329582	1.5016697805140907e7	324062.5525295111	2.1083223788656645e7
0.1542414408379413	0.15742580862969385	0.15583362473381757	14335.450314140391	1.4751656671015246e7	338398.0028436515	2.0706723467407e7
0.15742580862969385	0.16067386377728143	0.15904983620348764	14963.351736844279	1.4491524688440708e7	353361.3545804958	2.033736717230521e7
0.16067386377728143	0.16398688002782077	0.16233037190255112	15618.970639212523	1.4236536194673348e7	368980.3252197083	1.9975023112305664e7
0.16398688002782077	0.1673661566033709	0.16567651831559582	16302.392951284584	1.3985589608486626e7	385282.7181709929	1.9619502499435425e7
0.1673661566033709	0.17081301871043203	0.16908958765690146	17015.51697257747	1.3739236713750623e7	402298.2351435704	1.9270661127336532e7
0.170813018710432	0.17432881805963435	0.1725709183850332	17760.40842201619	1.3497979407713449e7	420058.6435655866	1.8928393649804167e7
0.17432881805963435	0.17791493339582073	0.17612187572772753	18537.100014699197	1.326068831481947e7	438595.7435802858	1.8592534509124573e7
0.17791493339582073	0.18157277103873085	0.1797438522172758	19347.170004270072	1.3027469974295836e7	457942.9135845559	1.8262934816490375e7
0.18157277103873087	0.1853037654344992	0.18343826823661502	20193.600946954182	1.2799247998661416e7	478136.51453151007	1.793950967971072e7
0.18530376543449914	0.1891093797181828	0.187206572576341	21076.256268917517	1.2574817713368159e7	499212.7708004276	1.7622108349097583e7
0.18910937971818284	0.19299110628754018	0.1910502430028615	21995.70142805957	1.235358144553291e7	521208.47222848714	1.73105541285292e7
0.19299110628754018	0.19695046738828467	0.1949707868379124	22956.231635337594	1.2137007178178541e7	544164.7038638247	1.7004768037298545e7
0.19695046738828464	0.20098901571104402	0.19896974154966435	23958.554168872215	1.192439837932604e7	568123.2580326969	1.6704634958413782e7
0.20098901571104408	0.20510833500025866	0.20304867535565135	25001.56888876127	1.171431036563854e7	593124.8269214581	1.6409961653440833e7
0.20510833500025863	0.2093100406752575	0.20720918783775805	26091.950864142727	1.1509015178215293e7	619216.7777856009	1.612070087336883e7
0.2093100406752575	0.21359578046375632	0.2114529105695069	27230.251814790885	1.1307687369017461e7	646447.0296003917	1.5836759728864731e7
0.21359578046375632	0.21796723504802512	0.21578150775589072	28416.028172681603	1.1109237205083432e7	674863.0577730733	1.5557986871391462e7
0.21796723504802512	0.2224261187239793	0.2201966768860022	29653.858641807892	1.091462566987747e7	704516.9164148812	1.528429690549374e7
0.22242611872397927	0.22697418007345255	0.2247001493987159	30947.520912084325	1.0724279835646449e7	735464.4373269656	1.5015634920848304e7
0.22697418007345255	0.23161320264991528	0.22929369136168393	32294.439852212665	1.0536403168712981e7	767758.8771791783	1.4751843684069538e7
0.23161320264991528	0.23634500567790726	0.23397910416391127	33700.36618676239	1.035211646254749e7	801459.2433659406	1.4492841560686748e7
0.23634500567790728	0.2411714447664591	0.2387582252221832	35167.903514919875	1.0171343303876443e7	836627.1468808606	1.4238547484154213e7
0.24117144476645908	0.24609441263678192	0.2436329287016205	36695.927696655854	9.992962497794148e6	873323.0745775164	1.3988819458998341e7
0.24609441263678195	0.25111583986451125	0.2486051262506466	38290.038084452855	9.817792231721617e6	911613.1126619693	1.3743572261792459e7
0.25111583986451125	0.25623769563679516	0.2536767677506532	39959.17077039041	9.647240694206988e6	951572.2834323597	1.3502808685333615e7
0.2562376956367951	0.2614619885245247	0.25884984208065986	41694.423621684226	9.478291110675316e6	993266.7070540439	1.326635424673707e7
0.2614619885245247	0.26679076727000883	0.2641263778972668	43503.43167271356	9.312101091487886e6	1.0367701387267575e6	1.3034113025211599e7
0.26679076727000883	0.27222612159040266	0.2695084444302057	45394.49145020444	9.149681071683493e6	1.082164630176962e6	1.280605428542849e7
0.2722261215904027	0.2777701829972044	0.27499815229380353	47363.365788598094	8.989393678997826e6	1.12952799596556e6	1.258205315233765e7
0.2777701829972044	0.28342512563214217	0.2805976543146733	49419.17460826892	8.832317015472814e6	1.178947170573829e6	1.2362055576990662e7
0.28342512563214217	0.28919316711977866	0.2863091463759604	51564.46796700856	8.678150323541207e6	1.2305116385408374e6	1.2145993208460186e7
0.28919316711977866	0.29507656943716787	0.29213486827847324	53798.869047521075	8.526155794994859e6	1.2843105075883586e6	1.1933758621692676e7
0.2950765694371678	0.3010776398009048	0.2980771046190363	56127.66341980391	8.376574841364662e6	1.3404381710081624e6	1.1725265047048414e7
0.30107763980090485	0.3071987315719166	0.3041381856864107	58557.23176180228	8.229723078941438e6	1.3989954027699647e6	1.1520449475052642e7
0.30719873157191663	0.3134422451783486	0.3103204883751326	61091.3841206403	8.085474063720971e6	1.460086786890605e6	1.1319245335639847e7
0.31344224517834857	0.31981062905690916	0.31662643711762883	63736.25302614903	7.943985473735825e6	1.523823039916754e6	1.1121599343756502e7
0.3198106290569092	0.326306380613041	0.3230585048349751	66496.50838852685	7.805173883298147e6	1.590319548305281e6	1.092745658697409e7
0.326306380613041	0.33293204720029546	0.32961921390666826	69372.48573024689	7.668459937665567e6	1.6596920340355278e6	1.073673159552537e7
0.3329320472002955	0.33969022711929503	0.33631113715979527	72374.47405223464	7.534400363038057e6	1.7320665080877624e6	1.0549376628526444e7
0.33969022711929503	0.34658357063667455	0.3431368988779848	75506.73220707537	7.40280722667148e6	1.8075732402948379e6	1.0365335865245795e7
0.3465835706366745	0.35361478102440164	0.35009917583053807	78771.64636430898	7.273328305092607e6	1.8863448866591468e6	1.0184536276351804e7
0.35361478102440164	0.3607866156198833	0.35720069832214246	82177.23686153268	7.146151478720625e6	1.9685221235206795e6	1.0006920217878513e7
0.3607866156198833	0.3681018869072746	0.36444425126357893	85732.07411240682	7.021440835577804e6	2.0542541976330862e6	9.832443121169321e6
0.36810188690727463	0.37556346362041376	0.3718326752638442	89442.94087966226	6.899155314904337e6	2.1436971385127483e6	9.661060725647673e6
0.3755634636204137	0.3831742718678156	0.37936886774411466	93310.07855053493	6.778755476784441e6	2.237007217063283e6	9.492699946233284e6
0.38317427186781555	0.3909372962801655	0.38705578407399055	97354.0932266548	6.661188416269607e6	2.334361310289938e6	9.32734739204101e6
0.39093729628016555	0.3988555811807625	0.394896438730464	101574.02219085675	6.545769033931621e6	2.4359353324807948e6	9.164950526763009e6
0.3988555811807624	0.40693223177937127	0.40289390648006684	105973.48929875395	6.432208787039359e6	2.5419088217795487e6	9.005443135827111e6
0.40693223177937127	0.4151704153899523	0.4110513235846618	110562.10728475028	6.320600450691186e6	2.652470929064299e6	8.84876838643183e6
0.4151704153899523	0.4235733626727449	0.4193718890313486	115349.73493914813	6.211005822793768e6	2.767820664003447e6	8.694876461063864e6
0.423573362672745	0.43214436890119345	0.4278588657869692	120338.4912502969	6.103055133631436e6	2.8881591552537438e6	8.54369896632869e6
0.4321443689011934	0.4408867952542109	0.43651558207770214	125529.96415548386	5.996413036443522e6	3.0136891194092277e6	8.395152037451083e6
0.4408867952542108	0.44980407013428864	0.44534543269424975	130958.11633847831	5.892259782199455e6	3.144647235747706e6	8.249225614782435e6
0.4498040701342887	0.45889969051196805	0.45435188032312834	136617.49225873203	5.789818587311044e6	3.2812647280064384e6	8.105864998602946e6
0.4588996905119681	0.468177223297201	0.46353845690458456	142512.9633450439	5.688869484200354e6	3.423777691351482e6	7.965005936952648e6
0.4681772232972011	0.4776403067381387	0.4729087650176699	148657.27047377054	5.589518562113834e6	3.5724349618252525e6	7.826594185819917e6
0.47764030673813856	0.4872926518478949	0.4824664792930167	155066.7761941301	5.491958890326522e6	3.7275017380193826e6	7.690589982537476e6
0.48729265184789494	0.4971380438598464	0.49221534785387067	161756.1552228132	5.396263602061565e6	3.8892578932421957e6	7.556960203177537e6
0.49713804385984633	0.5071803437120368	0.5021591937859415	168710.3683409744	5.301532331772182e6	4.05796826158317e6	7.4256212798206e6
0.5071803437120368	0.517423489561271	0.5123019166366539	175961.94807886975	5.208457340123854e6	4.23393020966204e6	7.296534898755956e6
0.5174234895612712	0.5278714983274901	0.5226474939443806	183517.58269461367	5.116842867558737e6	4.417447792356653e6	7.169653637772648e6
0.5278714983274901	0.5385284672690335	0.5331999827982619	191395.38892481488	5.026818397480858e6	4.608843181281468e6	7.04494043035484e6
0.5385284672690335	0.5493985755894076	0.5439635214292206	199569.75802149734	4.937384960584675e6	4.808412939302965e6	6.922302289504914e6
0.5493985755894077	0.5604860860761894	0.5549423308327985	208094.76316161038	4.84961306334955e6	5.016507702464576e6	6.801713999874663e6
0.5604860860761894	0.5717953467727067	0.5661407164244481	216958.9503243557	4.762886909826044e6	5.2334666527889315e6	6.683116034877823e6
0.5717953467727067	0.5833307926831544	0.5775630697279306	226179.92417297434	4.677314088231303e6	5.459646576961906e6	6.566458645960034e6
0.5833307926831544	0.595096947511811	0.5892138700974827	235758.8151157224	4.592648019010924e6	5.695405392077629e6	6.451680690709057e6
0.5950969475118111	0.6070984254370408	0.601097686474426	245758.40693253218	4.509820418996998e6	5.941163799010161e6	6.338778808445828e6
0.6070984254370407	0.619339932920775	0.6132191791789079	256140.45486526348	4.427795236701434e6	6.197304253875425e6	6.227689632876045e6
0.619339932920775	0.631826270554184	0.6255831017374796	266968.4811563279	4.34741016727084e6	6.464272735031753e6	6.118402223886302e6
0.631826270554184	0.6445623349402613	0.6381943027472227	278208.66610602604	4.267812048069195e6	6.742481401137779e6	6.010856724570988e6
0.6445623349402613	0.65755312061406	0.6510577277771606	289868.8052878918	4.18892701631452e6	7.032350206425671e6	5.904992513479998e6
0.65755312061406	0.6708037220013348	0.6641784213076973	302044.3061925144	4.1118879565422055e6	7.334394512618185e6	5.800818356395837e6
0.6708037220013346	0.6843193354163548	0.6775615287088448	314662.4772662579	4.03540802713951e6	7.649056989884443e6	5.698267775577665e6
0.6843193354163548	0.6981052610996754	0.6912122982580151	327760.26962466235	3.959799548838877e6	7.976817259509105e6	5.597296342120847e6
0.6981052610996754	0.7121669052966624	0.7051360831981689	341323.4378560083	3.884721351140138e6	8.3181406973651135e6	5.497842431837612e6
0.7121669052966624	0.7265097823775891	0.7193383438371257	355466.2878707546	3.8112853800126216e6	8.673606985235868e6	5.399912606872587e6
0.7265097823775891	0.7411395170001344	0.7338246496888617	370132.4544827186	3.7386247688675006e6	9.043739439718587e6	5.303462735174888e6
0.7411395170001344	0.7560618463151305	0.7486006816576325	385405.45078535815	3.6673854001856577e6	9.429144890503945e6	5.208488773916368e6
0.7560618463151304	0.7712826222164265	0.7636722342657785	401231.4338073635	3.596830033321639e6	9.830376324311309e6	5.11494414138764e6
0.7712826222164265	0.7868078136357485	0.7790452179260875	417724.6271189441	3.527796682114541e6	1.0248100951430252e7	5.022833626703766e6
0.7868078136357485	0.8026435088834569	0.7947256612596028	434807.59495147096	3.459403974769845e6	1.0682908546381723e7	4.932110609948084e6
0.8026435088834569	0.8187959180361195	0.8107197134597882	452548.20078362396	3.392046825270278e6	1.1135456747165347e7	4.842754120946775e6
0.8187959180361196	0.8352713753718355	0.8270336467039776	471019.3862640325	3.326064905720761e6	1.1606476133429378e7	4.754764133388036e6
0.8352713753718353	0.8520763418542654	0.8436738586130503	490125.9729811061	3.2605935015718844e6	1.2096602106410485e7	4.668090475788287e6
0.8520763418542654	0.8692174076663441	0.8606468747603048	510015.35757179157	3.1964743195276307e6	1.2606617463982277e7	4.582734736920675e6
0.8692174076663441	0.8867012947946644	0.8779593512305043	530553.0356084988	3.1326925583092906e6	1.3137170499590775e7	4.498639572077462e6
0.8867012947946645	0.9045348596655512	0.8956180772301079	551787.4278878834	3.069472313419391e6	1.3688957927478658e7	4.415763987733491e6
0.9045348596655511	0.9227250958338555	0.9136299777497033	573876.384679551	3.007565703928741e6	1.4262834312158208e7	4.334113001697787e6
0.9227250958338556	0.9412791367255261	0.9320021162796909	596783.6347318201	2.9465946216221447e6	1.4859617946890028e7	4.253669428952974e6
0.9412791367255261	0.96020425843503	0.950741697580278	620438.4003535651	2.886095522849838e6	1.5480056347243594e7	4.174390224835793e6
0.9602042584350299	0.9795078825787238	0.9698560705068768	645084.8312376561	2.827087165183933e6	1.6125141178481251e7	4.0962939152925154e6
0.9795078825787238	0.9991975792052916	0.9893527308920077	670405.2124489769	2.7680367112346594e6	1.6795546390930228e7	4.0193091149400845e6
0.9991975792052917	1.0192810697643908	1.0092393244848412	696680.2337524004	2.710077862324201e6	1.7492226624682628e7	3.943434307967415e6
1.0192810697643908	1.039766230134672	1.0295236499495313	723884.8741986266	2.6529757855885127e6	1.8216111498881254e7	3.8686544678593245e6
1.039766230134672	1.0606610937123586	1.0502136619235154	751908.8647347398	2.596247838676944e6	1.8968020363615993e7	3.794927486169448e6
1.0606610937123588	1.0819738545615993	1.071317474136979	781145.9236825465	2.5411593207144327e6	1.974916628729854e7	3.722287022711664e6
1.0819738545615993	1.1037128706278245	1.0928433625947118	810922.2145435399	2.485417156011454e6	2.056008850184208e7	3.6506319427783564e6
1.1037128706278245	1.1258866670153744	1.1147997688215994	842199.8328813168	2.431964178089272e6	2.1402288334723398e7	3.5800374758530715e6
1.1258866670153742	1.148503939330675	1.1371953031730246	873984.3360158912	2.3777660830987473e6	2.227627267073929e7	3.510398727318053e6
1.1485039393306753	1.171573557092282	1.1600387482114787	907204.5634537432	2.325389238598325e6	2.3183477234193034e7	3.4417655501545896e6
1.171573557092282	1.195104567209121	1.1833390621507016	941147.1749466195	2.272868951584016e6	2.4124624409139656e7	3.3740711235160106e6
1.195104567209121	1.2191061975282966	1.2071053823687088	976332.3868243792	2.221480004490686e6	2.5100956795964036e7	3.30732633984484e6
1.2191061975282966	1.2435878604538557	1.2313470289910762	1.0124559389903786e6	2.170451643839959e6	2.6113412734954413e7	3.24149683522769e6
1.243587860453856	1.2685591566379264	1.2560735085458912	1.0496125488403267e6	2.11998920022036e6	2.716302528379474e7	3.1765621383294365e6
1.268559156637926	1.2940298787456777	1.2812945176918018	1.0882919877430876e6	2.0710094132338588e6	2.8251317271537825e7	3.112556048523484e6
1.2940298787456779	1.3200100152955847	1.3070199470206312	1.1276839251140154e6	2.0218892622589122e6	2.9379001196651842e7	3.0494164489273974e6
1.3200100152955847	1.3465097545764897	1.3332598849360373	1.169089999134273e6	1.9749338724954466e6	3.0548091195786115e7	2.9872182737469813e6
1.3465097545764895	1.3735394886430126	1.360024621609751	1.2109462878582543e6	1.9273713837814745e6	3.175903748364437e7	2.925871667105004e6
1.3735394886430126	1.401109817390866	1.3873246530169392	1.2546161959981145e6	1.8814322333727109e6	3.3013653679642484e7	2.8654210926444405e6
1.401109817390866	1.4292315527136765	1.4151706850522712	1.2993730075062583e6	1.8359038049505907e6	3.431302668714874e7	2.805838257168932e6
1.4292315527136763	1.457915722742943	1.4435736377283095	1.3454424190899932e6	1.791103942585149e6	3.565846910623874e7	2.7471149095956725e6
1.4579157227429431	1.487173576172795	1.4725446494578691	1.392614506350828e6	1.7467363561248125e6	3.705108361258957e7	2.689226137549626e6
1.487173576172795	1.5170165866712442	1.5020950814220195	1.4415109316223143e6	1.7035555949957382e6	3.849259454421188e7	2.632192140422988e6
1.5170165866712444	1.5474564573796623	1.5322365220254532	1.4914178679554795e6	1.6606601769362611e6	3.9984012412167355e7	2.575979790389203e6
1.5474564573796623	1.5785051255022486	1.5629807914409555	1.5424518209681886e6	1.6182186622078456e6	4.1526464233135544e7	2.5205676392158265e6
1.5785051255022486	1.6101747669872868	1.5943399462447676	1.5958321762083392e6	1.5774589686388785e6	4.312229640934388e7	2.466006525781828e6
1.6101747669872866	1.6424778013020254	1.626326284144656	1.6499518170803278e6	1.5366976924988083e6	4.477224822642421e7	2.412246959932114e6
1.6424778013020256	1.6754268963030592	1.6589523488025424	1.7058327900985982e6	1.4969283178742314e6	4.647808101652281e7	2.359299795902049e6
1.6754268963030592	1.7090349732041135	1.6922309347535864	1.7627621043440893e6	1.4574935612359836e6	4.82408431208669e7	2.3071372434303206e6
1.709034973204113	1.7433152116431883	1.7261750924236505	1.8213495866071586e6	1.4189126122588238e6	5.006219270747406e7	2.255763157663532e6
1.7433152116431885	1.7782810548510453	1.7607981332471168	1.881360227957881e6	1.380971384034053e6	5.194355293543194e7	2.205168791984735e6
1.7782810548510457	1.8139462149230596	1.7961136348870528	1.9430572862780276e6	1.343846529439858e6	5.388661022170997e7	2.155356127024369e6
1.8139462149230594	1.8503246781965137	1.8321354465597866	2.0060171890366334e6	1.307227014547901e6	5.58926274107466e7	2.1063090451010377e6
1.8503246781965135	1.8874307107354367	1.868877694465975	2.0705756366185322e6	1.2713369999107688e6	5.796320304736513e7	2.0580253290119686e6
1.887430710735437	1.9252788639251386	1.9063547873302877	2.136989647187084e6	1.2363064566761546e6	6.010019269455221e7	2.0105104088638676e6
1.9252788639251386	1.9638839801786343	1.9445814220518864	2.2041777863502004e6	1.201504396420114e6	6.230437048090241e7	1.9637329188851821e6
1.9638839801786343	2.0032611987571998	1.983572589467917	2.273098272920845e6	1.1674891490463275e6	6.457746875382326e7	1.917695596173659e6
2.0032611987571998	2.0434259617073365	2.023343580232268	2.3437568936957135e6	1.1342373853138476e6	6.692122564751897e7	1.8723996734202201e6
2.0434259617073365	2.084394019916476	2.063909990811906	2.4156962061402635e6	1.1015172612055182e6	6.933692185365923e7	1.8278329113130795e6
2.084394019916476	2.1261814392897986	2.1052877296031376	2.4894268731650375e6	1.069564010613383e6	7.182634872682428e7	1.783997381539257e6
2.126181439289799	2.1688046070505878	2.1474930231701936	2.5640599789411975e6	1.0379939271336278e6	7.439040870576549e7	1.7408728574590026e6
2.1688046070505878	2.2122802381665925	2.19054242260859	2.6404871289226003e6	1.0071883729092422e6	7.703089583468808e7	1.6984623316117004e6
2.212280238166592	2.2566253819049167	2.234452810035754	2.7185546957172365e6	977069.6328074466	7.974945053040531e7	1.656764133657565e6
2.256625381904917	2.3018574285180082	2.2792414052114625	2.798580060525761e6	947734.5824938669	8.254803059093107e7	1.6157822919661559e6
2.3018574285180082	2.347994116063361	2.3249257722906846	2.8788636382880723e6	918612.571361484	8.542689422921914e7	1.5754876218750607e6
2.347994116063361	2.395053537359621	2.371523826711491	2.9617997913097963e6	890491.9884526556	8.838869402052894e7	1.5358981965140088e6
2.395053537359621	2.4430541470818063	2.4190538422207135	3.0448704797300175e6	862594.9010334972	9.143356450025895e7	1.496986085707751e6
2.4430541470818063	2.4920147689984353	2.467534458040121	3.1303577536503742e6	835596.2523742963	9.456392225390932e7	1.4587639843128957e6
2.4920147689984353	2.5419546033533966	2.516984686175916	3.2164767866691267e6	808999.1518091889	9.778039904057844e7	1.4212151397799356e6
2.5419546033533966	2.5928932343954574	2.567423918874427	3.3033760231912294e6	782873.2737058916	1.0108377506376967e8	1.3843277978760959e6
2.5928932343954574	2.6448506380583594	2.6188719362269084	3.390919496332284e6	757211.856732813	1.0447469456010196e8	1.3480904962337806e6
2.644850638058359	2.6978471897945187	2.6713489139264386	3.480111921575372e6	732251.4792324796	1.0795480648167732e8	1.3125061079872018e6
2.697847189794519	2.751903672565402	2.7248754311799606	3.5717180544767193e6	708128.3330729156	1.1152652453615405e8	1.277585211016185e6
2.7519036725654016	2.807041284991702	2.779472478778552	3.6633622598872436e6	684357.5272067133	1.151898867960413e8	1.2433097568052227e6
2.8070412849917026	2.863281649666529	2.835161467329116	3.755586693239064e6	661073.8270808829	1.1894547348928036e8	1.2096705294956204e6
2.8632816496665288	2.920646821634852	2.8919642356506903	3.849156705600771e6	638421.2775347425	1.2279463019488114e8	1.1766671703975755e6
2.920646821634852	2.9791592970425413	2.9499030593386966	3.942417537262926e6	616133.1202246435	1.2673704773214407e8	1.1442839320840086e6
2.979159297042542	3.038842021958385	3.0090006595004635	4.03584291293653e6	594315.3434925365	1.307728906450806e8	1.112512103008907e6
3.038842021958385	3.099718401372545	3.069280211665465	4.1293120970257977e6	572969.7757329665	1.349022027421064e8	1.0813435829115987e6
3.099718401372545	3.1618123083749885	3.130765354873767	4.224361863359671e6	552315.1901525055	1.3912656460546607e8	1.0507833795355838e6
3.161812308374988	3.2251480935174803	3.193480200946234	4.317594706751782e6	531912.4539170901	1.4344415931221786e8	1.0208108459078554e6
3.2251480935174803	3.2897505943628222	3.2574493439401513	4.409477454244601e6	511868.4431180027	1.4785363676646248e8	991412.7044850037
3.2897505943628227	3.3556451452250715	3.322697869793947	4.502086096225737e6	492445.85947746626	1.523557228626882e8	962591.6212443012
3.355645145225072	3.422857587104566	3.389251366164819	4.5942207590813e6	473511.49846722384	1.5694994362176952e8	934342.4153960391
3.422857587104566	3.4914142778216495	3.4571359324631077	4.686992511737778e6	455184.4380728504	1.6163693613350728e8	906667.0848515995
3.491414277821649	3.5613421023530742	3.5263781900873616	4.777505800416744e6	437189.11127936083	1.6641444193392402e8	879551.5973864062
3.5613421023530742	3.632668483375128	3.597005292864101	4.869356782682484e6	419870.30406735686	1.712837987166065e8	853002.6467252971
3.6326684833751277	3.7054213920176227	3.669044937696375	4.963886323260348e6	403312.1549140495	1.7624768503986683e8	827031.3999539355
3.705421392017622	3.779629358832967	3.7425253754252945	5.059121307884779e6	387320.92484015634	1.8130680634775162e8	801637.1906923362
3.7796293588329672	3.8553214849846187	3.817475421908793	5.154234787763962e6	371823.5577309275	1.8646104113551557e8	776815.1732027438
3.855321484984619	3.932527453659304	3.8939244693219615	5.250377815085994e6	356895.0644883187	1.9171141895060158e8	752565.1148834535
3.9325274536593033	4.011277541707481	3.9719024976833923	5.344125489945075e6	342297.99178631	1.9705554444054663e8	728873.0852535764
4.011277541707481	4.091602631516623	4.051440086612052	5.436433155886399e6	328110.32804795296	2.0249197759643304e8	705730.4638731676
4.091602631516623	4.173534223121948	4.132568427319285	5.529023427226006e6	314436.4196892321	2.0802100102365905e8	683135.1551973635
4.173534223121948	4.257104446559379	4.215319334840663	5.624571884030314e6	301406.6698736453	2.1364557290768936e8	661092.7157722319
4.257104446559379	4.342346074465558	4.299725260512469	5.718324960883858e6	288743.0875519604	2.1936389786857322e8	639592.3299777483
4.342346074465559	4.429292534929862	4.38581930469771	5.815024693725705e6	276677.6635648266	2.2517892256229892e8	618637.203773478
4.4292925349298615	4.517977924603451	4.473635229766656	5.91069332961625e6	264997.10055957764	2.3108961589191517e8	598218.0429142774
4.51797792460345	4.608437022070511	4.5632074733369805	6.003285008048341e6	253613.39954755924	2.370929008999635e8	578321.0103085963
4.608437022070511	4.700705301486913	4.654571161778712	6.093750445069915e6	242576.54624638197	2.431866513450334e8	558935.9555391308
4.700705301486913	4.794818946491643	4.747762123989277	6.184001125191392e6	231961.00317436006	2.493706524702248e8	540057.6148541272
4.794818946491643	4.890814864396467	4.842816905444055	6.275184934418054e6	221795.93377225884	2.5564583740464285e8	521682.713249313
4.890814864396468	4.988730700659389	4.939772782527928	6.368195250785209e6	212092.54511739154	2.6201403265542805e8	503808.8127683868
4.988730700659389	5.088604853647568	5.038667777153478	6.461703906312381e6	202786.20733961978	2.6847573656174046e8	486429.8857958141
5.088604853647569	5.190476489695512	5.13954067167154	6.55461915102753e6	193830.21822172904	2.7503035571276796e8	469537.55753810145
5.190476489695511	5.294385558464413	5.242431024079962	6.651733975059751e6	185349.69990532886	2.816820896878277e8	453131.1612305822
5.294385558464413	5.400372808608692	5.347379183536552	6.74289372148594e6	177046.21495786117	2.884249834093136e8	437192.84056542965
5.400372808608693	5.508479803755858	5.454426306182276	6.831631515546562e6	169024.00937445572	2.9525661492486024e8	421711.78963292675
5.508479803755859	5.618748938805967	5.563614371280913	6.918108230784418e6	161285.47705503818	3.0217472315564466e8	406677.96568322886
5.618748938805966	5.731223456557077	5.6749861976815215	7.003040407952673e6	153843.37306202913	3.091777635635973e8	392082.6430989545
5.7312234565570765	5.845947464663209	5.788585460610143	7.091783822663199e6	146802.07653806653	3.162695473862605e8	377923.626313547
5.845947464663211	5.962965952931467	5.904456708797339	7.178097404870987e6	140013.81838254497	3.234476447911315e8	364190.3171860223
5.962965952931466	6.082324810965086	6.022645381948276	7.273353784817269e6	133684.60418275523	3.307209985759488e8	350884.62181724625
6.082324810965086	6.204070846159379	6.143197828562233	7.363707210960474e6	127534.770557685	3.380847057869092e8	337992.19366782584
6.20407084615938	6.328251802057558	6.266161324108468	7.451203984404183e6	121602.98429916656	3.455359097713134e8	325501.7473847204
6.328251802057558	6.4549163770737	6.3915840895656295	7.531885677250808e6	115826.373263054	3.5306779544856423e8	313399.020927429
6.454916377073701	6.584114243590166	6.519515310331934	7.605231764631534e6	110205.2833561194	3.6067302721319574e8	301670.5964999737
6.584114243590165	6.71589606743696	6.650005155513563	7.693806660351215e6	105055.23885018962	3.6836683387354696e8	290322.0436946546
6.715896067436961	6.850313527760691	6.783104797598826	7.787691952916574e6	100200.97540150458	3.761545258264635e8	279348.4947472615
6.85031352776069	6.987419337290895	6.9188664325257925	7.873015813452223e6	95453.37695940072	3.8402754163991576e8	268734.44805042836
6.987419337290895	7.127267263011704	7.057343300151299	7.949684194729971e6	90821.21014982052	3.9197722583464575e8	258465.80369678867
7.127267263011705	7.269912147246929	7.198589705129317	8.029404188520022e6	86438.69523363838	4.0000663002316576e8	248537.0231970491
7.269912147246929	7.4154099291668585	7.342661038206893	8.111144128496161e6	82280.08112809126	4.0811777415166193e8	238941.4020268977
7.415409929166858	7.5638176667251855	7.489613797946022	8.193116703983306e6	78315.85164054495	4.1631089085564524e8	229670.91966511268
7.5638176667251855	7.71519355903468	7.639505612879933	8.269005720728127e6	74480.39891568205	4.2457989657637334e8	220714.232594484
7.715193559034678	7.869596969190362	7.79239526411252	8.345126235116183e6	70828.81925454672	4.329250228114895e8	212063.8324784776
7.869596969190363	8.027088447549161	7.948342708369762	8.425003457087709e6	67380.74161241653	4.413500262685772e8	203713.77769523356
8.027088447549161	8.187729755475134	8.107409101512147	8.503609644664817e6	64085.21351290665	4.4985363591324204e8	195655.52942909865
8.187729755475134	8.351583889559627	8.26965682251738	8.580376390282312e6	60932.62513545284	4.584340123035244e8	187880.4876055186
8.351583889559627	8.51871510632581	8.435149497942719	8.657257778159423e6	57931.28132068612	4.670912700816838e8	180381.02827869795
8.51871510632581	8.689188947427317	8.603952026876563	8.73246795473242e6	55062.917913099525	4.7582373803641623e8	173148.91393965494
8.689188947427317	8.863072265350853	8.776130606389085	8.805842513975684e6	52321.81115130804	4.846295805503919e8	166176.0526346395
8.863072265350853	9.04043324963286	8.951752757491857	8.87903151419614e6	49712.691724478864	4.9350861206458807e8	159455.09285663738
9.04043324963286	9.221341453600507	9.130887351616684	8.950087836417412e6	47219.24026319712	5.024586999010055e8	152978.1660081795
9.221341453600507	9.405867821647508	9.313604637624007	9.018731289797857e6	44836.050233697046	5.1147743119080335e8	146737.54600214088
9.405867821647508	9.594084717055448	9.499976269351478	9.09073364016302e6	42586.42821781915	5.2056816483096635e8	140727.29796544972
9.594084717055447	9.786065950371546	9.690075333713496	9.161053252176354e6	40439.73061394443	5.297292180831427e8	134940.06151749892
9.786065950371546	9.981886808353966	9.883976379362757	9.229689629692929e6	38391.99505289421	5.389589077128357e8	129368.67273819711
9.981886808353966	10.181624083496034	10.081755445925001	9.298159718264434e6	36445.29711144818	5.482570674311001e8	124006.5012326477
10.181624083496034	10.385356104140945	10.28349009381849	9.365250069460738e6	34590.349399370374	5.576223175005609e8	118846.76361498449
10.385356104140945	10.593162765198754	10.48925943466985	9.430093255578524e6	32820.31919475161	5.670524107561394e8	113882.67397604122
10.593162765198754	10.805125559477718	10.699144162338236	9.49446625018369e6	31137.86074367328	5.765468770063231e8	109107.99145149927
10.805125559477718	11.021327609642261	10.91322658455999	9.558176452097693e6	29538.254176296297	5.861050534584208e8	104516.56323123623
11.021327609642261	11.241853700810095	11.131590655226178	9.621344710076686e6	28018.00911424077	5.957263981684974e8	100102.39041070099
11.241853700810095	11.466790313801287	11.35432200730569	9.685482630819023e6	26577.531070220357	6.054118807993164e8	95859.843897292
11.466790313801285	11.696225659052299	11.581507986426793	9.750445763017906e6	25212.148617420913	6.151623265623343e8	91783.35010229802
11.6962256590523	11.930249711208337	11.813237685130318	9.813023753518973e6	23910.045571247552	6.249753503158532e8	87866.97546682571
11.930249711208337	12.168954244407493	12.049601977807914	9.867370574526835e6	22655.377449850042	6.3484272089038e8	84104.21480013069
12.168954244407491	12.41243286827063	12.290693556339061	9.927366045635568e6	21478.12420719489	6.447700869360156e8	80490.66835831176
12.41243286827063	12.660781064611031	12.53660696644083	9.991282214481879e6	20369.3011288185	6.547613691504974e8	77021.67202999495
12.66078106461103	12.914096224878238	12.787438644744633	1.0053235718179211e7	19313.16681296111	6.648146048686767e8	73691.9227349259
12.91409622487824	13.172477688350792	13.043286956614516	1.010151793105239e7	18286.353939943972	6.749161227997291e8	70495.07529659955
13.172477688350792	13.436026781092796	13.304252234721794	1.015203526259575e7	17317.55542650543	6.850681580623249e8	67426.80639672388
13.436026781092798	13.704846855689642	13.570436818391219	1.0216508270218177e7	16422.11440898358	6.95284666332543e8	64483.92759459129
13.70484685568964	13.97904333177842	13.84194509373403	1.0272314355722442e7	15559.230785712554	7.055569806882654e8	61661.08046913211
13.979043331778422	14.258723737388978	14.1188835345837	1.0320133127689997e7	14729.855357794457	7.158771138159556e8	58953.270794879216
14.258723737388976	14.543997751111744	14.401360744250361	1.038009939010206e7	13960.73154266338	7.262572132060577e8	56357.33567029315
14.543997751111744	14.834977245108966	14.689487498110356	1.0432560582740564e7	13221.81811486238	7.366897737887982e8	53868.56152026309
14.834977245108968	15.131776328986135	14.98337678704755	1.047355187394329e7	12508.002684583658	7.471633256627415e8	51482.211901012495
15.131776328986136	15.434511394540847	15.283143861763492	1.0530193919634975e7	11850.158918170391	7.576935195823765e8	49195.60506304245
15.434511394540843	15.743301161406647	15.588906277973745	1.0581225420084424e7	11220.642119270466	7.68274745002461e8	47004.619100296855
15.743301161406647	16.058266723609766	15.900783942508205	1.0626948621483827e7	10619.018382844784	7.789016936239448e8	44905.34500393443
16.05826672360977	16.37953159705695	16.218899160333358	1.068534930310821e7	10061.405897319228	7.89587042927053e8	42895.029340639005
16.37953159705695	16.707221767973074	16.54337668251501	1.0724143771607447e7	9515.395239936304	8.003111866986604e8	40969.20777487249
16.707221767973074	17.041465742307523	16.8743437551403	1.0768053326498445e7	9003.17648355731	8.110792400251588e8	39124.95388732239
17.041465742307526	17.382394596128663	17.211930169218093	1.0816724548002476e7	8522.142618363312	8.218959645731612e8	37359.359768893766
17.382394596128663	17.730142027026222	17.55626831157744	1.08599483282661e7	8062.604313898524	8.327559129014274e8	35669.126345494355
17.730142027026222	18.084844406541734	17.907493216783976	1.0910625518304754e7	7632.9408055358	8.436665384197321e8	34051.628385210104
18.08484440654173	18.44664083364755	18.265742620094642	1.094836980225095e7	7217.494375326813	8.546149082219831e8	32503.488843266892
18.446640833647553	18.81567318929549	18.631157011471522	1.0999222627080252e7	6832.723282934911	8.656141308490633e8	31022.475104259913
18.81567318929549	19.192086192056387	19.003879690675937	1.1035381796110116e7	6459.72662202316	8.766495126451734e8	29605.392978787262
19.192086192056387	19.5760274548725	19.38405682346444	1.1079415072805453e7	6111.370775067824	8.87728927717979e8	28249.974915522704
19.5760274548725	19.967647542944935	19.771837498908717	1.1112880117061932e7	5776.217547738957	8.988418078350409e8	26953.42434750575
19.967647542944935	20.36710003277882	20.167373787861877	1.1159563431719072e7	5465.870212635034	9.1000137126676e8	25713.775516486632
20.367100032778815	20.774541572409376	20.570820802594096	1.1196777548388481e7	5167.737460985765	9.211981488151485e8	24528.44971017804
20.77454157240938	21.19013194283255	20.982336757620963	1.1240764467260793e7	4888.7587262896495	9.324389132824093e8	23395.417380847666
21.19013194283255	21.614034120664186	21.40208303174837	1.1271994985763507e7	4619.542726065494	9.437109082681729e8	22312.224321686244
21.61403412066419	22.046414342052458	21.830224231358322	1.1319364952478345e7	4371.352090050373	9.550302732206511e8	21277.20770464121
22.046414342052458	22.48744216786849	22.266928254960476	1.1348473846066395e7	4129.778783660125	9.663787470667175e8	20287.969465004022
22.48744216786849	22.937290550200846	22.712366359034668	1.1385578645337854e7	3904.2724243265825	9.777643257120553e8	19342.795074802336
22.937290550200842	23.396135900179843	23.166713225190342	1.1421156318577735e7	3690.5477969477492	9.891854820306331e8	18439.8217385464
23.396135900179846	23.86415815715843	23.630147028669136	1.1458145593742937e7	3488.9192746567664	1.000643627624376e9	17577.312295698972
23.86415815715842	24.341540859276574	24.102849508217496	1.1495684465252917e7	3298.4303443702825	1.0121393120896289e9	16753.57465322579
24.341540859276574	24.828471215437087	24.58500603735683	1.1517065473505864e7	3113.9403303258814	1.0236563775631348e9	15966.717803717378
24.82847121543709	25.325140178720815	25.076805697078953	1.1560325443328364e7	2945.3339812775325	1.0352167030064632e9	15215.53010088083
25.32514017872082	25.83174252127022	25.57844134999552	1.1591726166089974e7	2782.971158087406	1.0468084291725532e9	14498.313694152172
25.831742521270215	26.348476910670602	26.090109715970407	1.161722387475537e7	2628.2043028391795	1.0584256530473086e9	13813.546727255853
26.348476910670605	26.875545987859	26.612011449264802	1.1660799913006019e7	2485.8867677574476	1.0700864529603144e9	13160.075142875827
26.875545987858995	27.413156446591156	27.144351217225076	1.1683797282452527e7	2347.1092885497474	1.0817702502427669e9	12536.297522130802
27.41315644659116	27.961519114497964	27.68733778054456	1.1708802695137333e7	2216.451072567298	1.0934790529379041e9	11940.969016703833
27.961519114497964	28.520849035762904	28.241184075130434	1.1751467445133626e7	2096.207093256635	1.1052305203830378e9	11373.049001623978
28.52084903576291	29.09136555545315	28.80610729560803	1.1773573993230445e7	1979.0049723911134	1.1170040943762681e9	10831.131606962046
29.091365555453145	29.67329240553719	29.382328980495167	1.1795175777174367e7	1868.2695153388481	1.1287992701534426e9	10314.089650731334
29.67329240553719	30.266857792622915	29.970075099080052	1.1834361271853415e7	1766.3490663588857	1.140633631425296e9	9820.996460160679
30.266857792622922	30.87229448745036	30.56957614003664	1.1857174537212903e7	1667.6679384658692	1.152490805962509e9	9350.657190006728
30.872294487450354	31.48983991617434	31.181067201812347	1.187961910758925e7	1574.4453655644859	1.1643704250700982e9	8902.073957849516
31.489839916174343	32.11973625347281	31.804788084823578	1.190732250614671e7	1487.0855772681118	1.1762777475762448e9	8474.329777942043
32.11973625347281	32.762230517517246	32.44098338549503	1.1935398361470021e7	1404.6094422247827	1.1882131459377148e9	8066.504092231226
32.762230517517246	33.41757466684257	33.08990259217991	1.196526550586034e7	1326.8990301006559	1.2001784114435751e9	7677.722655353965
33.41757466684257	34.0860256991544	33.75180018299848	1.1981800142428108e7	1252.0870712595352	1.2121602115860033e9	7307.053949846259
34.086025699154405	34.76784575211247	34.42693572563344	1.2003627353903411e7	1182.0121422495745	1.2241638389399066e9	6953.726264726879
34.767845752112464	35.46330220612969	35.11557397912108	1.2033470940201983e7	1116.5993470258902	1.2361973098801086e9	6617.008094990355
35.4633022061297	36.17266778922727	35.81798499767848	1.2057135829512604e7	1054.2598818578645	1.2482544457096212e9	6296.11849109922
36.17266778922727	36.89622068398679	36.53444423660703	1.2081687908203492e7	995.4701874370822	1.260336133617825e9	5990.34904564367
36.8962206839868	37.63424463664151	37.265232660314155	1.2096264633937728e7	939.1805489023612	1.2724323982517629e9	5698.971671166497
37.634244636641505	38.387029068349314	38.01063685249541	1.2116825304239262e7	886.5104648771343	1.2845492235560021e9	5421.364866390258
38.387029068349314	39.15486918869128	38.7709491285203	1.2144285133755729e7	837.2674937440792	1.2966935086897578e9	5156.9318873835955
39.15486918869128	39.93806611144008	39.54646765006568	1.2162426144820707e7	790.1504460306326	1.3088559348345785e9	4905.035361154715
39.93806611144008	40.73692697264386	40.33749654204197	1.2181925321726287e7	745.7664603483274	1.3210378601563048e9	4665.109710571456
40.736926972643865	41.55176505107172	41.14434601185779	1.2199795514279762e7	703.7798846295819	1.3332376556705847e9	4436.602627598758
41.55176505107172	42.38289989106813	41.96733247106992	1.2222087066739712e7	664.3961332139482	1.3454597427373245e9	4219.005518590063
42.38289989106812	43.23065742786446	42.80677865946629	1.22351013819423e7	626.7390578063396	1.3576948441192667e9	4011.7885930190364
43.23065742786446	44.09537011539672	43.66301377163059	1.225401442906404e7	591.5004509574858	1.3699488585483308e9	3814.4925313825793
44.09537011539672	44.97737705667963	44.536373586038174	1.2271889828894865e7	558.1946682684829	1.3822207483772256e9	3626.6565001836743
44.977377056679636	45.8770241367882	45.42720059673392	1.228684358405925e7	526.6379448459526	1.3945075919612849e9	3447.835652677669
45.8770241367882	46.79466415849894	46.33584414764357	1.2306034243335336e7	497.03566841612263	1.4068136262046201e9	3277.6226541671035
46.79466415849895	47.7306569806439	47.26266056957142	1.2318361596169395e7	468.8350158618588	1.4191319878007896e9	3115.601781421867
47.73065698064389	48.685369659231746	48.20801331993782	1.2335322744215576e7	442.40018540964735	1.431467310545005e9	2961.402303446525
48.685369659231746	49.65917659139136	49.17227312531155	1.2348735180650469e7	417.3351715771375	1.4438160457256556e9	2814.652034613913
49.65917659139135	50.65245966219415	50.15581812679275	1.2363902681438267e7	393.7457224951976	1.4561799484070938e9	2675.0063612350996
50.652459662194154	51.665608394413006	51.15903402830358	1.2378042473520163e7	371.45827207032454	1.468557990880614e9	2542.130539091803
51.66560839441301	52.69902010127625	52.18231424784463	1.2391572790681416e7	350.4147074301235	1.4809495636712954e9	2415.7057836504014
52.69902010127624	53.753100042276735	53.22606007177649	1.240189058363162e7	330.47731183533733	1.493351454254927e9	2295.423757467549
53.753100042276735	54.82826158209724	54.29068081218699	1.2417595147633508e7	311.80935619483625	1.5057690494025605e9	2181.0033292186768
54.82826158209724	55.92492635271416	55.3765939674057	1.242582559040961e7	294.01861209657454	1.51819487499297e9	2072.156961402357
55.92492635271416	57.04352441874341	56.484225385728784	1.2441109589702815e7	277.4001166757737	1.5306359845826728e9	1968.63072309537
57.04352441874342	58.184494446093254	57.614009432418335	1.2445856154910233e7	261.4991521465346	1.5430818407375832e9	1870.1591034010721
58.184494446093254	59.348283873990084	58.76638916004167	1.2458993719003139e7	246.67576758701958	1.5555408344565864e9	1776.512677133755
59.348283873990084	60.53534909044485	59.94181648221747	1.2455265862858895e7	232.37776263881162	1.5679961003194454e9	1687.4434023538786
60.535349090444846	61.74615561122871	61.14075235083678	1.2408027193231836e7	218.14354729832607	1.5804041275126772e9	1602.6909208905645
61.74615561122872	62.981178262428266	62.363666936828494	1.2148729767105136e7	201.26516085094906	1.5925528572797823e9	1521.8536933302278
62.98117826242826	64.2409013666518	63.61103981454003	1.1308947094089676e7	176.54606039551985	1.603861804373872e9	1444.25359692603
64.2409013666518	65.5258189329598	64.8833601498058	2.396821003108829e7	352.5896927196915	1.6278300144049604e9	1381.2842834491137
