-0.0	9.953897499377266e-5	4.976948749688633e-5	1.651452413571211	3.997587348162813e11	1.651452413571211	3.997587348162813e11
9.953897499377267e-5	0.00020106872948742077	0.0001503038522405967	5.086645843590419	1.7001232706034335e11	6.73809825716163	1.9788602704655344e11
0.00020106872948742055	0.00030462907907094163	0.0002528489042791811	8.727221240869559	1.0344783305164256e11	15.465319498031189	1.3060392069508498e11
0.0003046290790709412	0.0004102606356461327	0.000357444857358537	12.582761151663684	7.36554908504073e10	28.048080649694874	9.696946343160733e10
0.00041026063564613286	0.0005180048233528282	0.0004641327294994805	16.66325810601048	5.6875582843064926e10	44.711338755705356	7.679406437722653e10
0.0005180048233528283	0.0006279038948136575	0.0005729543590832428	20.979131464763398	4.613325184233086e10	65.69047022046875	6.334819289529669e10
0.0006279038948136577	0.0007400009477037035	0.0006839524212586805	25.541244942418032	3.867364823123731e10	91.23171516288679	5.374776413304947e10
0.0007400009477037043	0.0008543399416515511	0.0007971704446776277	30.360924832317245	3.319437405606638e10	121.59263999520402	4.6550735407079544e10
0.0008543399416515504	0.0009709657154783541	0.0009126528285649522	35.44997896180985	2.9000786879040108e10	157.04261895701387	4.0955971665233444e10
0.0009709657154783539	0.0010899240047816936	0.0010304448601300238	40.820716406036766	2.568883874910895e10	197.86333536305062	3.648279167142367e10
0.0010899240047816938	0.0012112614598711003	0.0011505927323263972	46.48596799007627	2.300761393882458e10	244.34930335312688	3.2825307180596558e10
0.0012112614598711003	0.001335025664062295	0.0012731435619666976	52.459107610347104	2.0793105122578484e10	296.808410963474	2.9779592526262844e10
0.0013350256640622957	0.0014612651523373142	0.001398145408199805	58.75407440733851	1.893360327255914e10	355.5624853708125	2.7204468244596287e10
0.0014612651523373138	0.0015900294303778327	0.0015256472913575733	65.38539582295914	1.7350399787192047e10	420.94788119377165	2.4999091716816177e10
0.0015900294303778334	0.0017213689939791627	0.001655699212178498	72.36821157706811	1.5986443119298859e10	493.31609277083976	2.3089511554653572e10
0.001721368993979162	0.001855335348852518	0.0017883521714158399	79.7182985990693	1.4799371807809484e10	573.034391369909	2.142026409130301e10
0.0018553353488525175	0.0019919810308233407	0.0019236581898379292	87.45209695181416	1.375707363103157e10	660.4864883217232	1.9948935816776012e10
0.001991981030823341	0.0021313596264335806	0.002061670328628461	95.5867367864625	1.2834763467090883e10	756.0732251081857	1.864253833483425e10
0.0021313596264335806	0.002273525793956025	0.002202442710194803	104.14006636843814	1.2013006739364895e10	860.2132914766239	1.747502807039322e10
0.002273525793956025	0.002418535284828918	0.0023460305393924715	113.13068121608723	1.1276349807521776e10	973.3439726927111	1.6425570064731304e10
0.002418535284828918	0.0025664449655192693	0.0024924901251740937	122.57795439532573	1.0612350493225927e10	1095.921927088037	1.547729782923651e10
0.0025664449655192698	0.0027173128398234278	0.0026418789026713485	132.50206801501272	1.0010878712999897e10	1228.4239951030497	1.4616411420881887e10
0.002717312839823427	0.0028711980716136683	0.002794255455718548	142.92404596969632	9.463603330622446e9	1371.3480410727461	1.3831510802382557e10
0.0028711980716136687	0.003028161008039715	0.002949679539826692	153.8657879779459	8.963609847135162e9	1525.213829050692	1.3113095862334707e10
0.003028161008039715	0.003188263203194282	0.0031082121056169986	165.350104966387	8.5051116004574585e9	1690.5639340170792	1.2453186430541674e10
0.0031882632031942815	0.0033515674422519397	0.0032699153227231104	177.4007558514164	8.083228839530717e9	1867.9646898684955	1.1845029982129988e10
0.0033515674422519397	0.0035181377660907513	0.0034348526041713453	190.04248577253293	7.693817765948254e9	2058.0071756410284	1.1282874296324793e10
0.0035181377660907513	0.003688039496406339	0.003603088631248545	203.3010658331875	7.333336838586457e9	2261.3082414742157	1.0761788831219282e10
0.0036880394964063394	0.003861339261328239	0.0037746893788672894	217.20333440719807	6.998741198631005e9	2478.5115758814136	1.0277523055504927e10
0.0038613392613282382	0.004038105021548576	0.003949722141438407	231.77724007088395	6.687398548960762e9	2710.2888159522977	9.826393113871397e9
0.0040381050215485765	0.004218406096973321	0.004128255559260949	247.05188622336328	6.397021568491616e9	2957.340702175661	9.405190428150469e9
0.004218406096973321	0.00440231319390656	0.004310359645439941	263.057577459736	6.125613190228966e9	3220.398279635397	9.011107435759893e9
0.004402313193906559	0.004589898432778463	0.004496105813342511	279.8258677642038	5.871421974636797e9	3500.224147399601	8.64167683026168e9
0.0045898984327784635	0.004781235376427806	0.004685566904603134	297.3896105928831	5.632905470475291e9	3797.613757992484	8.294721524188004e9
0.004781235376427805	0.004976399058950133	0.004878817217688969	315.7830109182501	5.408699943626954e9	4113.396768910734	7.968313189680531e9
0.004976399058950135	0.005175466015122911	0.005075932537036523	335.04167931030634	5.197595219115122e9	4448.438448221041	7.66073770903501e9
0.005175466015122909	0.00537851431041914	0.005276990162771025	355.20268813170156	4.998513656331425e9	4803.641136352742	7.370466227871402e9
0.005378514310419141	0.005585623571621297	0.005482068941020219	376.30462992758464	4.810492486418421e9	5179.945766280327	7.09613077886671e9
0.005585623571621295	0.005796875018047494	0.0056912492948343945	398.3876780931547	4.632668900858e9	5578.333444373482	6.836503655692998e9
0.005796875018047494	0.006012351493402217	0.005904613255724856	421.49364990552704	4.464267403983226e9	5999.8270942790095	6.590479880874195e9
0.006012351493402217	0.006232137498264034	0.006122244495833125	445.66607200932015	4.304589038323652e9	6445.49316628833	6.357062239331684e9
0.0062321374982640355	0.006456319223223089	0.006344228360743562	470.9502484486925	4.153002167043595e9	6916.443414737023	6.135348450003439e9
0.006456319223223088	0.006684984582681322	0.006570651902952205	497.3933313420746	4.0089345571351166e9	7413.836746079098	5.924520127478167e9
0.006684984582681323	0.006918223249328722	0.0068016039160050225	525.044394298959	3.871866554143805e9	7938.881140378056	5.723833248868963e9
0.006918223249328722	0.0071561266893090695	0.007037174969318896	553.9545086820157	3.7413251768017416e9	8492.835649060073	5.532609891777982e9
0.0071561266893090695	0.007398788198089023	0.0072774574436990465	584.1768228214341	3.616878990103756e9	9077.012471881506	5.350231049924974e9
0.0073987881980890225	0.007646302937044575	0.007522545567566799	615.7666442920288	3.4981336396881557e9	9692.779116173535	5.176130365936359e9
0.007646302937044576	0.007898767970779241	0.007772535453911909	648.7815253677423	3.3847279501047115e9	10341.560641541277	5.009788647541956e9
0.007898767970779241	0.0081562823051886	0.00802752513798392	683.2813517724376	3.2763305056156015e9	11024.841993313714	4.850729055263952e9
0.0081562823051886	0.008418946926286143	0.008287614615737371	719.3284348495117	3.1726366453145003e9	11744.170428163225	4.698512867588782e9
0.008418946926286143	0.008686864839805639	0.008552905883045891	756.987607277963	3.0733658151556997e9	12501.158035441187	4.552735744359489e9
0.008686864839805639	0.008960141111595524	0.008823502975700582	796.3263224662303	2.9782592283954244e9	13297.484357907417	4.413024421320157e9
0.008960141111595524	0.009238882908821208	0.009099512010208366	837.4147577605763	2.887077793338403e9	14134.899115667993	4.279033778867619e9
0.009238882908821208	0.009523199541991404	0.009381041225406306	880.3259216087356	2.799600273424721e9	15015.225037276728	4.1504442365018964e9
0.009523199541991404	0.009813202507825006	0.009668201024908205	893.2872172008599	2.6221341761668453e9	15908.512254477588	4.0189136406632543e9
0.009813202507825006	0.01010900553297528	0.009961104020400142	882.1410453243554	2.3915457340369434e9	16790.653299801943	3.880196165815365e9
0.01010900553297528	0.010410724618628558	0.010259865075801919	1142.4015003762033	2.862144270824887e9	17933.054800178146	3.794222454558438e9
0.010410724618628556	0.0107184780859949	0.010564601352311728	1071.7634712222336	2.4828426319928527e9	19004.81827140038	3.6844760573964257e9
0.0107184780859949	0.011032386622708572	0.010875432354351736	1124.9905242318614	2.4110857714447155e9	20129.80879563224	3.5788427911892242e9
0.01103238662270857	0.011352573330156514	0.011192479976432542	1180.5443470473328	2.341999912152976e9	21310.353142679574	3.477115282741803e9
0.011352573330156516	0.01167916377175342	0.011515868550954968	1238.5211306438707	2.2754514905017085e9	22548.874273323447	3.379099737496475e9
0.01167916377175342	0.01201228602218226	0.011845724896967839	1299.0209154321667	2.211315615765323e9	23847.895188755614	3.2846148448867297e9
0.01201228602218226	0.012352070717619679	0.01218217836990097	1362.1477412345341	2.149475376676961e9	25210.042929990148	3.1934907879452677e9
0.012352070717619679	0.012698651106965846	0.012525360912292761	1428.0098029249752	2.0898212135069385e9	26638.052732915123	3.105568345763407e9
0.012698651106965846	0.013052163104098936	0.01287540710553239	1496.7196119367595	2.0322503485416155e9	28134.77234485188	3.0206980788022184e9
0.013052163104098935	0.013412745341174686	0.01323245422263681	1568.394163848914	1.9766662687235825e9	29703.166508700797	2.9387395882679596e9
0.013412745341174686	0.013780539222991953	0.01359664228208332	1643.1551122695782	1.922978254963111e9	31346.321620970375	2.859560841813571e9
0.013780539222991953	0.014155688982445565	0.013968114102718759	1721.1289492413725	1.8711009532819495e9	33067.450570211746	2.7830375587384176e9
0.014155688982445565	0.01453834173708825	0.014347015359766908	1802.4471924015756	1.8209539835153675e9	34869.89776261332	2.7090526486500454e9
0.01453834173708825	0.014928647546823787	0.01473349464195602	1887.2465791370983	1.7724615817900302e9	36757.14434175042	2.6374956982416015e9
0.014928647546823789	0.015326759472754038	0.015127703509788913	1975.669267982406	1.7255522734248996e9	38732.813609732824	2.568262501440991e9
0.01532675947275404	0.015732833637202893	0.015529796554978466	2067.863047516303	1.6801585732769182e9	40800.676657249125	2.501254628714911e9
0.015732833637202886	0.016147029284940717	0.015939931461071803	2163.9815530217807	1.6362167108820403e9	42964.65821027091	2.4363790317730527e9
0.01614702928494072	0.016569508845633307	0.016358269065287014	2264.1844911812773	1.5936663780303698e9	45228.84270145219	2.3735476803236294e9
0.01656950884563331	0.01700043799753975	0.01678497342158653	2368.6378730899896	1.5524504966685922e9	47597.480574542176	2.312677227888755e9
0.017000437997539745	0.017439985732484314	0.01722021186501203	2477.51425587459	1.512515005243528e9	50074.99483041676	2.253688704002813e9
0.01743998573248431	0.01788832442212777	0.01766415507730604	2590.9929932193763	1.4738086618014123e9	52665.98782363614	2.196507230395346e9
0.017888324422127774	0.018345629885564103	0.01811697715384594	2709.2604951070834	1.436282862328763e9	55375.24831874322	2.141061759005864e9
0.018345629885564103	0.01881208145826916	0.01857885567191663	2832.510497091328	1.3998914729754825e9	58207.75881583455	2.0872848298959477e9
0.018812081458269157	0.019287862062428312	0.019049971760348734	2960.944339430839	1.364590674939137e9	61168.70315526539	2.0351123473175375e9
0.019287862062428312	0.01977315827867065	0.01953051017054948	3094.77125642016	1.330338820908019e9	64263.47441168555	1.9844833723682158e9
0.01977315827867065	0.02026816041923784	0.020020659348954244	3234.2086762670406	1.2970963020717077e9	67497.6830879526	1.9353399308174427e9
0.020268160419237836	0.020773062602616365	0.0205206115109271	3379.482531873683	1.2648254248017166e9	70877.16561982628	1.8876268348241317e9
0.020773062602616372	0.02128806282966247	0.02103056271613942	3530.8275828895385	1.2334902961914067e9	74407.99320271582	1.8412915173878217e9
0.02128806282966247	0.021813363061249494	0.021550712945455984	3662.342113835083	1.1945289186177194e9	78070.3353165509	1.7956825071666565e9
0.021813363061249494	0.022349169297468257	0.022081266179358877	3631.23545409675	1.1060315795150156e9	81701.57077064765	1.7472604270162146e9
0.022349169297468253	0.02289569165841139	0.022622430477939822	4271.403637878795	1.21521512750266e9	85972.97440852645	1.7100627221553721e9
0.022895691658411394	0.023453144466573397	0.023174418062492395	4201.942898156893	1.1168466849052908e9	90174.91730668335	1.6687600999572318e9
0.023453144466573393	0.024021746330898635	0.023737445398736012	4387.498302275769	1.0897078892081497e9	94562.41560895911	1.6286067067677517e9
0.024021746330898635	0.02460172023251038	0.02431173328170451	4580.738374744057	1.0633218351186757e9	99143.15398370317	1.589562816530091e9
0.024601720232510383	0.025193293612154364	0.024897506922332373	4781.969709375138	1.0376626358985641e9	103925.12369307832	1.5515904447448087e9
0.025193293612154357	0.025796698459391216	0.025494996035772786	4991.510756887473	1.0127055335110079e9	108916.63444996579	1.5146532540915442e9
0.02579669845939122	0.026412171403572816	0.02610443493148202	5209.692266857279	9.884268377971156e8	114126.32671682307	1.4787164661380446e9
0.02641217140357282	0.02703995380663805	0.026726062605105433	5436.857745261659	9.648038695544698e8	119563.18446208473	1.4437467786832216e9
0.02703995380663805	0.027680291857764584	0.027360122832201315	5673.36392810582	9.418149072276307e8	125236.54839019055	1.409712288318928e9
0.02768029185776458	0.028333436669913645	0.028006864263839113	5919.581271651736	9.194391369470595e8	131156.12966184228	1.3765824178299217e9
0.028333436669913645	0.02899964437830569	0.02866654052410967	6175.894459768113	8.976566056726013e8	137332.0241216104	1.344327848082762e9
0.02899964437830569	0.02967917624086558	0.029339410309585635	6442.702928941784	8.764481772191316e8	143774.72705055214	1.3129204540829475e9
0.029679176240865576	0.03037229874067666	0.03002573749077112	6720.421411500487	8.557954909593673e8	150495.14846205263	1.2823332449055002e9
0.03037229874067666	0.031079283690483968	0.030725791215580313	7009.48049761111	8.356809230153846e8	157504.62895966374	1.2525403072277858e9
0.03107928369048397	0.03180040833928743	0.0314398460148857	7310.327216629781	8.160875497655022e8	164814.95617629352	1.2235167522148561e9
0.03180040833928742	0.03253595548106694	0.03216818191017718	7623.425638398645	7.969991135071996e8	172438.38181469217	1.1952386655271897e9
0.03253595548106694	0.03328621356568205	0.0329110845233745	7949.257495087308	7.783999901280286e8	180387.63930977948	1.1676830602385404e9
0.03328621356568206	0.03405147681198947	0.03366884518883577	8288.322824202718	7.602751586495059e8	188675.9621339822	1.1408278324680068e9
0.034051476811989466	0.03483204532322303	0.03444176106760625	8641.140633394636	7.426101725179363e8	197317.1027673768	1.1146517195452979e9
0.03483204532322304	0.03562822520468127	0.035230135263952155	9008.249587703709	7.253911325265365e8	206325.3523550805	1.0891342605418584e9
0.035628225204681264	0.03644032868376866	0.036034276944224966	9390.20871990821	7.086046612614222e8	215715.5610749887	1.0642557590130509e9
0.03644032868376867	0.037268674232437814	0.03685450145810324	9787.5981646422	6.922378789723698e8	225503.1592396309	1.0399972478080113e9
0.037268674232437814	0.03811358669208034	0.03769113046225908	10201.019916967423	6.762783807762929e8	235704.17915659834	1.0163404558143803e9
0.03811358669208034	0.03897539740091572	0.03854449204649803	10631.098616097988	6.607142151082772e8	246335.27777269634	9.932677765147119e8
0.03897539740091572	0.039854444323927804	0.039414920862421765	11078.482354983189	6.455338633409445e8	257413.76012767953	9.707622382402819e8
0.039854444323927804	0.04075107218540013	0.040302758254663965	11543.843516479668	6.307262204992938e8	268957.6036441592	9.488074760161866e8
0.04075107218540014	0.041665632604101915	0.04120835239475103	12027.8796368334	6.162805770020278e8	280985.4832809926	9.2738770489909e8
0.041665632604101915	0.04259848423117773	0.042132058417639826	12531.314297230496	6.021866013667991e8	293516.79757822317	9.064876947159619e8
0.04259848423117773	0.04354999289079506	0.0430742385609864	13054.898044164813	5.884343238199514e8	306571.695622388	8.860927461184728e8
0.04354999289079506	0.044520531723604734	0.044035262307199896	13599.409339396934	5.750141207562002e8	320171.1049617849	8.661886678736482e8
0.044520531723604734	0.045510481333070604	0.04501550652833767	14165.655540275431	5.619166999968741e8	334336.76050206035	8.467617553167652e8
0.0455104813330706	0.046520229934725786	0.04601535563389819	14754.473911216468	5.49133086799452e8	349091.23441327683	8.277987698975346e8
0.04652022993472578	0.04755017350841407	0.04703520172156993	15366.73266713255	5.3665461057374406e8	364457.9670804094	8.092869197552253e8
0.047550173508414076	0.04860071595357613	0.04807544473099511	16003.332049622048	5.2447289226351047e8	380461.29913003143	7.912138412626927e8
0.04860071595357613	0.049672269247641426	0.049136492600608775	16665.20543672385	5.1257983235457623e8	397126.50456675526	7.735675814832298e8
0.04967226924764143	0.05076525360758803	0.050218761427614736	17353.320487065987	5.009675994736197e8	414479.82505382126	7.56336581487844e8
0.05076525360758803	0.051880097654733566	0.0513226756311608	18068.680319233565	4.896286195438051e8	432548.5053730548	7.395096604839904e8
0.05188009765473356	0.05301723858282201	0.05244866811877778	18812.324727174884	4.785555654654264e8	451360.8301002297	7.230760007099111e8
0.053017238582822	0.054177122329472215	0.05359718045614711	19585.33143249897	4.6774134729247266e8	470946.1615327287	7.070251330517149e8
0.05417712232947222	0.05536020375105544	0.05476866304026383	20388.81737448046	4.5717910287695056e8	491334.9789072092	6.913469233430079e8
0.05536020375105543	0.056566946801070314	0.05596357527606287	21223.940038628207	4.4686218895553714e8	512558.9189458374	6.760315593094627e8
0.05656694680107032	0.0577978247120855	0.057182385756577914	22091.898824645483	4.367841726540104e8	534650.8177704829	6.61069538123027e8
0.0577978247120855	0.059053320181320985	0.05842557244670324	22993.93645460905	4.2693882338649523e8	557644.7542250919	6.464516545326838e8
0.05905332018132098	0.06033392555994117	0.059693622870631076	23931.34042222675	4.1732010512882787e8	581576.0946473186	6.321689895407162e8
0.06033392555994118	0.06164014304613378	0.06098703430303748	24905.44448396541	4.0792216904514664e8	606481.539131284	6.18212899595306e8
0.061640143046133786	0.06297248488205023	0.06230631396409201	25736.380068713144	3.959508370247535e8	632217.9191999971	6.04401730752005e8
0.06297248488205023	0.064331473554685	0.06365197921836763	25419.97882777705	3.6737463034618545e8	657637.8980277742	5.896953800318936e8
0.064331473554685	0.06571764200077249	0.06502455777772875	29792.621028620975	4.0449352932376015e8	687430.5190563952	5.782215627396408e8
0.06571764200077247	0.0671315338157817	0.06642458790827709	29197.243118257502	3.7242743592109066e8	716627.7621746527	5.654904947940803e8
0.0671315338157817	0.0685737034670911	0.06785261864143641	30376.583022590305	3.6405175437242746e8	747004.3451972429	5.53046570392892e8
0.0685737034670911	0.0700447165114267	0.06930920998925891	31601.686063703157	3.5586532007938963e8	778606.0312609461	5.408825973669982e8
0.07004471651142671	0.07154514981664901	0.07079493316403787	32874.25527714804	3.478634140958298e8	811480.286538094	5.289915956926753e8
0.07154514981664901	0.07307559178797576	0.0723103708023124	34196.053494169726	3.400414563697652e8	845676.3400322638	5.1736678995436114e8
0.07307559178797576	0.07463664259872906	0.07385611719335242	35568.9052451263	3.323950008270512e8	881245.2452773901	5.0600160212828577e8
0.07463664259872906	0.07622891442569742	0.07543277851221324	36994.69871230931	3.2491973066358083e8	918239.9439896995	4.9488964467101437e8
0.0762289144256974	0.07785303168920513	0.07704097305745126	38475.38773274941	3.176114538354482e8	956715.3317224489	4.8402471389786106e8
0.07785303168920514	0.07950963129798301	0.07868133149359408	40012.99385159789	3.1046609873748857e8	996728.3255740468	4.734007836369885e8
0.07950963129798301	0.08119936289893645	0.08035449709845974	41609.608426617866	3.034797100609985e8	1.0383379340006646e6	4.6301199914579976e8
0.08119936289893644	0.08292288913190894	0.08206112601542269	43267.394784246964	2.9664844482178426e8	1.0816053287849117e6	4.528526712769477e8
0.08292288913190894	0.0846808858895409	0.08380188751072493	44988.59042771709	2.899685685506474e8	1.1265939192126286e6	4.4291727088201356e8
0.0846808858895409	0.0864740425823255	0.0855774642359332	46775.50929756492	2.834364516382473e8	1.1733694285101935e6	4.332004234415323e8
0.08647404258232548	0.08830306240896577	0.08738855249564562	48630.544084886205	2.770485658271866e8	1.2219999725950798e6	4.23696903910663e8
0.0883030624089658	0.09016866263213888	0.08923586252055234	50556.16859758842	2.7080148084433484e8	1.2725561411926681e6	4.144016317703806e8
0.09016866263213888	0.09207157485977543	0.09112011874595716	52554.94017980661	2.6469186116670623e8	1.3251110813724748e6	4.0530966627460015e8
0.0920715748597754	0.0940125453319647	0.09304206009587004	54629.50218465441	2.5871646291497326e8	1.3797405835571291e6	3.9641620188415796e8
0.0940125453319647	0.09599233521359776	0.09500244027278124	56782.58650028054	2.528721308683644e8	1.4365231700574097e6	3.8771656387904966e8
0.09599233521359776	0.09801172089286349	0.09700202805323063	59017.01612921666	2.4715579559557852e8	1.4955401861866263e6	3.7920620414077467e8
0.0980117208928635	0.10007149428571455	0.09904160758928902	61335.7078208849	2.415644706964605e8	1.5568758940075112e6	3.7088069709706366e8
0.10007149428571455	0.10217246314642262	0.10112197871606858	63741.674756969995	2.3609525014919534e8	1.6206175687644812e6	3.6273573582165694e8
0.10217246314642263	0.10431545138434485	0.10324395726538374	66238.02928938207	2.3074530575855595e8	1.6868555980538633e6	3.5476712828218937e8
0.10431545138434484	0.1065012993870255	0.10540837538568518	65742.4481939201	2.1540225592433745e8	1.7525980462477833e6	3.463610076508352e8
0.1065012993870255	0.10873086434975979	0.10761608186839264	60171.47419300565	1.854345996106549e8	1.812769520440789e6	3.366630548086347e8
0.10873086434975979	0.11100502061174876	0.10986794248075427	88731.0150247206	2.572099672985228e8	1.9015005354655096e6	3.318791562821716e8
0.11100502061174876	0.1133246599989775	0.11216484030536314	77193.19905711405	2.1048431483008176e8	1.9786937345226237e6	3.245762176682137e8
0.1133246599989775	0.11569069217395084	0.11450767608646417	80191.84597452742	2.056908853897737e8	2.0588855804971512e6	3.174302742762519e8
0.11569069217395084	0.11810404499242363	0.11689736858318724	83301.79697967984	2.0100126601409367e8	2.142187377476831e6	3.104377521460878e8
0.11810404499242363	0.12056566486726589	0.11933485492984476	86526.93956525903	1.9641310942626372e8	2.22871431704209e6	3.035951695792453e8
0.12056566486726586	0.12307651713960495	0.12182109100343541	89871.2841078311	1.919241288975009e8	2.3185856011499213e6	2.968991343600486e8
0.12307651713960496	0.12563758645739084	0.1243570517984979	93338.96704232026	1.8753209642524803e8	2.4119245681922417e6	2.903463410760197e8
0.12563758645739084	0.12824987716153244	0.12694373180946164	96934.25407818347	1.8323484097605067e8	2.508858822270425e6	2.839335685334192e8
0.12824987716153244	0.13091441367975687	0.12958214542064467	100661.54345525947	1.7903024679034132e8	2.6095203657256844e6	2.7765767726393825e8
0.13091441367975684	0.13363224092834575	0.13227332730405128	104525.36923717099	1.7491625174669454e8	2.7140457349628555e6	2.7151560711876696e8
0.13363224092834577	0.13640442472190648	0.13501833282512612	108530.40463978512	1.708908457829237e8	2.8225761396026406e6	2.6550437494641778e8
0.13640442472190645	0.13923205219133836	0.1378182384566224	112681.46539211654	1.6695206937172532e8	2.935257604994757e6	2.5962107235086966e8
0.13923205219133836	0.1421162322101589	0.14067414220074864	116983.51312688063	1.6309801204870415e8	3.052241118121638e6	2.53862863526749e8
0.1421162322101589	0.14505809582935586	0.14358716401975738	121441.65879747458	1.5932681099050608e8	3.1736827769191125e6	2.4822698316842565e8
0.14505809582935586	0.14805879672093675	0.1465584462751463	126061.16611815977	1.55636649641156e8	3.2997439430372724e6	2.4271073445003703e8
0.14805879672093675	0.15111951163034926	0.149589154175643	130847.45502373646	1.5202575638456342e8	3.430591398061009e6	2.3731148707359847e8
0.15111951163034926	0.15424144083795002	0.15268047623414965	135806.1051449146	1.4849240326141033e8	3.566397503205924e6	2.3202667538248405e8
0.15424144083795	0.15742580862970276	0.1558336247338264	140942.8592951357	1.4503490472858164e8	3.7073403625010597e6	2.2685379653768545e8
0.1574258086297028	0.16067386377729062	0.15904983620349672	146263.62696452672	1.4165161645955694e8	3.8536039894655864e6	2.217904087543766e8
0.16067386377729062	0.1639868800278302	0.16233037190256042	151774.48781610024	1.383409341840246e8	4.005378477281686e6	2.1683412959642026e8
0.16398688002783024	0.1673661566033806	0.16567651831560543	157481.69517927401	1.351012925652823e8	4.1628601724609598e6	2.1198263432655764e8
0.16736615660338058	0.17081301871044197	0.1690895876569113	163391.67953527567	1.3193116411390306e8	4.326251851996236e6	2.0723365431012735e8
0.17081301871044197	0.1743288180596446	0.1725709183850433	168366.09517356654	1.2795888650805527e8	4.494617947169802e6	2.025333822138248e8
0.1743288180596446	0.17791493339583125	0.1761218757277379	165759.0597077175	1.1857729765703164e8	4.660377006877519e6	1.9755827910816112e8
0.17791493339583128	0.18157277103874167	0.17974385221728648	193637.8342363612	1.3038656665779108e8	4.85401484111388e6	1.9357992887721688e8
0.18157277103874167	0.18530376543451027	0.18343826823662596	189194.39063145913	1.1991649889528249e8	5.043209231745339e6	1.8921939253757507e8
0.18530376543451027	0.18910937971819425	0.18720657257635226	196221.1592080068	1.170722768343293e8	5.239430390953346e6	1.8495081744178557e8
0.18910937971819425	0.19299110628755192	0.1910502430028731	203493.20051194163	1.1428914119233376e8	5.442923591465288e6	1.807722407977035e8
0.19299110628755192	0.19695046738829675	0.19497078683792435	201688.30010275898	1.0663302169913404e8	5.644611891568047e6	1.7639019068148518e8
0.19695046738829677	0.20098901571105648	0.19896974154967662	222622.94126415136	1.1080153757606551e8	5.867234832832199e6	1.7251540878140363e8
0.20098901571105643	0.20510833500027134	0.2030486753556639	208079.06921447726	9.749399360560885e7	6.075313902046676e6	1.6808547482768786e8
0.20510833500027137	0.20931004067527056	0.20720918783777098	259484.48068859987	1.1445716889111264e8	6.334798382735276e6	1.6492025649943814e8
0.20931004067527056	0.21359578046376976	0.21145291056952015	243811.51853872126	1.0124564573814107e8	6.578609901273997e6	1.611638070651969e8
0.21359578046376973	0.2179672350480389	0.21578150775590432	252725.53276646382	9.880296691084646e7	6.831335434040461e6	1.574865089631125e8
0.2179672350480389	0.22242611872399345	0.22019667688601618	261943.5727115285	9.641295176153672e7	7.093279006751989e6	1.538866985967981e8
0.2224261187239935	0.22697418007346715	0.22470014939873034	271474.8947188441	9.407450592205939e7	7.3647539014708325e6	1.5036275073786393e8
0.2269741800734671	0.2316132026499302	0.22929369136169864	281328.97888678696	9.178656010625365e7	7.646082880357619e6	1.469130775288064e8
0.23161320264993024	0.23634500567792263	0.23397910416392642	291515.5314056742	8.95480694491002e7	7.937598411763294e6	1.4353612751521546e8
0.2363450056779226	0.24117144476647484	0.23875822522219872	302044.4867417546	8.735801286504062e7	8.239642898505048e6	1.4023038470627367e8
0.24117144476647484	0.24609441263679813	0.2436329287016365	312926.00965438096	8.521539242472614e7	8.55256890815943e6	1.3699436766255036e8
0.24609441263679813	0.25111583986452785	0.248605126250663	324170.4970341731	8.311923274965416e7	8.876739405193603e6	1.3382662861014836e8
0.2511158398645279	0.25623769563681226	0.25367676775067005	335788.5795491729	8.106858042400701e7	9.212527984742776e6	1.307257525802885e8
0.25623769563681215	0.26146198852454217	0.2588498420806772	336700.66889936733	7.654133766048416e7	9.549228653642142e6	1.275422292951076e8
0.2614619885245422	0.2667907672700268	0.26412637789728455	327422.48488954396	7.008622450420038e7	9.876651138531687e6	1.241677228554021e8
0.2667907672700268	0.27222612159042114	0.269508444430224	416851.4392324982	8.402027650056535e7	1.0293502577764185e7	1.2181062762739117e8
0.27222612159042114	0.27777018299722334	0.27499815229382224	386217.7309949887	7.330271343507919e7	1.0679720308759173e7	1.1896368134019884e8
0.27777018299722334	0.2834251256321616	0.28059765431469247	399871.51965156593	7.14660261936016e7	1.107959182841074e7	1.1617698686743636e8
0.2834251256321616	0.2891931671197986	0.2863091463759801	413967.6613824845	6.96695561148752e7	1.1493559489793224e7	1.1344930932109974e8
0.2891931671197986	0.29507656943718835	0.29213486827849344	428518.45041306934	6.79124883837891e7	1.1922077940206293e7	1.1077944123852071e8
0.29507656943718835	0.3010776398009259	0.2980771046190571	443536.4193540161	6.6194025997491695e7	1.2365614359560309e7	1.08166201896767e8
0.3010776398009259	0.30719873157193817	0.304138185686432	459034.3384885378	6.451338930863081e7	1.2824648698048847e7	1.0560843664575922e8
0.30719873157193817	0.3134422451783707	0.31032048837515447	475025.2147225442	6.286981558098432e7	1.329967391277139e7	1.0310501625949983e8
0.31344224517837077	0.31981062905693197	0.31662643711765137	491522.2901812461	6.126255855696915e7	1.3791196202952636e7	1.0065483630482545e8
0.31981062905693197	0.3263063806130644	0.3230585048349982	508539.0404375931	5.9690888036835775e7	1.4299735243390229e7	9.825681652712765e7
0.32630638061306433	0.3329320472003194	0.32961921390669185	526089.1723555909	5.815408946905527e7	1.4825824415745819e7	9.590990025249939e7
0.33293204720031944	0.3396902271193196	0.33631113715981953	531677.4954102661	5.534922591003798e7	1.5357501911156084e7	9.353686534411992e7
0.33969022711931957	0.34658357063669976	0.3431368988780097	489151.70289051253	4.795725699219644e7	1.5846653614046596e7	9.087094419641666e7
0.3465835706366997	0.35361478102442745	0.3500991758305636	657601.0688885481	6.071916341172528e7	1.6504254682935145e7	8.91078729670488e7
0.3536147810244275	0.3607866156199098	0.35720069832216866	544871.9947744976	4.738219438712916e7	1.7049126677709643e7	8.666869851743104e7
0.3607866156199099	0.36810188690730183	0.36444425126360586	600459.7576841472	4.917754185202284e7	1.764958643539379e7	8.447764397321607e7
0.3681018869073018	0.3755634636204416	0.37183267526387165	732979.1864775503	5.653813705548119e7	1.838256562187134e7	8.284523012857804e7
0.37556346362044163	0.38317427186784425	0.3793688677441429	665073.3508680123	4.8315998546900466e7	1.9047638972739354e7	8.082831386200137e7
0.38317427186784425	0.3909372962801949	0.3870557840740196	684901.7952434134	4.686253811778573e7	1.9732540767982766e7	7.884480515472785e7
0.39093729628019486	0.39885558118079256	0.39489643873049374	661515.8743291891	4.263029101575647e7	2.0394056642311957e7	7.673049348826379e7
0.39885558118079256	0.4069322317794022	0.4028939064800974	710483.9891829416	4.312381698963191e7	2.11045406314949e7	7.47689055312306e7
0.4069322317794022	0.415170415389984	0.4110513235846931	776970.544930809	4.441775303553374e7	2.1881511176425707e7	7.299775549795385e7
0.41517041538998406	0.4235733626727775	0.4193718890313808	840124.5386118342	4.523650101095969e7	2.272163571503754e7	7.137811278919488e7
0.42357336267277745	0.43214436890122676	0.4278588657870021	809414.9071556269	4.105007261623384e7	2.3531050622193173e7	6.960911849740168e7
0.4321443689012268	0.4408867952542451	0.436515582077736	835992.2693688951	3.993432943388112e7	2.4367042891562067e7	6.787861045793878e7
0.4408867952542452	0.4498040701343239	0.4453454326942845	863333.5451795838	3.884437001014923e7	2.523037643674165e7	6.6185823709105454e7
0.44980407013432383	0.4588996905120041	0.454351880323164	891455.4747531891	3.777968247074892e7	2.612183191149484e7	6.453000917099735e7
0.4588996905120041	0.46817722329723793	0.46353845690462103	903986.2106244252	3.608555633852598e7	2.7025818122119267e7	6.287230690747935e7
0.468177223297238	0.47764030673817653	0.4729087650177073	879060.8053283622	3.305271698416738e7	2.790487892744763e7	6.113481854906377e7
0.47764030673817653	0.48729265184793386	0.4824664792930552	1.0446594010413527e6	3.699842497356239e7	2.894953832848898e7	5.9728752691717975e7
0.4872926518479338	0.49713804385988625	0.49221534785391	834512.6761768097	2.7839746646473356e7	2.978405100466579e7	5.7871422854909904e7
0.4971380438598862	0.5071803437120777	0.502159193785982	1.2453961716780541e6	3.913516480902163e7	3.1029447176343843e7	5.678036603563267e7
0.5071803437120778	0.5174234895613131	0.5123019166366954	1.077531968332476e6	3.1894846305988517e7	3.210697914467632e7	5.5331496321807146e7
0.5174234895613132	0.5278714983275333	0.5226474939444232	1.1115958271475006e6	3.099354893536932e7	3.321857497182382e7	5.391476890805384e7
0.5278714983275332	0.5385284672690777	0.5331999827983054	1.1125778933870005e6	2.9220803356468208e7	3.4331152865210816e7	5.2477577849265896e7
0.5385284672690777	0.549398575589453	0.5439635214292653	1.0760875949545428e6	2.6622564261597823e7	3.540724046016536e7	5.097308088891445e7
0.5493985755894529	0.5604860860762357	0.5549423308328443	1.359770739016565e6	3.168922580705285e7	3.676701119918192e7	4.9851153359956026e7
0.5604860860762358	0.5717953467727543	0.5661407164244951	1.2572036118021072e6	2.7599315984358557e7	3.802421481098403e7	4.8556770602797516e7
0.5717953467727543	0.5833307926832032	0.5775630697279788	1.2960303195860842e6	2.6801409960405204e7	3.932024513057011e7	4.729147939508405e7
0.5833307926832032	0.595096947511861	0.5892138700975321	1.335861469254773e6	2.602295709465985e7	4.065610659982489e7	4.605470547790954e7
0.595096947511861	0.607098425437092	0.6010976864744766	1.3158425913601988e6	2.414653423567181e7	4.197194919118509e7	4.4780940415497e7
0.607098425437092	0.6193399329208277	0.6132191791789599	1.4794772179391054e6	2.557511729977658e7	4.3451426409124196e7	4.366446872646148e7
0.6193399329208277	0.631826270554238	0.6255831017375328	1.419171264892836e6	2.3110292119013146e7	4.4870597674017034e7	4.246979913269307e7
0.631826270554238	0.6445623349403166	0.6381943027472773	1.370501098069373e6	2.102393566705741e7	4.6241098772086404e7	4.1223490725354046e7
0.6445623349403165	0.6575531206141165	0.6510577277772165	1.7281323349808091e6	2.4973436581339404e7	4.796923110706721e7	4.027927254045587e7
0.6575531206141166	0.6708037220013927	0.6641784213077546	1.5968940315366862e6	2.1739358105836704e7	4.9566125138603896e7	3.92021574602637e7
0.6708037220013928	0.6843193354164144	0.6775615287089036	1.6442295240761475e6	2.1086521270536963e7	5.1210354662680045e7	3.81498417564523e7
0.6843193354164143	0.6981052610997364	0.6912122982580753	1.6927027321622926e6	2.0450201370679945e7	5.2903057394842334e7	3.7121834437173195e7
0.6981052610997365	0.712166905296725	0.7051360831982307	1.6982144009821182e6	1.9327971684997775e7	5.460127179582445e7	3.608849619559716e7
0.712166905296725	0.7265097823776533	0.7193383438371892	1.5481374218731448e6	1.6599024221332641e7	5.61494092176976e7	3.495684127942621e7
0.7265097823776533	0.7411395170002001	0.7338246496889267	2.1342075890843254e6	2.1557151386804212e7	5.8283616806781925e7	3.417889158198888e7
0.7411395170002002	0.756061846315198	0.7486006816576991	1.8982837660064204e6	1.8063413879261762e7	6.018190057278834e7	3.3243391332539205e7
0.7560618463151979	0.7712826222164957	0.7636722342658468	1.9413851384314094e6	1.74035027761681e7	6.212328571121975e7	3.2324005288223762e7
0.7712826222164956	0.7868078136358193	0.7790452179261574	1.8936829120809063e6	1.5992660859595038e7	6.401696862330066e7	3.137621147611663e7
0.7868078136358193	0.8026435088835295	0.7947256612596745	2.191062282395647e6	1.7432468192124277e7	6.62080309056963e7	3.0567081078707438e7
0.8026435088835295	0.8187959180361939	0.8107197134598617	2.123274211797135e6	1.5914869480933392e7	6.833130511749345e7	2.9716940845875934e7
0.8187959180361939	0.8352713753719115	0.8270336467040527	2.1826582235354623e6	1.541266268478513e7	7.051396334102891e7	2.88870851016696e7
0.8352713753719115	0.8520763418543436	0.8436738586131276	2.2433223030223297e6	1.4923841066153215e7	7.275728564405124e7	2.8077107039763022e7
0.8520763418543436	0.8692174076664242	0.8606468747603839	2.2418735796857933e6	1.4050736352742685e7	7.499915922373703e7	2.7263558460177023e7
0.8692174076664242	0.8867012947947465	0.8779593512305853	2.157440186352998e6	1.2738777017893927e7	7.715659941009003e7	2.642119407401125e7
0.8867012947947465	0.9045348596656352	0.8956180772301908	2.7076137323618615e6	1.5061860721852269e7	7.98642131424519e7	2.5762480838303566e7
0.9045348596656352	0.9227250958339417	0.9136299777497885	2.4779996922048246e6	1.2986676377667189e7	8.234221283465672e7	2.5021706585410796e7
0.9227250958339416	0.9412791367256143	0.9320021162797779	2.406701398601462e6	1.188298905038539e7	8.474891423325817e7	2.425996865459885e7
0.9412791367256143	0.9602042584351204	0.9507416975803673	2.815366787540525e6	1.309625174081421e7	8.75642810207987e7	2.3612800272718627e7
0.9602042584351205	0.9795078825788167	0.9698560705069685	2.704743697357313e6	1.1853551380580427e7	9.026902471815601e7	2.2931176390921596e7
0.9795078825788166	0.9991975792053868	0.9893527308921017	2.776029753687213e6	1.1461951856868027e7	9.304505447184323e7	2.2266428661149167e7
0.9991975792053867	1.0192810697644883	1.0092393244849376	2.8486820600188896e6	1.1081339492112799e7	9.589373653186211e7	2.1618211258778833e7
1.0192810697644883	1.0397662301347719	1.02952364994963	2.9227069112430736e6	1.0711469378996972e7	9.881644344310519e7	2.098618442511758e7
1.0397662301347717	1.060661093712461	1.0502136619236162	2.998109859975622e6	1.0352100645629765e7	1.0181455330308081e8	2.037001434071405e7
1.060661093712461	1.081973854561704	1.0713174741370826	3.0498703237889865e6	9.921585923059849e6	1.048644236268698e8	1.9764656266090717e7
1.0819738545617041	1.103712870627932	1.092843362594818	2.9399295369140245e6	9.010668566554936e6	1.0780435316378382e8	1.9141649861813225e7
1.1037128706279318	1.1258866670154841	1.114799768821708	3.2642333510738034e6	9.425908518141562e6	1.1106858651485763e8	1.8578840537718702e7
1.1258866670154843	1.1485039393307879	1.137195303173136	3.520148623918237e6	9.576933659443384e6	1.1458873513877587e8	1.8057426210462887e7
1.1485039393307879	1.1715735570923975	1.1600387482115928	3.3959357465635277e6	8.704621601509746e6	1.179846708853394e8	1.7515732070616752e7
1.1715735570923973	1.195104567209239	1.1833390621508182	3.479679647365475e6	8.40342089153259e6	1.2146435053270487e8	1.6988009873995803e7
1.195104567209239	1.2191061975284176	1.2071053823688285	3.5648179827614706e6	8.111143269669442e6	1.2502916851546635e8	1.6473964145719983e7
1.2191061975284176	1.2435878604539798	1.2313470289911987	3.651349642980801e6	7.827578000818936e6	1.2868051815844715e8	1.5973304469989993e7
1.2435878604539798	1.2685591566380532	1.2560735085460166	3.7392726082762703e6	7.552517883843373e6	1.3241979076672342e8	1.5485745395447683e7
1.2685591566380534	1.2940298787458082	1.2812945176919308	3.828583935262598e6	7.285759206704779e6	1.36248374701986e8	1.5011006343668025e7
1.2940298787458082	1.3200100152957182	1.307019947020763	3.91927974444991e6	7.027101703421342e6	1.4016765444643593e8	1.4548811520696463e7
1.3200100152957182	1.3465097545766262	1.3332598849361723	4.0113552090189755e6	6.776348512746285e6	1.441790096554549e8	1.4098889831545265e7
1.3465097545766262	1.3735394886431527	1.3600246216098895	4.1048045448844284e6	6.533306138471685e6	1.4828381420033932e8	1.366097479756232e7
1.3735394886431525	1.4011098173910093	1.3873246530170809	4.178195085905604e6	6.26565394023617e6	1.5246200928624493e8	1.3232944813527703e7
1.4011098173910095	1.4292315527138235	1.4151706850524164	4.029680997242201e6	5.693597321811355e6	1.5649169028348714e8	1.279660857463084e7
1.4292315527138235	1.457915722743094	1.4435736377284587	4.211193821516389e6	5.606100825784336e6	1.6070288410500354e8	1.238048912376064e7
1.4579157227430934	1.4871735761729492	1.4725446494580212	4.955812123610469e6	6.216003905571023e6	1.65658696228614e8	1.2023769681566611e7
1.4871735761729492	1.517016586671402	1.5020950814221756	4.37180181083969e6	5.166528585866671e6	1.700304980394537e8	1.1626988148524664e7
1.517016586671402	1.547456457379824	1.5322365220256131	4.920542733817428e6	5.478913416910196e6	1.749510407732711e8	1.1271263641420364e7
1.547456457379824	1.5785051255024143	1.5629807914411191	4.79672807374052e6	5.032348356649687e6	1.7974776884701163e8	1.0910305458064077e7
1.5785051255024143	1.6101747669874564	1.5943399462449355	4.900843091616942e6	4.844418482104318e6	1.8464861193862855e8	1.0559379252316555e7
1.6101747669874562	1.6424778013021992	1.6263262841448278	5.006235895790923e6	4.662603519402919e6	1.896548478344195e8	1.021825680522363e7
1.6424778013021994	1.6754268963032373	1.6589523488027185	4.989924372208169e6	4.378834279750786e6	1.9464477220662767e8	9.88047185461676e6
1.675426896303237	1.7090349732042955	1.6922309347537663	4.477754024545385e6	3.7023133430699594e6	1.9912252623117304e8	9.523112917464862e6
1.7090349732042958	1.7433152116433754	1.7261750924238357	5.9197651971110385e6	4.611761279412481e6	2.0504229142828408e8	9.239044910983898e6
1.7433152116433754	1.7782810548512367	1.760798133247306	5.716417662491543e6	4.196011531323638e6	2.107587090907756e8	8.94737655900305e6
1.7782810548512364	1.813946214923255	1.7961136348872457	5.551787136755876e6	3.8396963015984274e6	2.163104962275315e8	8.651985186399916e6
1.813946214923255	1.850324678196714	1.8321354465599846	5.410941048688129e6	3.52605568468021e6	2.217214372762196e8	8.355554041064069e6
1.850324678196714	1.887430710735642	1.868877694466178	5.492059475206047e6	3.3721339578496586e6	2.2721349675142565e8	8.067379075403192e6
1.8874307107356418	1.9252788639253484	1.9063547873304951	6.433123274894152e6	3.7217362525885166e6	2.336466200263198e8	7.816097428273366e6
1.9252788639253486	1.9638839801788495	1.944581422052099	6.00938250176502e6	3.2757337181924935e6	2.396560025280848e8	7.553569320099796e6
1.9638839801788495	2.0032611987574205	1.9835725894681349	6.126538612834673e6	3.1466599737037905e6	2.4578254114091948e8	7.298770079684357e6
2.00326119875742	2.043425961707562	2.023343580232491	6.237319016028941e6	3.018487297524722e6	2.5201986015694842e8	7.051303966525873e6
2.0434259617075625	2.0843940199167075	2.063909990812135	6.046218849243771e6	2.756975157115078e6	2.5806607900619218e8	6.80303739898411e6
2.0843940199167075	2.1261814392900353	2.105287729603371	6.453626158004515e6	2.772753179038536e6	2.6451970516419676e8	6.570046643649991e6
2.1261814392900353	2.16880460705083	2.1474930231704326	6.961256152414206e6	2.818086031828623e6	2.71480961316611e8	6.353155535710591e6
2.16880460705083	2.2122802381668403	2.190542422608835	6.640630664858922e6	2.5330045813013013e6	2.781215919814699e8	6.132332260577551e6
2.2122802381668403	2.2566253819051707	2.2344528100360055	6.348692515957594e6	2.2817693074721443e6	2.844702844974275e8	5.909760648029221e6
2.256625381905171	2.3018574285182685	2.27924140521172	7.563666816497304e6	2.561423456689136e6	2.9203395131392485e8	5.716227071777364e6
2.3018574285182685	2.3479941160636275	2.324925772290948	6.946253524569396e6	2.216470320673333e6	2.9898020483849424e8	5.513949865070064e6
2.3479941160636275	2.395053537359894	2.3715238267117607	6.595311211392745e6	1.982940174527422e6	3.05575516049887e8	5.3098746304667955e6
2.395053537359894	2.4430541470820857	2.4190538422209897	8.13474686086873e6	2.3045286195566542e6	3.1371026291075575e8	5.1361871440507015e6
2.4430541470820857	2.4920147689987213	2.4675344580404035	7.478858649465967e6	1.9963552895004135e6	3.2118912156022173e8	4.954734443299987e6
2.492014768998721	2.5419546033536893	2.516984686176205	7.5125475732652545e6	1.8895347356102972e6	3.28701669133487e8	4.77760157687041e6
2.5419546033536893	2.5928932343957567	2.5674239188747228	7.169638398769949e6	1.6991460388176192e6	3.3587130753225696e8	4.599709372076887e6
2.592893234395757	2.6448506380586663	2.6188719362272117	8.524921133485686e6	1.9036639964373116e6	3.4439622866574264e8	4.443920939494049e6
2.644850638058666	2.697847189794833	2.6713489139267494	7.986246745487586e6	1.6803887704420278e6	3.523824754112302e8	4.284238621679402e6
2.697847189794833	2.7519036725657235	2.724875431180278	7.535586927373063e6	1.494004433781245e6	3.5991806233860326e8	4.123019125124588e6
2.7519036725657235	2.8070412849920316	2.7794724787788776	7.291938901218291e6	1.3622167072092749e6	3.6721000123982155e8	3.9635057385389986e6
2.8070412849920316	2.8632816496668663	2.835161467329449	9.127318309834495e6	1.606628135339743e6	3.7633731954965603e8	3.8273349229171104e6
2.8632816496668667	2.9206468216351977	2.8919642356510322	9.151613500173364e6	1.5178869630798246e6	3.854889330498293e8	3.6939088570183306e6
2.9206468216351977	2.9791592970428953	2.9499030593390465	7.423349883492228e6	1.1601439175336554e6	3.9291228293332154e8	3.547527894362127e6
2.9791592970428953	3.038842021958747	3.0090006595008214	9.623462016660504e6	1.4171441399970856e6	4.0253574494998205e8	3.424455068182342e6
3.0388420219587475	3.0997184013729164	3.069280211665832	8.50250683792632e6	1.179779905617137e6	4.110382517879084e8	3.2947836793414014e6
3.0997184013729155	3.1618123083753678	3.130765354874142	8.960483073447686e6	1.1715404770347178e6	4.199987348613561e8	3.17213101085073e6
3.161812308375368	3.2251480935178694	3.1934802009466186	9.744642869609993e6	1.2005056642330082e6	4.297433777309661e8	3.0582402451803605e6
3.225148093517869	3.28975059436322	3.2574493439405448	8.58672173768299e6	996778.4012871358	4.383300994686491e8	2.9391636139301825e6
3.2897505943632206	3.3556451452254787	3.3226978697943497	9.483383182297677e6	1.0373086347402397e6	4.4781348265094674e8	2.829309580109257e6
3.3556451452254787	3.422857587104982	3.3892513661652304	1.056443196390476e7	1.0888418889740065e6	4.583779146148515e8	2.728780387060166e6
3.4228575871049816	3.491414277822075	3.4571359324635282	7.307238515803583e6	709653.6316943751	4.6568515313065505e8	2.6121591410192605e6
3.491414277822075	3.5613421023535103	3.526378190087793	1.139046705541864e7	1.042340580429852e6	4.7707562018607366e8	2.5214916381790196e6
3.561342102353511	3.632668483375575	3.5970052928645426	1.0152104807845935e7	875386.1182963217	4.872277249939196e8	2.4264206077379044e6
3.6326684833755745	3.7054213920180796	3.6690449376968273	1.0048748853972495e7	816453.5387309698	4.972764738478921e8	2.3334392065200736e6
3.7054213920180796	3.779629358833435	3.7425253754257573	1.0317703056484722e7	789912.3280230344	5.075941769043768e8	2.2442972670579404e6
3.7796293588334358	3.8553214849850983	3.817475421909267	1.1438462717360646e7	825164.1761909388	5.190326396217375e8	2.1623414059586627e6
3.8553214849850983	3.932527453659794	3.893924469322446	1.0498875874718912e7	713662.3523729837	5.295315154964564e8	2.0786813220371322e6
3.932527453659794	4.011277541707984	3.971902497683889	1.0022234199682467e7	641936.767056952	5.395537496961389e8	1.9957124643080754e6
4.011277541707984	4.091602631517137	4.05144008661256	1.0578103058289133e7	638430.5232964879	5.50131852754428e8	1.9173342679748726e6
4.091602631517137	4.1735342231224735	4.132568427319805	1.0050116357077941e7	571551.6756932997	5.60181969111506e8	1.8396219349222577e6
4.1735342231224735	4.257104446559917	4.215319334841196	1.2779021937378757e7	684795.6654838079	5.729609910488847e8	1.7729379197928621e6
4.257104446559917	4.342346074466109	4.2997252605130125	9.901851035474531e6	499987.50683441944	5.828628420843593e8	1.699434623692715e6
4.342346074466109	4.429292534930425	4.385819304698266	1.2644426277238004e7	601619.1682345319	5.955072683615973e8	1.6360454483653398e6
4.4292925349304255	4.517977924604028	4.473635229767227	9.891407762238994e6	443466.48206412105	6.053986761238363e8	1.5671860019142793e6
4.517977924604027	4.608437022071102	4.563207473337565	9.551741528122358e6	403520.6786447848	6.149504176519586e8	1.4999974502656728e6
4.608437022071102	4.700705301487518	4.65457116177931	1.3915515083537519e7	553940.8970929482	6.28865932735496e8	1.4453744852988787e6
4.700705301487518	4.794818946492262	4.74776212398989	1.229120339914976e7	461041.2923554373	6.411571361346458e8	1.3885426783682564e6
4.794818946492263	4.890814864397102	4.842816905444682	1.2526710582769789e7	442755.63187952014	6.536838467174156e8	1.333937474690379e6
4.890814864397101	4.988730700660037	4.9397727825285696	1.1479717281506032e7	382331.62765565375	6.651635639989216e8	1.2789973959740603e6
4.988730700660038	5.088604853648232	5.038667777154135	1.0399135293814063e7	326353.73524051404	6.755626992927357e8	1.2239984546580373e6
5.088604853648231	5.19047648969619	5.1395406716722105	1.4976297539181113e7	442872.2635573371	6.905389968319168e8	1.1789025728336712e6
5.190476489696191	5.294385558465108	5.242431024080649	1.1647502599128291e7	324556.141224015	7.02186499431045e8	1.1295804580267256e6
5.294385558465108	5.400372808609404	5.347379183537257	1.2451142131007142e7	326926.04647941113	7.146376415620522e8	1.0832434028295777e6
5.400372808609403	5.508479803756585	5.454426306182994	1.312491412401314e7	324728.5224454476	7.277625556860654e8	1.0394552882894293e6
5.508479803756585	5.618748938806711	5.563614371281648	1.3225482354196213e7	308332.5903007412	7.409880380402616e8	997249.2230942972
5.618748938806712	5.7312234565578395	5.6749861976822755	1.2743368458342567e7	279947.37622483814	7.537314064986042e8	955841.7094435006
5.7312234565578395	5.84594746466399	5.788585460610914	1.2055946938542813e7	249561.75899697078	7.65787353437147e8	915071.1346940043
5.84594746466399	5.962965952932263	5.904456708798127	1.3915846381750196e7	271438.33219799725	7.797031998188972e8	877917.5246004843
5.962965952932264	6.082324810965903	6.022645381949084	1.4533792042155996e7	267131.82032820507	7.942369918610532e8	842660.5740860498
6.082324810965903	6.204070846160215	6.143197828563059	1.4434148836871281e7	249990.36590768365	8.086711406979245e8	808449.8592270458
6.204070846160215	6.328251802058413	6.266161324109314	1.270435715988376e7	207333.97548600583	8.213754978578082e8	773752.1694591731
6.328251802058412	6.454916377074575	6.391584089566494	1.003902750459046e7	154381.54491063472	8.314145253623987e8	738001.3175720883
6.454916377074575	6.584114243591061	6.519515310332817	1.681482318048881e7	243658.89305383989	8.482293485428876e8	709467.673590011
6.58411424359106	6.715896067437875	6.650005155514467	1.5928227793827191e7	217492.30897149158	8.641575763367147e8	681071.0698301233
6.7158960674378765	6.850313527761628	6.783104797599752	1.417759544713758e7	182417.1912858563	8.783351717838523e8	652289.3951154847
6.850313527761626	6.987419337291852	6.918866432526739	1.4298322587057292e7	173354.5579137415	8.926334943709097e8	624646.2646835842
6.987419337291854	7.127267263012685	7.05734330015227	1.441818406224157e7	164720.6219290007	9.070516784331512e8	598100.6691433323
7.127267263012684	7.269912147247932	7.198589705130308	1.4537162806089386e7	156496.4667183362	9.215888412392406e8	572612.8769412121
7.269912147247933	7.415409929167885	7.342661038207909	1.4632444179858133e7	148432.65945561396	9.362212854190987e8	548131.0560667722
7.415409929167883	7.563817666726235	7.48961379794706	1.3854483746967614e7	132431.3729298968	9.500757691660663e8	524139.003924067
7.563817666726236	7.715193559035755	7.6395056128809955	1.3608813574264914e7	122576.99389893624	9.636845827403312e8	500963.19881767797
7.715193559035755	7.869596969191464	7.792395264113609	1.6466658635392487e7	139759.8976159504	9.801512413757236e8	480116.9202573285
7.8695969691914645	8.027088447550287	7.948342708370876	1.4898482547480404e7	119153.75561109207	9.95049723923204e8	459284.7540277619
8.027088447550287	8.187729755476287	8.107409101513287	1.5199983741363391e7	114550.67249808415	1.0102497076645674e9	439389.4494313704
8.187729755476287	8.351583889560807	8.269656822518547	1.6353282761463314e7	116131.08830125307	1.0266029904260306e9	420733.770274317
8.351583889560807	8.518715106327017	8.435149497943911	1.545540749169007e7	103422.07454944203	1.0420583979177207e9	402421.491007314
8.518715106327017	8.689188947428551	8.603952026877785	1.5565793783863321e7	98150.72094346758	1.057624191701584e9	384862.0098380662
8.689188947428551	8.863072265352116	8.776130606390334	1.5675166462946326e7	93137.37988586235	1.0732993581645303e9	368026.75237536797
8.863072265352116	9.040433249634152	8.951752757493134	1.5726368438779071e7	88050.15557071459	1.0890257266033094e9	351869.64140758844
9.040433249634152	9.221341453601829	9.13088735161799	1.47890432184598e7	78024.64040112411	1.1038147698217692e9	336066.54463993007
9.221341453601829	9.40586782164886	9.313604637625344	1.4049018080991536e7	69843.80176907229	1.1178637879027607e9	320703.4738943287
9.40586782164886	9.59408471705683	9.499976269352846	1.9209381458538532e7	89988.22064021215	1.1370731693612993e9	307389.5899206896
9.59408471705683	9.786065950372961	9.690075333714896	1.6206525713406146e7	71540.63140961564	1.1532796950747054e9	293779.5909452176
9.786065950372961	9.981886808355414	9.883976379364189	1.6218028551029995e7	67460.8244567022	1.1694977236257353e9	280719.67289267085
9.981886808355416	10.181624083497518	10.081755445926467	1.4739901943318829e7	57774.88470781974	1.1842376255690541e9	267854.57643602137
10.181624083497518	10.385356104142462	10.283490093819989	1.827610479132016e7	67502.3993702476	1.2025137303603745e9	256293.30206229814
10.38535610414246	10.593162765200303	10.489259434671382	1.6612600707776204e7	57818.183034550995	1.2191263310681508e9	244840.44836604624
10.593162765200304	10.805125559479304	10.699144162339804	1.6525582108493283e7	54196.967037742725	1.235651913176644e9	233839.6126259271
10.805125559479304	11.021327609643883	10.913226584561594	1.4598570378136948e7	45114.91125957649	1.250250483554781e9	222949.5940159972
11.021327609643883	11.241853700811754	11.131590655227818	1.7657367980305746e7	51419.45454748572	1.2679078515350866e9	213051.84250573275
11.241853700811756	11.466790313802985	11.35432200730737	1.7047298073692963e7	46778.78341085402	1.2849551496087797e9	203457.52034769685
11.466790313802985	11.696225659054038	11.581507986428512	1.6646759473702908e7	43044.24475044303	1.3016019090824826e9	194201.39783702814
11.696225659054038	11.930249711210113	11.813237685132076	1.923769883115852e7	46873.85532657775	1.320839607913641e9	185700.41420906226
11.930249711210113	12.16895424440931	12.049601977809711	1.709885355072041e7	39258.78512672307	1.3379384614643614e9	177250.6166479852
12.16895424440931	12.41243286827249	12.2906935563409	1.5392189637383655e7	33301.417448751235	1.3533306511017451e9	168944.69955106577
12.412432868272491	12.660781064612936	12.536606966442713	1.841214068113996e7	37536.967719370965	1.371742791782885e9	161362.48776442205
12.660781064612934	12.914096224880186	12.78743864474656	1.4020538740377411e7	26934.711479082445	1.3857633305232625e9	153606.07834712008
12.914096224880186	13.172477688352783	13.043286956616484	2.229922150048007e7	40367.34476204729	1.4080625520237427e9	147072.31354235281
13.172477688352782	13.436026781094832	13.304252234723807	1.5656781826298073e7	26707.66797633875	1.4237193338500407e9	140127.44098084667
13.436026781094833	13.704846855691724	13.57043681839328	1.5201613048209146e7	24435.220143304257	1.4389209468982499e9	133452.20835016458
13.704846855691725	13.979043331780554	13.84194509373614	1.9919724572602347e7	30171.934101699568	1.4588406714708521e9	127493.16426210768
13.97904333178055	14.258723737391156	14.118883534585853	2.0550724845886096e7	29331.90887483698	1.4793913963167381e9	121829.51503190144
14.258723737391158	14.543997751113976	14.401360744252568	1.6733221925707847e7	22505.37402091355	1.496124618242446e9	116098.80877137238
14.543997751113976	14.834977245111249	14.689487498112612	1.960834850608538e7	24850.851852140775	1.5157329667485313e9	110834.10883745323
14.834977245111247	15.131776328988465	14.983376787049856	1.6512435680478603e7	19719.918543983003	1.53224540242901e9	105577.16068597938
15.13177632898847	15.434511394543234	15.283143861765852	1.711626251220514e7	19261.79445531864	1.549361664941215e9	100597.11822564126
15.434511394543229	15.743301161409088	15.588906277976157	1.8293510685086533e7	19398.97586083826	1.5676551756263015e9	95912.3476207108
15.74330116140909	16.058266723612267	15.900783942510678	1.989903984040393e7	19884.190409927924	1.5875542154667056e9	91525.88875017693
16.058266723612267	16.379531597059508	16.218899160335887	1.8809709520004287e7	17711.365059098913	1.6063639249867098e9	87267.1712526855
16.379531597059508	16.707221767975692	16.5433766825176	1.6577142773221701e7	14708.686194006237	1.6229410677599316e9	83080.94515794188
16.70722176797569	17.041465742310198	16.874343755142945	1.749637956988132e7	14628.734490312288	1.640437447329813e9	79131.65115629726
17.041465742310198	17.382394596131395	17.211930169220796	2.0815765474686697e7	16400.059121257356	1.6612532128044996e9	75512.42385840927
17.382394596131398	17.73014202702902	17.55626831158021	1.8792096828919366e7	13951.561865687005	1.680045309633419e9	71960.76003429662
17.730142027029014	18.08484440654459	17.907493216786804	1.7319021999395877e7	12116.17697897447	1.697364331632815e9	68508.13303951223
18.08484440654459	18.446640833650477	18.265742620097534	2.0320919568713307e7	13396.160829206621	1.717685251201528e9	65328.56244551322
18.446640833650477	18.81567318929848	18.63115701147448	1.827989721980387e7	11355.482435262338	1.735965148421332e9	62214.71401571709
18.815673189298483	19.192086192059445	19.003879690678964	1.8620972967513323e7	10900.066443424696	1.7545861213888452e9	59254.25257133867
19.192086192059442	19.576027454875625	19.38405682346753	2.02257347470994e7	11156.452161543179	1.7748118561359448e9	56479.39235738984
19.576027454875625	19.967647542948132	19.77183749891188	1.971396679585454e7	10246.863076194806	1.7945258229317994e9	53812.15647335724
19.967647542948136	20.367100032782094	20.167373787865117	1.7088943961555183e7	8370.036187913644	1.8116147668933547e9	51190.53323335039
20.367100032782087	20.774541572412723	20.570820802597403	2.4006617134800375e7	11079.964225675256	1.835621384028155e9	48876.505953634034
20.774541572412726	21.190131942835976	20.982336757624353	1.75049812010082e7	7613.1503199066165	1.8531263652291632e9	46495.98397963632
21.190131942835976	21.61403412066769	21.402083031751832	2.034087153009349e7	8336.192948746553	1.8734672367592566e9	44294.51951826257
21.614034120667693	22.046414342056043	21.830224231361868	1.5453094134995013e7	5967.730135773272	1.8889203308942516e9	42083.430593672114
22.046414342056035	22.48744216787215	22.266928254964093	2.2115307858992428e7	8047.895287857569	1.911035638753244e9	40119.914477863254
22.48744216787215	22.937290550204587	22.71236635903837	2.0096812810231656e7	6891.475129718589	1.9311324515634756e9	38202.96802675027
22.937290550204587	23.396135900183673	23.16671322519413	2.1218124767113596e7	6856.267564363807	1.9523505763305893e9	36394.586508450026
23.396135900183676	23.864158157162343	23.630147028673008	1.8280400705658346e7	5566.244716354119	1.9706309770362477e9	34616.116214283335
23.864158157162343	24.341540859280585	24.102849508221464	2.029799220184326e7	5824.056289182758	1.990928969238091e9	32955.124573236615
24.341540859280585	24.82847121544119	24.585006037360888	2.189091897620797e7	5918.783358893606	2.012819888214299e9	31395.42511454688
24.82847121544119	25.325140178725007	25.0768056970831	1.981162906191489e7	5047.597023678002	2.032631517276214e9	29875.451144944334
25.325140178725007	25.831742521274503	25.578441349999757	1.8416871345849186e7	4421.569405910699	2.0510483886220632e9	28407.05339334966
25.831742521274503	26.348476910674986	26.090109715974744	1.926971279757595e7	4359.453053073283	2.070318101419639e9	27019.787126183026
26.34847691067499	26.875545987863482	26.612011449269236	2.1921910577614307e7	4673.3832871999475	2.0922400119972534e9	25730.664750152326
26.87554598786348	27.413156446595742	27.144351217229612	2.0116547612827867e7	4041.1293190192655	2.1123565596100812e9	24479.440341551744
27.413156446595742	27.96151911450265	27.687337780549196	2.0154983704847872e7	3815.2949036126183	2.132511543314929e9	23287.372719265146
27.96151911450265	28.520849035767696	28.241184075135173	1.9485383015200168e7	3475.770007615339	2.151996926330129e9	22144.490260730614
28.5208490357677	29.091365555458047	28.806107295612875	1.788580982529679e7	3006.402864570911	2.169882736155426e9	21040.464941255264
29.09136555545805	29.673292405542206	29.382328980500127	2.3012919441089094e7	3645.078010105959	2.192895655596515e9	20036.974672596767
29.67329240554221	30.26685779262805	29.97007509908513	1.9043562086270154e7	2842.3653240345034	2.2119392176827855e9	19045.06988786338
30.266857792628038	30.872294487455594	30.569576140041818	2.103182197592935e7	2958.048318061198	2.232971039658715e9	18117.06141083973
30.872294487455598	31.489839916179704	31.18106720181765	1.9655599415845543e7	2605.0218552784495	2.25262663907456e9	17222.22456762093
31.4898399161797	32.11973625347829	31.804788084828992	2.117658467560208e7	2644.7082146814896	2.273803223750162e9	16381.299746510558
32.119736253478294	32.76223051752285	32.44098338550057	1.958066254111266e7	2304.3372878977725	2.293383886291275e9	15569.252509167207
32.76223051752285	33.4175746668483	33.08990259218558	1.9496959058550686e7	2162.1330552187387	2.312880845349826e9	14795.848264016455
33.4175746668483	34.08602569916026	33.75180018300428	2.355170741384852e7	2461.131717139074	2.3364325527636743e9	14084.308781984038
34.08602569916027	34.76784575211847	34.42693572563937	2.0257304683879107e7	1994.7620331444975	2.356689857447553e9	13386.914102716344
34.76784575211846	35.46330220613582	35.11557397912714	2.0917921375458956e7	1940.9975280641445	2.3776077788230124e9	12726.64953517943
35.46330220613583	36.17266778923354	35.81798499768469	2.0853579831644684e7	1823.409217618475	2.398461358654657e9	12097.69126984355
36.172667789233536	36.8962206839932	36.53444423661337	2.307694070527482e7	1901.4235977527217	2.421538299359932e9	11509.516591350426
36.89622068399321	37.63424463664806	37.265232660320635	2.076279717152664e7	1612.069166342662	2.4423010965314584e9	10938.580926348322
37.63424463664806	38.38702906835602	38.010636852502046	1.7769700106305778e7	1300.0950914467926	2.460070796637764e9	10382.584910835245
38.387029068356014	39.15486918869813	38.77094912852707	2.4290157240932584e7	1674.6443987242487	2.4843609538786964e9	9880.268650196758
39.15486918869813	39.938066111447085	39.54646765007261	2.0881140536551744e7	1356.5749392527	2.5052420944152484e9	9388.581840297573
39.93806611144709	40.73692697265103	40.33749654204906	1.8608647572093517e7	1139.2045891917764	2.523850741987342e9	8912.720035956278
40.73692697265103	41.551765051079045	41.14434601186504	1.9659918914420247e7	1134.1383098769772	2.543510660901762e9	8464.016924124755
41.55176505107904	42.38289989107561	41.96733247107733	2.5098860981895745e7	1364.3812299305664	2.568609521883658e9	8054.479375114317
42.38289989107562	43.230657427872124	42.80677865947387	2.010611594189009e7	1029.9291986379785	2.588715637825548e9	7649.273996565832
43.230657427872124	44.09537011540456	43.66301377163835	2.2295131639208704e7	1076.1845022364898	2.611010769464757e9	7270.111593823493
