-0.0	9.953897499377266e-5	4.976948749688633e-5	0.025781882445667897	6.240889911792708e9	0.025781882445667897	6.240889911792708e9
9.953897499377264e-5	0.0002010687294874207	0.00015030385224059668	0.07941088953244814	2.6541714399785676e9	0.10519277197811604	3.089325641495181e9
0.00020106872948742055	0.0003046290790709416	0.00025284890427918107	0.13624624618936393	1.6149904466391175e9	0.24143901816747998	2.0389415417805655e9
0.0003046290790709413	0.0004102606356461327	0.000357444857358537	0.19643755168979493	1.1498830913794365e9	0.4378765698572749	1.5138524649384375e9
0.000410260635646133	0.0005180048233528283	0.00046413272949948065	0.26014080582674665	8.879211891535165e8	0.6980173756840216	1.1988813749814503e9
0.0005180048233528285	0.0006279038948136576	0.000572954359083243	0.3275186719229499	7.202157725292466e8	1.0255360476069715	9.889692545486393e8
0.000627903894813658	0.0007400009477037037	0.0006839524212586809	0.3987407503903877	6.037591178825893e8	1.4242767979973592	8.390908058920094e8
0.0007400009477037037	0.0008543399416515503	0.000797170444677627	0.47398386325639885	5.1821865573491913e8	1.898260661253758	7.267333761252093e8
0.0008543399416515499	0.0009709657154783534	0.0009126528285649516	0.5534323500841416	4.5274987762467074e8	2.4516930113378996	6.393899323067899e8
0.0009709657154783537	0.0010899240047816932	0.0010304448601300233	0.6372783757375076	4.010449319354404e8	3.088971387075407	5.695562514747013e8
0.0010899240047816928	0.001211261459871099	0.001150592732326396	0.7257222504532317	3.591866123731672e8	3.814693637528639	5.12456916117264e8
0.0012112614598710993	0.0013350256640622935	0.0012731435619666963	0.8189727627028569	3.2461449542558175e8	4.633666400231496	4.6490831190936446e8
0.0013350256640622929	0.0014612651523373112	0.001398145408199802	0.9172475253455108	2.955846198380326e8	5.550913925577007	4.247063957249638e8
0.0014612651523373112	0.0015900294303778297	0.0015256472913575704	1.0207733355911248	2.708682151679014e8	6.571687261168131	3.9027684878772676e8
0.0015900294303778312	0.00172136899397916	0.0016556992121784958	1.129786549312982	2.4957461313392812e8	7.701473810481113	3.6046516856195617e8
0.0017213689939791588	0.0018553353488525142	0.0017883521714158364	1.2445334702715396	2.3104248180764723e8	8.946007280752653	3.344054761850111e8
0.001855335348852515	0.0019919810308233377	0.0019236581898379264	1.3652707548281064	2.1477049670762455e8	10.31127803558076	3.1143562715932155e8
0.0019919810308233377	0.0021313596264335767	0.002061670328628457	1.4922658327550522	2.0037172140544477e8	11.803543868335812	2.910406184809189e8
0.0021313596264335767	0.0022735257939560205	0.0022024427101947986	1.6257973447684648	1.8754275026527599e8	13.429341213104276	2.728138672015213e8
0.00227352579395602	0.0024185352848289125	0.0023460305393924663	1.7661555974258576	1.7604232659968066e8	15.195496810530134	2.564301054223137e8
0.002418535284828912	0.0025664449655192624	0.0024924901251740872	1.9136430360818757	1.6567620758563164e8	17.10913984661201	2.416260195757558e8
0.002566444965519263	0.0027173128398234204	0.0026418789026713416	2.068574736576352	1.5628624599500957e8	19.17771458318836	2.2818616990350735e8
0.0027173128398234204	0.002871198071613661	0.002794255455718541	2.2312789164067155	1.4774237911884743e8	21.408993499595077	2.1593258311445773e8
0.002871198071613661	0.003028161008039706	0.0029496795398266835	2.402097466120267	1.3993666028071472e8	23.811090965715344	2.0471694687854967e8
0.003028161008039706	0.0031882632031942724	0.003108212105616989	2.5813865017180895	1.3277875018881987e8	26.392477467433434	1.9441467764241406e8
0.0031882632031942715	0.003351567442251929	0.0032699153227231	2.7695169388766168	1.2619246792074952e8	29.16199440631005	1.8492035741091594e8
0.0033515674422519306	0.0035181377660907414	0.0034348526041713357	2.966875089833522	1.2011312198279957e8	32.12886949614357	1.7614418457754e8
0.003518137766090741	0.0036880394964063277	0.0036030886312485343	3.173863283808167	1.144854231058744e8	35.30273277995174	1.6800918529139805e8
0.0036880394964063277	0.003861339261328226	0.003774689378867277	3.3909005118614317	1.0926183604682907e8	38.69363329181317	1.604490017830338e8
0.0038613392613282265	0.004038105021548563	0.003949722141438395	3.6184230971375015	1.044012663276316e8	42.31205638895067	1.5340612302532005e8
0.004038105021548562	0.0042184060969733045	0.0041282555592609335	3.8568853914582846	9.986800511230458e7	46.16894178040896	1.468304578473121e8
0.004218406096973306	0.004402313193906544	0.004310359645439925	4.106760499288626	9.563087490762159e7	50.27570227969758	1.4067817558948952e8
0.004402313193906543	0.004589898432778446	0.004496105813342494	4.368541030105774	9.166253286804597e7	54.64424330980336	1.3491075754915196e8
0.004589898432778446	0.0047812353764277865	0.004685566904603117	4.642739880278498	8.793889879837261e7	59.28698319008185	1.2949421581801723e8
0.0047812353764277865	0.004976399058950114	0.004878817217688951	4.9298910455596285	8.44386825708889e7	64.21687423564148	1.243984460335507e8
0.004976399058950114	0.005175466015122888	0.005075932537036501	5.230550465392497	8.114299136820436e7	69.44742470103398	1.1959668800528082e8
0.005175466015122887	0.005378514310419117	0.005276990162771002	5.545296900195552	7.803500145179906e7	74.99272160122953	1.1506507380726272e8
0.005378514310419117	0.005585623571621271	0.005482068941020194	5.87473284293651	7.509968241980031e7	80.86745444416604	1.1078224722455537e8
0.005585623571621272	0.005796875018047469	0.00569124929483437	6.219485466243768	7.232356441523542e7	87.08693991040981	1.06729041746537e8
0.005796875018047468	0.006012351493402189	0.005904613255724828	6.580207606442798	6.969454067806186e7	93.66714751685261	1.0288820686138162e8
0.006012351493402189	0.006232137498264004	0.006122244495833097	6.957578785889751	6.720169933507635e7	100.62472630274236	9.924417440514019e7
0.006232137498264004	0.006456319223223056	0.00634422836074353	7.352306275061451	6.483517949863763e7	107.97703257780381	9.578285828966017e7
0.006456319223223056	0.006684984582681288	0.006570651902952172	7.765126195910909	6.258604767238799e7	115.74215877371472	9.249148217558299e7
0.0066849845826812875	0.006918223249328685	0.006801603916004986	8.196804668020121	6.0446191197475314e7	123.93896344173484	8.935843064459656e7
0.006918223249328684	0.007156126689309029	0.007037174969318856	8.648138999175416	5.840822606007451e7	132.58710244091026	8.637312021550277e7
0.00715612668930903	0.007398788198088982	0.007277457443699006	9.119958922035522	5.646541685171068e7	141.70706136294578	8.352588718438925e7
0.007398788198088982	0.007646302937044533	0.007522545567566758	9.613127878611579	5.461160705360915e7	151.32018924155736	8.08078897831815e7
0.007646302937044532	0.007898767970779194	0.0077725354539118635	10.128544354349401	5.2841158124240115e7	161.44873359590676	7.821102256847268e7
0.007898767970779196	0.00815628230518855	0.008027525137983873	10.667143263679975	5.1148896120037906e7	172.11587685958673	7.57278412934519e7
0.008156282305188549	0.008418946926286091	0.008287614615737321	11.229897388936138	4.953006478426609e7	183.34577424852284	7.33514967952878e7
0.008418946926286091	0.008686864839805583	0.008552905883045837	11.817818874639528	4.798028420785374e7	195.16359312316237	7.107567666055128e7
0.008686864839805583	0.008960141111595467	0.008823502975700524	12.431960779191513	4.6495514305001475e7	207.59555390235388	6.889455362162635e7
0.008960141111595465	0.009238882908821145	0.009099512010208305	13.073418686138552	4.507202246196649e7	220.66897258849244	6.6802739795116484e7
0.009238882908821145	0.009523199541991339	0.009381041225406242	13.743332377170702	4.370635481297993e7	234.41230496566314	6.479524600494011e7
0.009523199541991342	0.00981320250782494	0.009668201024908141	13.857765074663746	4.0677755942182615e7	248.27007004032689	6.271962802635293e7
0.009813202507824938	0.010109005532975208	0.009961104020400072	15.030510655835428	4.074875988356699e7	263.30058069616234	6.084682265974016e7
0.010109005532975208	0.010410724618628483	0.010259865075801846	16.663835444736833	4.174915835843817e7	279.9644161408992	5.9234039377865106e7
0.010410724618628481	0.010718478085994822	0.010564601352311652	16.73198670306141	3.876124818559465e7	296.6964028439606	5.752071800861742e7
0.01071847808599482	0.011032386622708487	0.010875432354351653	17.562948353752915	3.764100582915302e7	314.2593511977135	5.587160936381072e7
0.011032386622708489	0.01135257333015643	0.01119247997643246	18.430234699680852	3.656246218582911e7	332.68958589739435	5.428347600754218e7
0.01135257333015643	0.011679163771753329	0.01151586855095488	19.33534743982392	3.552353210836566e7	352.0249333372183	5.275329248872136e7
0.011679163771753329	0.012012286022182166	0.011845724896967749	20.27984836917932	3.452226584758327e7	372.3047817063976	5.127822825184872e7
0.012012286022182165	0.012352070717619578	0.012182178369900872	21.265361720112878	3.3556838226729855e7	393.57014342651047	4.985563217537054e7
0.01235207071761958	0.012698651106965742	0.01252536091229266	22.293576592170723	3.2625538838621832e7	415.8637200186812	4.848301855959762e7
0.01269865110696574	0.013052163104098825	0.012875407105532283	23.366249473475932	3.1726763154480413e7	439.2299694921571	4.715805440807575e7
0.013052163104098825	0.013412745341174571	0.013232454222636698	24.485206857023115	3.0859004447086703e7	463.71517634918024	4.5878547865219995e7
0.013412745341174571	0.013780539222991833	0.013596642282083203	25.652347955289486	3.0020846442571074e7	489.3675243044697	4.464243768940916e7
0.013780539222991831	0.014155688982445437	0.013968114102718634	26.86964751665073	2.9210956625252992e7	516.2371718211205	4.3447783654944025e7
0.01415568898244544	0.01453834173708812	0.01434701535976678	28.139158747255692	2.8428080128836412e7	544.3763305683761	4.2292757788635604e7
0.014538341737088116	0.014928647546823649	0.014733494641955882	29.46301634213114	2.76710341549318e7	573.8393469105073	4.117563635756043e7
0.014928647546823649	0.01532675947275389	0.01512770350978877	30.843439629296768	2.693870286646203e7	604.682786539804	4.009479253391587e7
0.015326759472753894	0.01573283363720274	0.015529796554978317	32.28273583101134	2.6230032709592108e7	636.9655223708154	3.90486896711501e7
0.01573283363720274	0.016147029284940564	0.01593993146107165	33.783303446184505	2.554402812272569e7	670.7488258169999	3.803587513274614e7
0.01614702928494056	0.01656950884563314	0.01635826906528685	35.34763575822012	2.487974759572338e7	706.09646157522	3.705497462137862e7
0.016569508845633144	0.017000437997539575	0.016784973421586358	36.97832447276369	2.423630004650159e7	743.0747860479837	3.610468696174393e7
0.017000437997539575	0.017439985732484137	0.017220211865011856	38.67806348976637	2.3612841485501047e7	781.7528495377501	3.518377929527245e7
0.01743998573248414	0.017888324422127594	0.017664155077305867	40.44965281456439	2.300857194171468e7	822.2025023523145	3.429108264927577e7
0.017888324422127587	0.01834562988556391	0.018116977153845748	42.29600261294058	2.2422732626742147e7	864.498504965255	3.3425487846930448e7
0.01834562988556391	0.018812081458268955	0.01857885567191643	44.22013741479748	2.1854603315450963e7	908.7186423800525	3.258594172788529e7
0.01881208145826896	0.019287862062428107	0.019049971760348533	46.22520047204523	2.1303499924443834e7	954.9438428520978	3.1771443652323615e7
0.019287862062428104	0.019773158278670433	0.01953051017054927	48.31445827538528	2.076877227082604e7	1003.258301127483	3.098104226396931e7
0.019773158278670436	0.020268160419237614	0.020020659348954025	50.49130523595204	2.0249801996054847e7	1053.749606363435	3.021383248993897e7
0.02026816041923761	0.020773062602616132	0.02052061151092687	52.75926853716669	1.974600064074142e7	1106.5088749006018	2.9468952757462475e7
0.020773062602616132	0.021288062829662224	0.02103056271613918	55.12201316241749	1.9256807857702363e7	1161.6308880630193	2.8745582409392625e7
0.021288062829662228	0.02181336306124924	0.021550712945455734	55.99184108550048	1.82625957118032e7	1217.6227291485197	2.8006333342814103e7
0.021813363061249234	0.022349169297467986	0.02208126617935861	59.87767812978427	1.8238035995397393e7	1277.500407278304	2.732047726965463e7
0.02234916929746799	0.022895691658411117	0.022622430477939555	64.67881719712705	1.8401135493241254e7	1342.179224475431	2.669688555057477e7
0.02289569165841112	0.02345314446657311	0.023174418062492114	65.599224630055	1.743580965666477e7	1407.778449105486	2.6052083834546294e7
0.023453144466573112	0.024021746330898344	0.023737445398735728	68.49604901132102	1.7012128517180756e7	1476.274498116807	2.542522346939209e7
0.024021746330898337	0.02460172023251007	0.024311733281704204	71.51284367717176	1.66001989095518e7	1547.7873417939788	2.4815684266168986e7
0.02460172023251007	0.02519329361215404	0.024897506922332058	74.65439506020198	1.6199616699309388e7	1622.4417368541808	2.4222873224502865e7
0.02519329361215404	0.02579669845939089	0.025494996035772467	77.92567469872574	1.5809995372861974e7	1700.3674115529066	2.364622305918793e7
0.025796698459390893	0.02641217140357248	0.026104434931481686	81.33184613643334	1.5430965087950395e7	1781.69925768934	2.308519082182021e7
0.026412171403572472	0.02703995380663769	0.02672606260510508	84.87827206539464	1.5062171785010088e7	1866.5775297547345	2.253925661038723e7
0.027039953806637693	0.027680291857764213	0.027360122832200955	88.5705217200973	1.4703276354910493e7	1955.1480514748318	2.2007922360329717e7
0.027680291857764217	0.028333436669913267	0.028006864263838742	92.41437853075558	1.4353953858988402e7	2047.5624300055874	2.149071071113614e7
0.028333436669913267	0.0289996443783053	0.02866654052410928	96.41584804387503	1.4013892797540441e7	2143.9782780494625	2.098716394301652e7
0.0289996443783053	0.02967917624086517	0.029339410309585236	100.58116611857986	1.3682794423316354e7	2244.5594441680423	2.049684297864977e7
0.02967917624086517	0.030372298740676238	0.030025737490770706	104.91680740709762	1.336037209678554e7	2349.47625157514	2.001932644540078e7
0.03037229874067624	0.031079283690483534	0.03072579121557989	109.42949412865983	1.3046350680298707e7	2458.9057457037998	1.9554209793776136e7
0.031079283690483534	0.03180040833928697	0.03143984601488525	114.12620514504806	1.2740465968334718e7	2573.031950848848	1.9101104468215693e7
0.03180040833928697	0.03253595548106648	0.03216818191017672	119.01418534816594	1.2442464151483363e7	2692.0461361970138	1.865963712663264e7
0.03253595548106647	0.033286213565681566	0.03291108452337402	124.1009553678191	1.215210131171284e7	2816.147091564833	1.8229448905383833e7
0.033286213565681566	0.034051476811988966	0.03366884518883527	129.39432161005652	1.186914294689029e7	2945.5414131748894	1.78101947266126e7
0.03405147681198896	0.0348320453232225	0.03444176106760573	134.90238663607488	1.1593363522605613e7	3080.4437998109643	1.7401542645140603e7
0.03483204532322251	0.03562822520468072	0.03523013526395162	140.63355989121328	1.1324546049432449e7	3221.0773597021775	1.700317323229391e7
0.03562822520468072	0.036440328683768106	0.03603427694422441	146.59656879451677	1.106248168397959e7	3367.6739284966943	1.6614778994246759e7
0.036440328683768106	0.03726867423243723	0.036854501458102665	152.8004701997761	1.080696935221456e7	3520.4743986964704	1.62360638226465e7
0.03726867423243723	0.03811358669207974	0.037691130462258485	159.25466223781496	1.0557815393550215e7	3679.7290609342854	1.586674247544353e7
0.03811358669207974	0.0389753974009151	0.03854449204649742	165.96889655202312	1.031483322445283e7	3845.6979574863085	1.5506540086006152e7
0.0389753974009151	0.039854444323927166	0.039414920862421134	172.95329093675173	1.0077843020232642e7	4018.65124842306	1.5155191698732236e7
0.03985444432392717	0.04075107218539948	0.040302758254663326	180.2183423919946	9.84667141401275e6	4198.869590815055	1.4812441829506379e7
0.04075107218539948	0.041665632604101235	0.04120835239475036	187.77494060331537	9.621151211653218e6	4386.64453141837	1.4478044049457893e7
0.04166563260410123	0.042598484231177014	0.04213205841763912	195.63438186045823	9.40112112175558e6	4582.278913278828	1.4151760590590736e7
0.04259848423117702	0.04354999289079432	0.043074238560985675	203.808383425986	9.186425499793107e6	4786.087296704814	1.3833361971953746e7
0.04354999289079433	0.04452053172360398	0.044035262307199154	212.30909836553565	8.976914105493201e6	4998.39639507035	1.3522626645110345e7
0.04452053172360398	0.04551048133306982	0.0450155065283369	221.14913085231365	8.772441872697128e6	5219.545525922664	1.3219340657752873e7
0.04551048133306983	0.04652022993472499	0.04601535563389741	230.34155195791936	8.572868690945245e6	5449.887077880583	1.2923297334384939e7
0.04652022993472498	0.04755017350841324	0.04703520172156911	239.89991594199637	8.378059198094813e6	5689.7869938225795	1.2634296973067246e7
0.04755017350841324	0.04860071595357527	0.04807544473099426	249.83827705337535	8.187882583328556e6	5939.625270875955	1.2352146557289677e7
0.04860071595357527	0.04967226924764054	0.0491364926006079	260.17120685511236	8.002212399939434e6	6199.796477731067	1.2076659482093936e7
0.04967226924764054	0.05076525360758711	0.05021876142761382	270.91381208616804	7.820926387328516e6	6470.710289817235	1.180765529362822e7
0.05076525360758711	0.051880097654732615	0.05132267563115986	282.08175307426336	7.643906301736768e6	6752.792042891499	1.1544959441371912e7
0.05188009765473262	0.053017238582821036	0.052448668118776826	293.69126270906236	7.471037755103982e6	7046.483305600561	1.1288403042310197e7
0.053017238582821036	0.054177122329471215	0.05359718045614613	305.7591659939435	7.302210061746787e6	7352.242471594504	1.1037822656394254e7
0.05417712232947121	0.055360203751054396	0.0547686630402628	318.3029001836676	7.137316092263938e6	7670.545371778172	1.0793060072654802e7
0.055360203751054396	0.056566946801069246	0.05596357527606182	331.3405355268069	6.976252134417014e6	8001.885907304979	1.0553962105386242e7
0.05656694680106925	0.057797824712084396	0.057182385756576824	344.8907966212573	6.818917760484811e6	8346.776703926236	1.03203803998474e7
0.057797824712084396	0.05905332018131985	0.05842557244670212	358.9730843977595	6.665215700789235e6	8705.749788323996	1.0092171246962484e7
0.05905332018131985	0.06033392555994001	0.05969362287062993	373.607498746429	6.515051723094454e6	9079.357287070425	9.869195406539988e6
0.060333925559939994	0.06164014304613255	0.06098703430303627	388.8148617943825	6.368334517469784e6	9468.172148864807	9.651317938550672e6
0.06164014304613256	0.06297248488204897	0.06230631396409077	393.58389995698235	6.055236758680493e6	9861.75604882179	9.427860620756555e6
0.06297248488204897	0.06433147355468372	0.06365197921836635	419.2308238655678	6.058807916041752e6	10280.986872687357	9.218827684922442e6
0.06433147355468372	0.06571764200077115	0.06502455777772743	450.9317016726818	6.122286297615055e6	10731.91857436004	9.026987538725115e6
0.06571764200077114	0.06713153381578033	0.06642458790827574	455.81688193162336	5.814203481465e6	11187.735456291663	8.828234674589904e6
0.06713153381578033	0.06857370346708969	0.067852618641435	474.2283133038691	5.683445346797981e6	11661.963769595532	8.63396459242601e6
0.06857370346708969	0.07004471651142524	0.06930920998925746	493.35418234511053	5.555641672373053e6	12155.317951940642	8.444065010670742e6
0.07004471651142524	0.0715451498166475	0.07079493316403637	513.2210762352315	5.430718787696426e6	12668.539028175874	8.258426959698569e6
0.07154514981664752	0.07307559178797422	0.07231037080231087	533.8565156630357	5.308605190640211e6	13202.39554383891	8.07694466415312e6
0.07307559178797422	0.07463664259872746	0.07385611719335083	555.2889845417212	5.189231470690336e6	13757.68452838063	7.899515430287885e6
0.07463664259872745	0.07622891442569575	0.0754327785122116	577.5479604957291	5.0725302354509495e6	14335.23248887636	7.726039538067022e6
0.07622891442569575	0.07785303168920342	0.07704097305744959	600.663946127459	4.958436040235363e6	14935.896435003819	7.556420137791389e6
0.07785303168920343	0.07950963129798126	0.07868133149359235	624.668501074324	4.846885320604636e6	15560.564936078143	7.390563151028738e6
0.07950963129798126	0.08119936289893465	0.08035449709845796	649.5942748634588	4.737816327700683e6	16210.159210941601	7.228377175638723e6
0.08119936289893465	0.0829228891319071	0.08206112601542087	675.4750405707819	4.631169066232387e6	16885.634251512383	7.069773394694547e6
0.08292288913190708	0.08468088588953898	0.08380188751072304	702.3457292939311	4.52688523500761e6	17587.979980806314	6.914665489115333e6
0.084680885889539	0.08647404258232352	0.08557746423593127	730.2424654419337	4.424908169866133e6	18318.222446248248	6.762969553831806e6
0.08647404258232352	0.08830306240896375	0.08738855249564365	759.2026028495093	4.3251827889194945e6	19077.425049097757	6.614604017318902e6
0.08830306240896375	0.09016866263213678	0.08923586252055027	789.2647617183611	4.227655539976871e6	19866.68981081612	6.4694895643368745e6
0.09016866263213677	0.09207157485977326	0.09112011874595502	816.2311217846436	4.1109310376571645e6	20682.920932600762	6.32625286937781e6
0.09207157485977327	0.09401254533196249	0.09304206009586788	852.5989298280692	4.03777026311966e6	21535.51986242883	6.1874160195071185e6
0.09401254533196249	0.09599233521359549	0.09500244027277899	890.9643623329102	3.9677667171748523e6	22426.48422476174	6.052891860536755e6
0.09599233521359549	0.09801172089286114	0.09700202805322831	921.3524771489901	3.8585075872889087e6	23347.83670191073	5.920031178303646e6
0.09801172089286114	0.10007149428571212	0.09904160758928662	957.5510597610482	3.7712178294495977e6	24305.38776167178	5.790056350002447e6
0.10007149428571215	0.10217246314642014	0.10112197871606615	995.1121521693058	3.685834320932164e6	25300.499913841086	5.662900137445875e6
0.10217246314642012	0.10431545138434227	0.10324395726538119	1034.0843432956244	3.6023129089704533e6	26334.58425713671	5.5384970961291e6
0.10431545138434228	0.10650129938702288	0.10540837538568258	1000.5221255125216	3.278166981277085e6	27335.10638264923	5.402159959728325e6
0.10650129938702287	0.10873086434975707	0.10761608186838997	1100.1855212816263	3.390517921863218e6	28435.291903930858	5.280931816652313e6
0.1087308643497571	0.11100502061174598	0.10986794248075155	1250.2520892709108	3.624181453426602e6	29685.54399320177	5.18117829077021e6
0.11100502061174598	0.11332465999897465	0.11216484030536031	1205.1125223716117	3.2860055893898783e6	30890.65651557338	5.067167433838604e6
0.11332465999897466	0.11569069217394791	0.11450767608646129	1251.9263219614804	3.2111722891232464e6	32142.58283753486	4.95560752997402e6
0.1156906921739479	0.11810404499242061	0.11689736858318425	1300.4777610263882	3.137959634331355e6	33443.06059856125	4.846442783792306e6
0.11810404499242058	0.12056566486726274	0.11933485492984167	1350.8275297079163	3.066330980173507e6	34793.888128269165	4.739618840266331e6
0.12056566486726275	0.12307651713960176	0.12182109100343225	1403.0382365661717	2.99625062706105e6	36196.92636483534	4.635082741342345e6
0.12307651713960176	0.12563758645738754	0.12435705179849466	1457.174458137073	2.9276837922139606e6	37654.10082297241	4.532782884106787e6
0.12563758645738754	0.12824987716152902	0.12694373180945828	1513.3027891477832	2.860596582241033e6	39167.40361212019	4.432668980439029e6
0.12824987716152905	0.13091441367975337	0.12958214542064123	1571.4918933394074	2.794955966661181e6	40738.8955054596	4.334692018086433e6
0.13091441367975337	0.1336322409283422	0.13227332730404778	1631.812554886259	2.7307297523749974e6	42370.70806034586	4.238804223103928e6
0.1336322409283422	0.13640442472190278	0.1350183328251225	1694.337730357467	2.6678865590130864e6	44065.04579070333	4.1449590236010263e6
0.13640442472190276	0.13923205219133455	0.13781823845661867	1759.142601186315	2.606395795138359e6	45824.18839188964	4.0531110147427362e6
0.13923205219133455	0.14211623221015499	0.14067414220074476	1826.3046266026577	2.5462276352669126e6	47650.4930184923	3.9632159249532595e6
0.142116232210155	0.14505809582935186	0.14358716401975344	1895.9035969754186	2.4873529976669867e6	49546.39661546772	3.875230583273358e6
0.14505809582935186	0.14805879672093264	0.14655844627514225	1968.0216875241022	2.429743522920586e6	51514.41830299182	3.7891128878254867e6
0.1480587967209326	0.151119511630345	0.1495891541756388	2042.7435123253672	2.373371553192357e6	53557.16181531719	3.704821775341404e6
0.15111951163034504	0.1542414408379457	0.15268047623414538	2120.1561785716767	2.318210112201675e6	55677.317993888864	3.6223171917105718e6
0.15424144083794566	0.15742580862969832	0.155833624733822	2200.349341005538	2.26423288585418e6	57877.6673348944	3.5415600635085576e6
0.15742580862969832	0.16067386377728604	0.15904983620349217	2251.0021671415743	2.1800231694441126e6	60128.66950203598	3.460646766811121e6
0.160673863777286	0.16398688002782547	0.16233037190255573	2366.2669134608877	2.1568287269307044e6	62494.936415496864	3.3832096563907466e6
0.1639868800278255	0.16736615660337575	0.16567651831560062	2494.142726088634	2.1396893509008205e6	64989.0791415855	3.309396815686783e6
0.16736615660337573	0.17081301871043697	0.16908958765690635	2550.8122666821073	2.0596619897451436e6	67539.8914082676	3.2352574438742767e6
0.170813018710437	0.17432881805963948	0.17257091838503824	2576.6512645401526	1.9582649724712865e6	70116.54267280776	3.1595434147205125e6
0.17432881805963946	0.17791493339582598	0.17612187572773272	2734.418077179187	1.9560916116935606e6	72850.96074998695	3.088228788337412e6
0.17791493339582598	0.18157277103873623	0.17974385221728112	2928.177053023406	1.9716960480143286e6	75779.13780301035	3.022100382148527e6
0.18157277103873626	0.18530376543450472	0.1834382682366205	2953.634932836605	1.8720933478971056e6	78732.77273584696	2.954025253622379e6
0.18530376543450472	0.18910937971818856	0.18720657257634665	3063.3343222500116	1.8276903737502622e6	81796.10705809697	2.887385791034343e6
0.18910937971818853	0.19299110628754604	0.19105024300286727	3110.864370616662	1.7471739418771374e6	84906.97142871363	2.8199593888446447e6
0.19299110628754604	0.1969504673882907	0.19497078683791835	3285.898799029368	1.7372614958803998e6	88192.870227743	2.7559657767540533e6
0.1969504673882907	0.20098901571105024	0.19896974154967045	3369.3503652724467	1.676957455439112e6	91562.22059301545	2.692221185037122e6
0.20098901571105027	0.205108335000265	0.20304867535565763	3452.519047413938	1.617653669840769e6	95014.73964042938	2.628769127914847e6
0.20510833500026499	0.20931004067526401	0.20720918783776449	3806.2622505676263	1.6789212214195821e6	98821.00189099701	2.572707763488307e6
0.20931004067526404	0.21359578046376304	0.21145291056951354	3881.89510848996	1.6120033183929375e6	102702.89699948697	2.516031521166539e6
0.213595780463763	0.217967235048032	0.2157815077558975	3945.4603252621455	1.5424764632910916e6	106648.35732474911	2.4586228628203883e6
0.217967235048032	0.22242611872398638	0.2201966768860092	4089.3690569278115	1.5051644044534017e6	110737.72638167693	2.402423915198077e6
0.2224261187239864	0.22697418007345985	0.22470014939872313	4238.168635726237	1.4686574271749111e6	114975.89501740316	2.347409305817215e6
0.22697418007345982	0.23161320264992274	0.22929369136169128	4392.007061550059	1.4329388381433836e6	119367.90207895322	2.293554245616247e6
0.23161320264992277	0.23634500567791494	0.23397910416391887	4551.03586396086	1.3979923253016286e6	123918.93794291408	2.24083451384569e6
0.23634500567791494	0.24117144476646696	0.23875822522219095	4715.410136279737	1.3638019478280023e6	128634.34807919382	2.1892264434009176e6
0.24117144476646696	0.24609441263679002	0.2436329287016285	4885.288567083626	1.3303521264080936e6	133519.63664627745	2.138706906581185e6
0.24609441263679002	0.2511158398645195	0.24860512625065478	5060.833468894416	1.2976276337817947e6	138580.47011517186	2.089253301259916e6
0.2511158398645195	0.25623769563680365	0.2536767677506616	5242.210803890717	1.2656135855645603e6	143822.68091906258	2.0408435374523324e6
0.2562376956368037	0.2614619885245335	0.25884984208066864	5225.8360416775395	1.1879764965479216e6	149048.51696074012	1.9907346253619974e6
0.26146198852453345	0.2667907672700178	0.26412637789727567	5579.898906950257	1.1944019288572324e6	154628.41586769038	1.9439644083536523e6
0.2667907672700179	0.27222612159041193	0.26950844443021493	6070.052482489264	1.2234754158238566e6	160698.46835017964	1.90166380594132e6
0.27222612159041193	0.2777701829972139	0.2749981522938129	5969.267431389424	1.1329451364474378e6	166667.73578156906	1.856547440942928e6
0.2777701829972139	0.2834251256321519	0.28059765431468287	6238.0065071271965	1.1148719389235845e6	172905.74228869626	1.8130332292269699e6
0.2834251256321519	0.28919316711978865	0.28630914637597027	6527.583923439204	1.0985734318712072e6	179433.32621213546	1.7711299050597837e6
0.28919316711978865	0.29507656943717814	0.2921348682784834	6689.876271068846	1.0602253977863851e6	186123.2024832043	1.7294488826549973e6
0.2950765694371781	0.30107763980091534	0.2980771046190467	6924.331412875559	1.0333973796937417e6	193047.53389607987	1.6886519278303795e6
0.3010776398009154	0.3071987315719274	0.30413818568642137	7166.2793648661755	1.0071598828147737e6	200213.81326094604	1.6487210146032008e6
0.3071987315719274	0.31344224517835967	0.31032048837514353	7415.923186199012	981500.9995868419	207629.73644714506	1.609638513902472e6
0.31344224517835967	0.3198106290569206	0.31662643711764016	7673.469608171901	956409.0797031046	215303.20605531696	1.5713871837139558e6
0.3198106290569206	0.3263063806130527	0.32305850483498666	7939.1290065947105	931872.7235472666	223242.33506191167	1.5339501594903457e6
0.32630638061305267	0.33293204720030745	0.32961921390668003	8213.115368112689	907880.7757976804	231455.45043002436	1.4973109448178108e6
0.3329320472003074	0.33969022711930724	0.3363111371598073	8024.010612349346	835323.6311888911	239479.4610423737	1.4585808440585847e6
0.3396902271193073	0.34658357063668715	0.34313689887799725	8704.238675281114	853378.2231672126	248183.69971765482	1.4231829430230507e6
0.34658357063668715	0.3536147810244146	0.3500991758305509	9281.874266732717	857035.7729519064	257465.57398438753	1.390078504042542e6
0.3536147810244146	0.3607866156198966	0.3572006983221556	8856.598179864843	770171.8212564323	266322.1721642524	1.3538403745918008e6
0.36078661561989656	0.3681018869072882	0.36444425126359237	10027.305570223718	821234.4508225089	276349.4777344761	1.3227138708147865e6
0.3681018869072882	0.37556346362042764	0.3718326752638579	10632.540044645139	820137.8939298466	286982.01777912123	1.2933500031894525e6
0.3755634636204277	0.38317427186782993	0.3793688677441288	10382.886487628042	754292.0307875782	297364.9042667493	1.2618626302198763e6
0.38317427186782993	0.3909372962801802	0.3870557840740051	10492.753768412862	717938.0706077628	307857.65803516214	1.2300989187646988e6
0.3909372962801802	0.3988555811807775	0.39489643873047886	10486.839391967049	675806.9344419733	318344.4974271292	1.1977376946272221e6
0.3988555811807775	0.40693223177938675	0.40289390648008216	11319.542412728013	687055.4197488423	329664.0398398572	1.1679296831056867e6
0.4069322317793867	0.41517041538996813	0.41105132358467744	12448.159793216444	711634.811704806	342112.19963307364	1.1413024676554585e6
0.41517041538996813	0.4235733626727612	0.4193718890313647	12609.82333555352	678975.8658988731	354722.02296862716	1.114329482340578e6
0.4235733626727612	0.4321443689012101	0.4278588657869856	12636.295066433377	640859.0025851561	367358.31803506054	1.0867125782728144e6
0.4321443689012101	0.44088679525422797	0.436515582077719	13051.21130783885	623440.4204143602	380409.5293428994	1.0596965077653783e6
0.4408867952542281	0.44980407013430634	0.4453454326942672	13478.053494191263	606424.3650304526	393887.58283709065	1.0332693285107068e6
0.4498040701343063	0.4588996905119861	0.4543518803231462	13917.082966943795	589802.8452355874	407804.66580403445	1.0074193461421374e6
0.4588996905119861	0.4681772232972195	0.4635384569046028	13929.975406965183	556060.3761811472	421734.64121099963	981114.7871980701
0.46817722329721945	0.4776403067381575	0.47290876501768847	14757.715939517017	554890.6347831644	436492.35715051665	956280.12297898
0.47764030673815755	0.48729265184791437	0.482466479293036	14703.212474053376	520739.77705021214	451195.56962457	930907.715622787
0.4872926518479144	0.4971380438598664	0.49221534785389043	15636.634987187572	521645.70877591765	466832.2046117576	907070.8316725581
0.4971380438598663	0.5071803437120573	0.5021591937859619	17588.3895757664	552695.2309846324	484420.594187524	886434.6985253163
0.5071803437120572	0.517423489561292	0.5123019166366747	16822.04240988131	497930.89484516234	501242.6365974053	863815.4644898854
0.5174234895612922	0.5278714983275118	0.522647493944402	17353.835149652907	483860.1637317977	518596.4717470582	841698.0245086965
0.5278714983275117	0.5385284672690556	0.5331999827982836	17275.31447410048	453719.7531690638	535871.7862211587	819117.6535509218
0.5385284672690556	0.5493985755894304	0.543963521429243	18340.143932246137	453737.8394589396	554211.9301534048	797856.290921534
0.5493985755894303	0.5604860860762125	0.5549423308328214	19781.45459452574	461003.43495502736	573993.3847479306	778258.3168280363
0.5604860860762126	0.5717953467727306	0.5661407164244716	19627.011631329893	430870.6169443399	593620.3963792605	758050.8777213887
0.5717953467727305	0.5833307926831788	0.5775630697279546	20233.160260023316	418413.99443241593	613853.5566392838	738297.6054449761
0.5833307926831788	0.5950969475118361	0.5892138700975074	20466.714254979277	398697.349376488	634320.2708942632	718549.7013339832
0.595096947511836	0.6070984254370663	0.601097686474451	21449.713246709085	393615.6487545227	655769.9841409723	699657.6797595916
0.6070984254370664	0.6193399329208014	0.6132191791789339	22578.092116408865	390298.24000045174	678348.0762573811	681674.0164640434
0.6193399329208014	0.631826270554211	0.6255831017375062	22038.60361784487	358884.4983710029	700386.679875226	662912.5340744659
0.631826270554211	0.6445623349402889	0.63819430274725	23358.48448184342	358326.80157505657	723745.1643570694	645211.7891369724
0.6445623349402889	0.6575531206140883	0.6510577277771886	25133.25759944739	363203.5591471776	748878.4219565168	628825.5484089444
0.6575531206140883	0.6708037220013637	0.664178421307726	24577.14367983432	334581.5796934537	773455.5656363511	611730.8300338027
0.6708037220013637	0.6843193354163847	0.6775615287088742	25647.032503614086	328911.9240925634	799102.5981399652	595302.2170422538
0.6843193354163846	0.6981052610997059	0.6912122982580453	26800.949283955386	323792.7129013418	825903.5474239206	579532.7578087735
0.6981052610997058	0.7121669052966936	0.7051360831981996	25639.923215540824	291816.9281976188	851543.4706394614	562824.3132408496
0.7121669052966937	0.7265097823776212	0.7193383438371574	27050.18518585828	290030.24715234275	878593.6558253197	546984.5436257996
0.7265097823776212	0.7411395170001672	0.7338246496888943	30503.158689781092	308105.55309361545	909096.8145151008	533115.8765224684
0.7411395170001672	0.7560618463151642	0.7486006816576657	30441.42054020136	289670.0631050643	939538.2350553022	518983.89586508373
0.7560618463151642	0.771282622216461	0.7636722342658127	29797.185024294187	267116.1852569713	969335.4200795963	504364.8751994592
0.7712826222164612	0.786807813635784	0.7790452179261226	31265.40296483098	264044.72631890647	1.0006008230444273e6	490417.83299303986
0.7868078136357839	0.8026435088834932	0.7947256612596385	33015.19625010295	262674.57712679496	1.0336160192945303e6	477202.3005945151
0.8026435088834933	0.8187959180361568	0.8107197134598251	33147.79504308663	248457.2311764766	1.0667638143376168e6	463930.21635819017
0.8187959180361568	0.8352713753718736	0.8270336467040151	34074.87692399835	240616.95889544138	1.1008386912616151e6	450974.80627905915
0.8352713753718735	0.8520763418543045	0.843673858613089	35021.94276322774	232985.65120234631	1.1358606340248429e6	438329.7194427499
0.8520763418543045	0.8692174076663841	0.8606468747603443	34639.569218513556	217100.31237809657	1.1705002032433564e6	425498.11289989355
0.8692174076663842	0.8867012947947055	0.8779593512305448	36758.30635794485	217042.3408312036	1.2072585096013013e6	413408.72489917796
0.8867012947947055	0.9045348596655932	0.8956180772301494	39273.42710793717	218469.452307608	1.2465319367092384e6	402104.4454107263
0.9045348596655932	0.9227250958338986	0.9136299777497459	38095.513002470834	199650.58928808125	1.2846274497117093e6	390365.64614555344
0.9227250958338986	0.9412791367255702	0.9320021162797344	40221.63353030244	198592.65927505982	1.3248490832420117e6	379247.30390134803
0.9412791367255703	0.9602042584350753	0.9507416975803228	42173.0490129306	196176.52271646334	1.3670221322549423e6	368634.5642426885
0.9602042584350751	0.9795078825787702	0.9698560705069226	42225.487987350905	185053.39042559202	1.4092476202422932e6	357993.2968054699
0.9795078825787704	0.9991975792053394	0.9893527308920549	42756.315523668425	176536.59131660772	1.4520039357659617e6	347476.20101860457
0.9991975792053394	1.0192810697644397	1.0092393244848896	44424.50381606724	172810.7939681122	1.496428439582029e6	337353.6928533898
1.0192810697644394	1.0397662301347217	1.0295236499495806	46258.41449443111	169533.1093487529	1.54268685407646e6	327628.78020901553
1.039766230134722	1.06066109371241	1.050213661923566	46805.415241684066	161613.2803573864	1.589492269318144e6	318009.35396815866
1.06066109371241	1.0819738545616517	1.0713174741370308	46909.04348074016	152600.62102725072	1.6364013127988842e6	308425.9498334464
1.0819738545616517	1.1037128706278783	1.092843362594765	48031.462349307956	147212.91192949493	1.6844327751481922e6	299086.4603460701
1.1037128706278783	1.1258866670154293	1.1147997688216538	51541.2139431322	148832.11930366	1.7359739890913244e6	290382.5909105763
1.1258866670154293	1.1485039393307315	1.1371953031730804	52515.34030645038	142873.49312491177	1.7884893293977748e6	281838.4726447408
1.1485039393307315	1.1715735570923396	1.1600387482115355	53001.599897285225	135856.18392439449	1.84149092929506e6	273383.4953809756
1.1715735570923396	1.1951045672091798	1.1833390621507598	54766.922907705884	132262.0329363059	1.8962578522027659e6	265210.7138892063
1.19510456720918	1.2191061975283572	1.2071053823687685	55652.65908752871	126628.2579867954	1.9519105112902946e6	257185.6164481917
1.2191061975283572	1.243587860453918	1.2313470289911375	57003.560314386385	122201.3387688229	2.008914071604681e6	249369.49725584532
1.243587860453918	1.2685591566379897	1.2560735085459538	58376.182096853154	117907.19892987257	2.0672902537015341e6	241757.89994800452
1.2685591566379897	1.294029878745743	1.2812945176918662	59340.263899080455	112923.96388364198	2.1266305176006146e6	234299.0458430793
1.2940298787457432	1.3200100152956515	1.3070199470206973	60517.417719355784	108505.15320949694	2.1871479353199704e6	227016.73367171473
1.3200100152956513	1.3465097545765579	1.3332598849361046	62250.701556738466	105159.58496097615	2.249398636876709e6	219962.83400992115
1.3465097545765579	1.3735394886430825	1.3600246216098202	64709.41546334792	102993.06986261845	2.3141080523400567e6	213192.32953603135
1.3735394886430825	1.4011098173909375	1.38732465301701	28048.169757641386	42061.254140869605	2.342156222097698e6	203287.5217687451
1.4011098173909378	1.42923155271375	1.415170685052344	100506.3747403184	142006.9793212333	2.4426625968380165e6	199740.9388000617
1.4292315527137498	1.4579157227430182	1.443573637728384	70376.36881245999	93687.68953342481	2.5130389656504765e6	193603.5669496647
1.4579157227430184	1.4871735761728722	1.4725446494579453	71570.13409905788	89769.39036138316	2.5846090997495344e6	187595.00853120085
1.4871735761728724	1.5170165866713232	1.5020950814220977	71781.26224934962	84829.99902268835	2.656390361998884e6	181648.70192672298
1.517016586671323	1.547456457379743	1.532236522025533	74548.81787818857	83008.42825335925	2.7309391798770726e6	175941.4253783985
1.547456457379743	1.5785051255023312	1.5629807914410372	75218.48364494648	78913.29396648827	2.806157663522019e6	170327.7735735103
1.5785051255023315	1.6101747669873716	1.5943399462448515	76510.20364522561	75629.32288988477	2.8826678671672447e6	164849.23958165068
1.6101747669873714	1.6424778013021122	1.6263262841447417	78155.55828306545	72790.8929377392	2.96082342545031e6	159523.75835176124
1.6424778013021124	1.675426896303148	1.65895234880263	76181.00295376685	66851.51162966191	3.037004428404077e6	154163.0758279158
1.6754268963031482	1.7090349732042047	1.6922309347536766	79648.01681227703	65854.87138792562	3.116652445216354e6	149055.1256156499
1.7090349732042043	1.7433152116432817	1.726175092423743	87122.16982829198	67872.0584371598	3.203774615044646e6	144359.57258810327
1.743315211643282	1.778281054851141	1.7607981332472114	86514.71907481086	63504.23994543661	3.290289334119457e6	139683.23201184112
1.778281054851141	1.813946214923157	1.7961136348871491	85417.78946337104	59076.17893378519	3.375707123582828e6	135021.50166650434
1.8139462149231576	1.850324678196614	1.8321354465598858	85685.52284614556	55837.2235453851	3.4613926464289734e6	130442.29583697414
1.8503246781966136	1.8874307107355393	1.8688776944660765	91295.34956678562	56055.50155780428	3.552687995995759e6	126140.74960385088
1.8874307107355395	1.9252788639252436	1.9063547873303914	94919.19016587501	54913.325302716905	3.647607186161634e6	122022.10819014827
1.9252788639252438	1.963883980178742	1.9445814220519928	93816.32310949685	51139.57928895582	3.741423509271131e6	117923.61357535083
1.9638839801787418	2.00326119875731	1.9835725894680258	94582.41821076721	48578.60668281732	3.836005927481898e6	113914.21522063533
2.00326119875731	2.0434259617074493	2.0233435802323796	95964.16572177224	46440.88501876844	3.9319700932036703e6	110013.21997879984
2.0434259617074497	2.084394019916592	2.0639099908120206	98730.4286317192	45019.43210723594	4.0307005218353895e6	106255.75627666093
2.0843940199165925	2.1261814392899177	2.105287729603255	102653.71141297556	44104.41474169481	4.133354233248365e6	102662.78684348872
2.126181439289917	2.168804607050709	2.147493023170313	104909.11202484742	42469.763608151035	4.2382633452732125e6	99183.18435016814
2.168804607050709	2.2122802381667164	2.1905424226087127	102701.26857507788	39174.409319706116	4.34096461384829e6	95714.38576155393
2.212280238166716	2.2566253819050437	2.23445281003588	106684.84054242913	38343.35874834835	4.4476494543907195e6	92398.20520525769
2.2566253819050437	2.301857428518138	2.279241405211591	111479.79513936676	37752.451178059884	4.559129249530086e6	89239.6857373812
2.301857428518138	2.347994116063494	2.3249257722908157	108019.3743382981	34467.75105914746	4.667148623868384e6	86074.00459420668
2.3479941160634943	2.3950535373597575	2.371523826711626	112433.3198343683	33804.09804922892	4.779581943702753e6	83053.05750662788
2.3950535373597575	2.443054147081946	2.4190538422208516	117950.1037842147	33414.60951391224	4.897532047486967e6	80184.31053701033
2.443054147081946	2.492014768998578	2.467534458040262	116757.25739582907	31166.382373921788	5.0142893048827965e6	77351.53608843377
2.4920147689985783	2.541954603353543	2.5169846861760607	116232.07822429016	29234.36384996523	5.130521383107087e6	74570.9235816194
2.5419546033535427	2.592893234395607	2.567423918874575	120490.17626854219	28555.192652155318	5.251011559375629e6	71911.84998804542
2.592893234395607	2.6448506380585126	2.61887193622706	125578.77360929642	28042.463536441664	5.376590332984925e6	69376.89897593766
2.6448506380585126	2.6978471897946763	2.6713489139265945	119511.5150234988	25146.456675347374	5.496101848008424e6	66821.17712705901
2.697847189794676	2.751903672565563	2.724875431180119	121058.86937223747	24001.114887775548	5.6171607173806615e6	64347.03753454575
2.751903672565563	2.8070412849918673	2.779472478778715	128514.96080541238	24008.049039777434	5.745675678186074e6	62016.335190733545
2.8070412849918673	2.863281649666698	2.8351614673292826	136507.37582398579	24028.5901329796	5.88218305401006e6	59821.55756582465
2.863281649666698	2.920646821635025	2.8919642356508612	133829.67546239682	22196.99506035362	6.0160127294724565e6	57647.8357744831
2.9206468216350245	2.979159297042718	2.9499030593388715	129270.77212563064	20202.833269379003	6.145283501598087e6	55484.55873644982
2.9791592970427185	3.038842021958566	3.009000659500642	135421.63685540948	19942.093475949656	6.280705138453497e6	53431.26123075685
3.038842021958566	3.0997184013727304	3.069280211665648	136605.4646959668	18954.925331777828	6.417310603149463e6	51439.61699076877
3.0997184013727304	3.161812308375178	3.1307653548739545	142983.12891965173	18694.362981261158	6.560293732069115e6	49548.033030764695
3.1618123083751777	3.2251480935176744	3.193480200946426	145320.6386223873	17902.990610383367	6.7056143706915025e6	47720.059923647175
3.2251480935176753	3.289750594363022	3.2574493439403485	142929.93947820552	16591.83573446317	6.848544310169708e6	45921.99410728061
3.289750594363022	3.355645145225276	3.322697869794149	154005.19114489947	16845.350598893638	7.002549501314607e6	44242.48299086005
3.3556451452252753	3.422857587104774	3.3892513661650248	145306.654715023	14976.287692608714	7.14785615602963e6	42552.071263061065
3.4228575871047733	3.4914142778218618	3.4571359324633173	146703.8200478442	14247.365602648859	7.294559976077475e6	40917.240743299924
3.4914142778218618	3.561342102353292	3.526378190087577	163904.22627781052	14998.86049642529	7.458464202355285e6	39420.28123877884
3.5613421023532927	3.6326684833753515	3.5970052928643224	155891.6806146605	13442.080805008914	7.614355882969946e6	37919.90701950017
3.632668483375351	3.7054213920178514	3.6690449376966012	67957.3148750756	5521.482427186609	7.682313197845021e6	36048.78122206279
3.705421392017851	3.779629358833201	3.742525375425526	157479.00625525694	12056.424551556182	7.839792204100278e6	34663.17191673039
3.7796293588332013	3.8553214849848585	3.81747542190903	255720.59473801125	18447.537847181822	8.095512798838289e6	33726.70847859809
3.855321484984859	3.932527453659549	3.893924469322204	162358.54397414625	11036.341585814478	8.257871342812436e6	32416.35751179002
3.9325274536595485	4.011277541707733	3.9719024976836406	160443.80011000484	10276.62817340989	8.41831514292244e6	31137.8365337438
4.011277541707733	4.0916026315168805	4.051440086612306	167071.45862254314	10083.425938333543	8.585386601544984e6	29922.01933507318
4.0916026315168805	4.1735342231222115	4.132568427319546	77896.514474364	4429.986857529617	8.663283116019348e6	28449.979698474548
4.173534223122211	4.257104446559648	4.215319334840929	275041.6998900771	14738.793378321281	8.938324815909425e6	27658.244196597167
4.257104446559648	4.3423460744658335	4.299725260512741	174281.0249083042	8800.206630082064	9.112605840817729e6	26569.334601212562
4.3423460744658335	4.429292534930143	4.385819304697988	178102.59922950342	8474.084569718307	9.290708440047232e6	25524.49325639806
4.429292534930143	4.517977924603739	4.473635229766941	167894.1505713947	7527.2832849226315	9.458602590618627e6	24485.335304331467
4.5179779246037395	4.608437022070807	4.563207473337274	181148.1557669919	7652.743380372013	9.639750746385619e6	23513.44291461474
4.608437022070807	4.700705301487216	4.654571161779011	189469.14298016205	7542.279707493495	9.829219889365781e6	22591.307461490043
4.700705301487216	4.794818946491953	4.747762123989585	183155.8317722082	6870.14921488911	1.001237572113799e7	21683.625147613307
4.794818946491953	4.890814864396784	4.842816905444368	85475.6971405074	3021.1320080988085	1.0097851418278497e7	20606.14238571308
4.890814864396785	4.988730700659714	4.93977278252825	289124.2953965254	9629.275681889245	1.0386975713675022e7	19972.40319354035
4.988730700659713	5.0886048536479	5.038667777153806	188812.85704784095	5925.471629902091	1.0575788570722863e7	19161.43221185784
5.0886048536479	5.19047648969585	5.139540671671876	200140.21174855903	5918.455370832177	1.0775928782471422e7	18396.89029093699
5.19047648969585	5.29438555846476	5.242431024080306	194901.23969866335	5430.897631319059	1.0970830022170085e7	17648.35298231994
5.29438555846476	5.400372808609048	5.347379183536904	199039.42728135362	5226.1208144581005	1.116986944945144e7	16931.22036664744
5.400372808609048	5.508479803756222	5.454426306182635	205219.29743976146	5077.409162852774	1.13750887468912e7	16246.914684382915
5.508479803756222	5.618748938806339	5.563614371281281	204203.40666245855	4760.700868086486	1.157929215355366e7	15583.84145398058
5.618748938806339	5.7312234565574585	5.674986197681899	197627.43635839224	4341.49592860322	1.1776919589912051e7	14934.857239258848
5.731223456557458	5.845947464663599	5.788585460610529	202723.7919117082	4196.443992158725	1.197964338182376e7	14314.973750133786
5.8459474646636	5.962965952931865	5.904456708797732	214320.8426298201	4180.478174508514	1.219396422445358e7	13729.961464167176
5.962965952931865	6.082324810965495	6.02264538194868	215061.480312597	3952.8407006071425	1.2409025704766177e7	13165.587641198961
6.0823248109654955	6.204070846159798	6.143197828562647	212274.83236373588	3676.4663864389354	1.2621300537129913e7	12617.846895959054
6.204070846159798	6.328251802057986	6.266161324108892	198270.19108386338	3235.751830687066	1.2819570728213776e7	12076.292375853021
6.328251802057984	6.454916377074136	6.39158408956606	210904.5535243787	3243.319214625134	1.3030475281738155e7	11566.44204925766
6.454916377074137	6.584114243590612	6.519515310332375	234674.65908569284	3400.604754914678	1.3265149940823847e7	11095.106629483767
6.584114243590613	6.715896067437418	6.650005155514016	225221.59826873057	3075.292874497288	1.3490371539092578e7	10632.206472674012
6.715896067437417	6.850313527761158	6.783104797599288	220063.35913385265	2831.463207411639	1.371043489822643e7	10181.957382365872
6.850313527761158	6.9874193372913735	6.918866432526266	222214.29549325444	2694.1524589901474	1.3932649193719685e7	9749.776734670964
6.987419337291374	7.127267263012194	7.057343300151784	226350.2574142292	2585.9397420726846	1.4158999451133914e7	9336.300507986038
7.127267263012194	7.26991214724743	7.198589705129812	227333.61014144868	2447.307444239779	1.4386333061275363e7	8938.69282507357
7.269912147247429	7.41540992916737	7.3426610382074	226607.70148929209	2298.72626689992	1.4612940762764655e7	8555.463091133908
7.415409929167371	7.56381766672571	7.489613797946541	225689.71558127552	2157.3087410878593	1.483863047834593e7	8186.194460412248
7.56381766672571	7.7151935590352165	7.6395056128804635	232061.93033239245	2090.2229032167306	1.5070692408678323e7	7834.370719080716
7.715193559035217	7.869596969190914	7.792395264113066	237982.76520380005	2019.8661814585241	1.5308675173882123e7	7498.795764814191
7.869596969190913	8.027088447549723	7.948342708370317	235448.81688553467	1883.0515588885025	1.5544123990767658e7	7174.695889096345
8.027088447549723	8.18772975547571	8.107409101512715	240308.9594500959	1811.025155074285	1.5784432950217754e7	6865.147548141456
8.187729755475711	8.351583889560217	8.269656822517964	242524.532801304	1722.2620280464503	1.6026957483019058e7	6568.344638329857
8.351583889560215	8.518715106326411	8.435149497943314	241284.27548146807	1614.5883141466998	1.6268241758500526e7	6282.459905900151
8.518715106326413	8.689188947427933	8.603952026877174	243007.58666198887	1532.2938333114685	1.6511249345162515e7	6008.327587225838
8.689188947427933	8.863072265351484	8.776130606389708	244715.07367870212	1454.0273517919077	1.6755964418841217e7	5745.50158916555
8.863072265351484	9.040433249633505	8.951752757492494	243905.76922943816	1365.600774829548	1.6999870188070655e7	5492.7428075647085
9.040433249633505	9.221341453601168	9.130887351617336	239843.47743792832	1265.3760492291335	1.7239713665508583e7	5248.789163317676
9.221341453601168	9.405867821648183	9.313604637624675	251345.247048676	1249.5469440830368	1.749105891255726e7	5018.002565297007
9.405867821648183	9.59408471705614	9.49997626935216	259399.60136410967	1215.1827278730937	1.775045851392137e7	4798.553259826297
9.59408471705614	9.786065950372254	9.690075333714198	250568.55723860487	1106.0873325503658	1.8001027071159974e7	4585.474271458279
9.786065950372253	9.98188680835469	9.883976379363471	249739.25192780793	1038.8202105602907	1.825076632308778e7	4380.81156445113
9.981886808354691	10.181624083496777	10.081755445925733	258876.82771465182	1014.7000252958167	1.8509643150802433e7	4186.569079629427
10.181624083496777	10.385356104141705	10.28349009381924	263569.67729818076	973.4889256775772	1.8773212828100614e7	4001.1590591912304
10.385356104141703	10.593162765199528	10.489259434670615	257957.41249778867	897.7901264994819	1.9031170240598403e7	3822.081547986197
10.59316276519953	10.805125559478512	10.69914416233902	249567.29876921326	818.4758985370398	1.9280737539367616e7	3648.762365250637
10.805125559478512	11.021327609643073	10.913226584560793	133940.8330411613	413.9260653725941	1.9414678372408777e7	3462.101969177919
11.021327609643073	11.241853700810926	11.131590655227	394466.36211678013	1148.7128319466083	1.9809144734525558e7	3328.613178824176
11.241853700810926	11.466790313802136	11.354322007306532	258720.0977445133	709.9430868229443	2.006786483227007e7	3177.5101400935523
11.466790313802136	11.69622565905317	11.581507986427653	268103.2231872268	693.2460804450681	2.0335968055457298e7	3034.163821658602
11.69622565905317	11.930249711209225	11.813237685131197	274714.30744857714	669.3585764339132	2.0610682362905875e7	2897.7115987379852
11.930249711209225	12.1689542444084	12.049601977808813	267545.4787693769	614.2815617128415	2.087822784167525e7	2765.9558836544265
12.1689542444084	12.41243286827156	12.290693556339981	139058.4614602849	300.8567321457616	2.1017286303135537e7	2623.718835431748
12.41243286827156	12.660781064611983	12.536606966441772	398631.79747052863	812.6936010703528	2.1415918100606065e7	2519.2228770396564
12.660781064611983	12.914096224879215	12.787438644745599	269417.4309237972	517.575030727705	2.1685335531529862e7	2403.728887372661
12.914096224879211	13.172477688351787	13.0432869566155	284342.50524419546	514.7333031089117	2.1969678036774058e7	2294.7356791825446
13.17247768835179	13.436026781093817	13.304252234722803	272800.1818737425	465.34829201826955	2.22424782186478e7	2189.1825725394915
13.436026781093817	13.704846855690684	13.57043681839225	275437.459476538	442.7408418224487	2.251791567812434e7	2088.4160322823263
13.70484685569068	13.979043331779485	13.841945093735083	288089.63250447065	436.3625297944706	2.280600531062881e7	1993.0961880159375
13.979043331779488	14.258723737390069	14.118883534584779	282464.28269898146	403.15933684369674	2.308846959332779e7	1901.360965318428
14.258723737390067	14.54399775111286	14.401360744251463	283934.93474037945	381.8787518810217	2.337240452806817e7	1813.6913802137885
14.54399775111286	14.834977245110109	14.689487498111484	284048.4731524363	359.99189441930633	2.3656453001220606e7	1729.8178136683496
14.834977245110109	15.131776328987302	14.983376787048705	277114.80398533866	330.9433851957091	2.3933567805205945e7	1649.107988807729
15.131776328987304	15.43451139454204	15.283143861764671	147565.4162154533	166.0628138782915	2.40811332214214e7	1563.5423674789454
15.434511394542039	15.74330116140787	15.588906277974955	423171.6688487157	448.7436627285102	2.4504304890270114e7	1499.2234551205115
15.74330116140787	16.05826672361102	15.900783942509445	288300.29590616375	288.08515511378283	2.4792605186176278e7	1429.3466024594782
16.058266723611016	16.37953159705823	16.218899160334622	289231.486080721	272.3425596293545	2.5081836672257e7	1362.5934336320213
16.37953159705823	16.707221767974385	16.543376682516307	284668.30733051896	252.58253844976701	2.5366504979587518e7	1298.5519011895549
16.707221767974385	17.041465742308862	16.874343755141624	293081.5706007965	245.04569435063505	2.5659586550188314e7	1237.7707269544933
17.041465742308862	17.38239459613003	17.211930169219446	151253.17355884984	119.16741623843049	2.5810839723747164e7	1173.2341911147835
17.38239459613003	17.73014202702762	17.556268311578826	433872.1694433987	322.11383694423995	2.6244711893190563e7	1124.1300480923746
17.730142027027618	18.084844406543162	17.90749321678539	292482.41616141796	204.61713817179142	2.653719430935198e7	1071.080382896951
18.08484440654316	18.446640833649013	18.265742620096084	296295.75603604317	195.32706615217933	2.6833490065388024e7	1020.5556170095489
18.446640833649013	18.815673189296984	18.631157011473	156697.09970558807	97.34032647820771	2.6990187165093612e7	967.2929074840077
18.815673189296984	19.192086192057914	19.00387969067745	440540.25312397256	257.87685951927295	2.7430727418217584e7	926.3650446342416
19.192086192057914	19.576027454874062	19.38405682346599	160224.18245454133	88.37915897879853	2.7590951600672126e7	878.0199295947938
19.576027454874062	19.967647542946533	19.771837498910298	449518.61773503944	233.64936006187435	2.8040470218407165e7	840.845058732347
19.967647542946533	20.367100032780453	20.167373787863493	305606.317606695	149.68367521002426	2.834607653601386e7	800.970934588149
20.367100032780453	20.774541572411053	20.570820802595755	157967.32990555838	72.9079134453407	2.850404386591942e7	758.9680975814036
20.774541572411056	21.190131942834267	20.98233675762266	449858.30159649625	195.64938878743965	2.8953902167515915e7	726.4697090220412
21.190131942834263	21.614034120665938	21.402083031750102	155760.8343130499	63.834647732308426	2.9109663001828965e7	688.2418388246209
21.614034120665938	22.046414342054245	21.83022423136009	442834.8344895914	171.01551080114797	2.9552497836318556e7	658.40283003142
22.04641434205425	22.487442167870324	22.266928254962288	162033.79587478563	58.96508565963501	2.971453163219334e7	623.8211594062172
22.48744216787032	22.937290550202714	22.712366359036515	459149.6213956699	157.44875700179793	3.017368125358901e7	596.9161665981188
22.937290550202718	23.39613590018176	23.16671322519224	160242.43696590513	51.77955333296345	3.0333923690554917e7	565.467402873835
23.396135900181758	23.864158157160382	23.630147028671068	452417.21288316697	137.75764335514492	3.0786340903438084e7	540.7930591495099
23.864158157160386	24.34154085927858	24.102849508219485	167113.58477024361	47.949517110410916	3.0953454488208327e7	512.3612968580894
24.341540859278584	24.828471215439144	24.585006037358866	467985.8066325523	126.53222130630165	3.142144029484088e7	490.1032037413465
24.82847121543914	25.32514017872291	25.076805697081028	308156.2046020515	78.51188492963257	3.172959649944293e7	466.3590040847156
25.325140178722915	25.83174252127236	25.57844134999764	306790.246018555	73.65498408249171	3.2036386745461486e7	443.704475163527
25.831742521272364	26.3484769106728	26.09010971597258	315132.36862733215	71.29347390729185	3.235151911408882e7	422.22070080541613
26.348476910672794	26.875545987861237	26.612011449267015	316873.07481273264	67.55201955371886	3.266839218890155e7	401.76052580932804
26.87554598786124	27.413156446593455	27.144351217227346	315139.2903906554	63.30701721208091	3.2983531479292206e7	382.2358433891818
27.413156446593455	27.961519114500312	27.687337780546883	315485.6117285378	59.720745212102884	3.3299017091020744e7	363.6306798032919
27.96151911450031	28.520849035765302	28.241184075132807	306979.1993993707	54.7584357670591	3.3605996290420115e7	345.8126024485697
28.520849035765302	29.091365555455596	28.80610729561045	316744.97657007724	53.2412574102261	3.392274126699019e7	328.93494032962144
29.0913655554556	29.673292405539698	29.382328980497647	323287.35889881104	51.20635154023872	3.4246028625889e7	312.91356999267623
29.673292405539694	30.266857792625476	29.970075099082585	318712.048281759	47.56967579303063	3.456474067417076e7	297.60668671774914
30.266857792625476	30.872294487452972	30.569576140039224	319126.20010113716	44.883924965657776	3.48838668742719e7	283.0279243144577
30.872294487452976	31.489839916177022	31.181067201814997	170850.08084961772	22.643328507736474	3.505471695512152e7	268.00722191746377
31.489839916177026	32.11973625347555	31.80478808482629	466277.8361674994	58.23265850121598	3.552099479128902e7	255.90607704865727
32.11973625347555	32.76223051752005	32.4409833854978	319172.34062102437	37.561585273969726	3.584016713191004e7	243.31060115276978
32.762230517520045	33.41757466684543	33.08990259218274	173675.02795238048	19.259850609231126	3.601384215986242e7	230.38599029994793
33.41757466684544	34.08602569915733	33.751800183001386	324047.3711487651	33.86265161060166	3.633788953101119e7	219.04936054547667
34.08602569915733	34.76784575211546	34.4269357256364	473110.7299656421	46.587803083202964	3.681100026097683e7	209.10078471785513
34.76784575211547	35.46330220613277	35.11557397912412	325496.59151179343	30.203196014451194	3.713649685248862e7	198.78096993777575
35.46330220613276	36.1726677892304	35.81798499768158	331807.80445453525	29.012832041538122	3.746830465694316e7	188.98781942374558
36.1726677892304	36.896220683989995	36.5344442366102	329571.1006629169	27.154997533738953	3.7797875757606074e7	179.65244582960852
36.89622068399	37.63424463664479	37.265232660317395	320628.7917589098	24.894323475124306	3.8118504549364984e7	170.72520149005453
37.63424463664479	38.38702906835267	38.01063685249873	325582.1993836686	23.820763251433156	3.844408674874865e7	162.2510195779852
38.38702906835267	39.154869188694704	38.77094912852368	335970.2130247876	23.162906266913353	3.878005696177344e7	154.2277423311426
39.15486918869471	39.93806611144359	39.54646765006915	326508.48830201477	21.212118749384334	3.9106565450075455e7	146.5547745024544
39.93806611144358	40.73692697264744	40.337496542045514	319342.5961968899	19.54986517438167	3.9425908046272345e7	139.22855053749316
40.73692697264744	41.55176505107537	41.1443460118614	332739.0192174986	19.194996201574693	3.975864706548984e7	132.30448246809834
41.55176505107538	42.38289989107187	41.967332471073625	336596.6044181138	18.29748726278159	4.009524366990796e7	125.7280682128412
42.382899891071865	43.23065742786829	42.806778659470076	332466.60908827186	17.03049307294877	4.042771027899623e7	119.4579383147934
43.23065742786829	44.09537011540064	43.66301377163447	334452.8747961968	16.144017734850316	4.0762163153792426e7	113.49837327348114
