-0.0	9.953897499377266e-5	4.976948749688633e-5	0.018656662673459726	4.516123991794816e9	0.018656662673459726	4.516123991794816e9
9.953897499377264e-5	0.0002010687294874207	0.00015030385224059668	0.05746446876904479	1.9206503379869268e9	0.07612113144250451	2.23554298268589e9
0.00020106872948742055	0.0003046290790709416	0.00025284890427918107	0.09859250041329845	1.1686629960904584e9	0.17471363185580296	1.475448685179149e9
0.0003046290790709413	0.0004102606356461327	0.000357444857358537	0.14214901281937453	8.320952124031645e8	0.3168626446751775	1.0954760512643588e9
0.000410260635646133	0.0005180048233528283	0.00046413272949948065	0.18824689283799906	6.425305111666766e8	0.5051095375131766	8.675520666754423e8
0.0005180048233528285	0.0006279038948136576	0.000572954359083243	0.23700384928071194	5.2117306595047957e8	0.7421133867938885	7.156523894413021e8
0.000627903894813658	0.0007400009477037037	0.0006839524212586809	0.28854261087695154	4.369009990678071e8	1.03065599767084	6.071951553932859e8
0.0007400009477037037	0.0008543399416515503	0.000797170444677627	0.3429911321670698	3.7500095935643077e8	1.3736471298379098	5.258894295436064e8
0.0008543399416515499	0.0009709657154783534	0.0009126528285649516	0.40048280764056354	3.27625485070547e8	1.7741299374784734	4.6268468987835675e8
0.0009709657154783537	0.0010899240047816932	0.0010304448601300233	0.46115669444544016	2.9020999641077137e8	2.2352866319239135	4.121506208756007e8
0.0010899240047816928	0.001211261459871099	0.001150592732326396	0.5251577440034874	2.599198672940559e8	2.760444375927401	3.708315651050447e8
0.0012112614598710993	0.0013350256640622935	0.0012731435619666963	0.592637042880714	2.3490228662834224e8	3.353081418808115	3.3642374902838427e8
0.0013350256640622929	0.0014612651523373112	0.001398145408199802	0.6637520632754432	2.138952636760492e8	4.016833482083558	3.07332250738464e8
0.0014612651523373112	0.0015900294303778297	0.0015256472913575704	0.7386669235002268	1.960096176064445e8	4.755500405583785	2.824178386678271e8
0.0015900294303778312	0.00172136899397916	0.0016556992121784958	0.8175526588473048	1.806008300174103e8	5.57305306443109	2.60845074814243e8
0.0017213689939791588	0.0018553353488525142	0.0017883521714158364	0.9005875032444823	1.6719033823104727e8	6.473640567675572	2.4198737925708714e8
0.001855335348852515	0.0019919810308233377	0.0019236581898379264	0.9879571821198869	1.554153664973715e8	7.461597749795459	2.253656013153221e8
0.0019919810308233377	0.0021313596264335767	0.002061670328628457	1.0798552169148508	1.449959142215347e8	8.54145296671031	2.1060706698653018e8
0.0021313596264335767	0.0022735257939560205	0.0022024427101947986	1.1764832416978628	1.357124265819531e8	9.717936208408172	1.9741755877395594e8
0.00227352579395602	0.0024185352848289125	0.0023460305393924663	1.2780513323437646	1.2739032188757256e8	10.995987540751937	1.855617015656558e8
0.002418535284828912	0.0025664449655192624	0.0024924901251740872	1.3847783487816905	1.1988903930723867e8	12.380765889533627	1.7484895254858112e8
0.002566444965519263	0.0027173128398234204	0.0026418789026713416	1.4968922907966906	1.1309413803181195e8	13.877658180330318	1.6512341205534717e8
0.0027173128398234204	0.002871198071613661	0.002794255455718541	1.614630667932417	1.0691150018248387e8	15.492288848262735	1.5625629245129862e8
0.002871198071613661	0.003028161008039706	0.0029496795398266835	1.7382408840247088	1.0126301180721377e8	17.230529732287444	1.4814026980002293e8
0.003028161008039706	0.0031882632031942724	0.003108212105616989	1.8679806369402456	9.608330026703161e7	19.09851036922769	1.406851911293791e8
0.0031882632031942715	0.003351567442251929	0.0032699153227231	2.0041183341031115	9.131723840919244e7	21.1026287033308	1.3381477232865141e8
0.0033515674422519306	0.0035181377660907414	0.0034348526041713357	2.146933524422117	8.691801322931513e7	23.249562227752918	1.2746402984654869e8
0.003518137766090741	0.0036880394964063277	0.0036030886312485343	2.2967173472485314	8.284561549823898e7	25.54627957500145	1.215772627398321e8
0.0036880394964063277	0.003861339261328226	0.003774689378867277	2.4537729990189554	7.906564706841543e7	28.000052574020405	1.1610645222930212e8
0.0038613392613282265	0.004038105021548563	0.003949722141438395	2.6184162182654873	7.55483705529025e7	30.618468792285892	1.1100998134477144e8
0.004038105021548562	0.0042184060969733045	0.0041282555592609335	2.7909757896953984	7.226794580178882e7	33.40944458198129	1.0625160238085188e8
0.004218406096973306	0.004402313193906544	0.004310359645439925	2.971794068077884	6.920181170165543e7	36.381238650059174	1.0179959795495339e8
0.004402313193906543	0.004589898432778446	0.004496105813342494	3.161227522684065	6.633018202289464e7	39.54246617274324	9.762609460033353e7
0.004589898432778446	0.0047812353764277865	0.004685566904603117	3.35964730308239	6.363563150263448e7	42.90211347582563	9.370649748994185e7
0.0047812353764277865	0.004976399058950114	0.004878817217688951	3.567439827085572	6.110275386741951e7	46.4695533029112	9.001902206487334e7
0.004976399058950114	0.005175466015122888	0.005075932537036501	3.785007391721102	5.871787762054764e7	50.2545606946323	8.654430372489972e7
0.005175466015122887	0.005378514310419117	0.005276990162771002	4.012768808063278	5.646882852240235e7	54.26732950269558	8.326507081252983e7
0.005378514310419117	0.005585623571621271	0.005482068941020194	4.251160060881368	5.434473005385993e7	58.51848956357695	8.016586923130767e7
0.005585623571621272	0.005796875018047469	0.00569124929483437	4.500634994001018	5.233583496010335e7	63.01912455757797	7.723282943062712e7
0.005796875018047468	0.006012351493402189	0.005904613255724828	4.761666022387956	5.043338237044836e7	67.78079057996592	7.445346834294046e7
0.006012351493402189	0.006232137498264004	0.006122244495833097	5.034744871943246	4.862947607568908e7	72.81553545190917	7.181652030586438e7
0.006232137498264004	0.006456319223223056	0.00634422836074353	5.32038334806839	4.69169803961538e7	78.13591879997756	6.931179213836908e7
0.006456319223223056	0.006684984582681288	0.006570651902952172	5.6191141340923	4.528943074461332e7	83.75503293406986	6.693003843899413e7
0.0066849845826812875	0.006918223249328685	0.006801603916004986	5.931491620666705	4.3740956520273425e7	89.68652455473656	6.466285388893804e7
0.006918223249328684	0.007156126689309029	0.007037174969318856	6.258092767307545	4.226621439510494e7	95.94461732204411	6.250257991481929e7
0.00715612668930903	0.007398788198088982	0.007277457443699006	6.599517997291002	4.0860330394364454e7	102.54413531933511	6.044222352594187e7
0.007398788198088982	0.007646302937044533	0.007522545567566758	6.956392127147666	3.9518849447936125e7	109.50052744648278	5.847538651283644e7
0.007646302937044532	0.007898767970779194	0.0077725354539118635	7.329365332050301	3.82376913119685e7	116.82989277853308	5.659620349605367e7
0.007898767970779196	0.00815628230518855	0.008027525137983873	7.719114148446735	3.701311194178239e7	124.54900692697981	5.479928756089084e7
0.008156282305188549	0.008418946926286091	0.008287614615737321	8.12634251530983	3.584166954534945e7	132.67534944228964	5.307968241601404e7
0.008418946926286091	0.008686864839805583	0.008552905883045837	8.551782855454292	3.472019466883762e7	141.22713229774394	5.1432820180538274e7
0.008686864839805583	0.008960141111595467	0.008823502975700524	8.996197198394754	3.3645763766299434e7	150.2233294961387	4.9854484041884e7
0.008960141111595465	0.009238882908821145	0.009099512010208305	9.460378346313377	3.2615675789213292e7	159.68370784245207	4.834077514110387e7
0.009238882908821145	0.009523199541991339	0.009381041225406242	9.94515108469875	3.1627431400740024e7	169.62885892715082	4.6888083137666374e7
0.009523199541991342	0.00981320250782494	0.009668201024908141	10.027958546118242	2.943583241161419e7	179.65681747326906	4.5386094113122605e7
0.009813202507824938	0.010109005532975208	0.009961104020400072	10.876597847605666	2.9487213321666773e7	190.53341532087472	4.40308673157167e7
0.010109005532975208	0.010410724618628483	0.010259865075801846	12.058528208468715	3.0211136290598717e7	202.59194352934344	4.286380150045883e7
0.010410724618628481	0.010718478085994822	0.010564601352311652	12.107844818301203	2.804898105190161e7	214.69978834764464	4.162398284467808e7
0.01071847808599482	0.011032386622708487	0.010875432354351653	12.709157435570148	2.7238334901423104e7	227.4089457832148	4.043063073926512e7
0.011032386622708489	0.01135257333015643	0.01119247997643246	13.336755859827207	2.6457863383313883e7	240.745701643042	3.928140246352488e7
0.01135257333015643	0.011679163771753329	0.01151586855095488	13.991726772439478	2.5706057612831783e7	254.73742841548147	3.8174108696311034e7
0.011679163771753329	0.012012286022182166	0.011845724896967749	14.67520034233479	2.4981506683973715e7	269.41262875781626	3.710670114967394e7
0.012012286022182165	0.012352070717619578	0.012182178369900872	15.388351920281139	2.4282889835655276e7	284.8009806780974	3.60772613802788e7
0.01235207071761958	0.012698651106965742	0.01252536091229266	16.132403797185248	2.3608969358027495e7	300.93338447528265	3.5083990649778835e7
0.01269865110696574	0.013052163104098825	0.012875407105532283	16.908627028659623	2.295858415851824e7	317.8420115039423	3.412520072117435e7
0.013052163104098825	0.013412745341174571	0.013232454222636698	17.718343328266712	2.2330643917151995e7	335.560354832209	3.319930549188488e7
0.013412745341174571	0.013780539222991833	0.013596642282083203	18.56292703190354	2.1724123769127276e7	354.1232818641125	3.230481337611583e7
0.013780539222991831	0.014155688982445437	0.013968114102718634	19.443807135857696	2.1138059459967222e7	373.5670889999702	3.14403203593831e7
0.01415568898244544	0.01453834173708812	0.01434701535976678	20.362469411177187	2.057154292497746e7	393.9295584111474	3.060450365700502e7
0.014538341737088116	0.014928647546823649	0.014733494641955882	21.32045859708478	2.0023718250297412e7	415.2500170082322	2.9796115916164752e7
0.014928647546823649	0.01532675947275389	0.01512770350978877	22.319380676165565	1.9493777977588914e7	437.56939768439776	2.9013979907945633e7
0.015326759472753894	0.01573283363720274	0.015529796554978317	23.360905234318523	1.8980959718823813e7	460.9303029187163	2.8256983661706015e7
0.01573283363720274	0.016147029284940564	0.01593993146107165	24.446767908389006	1.8484543051167022e7	485.3770708271053	2.7524075999373816e7
0.01614702928494056	0.01656950884563314	0.01635826906528685	25.578772924560667	1.800384666528648e7	510.95584375166595	2.681426243182797e7
0.016569508845633144	0.017000437997539575	0.016784973421586358	26.758795730760085	1.7538225743338477e7	537.714639482426	2.6126601383573707e7
0.017000437997539575	0.017439985732484137	0.017220211865011856	27.988785726253354	1.7087069545261424e7	565.7034252086794	2.5460200715470128e7
0.01743998573248414	0.017888324422127594	0.017664155077305867	29.270769091831426	1.66497991843388e7	594.9741943005108	2.4814214518411513e7
0.017888324422127587	0.01834562988556391	0.018116977153845748	30.60685172420449	1.6225865575017888e7	625.5810460247153	2.4187840153650194e7
0.01834562988556391	0.018812081458268955	0.01857885567191643	31.999222277910803	1.5814747537457073e7	657.5802683026261	2.3580315517896894e7
0.01881208145826896	0.019287862062428107	0.019049971760348533	33.450155318853035	1.541595004523062e7	691.0304236214791	2.299091651353948e7
0.019287862062428104	0.019773158278670433	0.01953051017054927	34.96201459278211	1.5029002603486152e7	725.9924382142613	2.2418954706241816e7
0.019773158278670436	0.020268160419237614	0.020020659348954025	36.53725641310325	1.4653457746574638e7	762.5296946273644	2.1863775153932955e7
0.02026816041923761	0.020773062602616132	0.02052061151092687	38.17843317184884	1.4288889644911584e7	800.7081277992132	2.1324754392729912e7
0.020773062602616132	0.021288062829662224	0.02103056271613918	39.88819697787562	1.3934892811876528e7	840.5963247770889	2.0801298566710886e7
0.021288062829662228	0.02181336306124924	0.021550712945455734	40.517634575347984	1.3215446484751808e7	881.1139593524368	2.026635235027807e7
0.021813363061249234	0.022349169297467986	0.02208126617935861	43.32956078329687	1.3197674223734543e7	924.4435201357337	1.9770043152280375e7
0.02234916929746799	0.022895691658411117	0.022622430477939555	46.803831221714404	1.3315698666669765e7	971.2473513574481	1.9318790596406907e7
0.02289569165841112	0.02345314446657311	0.023174418062492114	47.46986990351138	1.2617155472978799e7	1018.7172212609595	1.885218975247853e7
0.023453144466573112	0.024021746330898344	0.023737445398735728	49.56611231014699	1.231056513314903e7	1068.2833335711066	1.8398571891149364e7
0.024021746330898337	0.02460172023251007	0.024311733281704204	51.749169367926925	1.2012478608592875e7	1120.0325029390335	1.795748822222999e7
0.02460172023251007	0.02519329361215404	0.024897506922332058	54.02250470517765	1.1722603453618396e7	1174.0550076442112	1.752850963012083e7
0.02519329361215404	0.02579669845939089	0.025494996035772467	56.38971589912694	1.1440659973609142e7	1230.4447235433381	1.7111225607608218e7
0.025796698459390893	0.02641217140357248	0.026104434931481686	58.854539468747134	1.1166380537903553e7	1289.2992630120852	1.6705243258430883e7
0.026412171403572472	0.02703995380663769	0.02672606260510508	61.42085604367094	1.0899508936743874e7	1350.7201190557562	1.6310186363494264e7
0.027039953806637693	0.027680291857764213	0.027360122832200955	64.09269571477125	1.0639799779023295e7	1414.8128147705274	1.5925694506040907e7
0.027680291857764217	0.028333436669913267	0.028006864263838742	66.87424357236682	1.0387017927876301e7	1481.6870583428943	1.5551422251479065e7
0.028333436669913267	0.0289996443783053	0.02866654052410928	69.76984543781168	1.0140937971333561e7	1551.456903780706	1.5187038377923014e7
0.0289996443783053	0.02967917624086517	0.029339410309585236	72.78401379465117	9.901343725543346e6	1624.240917575357	1.4832225153822957e7
0.02967917624086517	0.030372298740676238	0.030025737490770706	75.92143392537423	9.668027768217212e6	1700.1623515007311	1.4486677659352722e7
0.03037229874067624	0.031079283690483534	0.03072579121557989	79.18697026053928	9.440791000228235e6	1779.3493217612704	1.4150103148493934e7
0.031079283690483534	0.03180040833928697	0.03143984601488525	82.58567294611953	9.219442233313505e6	1861.93499470739	1.3822220448991908e7
0.03180040833928697	0.03253595548106648	0.03216818191017672	86.12278463671169	9.003797802198045e6	1948.0577793441016	1.3502759397588015e7
0.03253595548106647	0.033286213565681566	0.03291108452337402	89.80374752040348	8.793681199350482e6	2037.861526864505	1.3191460308126712e7
0.033286213565681566	0.034051476811988966	0.03366884518883527	93.63421058285167	8.588922730908459e6	2131.495737447357	1.2888073470324747e7
0.03405147681198896	0.0348320453232225	0.03444176106760573	97.62003711783927	8.389359192365235e6	2229.1157745651963	1.2592358677159537e7
0.03483204532322251	0.03562822520468072	0.03523013526395162	101.76731249114573	8.194833562660656e6	2330.883087056342	1.2304084778984454e7
0.03562822520468072	0.036440328683768106	0.03603427694422441	106.08235216530875	8.005194715485692e6	2436.9654392216507	1.2023029262622077e7
0.036440328683768106	0.03726867423243723	0.036854501458102665	110.57170999328127	7.820297146710602e6	2547.537149214932	1.1748977853817571e7
0.03726867423243723	0.03811358669207974	0.037691130462258485	115.24218678786974	7.6400007168295905e6	2662.7793360028018	1.1481724141549097e7
0.03811358669207974	0.0389753974009151	0.03854449204649742	120.10083917583779	7.464170407539513e6	2782.8801751786395	1.1221069222806487e7
0.0389753974009151	0.039854444323927166	0.039414920862421134	125.15498874341893	7.2926760914680045e6	2908.0351639220585	1.0966821366543572e7
0.03985444432392717	0.04075107218539948	0.040302758254663326	130.4122314832166	7.125392314342161e6	3038.447395405275	1.0718795695609923e7
0.04075107218539948	0.041665632604101235	0.04120835239475036	135.8804475486918	6.962198088694244e6	3174.327842953967	1.047681388554367e7
0.04166563260410123	0.042598484231177014	0.04213205841763912	141.56781132615743	6.802976698484149e6	3315.8956542801243	1.0240703879191639e7
0.04259848423117702	0.04354999289079432	0.043074238560985675	147.48280183244697	6.647615513944455e6	3463.3784561125713	1.0010299616193237e7
0.04354999289079433	0.04452053172360398	0.044035262307199154	153.63421344657536	6.496005816012622e6	3617.0126695591466	9.785440776430018e6
0.04452053172360398	0.04551048133306982	0.0450155065283369	160.03116698461872	6.348042629794349e6	3777.0438365437653	9.56597253660542e6
0.04551048133306983	0.04652022993472499	0.04601535563389741	166.68312112648664	6.203624566510447e6	3943.726957670252	9.351745339175401e6
0.04652022993472498	0.04755017350841324	0.04703520172156911	173.59988420368882	6.062653673428404e6	4117.326841873941	9.142614672903262e6
0.04755017350841324	0.04860071595357527	0.04807544473099426	180.79162635722423	5.9250352913125055e6	4298.118468231165	8.938440864360303e6
0.04860071595357527	0.04967226924764054	0.0491364926006079	188.26889207457862	5.790677918948386e6	4486.387360305744	8.739088879738703e6
0.04967226924764054	0.05076525360758711	0.05021876142761382	196.04261311500704	5.659493084333133e6	4682.429973420751	8.544428136384172e6
0.05076525360758711	0.051880097654732615	0.05132267563115986	204.12412183382366	5.531395222190315e6	4886.554095254574	8.35433232349731e6
0.05188009765473262	0.053017238582821036	0.052448668118776826	212.52516491191636	5.406301557358632e6	5099.079260166491	8.168679231482043e6
0.053017238582821036	0.054177122329471215	0.05359718045614613	221.25791750423923	5.284131993847079e6	5320.33717767073	7.987350589461012e6
0.05417712232947121	0.055360203751054396	0.0547686630402628	230.3349978119395	5.164809009110902e6	5550.672175482669	7.810231910499739e6
0.055360203751054396	0.056566946801069246	0.05596357527606182	239.76948209247894	5.048257553384651e6	5790.441657575148	7.637212344118572e6
0.05656694680106925	0.057797824712084396	0.057182385756576824	249.57492011313389	4.934404953692911e6	6040.016577688282	7.468184535690965e6
0.057797824712084396	0.05905332018131985	0.05842557244670212	259.7653510589771	4.823180822328326e6	6299.781928747259	7.30304449235462e6
0.05905332018131985	0.06033392555994001	0.05969362287062993	270.3553199063763	4.714516969583777e6	6570.137248653636	7.141691455086669e6
0.060333925559939994	0.06164014304613255	0.06098703430303627	281.3598942673225	4.608347320431891e6	6851.497142920958	6.984027776610497e6
0.06164014304613256	0.06297248488204897	0.06230631396409077	284.8109353797827	4.381778943128335e6	7136.308078300741	6.822326325648319e6
0.06297248488204897	0.06433147355468372	0.06365197921836635	303.3699373837162	4.384363156223814e6	7439.678015684457	6.671062856826039e6
0.06433147355468372	0.06571764200077115	0.06502455777772743	326.3097900087587	4.4302983106705295e6	7765.987805693216	6.532240685777308e6
0.06571764200077114	0.06713153381578033	0.06642458790827574	329.84487556281965	4.207358919471571e6	8095.832681256035	6.388416232719279e6
0.06713153381578033	0.06857370346708969	0.067852618641435	343.168024683966	4.1127378065472175e6	8439.000705940001	6.247835675883867e6
0.06857370346708969	0.07004471651142524	0.06930920998925746	357.0081656353177	4.020254643333702e6	8796.008871575319	6.11041776444527e6
0.07004471651142524	0.0715451498166475	0.07079493316403637	371.3845378206497	3.929856119311301e6	9167.393409395969	5.97608364421006e6
0.07154514981664752	0.07307559178797422	0.07231037080231087	386.3170561631123	3.8414904930649735e6	9553.710465559081	5.844756772468562e6
0.07307559178797422	0.07463664259872746	0.07385611719335083	401.82633260837065	3.755107536743819e6	9955.536798167452	5.716362836470676e6
0.07463664259872745	0.07622891442569575	0.0754327785122116	417.933698185956	3.670658482877234e6	10373.470496353408	5.590829675346288e6
0.07622891442569575	0.07785303168920342	0.07704097305744959	434.6612256349272	3.588095973424319e6	10808.131721988335	5.468087205300288e6
0.07785303168920343	0.07950963129798126	0.07868133149359235	452.03175260143325	3.5073740109562385e6	11260.163474589768	5.348067347922216e6
0.07950963129798126	0.08119936289893465	0.08035449709845796	470.0689054136383	3.428447911861981e6	11730.232380003406	5.230703961459097e6
0.08119936289893465	0.0829228891319071	0.08206112601542087	488.7971234384531	3.3512742614718834e6	12219.02950344186	5.11593277490798e6
0.08292288913190708	0.08468088588953898	0.08380188751072304	508.24168402738724	3.275810871024916e6	12727.271187469247	5.003691324793683e6
0.084680885889539	0.08647404258232352	0.08557746423593127	528.4287280533863	3.20201673637306e6	13255.699915522633	4.8939188945033895e6
0.08647404258232352	0.08830306240896375	0.08738855249564365	549.385286044384	3.129851998354906e6	13805.085201567017	4.786556456057656e6
0.08830306240896375	0.09016866263213678	0.08923586252055027	571.1393049153612	3.059277904751533e6	14376.224506482378	4.681546614203218e6
0.09016866263213677	0.09207157485977326	0.09112011874595502	590.6530966001974	2.9748120140201068e6	14966.877603082576	4.577895583059776e6
0.09207157485977327	0.09401254533196249	0.09304206009586788	616.9701015073988	2.92187034483242e6	15583.847704589974	4.47742843213929e6
0.09401254533196249	0.09599233521359549	0.09500244027277899	644.732656630078	2.871213355553597e6	16228.580361220053	4.380082093654119e6
0.09599233521359549	0.09801172089286114	0.09700202805322831	666.7225485086183	2.7921496667567957e6	16895.30290972867	4.283939504523457e6
0.09801172089286114	0.10007149428571212	0.09904160758928662	692.9170960353149	2.728983776124601e6	17588.220005763986	4.1898852192024966e6
0.10007149428571215	0.10217246314642014	0.10112197871606615	720.0976028188597	2.6671973134935233e6	18308.317608582845	4.0978705818112134e6
0.10217246314642012	0.10431545138434227	0.10324395726538119	748.2992294852702	2.6067583283937327e6	19056.616838068116	4.0078482344403183e6
0.10431545138434228	0.10650129938702288	0.10540837538568258	724.0124468163522	2.3721951135975085e6	19780.629284884468	3.909189962723534e6
0.10650129938702287	0.10873086434975707	0.10761608186838997	796.1323302141063	2.4534961436514705e6	20576.761615098574	3.8214650816305657e6
0.1087308643497571	0.11100502061174598	0.10986794248075155	904.7256939236904	2.6225831642231834e6	21481.487309022265	3.749279976962875e6
0.11100502061174598	0.11332465999897465	0.11216484030536031	872.0611406413118	2.377867401790569e6	22353.548449663576	3.666777773977208e6
0.11332465999897466	0.11569069217394791	0.11450767608646129	905.9372266583887	2.323715435084599e6	23259.485676321965	3.5860491654796987e6
0.1156906921739479	0.11810404499242061	0.11689736858318425	941.0707287543992	2.2707362235486745e6	24200.556405076364	3.507053775998803e6
0.11810404499242058	0.12056566486726274	0.11933485492984167	977.5055644168897	2.218903249707684e6	25178.061969493254	3.42975227235519e6
0.12056566486726275	0.12307651713960176	0.12182109100343225	1015.2870393674457	2.1681906801035306e6	26193.3490088607	3.354106332267838e6
0.12307651713960176	0.12563758645738754	0.12435705179849466	1054.461883422795	2.118573344711978e6	27247.810892283494	3.2800786140820486e6
0.12563758645738754	0.12824987716152902	0.12694373180945828	1095.0782868331662	2.0700267171022876e6	28342.88917911666	3.2076327275728406e6
0.12824987716152905	0.13091441367975337	0.12958214542064123	1137.1859370585298	2.0225268952745805e6	29480.07511617519	3.1367332057774556e6
0.13091441367975337	0.1336322409283422	0.13227332730404778	1180.8360559779394	1.9760505831877638e6	30660.91117215313	3.0673454778153696e6
0.1336322409283422	0.13640442472190278	0.1350183328251225	1226.0814374904694	1.9305750729201727e6	31886.9926096436	2.9994358426543665e6
0.13640442472190276	0.13923205219133455	0.13781823845661867	1272.9764854839268	1.886078227448889e6	33159.969095127526	2.9329714437839896e6
0.13923205219133455	0.14211623221015499	0.14067414220074476	1321.5772521386025	1.84253846402128e6	34481.54634726613	2.8679202447593682e6
0.142116232210155	0.14505809582935186	0.14358716401975344	1371.9414765275797	1.7999347380893184e6	35853.48782379371	2.8042510055798683e6
0.14505809582935186	0.14805879672093264	0.14655844627514225	1424.1286234845757	1.7582465277964983e6	37277.616447278284	2.741933259869385e6
0.1480587967209326	0.151119511630345	0.1495891541756388	1478.1999226847183	1.7174538189757075e6	38755.816369963	2.680937292825464e6
0.15111951163034504	0.1542414408379457	0.15268047623414538	1534.2184079079743	1.6775370906563522e6	40290.03477787098	2.621234119907097e6
0.15424144083794566	0.15742580862969832	0.155833624733822	1592.248956429772	1.6384773010488136e6	41882.28373430075	2.562795466231694e6
0.15742580862969832	0.16067386377728604	0.15904983620349217	1628.9030949578519	1.577540235021907e6	43511.1868292586	2.5042438036266514e6
0.160673863777286	0.16398688002782547	0.16233037190255573	1712.3126557124779	1.5607559334572598e6	45223.49948497108	2.448207629752809e6
0.1639868800278255	0.16736615660337575	0.16567651831560062	1804.8480206268941	1.548353287618775e6	47028.34750559797	2.3947941029133415e6
0.16736615660337573	0.17081301871043697	0.16908958765690635	1845.8560620273565	1.490442718641748e6	48874.20356762533	2.341144286859646e6
0.170813018710437	0.17432881805963948	0.17257091838503824	1864.5540553904939	1.4170683267074276e6	50738.75762301582	2.2863549942411943e6
0.17432881805963946	0.17791493339582598	0.17612187572773272	1978.71958270116	1.4154956076096345e6	52717.47720571698	2.234749261769285e6
0.17791493339582598	0.18157277103873623	0.17974385221728112	2118.930285309805	1.4267875179369561e6	54836.40749102679	2.186896457770216e6
0.18157277103873626	0.18530376543450472	0.1834382682366205	2137.352488461991	1.354711556014215e6	56973.75997948878	2.137634938094873e6
0.18530376543450472	0.18910937971818856	0.18720657257634665	2216.734764294015	1.3225800267474258e6	59190.494743782794	2.0894123159932646e6
0.18910937971818853	0.19299110628754604	0.19105024300286727	2251.1291527213907	1.2643155492681016e6	61441.623896504185	2.0406202371530456e6
0.19299110628754604	0.1969504673882907	0.19497078683791835	2377.7901245887624	1.2571425601886883e6	63819.41402109295	1.994312244067341e6
0.1969504673882907	0.20098901571105024	0.19896974154967045	2438.178566908711	1.2135044688766873e6	66257.59258800166	1.9481844507447854e6
0.20098901571105027	0.205108335000265	0.20304867535565763	2498.362304499693	1.1705901965965943e6	68755.95489250135	1.9022683455820973e6
0.20510833500026499	0.20931004067526401	0.20720918783776449	2754.343132438662	1.2149255179232415e6	71510.29802494001	1.8617004015103653e6
0.20931004067526404	0.21359578046376304	0.21145291056951354	2809.073686743912	1.166501406680958e6	74319.37171168393	1.820687510507358e6
0.213595780463763	0.217967235048032	0.2157815077558975	2855.07167814672	1.1161893673985202e6	77174.44338983065	1.7791446179138024e6
0.217967235048032	0.22242611872398638	0.2201966768860092	2959.2090183161345	1.089189069927852e6	80133.65240814678	1.7384771138786543e6
0.2224261187239864	0.22697418007345985	0.22470014939872313	3066.885544785706	1.0627713573443207e6	83200.53795293249	1.6986666379952936e6
0.22697418007345982	0.23161320264992274	0.22929369136169128	3178.2083554011624	1.0369241497892407e6	86378.74630833365	1.659695252040612e6
0.23161320264992277	0.23634500567791494	0.23397910416391887	3293.287102199247	1.0116356432934016e6	89672.0334105329	1.621545429041793e6
0.23634500567791494	0.24117144476646696	0.23875822522219095	3412.2340160760796	986894.302526361	93084.26742660897	1.5842000426626038e6
0.24117144476646696	0.24609441263679002	0.2436329287016285	3535.163929579765	962688.8537569426	96619.43135618874	1.5476423568981357e6
0.24609441263679002	0.2511158398645195	0.24860512625065478	3662.194297669732	939008.2780124572	100281.62565385847	1.5118560160671384e6
0.2511158398645195	0.25623769563680365	0.2536767677506616	3793.445216324355	915841.8044371116	104075.07087018283	1.4768250350919026e6
0.2562376956368037	0.2614619885245335	0.25884984208066864	3781.5958715136803	859660.9191280314	107856.6667416965	1.4405644915969302e6
0.26146198852453345	0.2667907672700178	0.26412637789727567	4037.808018028154	864310.584387263	111894.47475972466	1.4067199434446346e6
0.2667907672700179	0.27222612159041193	0.26950844443021493	4392.500113777656	885349.1660432214	116286.97487350232	1.3761097631463509e6
0.27222612159041193	0.2777701829972139	0.2749981522938129	4319.568561752167	819838.3218440035	120606.54343525448	1.3434619995626954e6
0.2777701829972139	0.2834251256321519	0.28059765431468287	4514.037460359075	806759.9304448111	125120.58089561356	1.3119736095587078e6
0.2834251256321519	0.28919316711978865	0.28630914637597027	4723.585703602017	794965.7665082595	129844.16659921558	1.2816509135518775e6
0.28919316711978865	0.29507656943717814	0.2921348682784834	4841.026064700141	767215.801484611	134685.19266391572	1.2514890827961208e6
0.2950765694371781	0.30107763980091534	0.2980771046190467	5010.685921848664	747802.1188411578	139695.87858576438	1.221966993946665e6
0.3010776398009154	0.3071987315719274	0.30413818568642137	5185.767835837207	728815.7577909268	144881.6464216016	1.1930716027783651e6
0.3071987315719274	0.31344224517835967	0.31032048837514353	5366.418747303629	710248.1016095482	150248.0651689052	1.1647901522851628e6
0.31344224517835967	0.3198106290569206	0.31662643711764016	5552.788254170708	692090.7197315173	155800.8534230759	1.137110165548657e6
0.3198106290569206	0.3263063806130527	0.32305850483498666	5745.02859165761	674335.3629998767	161545.8820147335	1.1100194387985857e6
0.32630638061305267	0.33293204720030745	0.32961921390668003	5943.294607909018	656973.9590377292	167489.17662264252	1.083506034658817e6
0.3329320472003074	0.33969022711930724	0.3363111371598073	5806.451860074216	604469.0973633418	173295.62848271674	1.0554795929629193e6
0.3396902271193073	0.34658357063668715	0.34313689887799725	6298.688435036835	617534.025145744	179594.31691775357	1.0298644463435765e6
0.34658357063668715	0.3536147810244146	0.3500991758305509	6716.685546015913	620180.7547896198	186311.0024637695	1.0059089282639697e6
0.3536147810244146	0.3607866156198966	0.3572006983221556	6408.9410470445	557322.9922239393	192719.943510814	979685.7632757493
0.36078661561989656	0.3681018869072882	0.36444425126359237	7256.105443099455	594273.6787008126	199976.04895391344	957161.5475829751
0.3681018869072882	0.37556346362042764	0.3718326752638579	7694.074061234249	593480.1721719282	207670.1230151477	935912.8364297672
0.3755634636204277	0.38317427186782993	0.3793688677441288	7513.416104690026	545831.8261026684	215183.53911983772	913127.4832964282
0.38317427186782993	0.3909372962801802	0.3870557840740051	7592.919872530503	519524.8419889727	222776.45899236822	890142.1620684229
0.3909372962801802	0.3988555811807775	0.39489643873047886	7588.640024986264	489037.2933333984	230365.09901735449	866724.459978382
0.3988555811807775	0.40693223177938675	0.40289390648008216	8191.212757921749	497177.0867096114	238556.31177527623	845154.3509261888
0.4069322317793867	0.41517041538996813	0.41105132358467744	9007.919365732232	514963.5856360244	247564.23114100847	825885.976026282
0.41517041538996813	0.4235733626727612	0.4193718890313647	9124.904701552121	491330.4418399362	256689.1358425606	806367.3900822023
0.4235733626727612	0.4321443689012101	0.4278588657869856	9144.060562434664	463747.75998912746	265833.1964049953	786382.8422368943
0.4321443689012101	0.44088679525422797	0.436515582077719	9444.308318584808	451143.0709213105	275277.5047235801	766833.0783559281
0.4408867952542281	0.44980407013430634	0.4453454326942672	9753.186101359664	438829.6641714559	285030.69082493975	747709.4565721236
0.4498040701343063	0.4588996905119861	0.4543518803231462	10070.88302648149	426801.7570321319	295101.57385142124	729003.5144369192
0.4588996905119861	0.4681772232972195	0.4635384569046028	10080.21244240069	402384.53830324253	305181.78629382193	709968.6249548253
0.46817722329721945	0.4776403067381575	0.47290876501768847	10679.19414707378	401538.07293273875	315860.9804408957	691997.4021816006
0.47764030673815755	0.48729265184791437	0.482466479293036	10639.753552623908	376825.33001817943	326500.7339935196	673637.0498583887
0.4872926518479144	0.4971380438598664	0.49221534785389043	11315.21039702068	377480.8935770984	337815.9443905403	656387.8554295877
0.4971380438598663	0.5071803437120573	0.5021591937859619	12727.567584562115	399949.4027420391	350543.5119751024	641454.8350877241
0.5071803437120572	0.517423489561292	0.5123019166366747	12173.01224536926	360320.03324028006	362716.5242204717	625086.7742907515
0.5174234895612922	0.5278714983275118	0.522647493944402	12557.835881852137	350137.96509594884	375274.3601023238	609081.8290428967
0.5278714983275117	0.5385284672690556	0.5331999827982836	12501.0156027372	328327.32059031737	387775.375705061	592741.8909143066
0.5385284672690556	0.5493985755894304	0.543963521429243	13271.563061683672	328340.408455776	401046.9387667447	577356.4328745165
0.5493985755894303	0.5604860860762125	0.5549423308328214	14314.54535324045	333598.04488238064	415361.48411998514	563174.6603636798
0.5604860860762126	0.5717953467727306	0.5661407164244716	14202.78507845418	311792.8946102513	429564.2691984393	548551.857870429
0.5717953467727305	0.5833307926831788	0.5775630697279546	14641.41521026654	302778.8513282944	444205.68440870586	534257.7062182109
0.5833307926831788	0.5950969475118361	0.5892138700975074	14810.422966356738	288511.20440080005	459016.1073750626	519967.43915632885
0.595096947511836	0.6070984254370663	0.601097686474451	15521.755066940503	284833.90990879334	474537.8624420031	506296.51832749083
0.6070984254370664	0.6193399329208014	0.6132191791789339	16338.289080086863	282433.31808988826	490876.15152208996	493282.91699542425
0.6193399329208014	0.631826270554211	0.6255831017375062	15947.896526124678	259701.24714328907	506824.04804821464	479706.45883981645
0.631826270554211	0.6445623349402889	0.63819430274725	16903.008011900296	259297.67843499215	523727.05606011493	466897.5870259098
0.6445623349402889	0.6575531206140883	0.6510577277771886	18187.295280172548	262826.6690412856	541914.3513402875	455039.9359644258
0.6575531206140883	0.6708037220013637	0.664178421307726	17784.871995988884	242114.81385228003	559699.2233362764	442669.6059509013
0.6708037220013637	0.6843193354163847	0.6775615287088742	18559.080587057164	238012.05478324703	578258.3039233335	430781.29285266006
0.6843193354163846	0.6981052610997059	0.6912122982580453	19394.094716434367	234307.61634474035	597652.3986397679	419369.9662328168
0.6981052610997058	0.7121669052966936	0.7051360831981996	18553.936060092878	211168.83157238146	616206.3346998608	407279.1573184995
0.7121669052966937	0.7265097823776212	0.7193383438371574	19574.45044327923	209875.9273154095	635780.78514314	395816.951672497
0.7265097823776212	0.7411395170001672	0.7338246496888943	22073.141608241363	222955.8444384734	657853.9267513814	385781.1040410205
0.7411395170001672	0.7560618463151642	0.7486006816576657	22028.465745910304	209615.28566969355	679882.3924972917	375554.71360625303
0.7560618463151642	0.771282622216461	0.7636722342658127	21562.27462399064	193294.51887242508	701444.6671212823	364975.8841608212
0.7712826222164612	0.786807813635784	0.7790452179261226	22624.72795358859	191071.904854859	724069.3950748709	354883.3215915043
0.7868078136357839	0.8026435088834932	0.7947256612596385	23890.938950415468	190080.41746663518	747960.3340252864	345320.10484311334
0.8026435088834933	0.8187959180361568	0.8107197134598251	23986.892027418828	179792.25375066246	771947.2260527052	335715.9652271378
0.8187959180361568	0.8352713753718736	0.8270336467040151	24657.76057083672	174118.76130792688	796604.9866235419	326340.9819941626
0.8352713753718735	0.8520763418543045	0.843673858613089	25343.090198310325	168596.48287509638	821948.0768218522	317190.5594026867
0.8520763418543045	0.8692174076663841	0.8606468747603443	25066.391464070883	157101.3017717593	847014.4682859231	307905.16469447914
0.8692174076663842	0.8867012947947055	0.8779593512305448	26599.583006131346	157059.35155352548	873614.0512920545	299156.8650180207
0.8867012947947055	0.9045348596655932	0.8956180772301494	28419.611451086937	158092.0588226227	902033.6627431414	290976.6970404882
0.9045348596655932	0.9227250958338986	0.9136299777497459	27567.23202649399	144474.078056747	929600.8947696354	282482.095510002
0.9227250958338986	0.9412791367255702	0.9320021162797344	29105.766444003326	143708.5232751351	958706.6612136387	274436.47815931553
0.9412791367255703	0.9602042584350753	0.9507416975803228	30517.878242739942	141960.12321778075	989224.5394563787	266756.7323428446
0.9602042584350751	0.9795078825787702	0.9698560705069226	30555.82490000152	133911.0396235056	1.0197803643563802e6	259056.34283821337
0.9795078825787704	0.9991975792053394	0.9893527308920549	30939.95008185017	127747.98894755637	1.0507203144382304e6	251445.8082384412
0.9991975792053394	1.0192810697644397	1.0092393244848896	32147.108880773187	125051.87300384718	1.0828674233190035e6	244120.81090181373
1.0192810697644394	1.0397662301347217	1.0295236499495806	33474.19013527827	122680.02694403348	1.1163416134542818e6	237083.5274483147
1.039766230134722	1.06066109371241	1.050213661923566	33870.01881245617	116948.96451153631	1.150211632266738e6	230122.57760820512
1.06066109371241	1.0819738545616517	1.0713174741370308	33945.00779371429	110427.092213519	1.1841566400604523e6	223187.69461114096
1.0819738545616517	1.1037128706278783	1.092843362594765	34757.22894371534	106528.35939479119	1.2189138690041676e6	216429.31669690215
1.1037128706278783	1.1258866670154293	1.1147997688216538	37297.006700115744	107700.07390562627	1.2562108757042834e6	210130.89545655838
1.1258866670154293	1.1485039393307315	1.1371953031730804	38001.9182596202	103388.20572266982	1.2942127939639036e6	203948.0756929603
1.1485039393307315	1.1715735570923396	1.1600387482115355	38353.792533232365	98310.23785491	1.332566586497136e6	197829.76144440757
1.1715735570923396	1.1951045672091798	1.1833390621507598	39631.241376795806	95709.385775021	1.3721978278739317e6	191915.65382572752
1.19510456720918	1.2191061975283572	1.2071053823687685	40272.19073956902	91632.5911874776	1.4124700186135008e6	186108.4154988065
1.2191061975283572	1.243587860453918	1.2313470289911375	41249.74963379302	88429.11918707109	1.4537197682472938e6	180452.40106718108
1.243587860453918	1.2685591566379897	1.2560735085459538	42243.02627399983	85321.73094199022	1.4959627945212936e6	174944.3857514703
1.2685591566379897	1.294029878745743	1.2812945176918662	42940.66924136877	81715.68954931601	1.5389034637626624e6	169546.90070516337
1.2940298787457432	1.3200100152956515	1.3070199470206973	43792.49849727657	78518.08517193024	1.582695962259939e6	164277.16751363644
1.3200100152956513	1.3465097545765579	1.3332598849361046	45046.76268607611	76097.11616801165	1.627742724946015e6	159172.72152138397
1.3465097545765579	1.3735394886430825	1.3600246216098202	46678.73548673885	74295.00375888031	1.674421460432754e6	154259.7854986961
1.3735394886430825	1.4011098173909375	1.38732465301701	46337.13020483544	69487.52187914749	1.7207585906375893e6	149353.29511867315
1.4011098173909378	1.42923155271375	1.415170685052344	46836.626287384424	66176.17875337428	1.7675952169249738e6	144539.45809139762
1.4292315527137498	1.4579157227430182	1.443573637728384	50926.776812518016	67795.65549429815	1.8185219937374918e6	140098.2433524916
1.4579157227430184	1.4871735761728722	1.4725446494579453	51790.626700523775	64960.23856690236	1.8703126204380156e6	135750.24247228834
1.4871735761728724	1.5170165866713232	1.5020950814220977	51943.40633906168	61385.9239988167	1.9222560267770772e6	131447.2891597635
1.517016586671323	1.547456457379743	1.532236522025533	53946.10540132341	60067.772329681364	1.9762021321784006e6	127317.30627078589
1.547456457379743	1.5785051255023312	1.5629807914410372	54430.69873312209	57104.391391394434	2.0306328309115227e6	123255.07348732764
1.5785051255023315	1.6101747669873716	1.5943399462448515	55365.43204301805	54727.996233489015	2.0859982629545408e6	119290.61663098268
1.6101747669873714	1.6424778013021122	1.6263262841447417	56556.0676190306	52674.01005730397	2.1425543305735714e6	115436.91405169004
1.6424778013021124	1.675426896303148	1.65895234880263	55127.21102617076	48376.06812899876	2.197681541599742e6	111557.73859746706
1.6754268963031482	1.7090349732042047	1.6922309347536766	57636.06227777479	47654.86474767155	2.255317603877517e6	107861.44899317241
1.7090349732042043	1.7433152116432817	1.726175092423743	63044.61814577505	49114.57112893118	2.318362222023292e6	104463.58426840334
1.743315211643282	1.778281054851141	1.7607981332472114	62605.045751384925	45953.86646003136	2.380967267774677e6	101079.62233849401
1.778281054851141	1.813946214923157	1.7961136348871491	61811.26951024961	42749.5682181965	2.4427785372849265e6	97706.23287746988
1.8139462149231576	1.850324678196614	1.8321354465598858	62005.01065461198	40405.74797065962	2.5047835479395385e6	94392.56101297647
1.8503246781966136	1.8874307107355393	1.8688776944660765	28937.40880475426	17767.61874543347	2.5337209567442928e6	89961.58996538374
1.8874307107355395	1.9252788639252436	1.9063547873303914	105813.87865484692	61216.198009713145	2.6395348353991397e6	88299.42173561307
1.9252788639252438	1.963883980178742	1.9445814220519928	67888.73920307122	37006.36996027464	2.707423574602211e6	85333.6091477073
1.9638839801787418	2.00326119875731	1.9835725894680258	68443.11213958263	35153.161524878866	2.7758666867417935e6	82432.26969799533
2.00326119875731	2.0434259617074493	2.0233435802323796	69442.99247287586	33606.23212358472	2.8453096792146694e6	79609.37449354038
2.0434259617074497	2.084394019916592	2.0639099908120206	71444.7560789953	32577.61958791927	2.9167544352936647e6	76890.34368008807
2.0843940199165925	2.1261814392899177	2.105287729603255	74283.77931853989	31915.481345482982	2.9910382146122046e6	74290.3466142411
2.126181439289917	2.168804607050709	2.147493023170313	75915.86528037395	30732.591195720895	3.0669540798925785e6	71772.3857906892
2.168804607050709	2.2122802381667164	2.1905424226087127	74318.19332740968	28347.95875165548	3.141272273219988e6	69262.24304660023
2.212280238166716	2.2566253819050437	2.23445281003588	77200.84390914207	27746.58178831148	3.2184731171291303e6	66862.53999413738
2.2566253819050437	2.301857428518138	2.279241405211591	80670.63905068161	27318.980613988308	3.299143756179812e6	64576.925963280235
2.301857428518138	2.347994116063494	2.3249257722908157	78166.55876368843	24942.05789582879	3.3773103149435003e6	62286.12949624942
2.3479941160634943	2.3950535373597575	2.371523826711626	81360.64252978796	24461.815603033592	3.4586709574732883e6	60100.06760235541
2.3950535373597575	2.443054147081946	2.4190538422208516	85352.77837989759	24179.968215284072	3.544023735853186e6	58024.14298279149
2.443054147081946	2.492014768998578	2.467534458040262	84489.59343844652	22553.07322604072	3.6285133292916324e6	55974.24932477547
2.4920147689985783	2.541954603353543	2.5169846861760607	84109.55560888955	21154.997738096907	3.712622884900522e6	53962.1018535982
2.5419546033535427	2.592893234395607	2.567423918874575	87190.86276361533	20663.52594732406	3.7998137476641373e6	52037.90414756335
2.592893234395607	2.6448506380585126	2.61887193622706	90873.14796011616	20292.497409168664	3.8906868956242534e6	50203.525838442394
2.6448506380585126	2.6978471897946763	2.6713489139265945	86482.66960669914	18196.846588428212	3.9771695652309526e6	48354.11703277418
2.697847189794676	2.751903672565563	2.724875431180119	87602.38878087979	17368.03762067562	4.0647719540118324e6	46563.743972085314
2.751903672565563	2.8070412849918673	2.779472478778715	92997.87466226239	17373.055413114525	4.1577698286740948e6	44877.16707017047
2.8070412849918673	2.863281649666698	2.8351614673292826	98781.46285688598	17387.91965926282	4.256551291530981e6	43288.95000039391
2.863281649666698	2.920646821635025	2.8919642356508612	96623.29249441903	16025.942966710314	4.3531745840254e6	41713.85680222054
2.9206468216350245	2.979159297042718	2.9499030593388715	93550.41717153043	14620.346496890388	4.44672500119693e6	40148.607375003936
2.9791592970427185	3.038842021958566	3.009000659500642	98210.6669618506	14462.43263903032	4.544935668158781e6	38664.710348458
3.038842021958566	3.0997184013727304	3.069280211665648	98852.44336036127	13716.44016533085	4.643788111519142e6	37223.48762822795
3.0997184013727304	3.161812308375178	3.1307653548739545	103467.54197919555	13527.888228162223	4.747255653498338e6	35854.67199055318
3.1618123083751777	3.2251480935176744	3.193480200946426	104956.79367514048	12930.30714339642	4.852212447173478e6	34530.44806057155
3.2251480935176753	3.289750594363022	3.2574493439403485	103221.6761929011	11982.353745344668	4.955434123366379e6	33227.997995768106
3.289750594363022	3.355645145225276	3.322697869794149	111173.40196576808	12160.336411147777	5.066607525332147e6	32011.09784640423
3.3556451452252753	3.422857587104774	3.3892513661650248	105397.33267113101	10862.962740503111	5.172004858003278e6	30789.58424548089
3.4228575871047733	3.4914142778218618	3.4571359324633173	106591.26901715528	10351.773929557097	5.278596127020434e6	29609.131904360354
3.4914142778218618	3.561342102353292	3.526378190087577	118606.77228917181	10853.694696568095	5.397202899309605e6	28525.880184066664
3.5613421023532927	3.6326684833753515	3.5970052928643224	112544.26179302856	9704.360458473988	5.509747161102634e6	27438.840955313353
3.632668483375351	3.7054213920178514	3.6690449376966012	112002.65599579178	9100.134371345015	5.621749817098426e6	26379.714549857243
3.705421392017851	3.779629358833201	3.742525375425526	116375.35808693431	8909.573141204783	5.73812517518536e6	25370.776960534946
3.7796293588332013	3.8553214849848585	3.81747542190903	120068.1423464613	8661.647304732782	5.858193317531821e6	24405.81383059757
3.855321484984859	3.932527453659549	3.893924469322204	51366.304461251944	3491.6307338010765	5.909559621993073e6	23198.036090802452
3.9325274536595485	4.011277541707733	3.9719024976836406	182007.60516309645	11657.817140403833	6.09156722715617e6	22531.613670102222
4.011277541707733	4.0916026315168805	4.051440086612306	120827.53073631227	7292.421264148409	6.212394757892482e6	21651.604603258602
4.0916026315168805	4.1735342231222115	4.132568427319546	128669.1497998191	7317.434501774762	6.341063907692301e6	20823.876701777266
4.173534223122211	4.257104446559648	4.215319334840929	127017.36246559024	6806.541195709123	6.468081270157891e6	20014.46299367469
4.257104446559648	4.3423460744658335	4.299725260512741	126115.78300968092	6368.134169418135	6.594197053167572e6	19226.490313797774
4.3423460744658335	4.429292534930143	4.385819304697988	128645.8438723404	6120.942452458052	6.722842897039913e6	18469.760330617635
4.429292534930143	4.517977924603739	4.473635229766941	121505.92541451566	5447.536547753725	6.844348822454428e6	17717.85781800588
4.5179779246037395	4.608437022070807	4.563207473337274	131075.5883128373	5537.389196938275	6.975424410767266e6	17014.573094567142
4.608437022070807	4.700705301487216	4.654571161779011	59846.96727134008	2382.3539796816235	7.035271378038606e6	16169.744960965161
4.700705301487216	4.794818946491953	4.747762123989585	137597.24032727536	5161.252925765586	7.172868618365881e6	15534.154798582314
4.794818946491953	4.890814864396784	4.842816905444368	209947.4422172075	7420.576361702377	7.382816060583089e6	15065.715730033997
4.890814864396785	4.988730700659714	4.93977278252825	133559.14963808842	4448.183332154891	7.516375210221177e6	14452.722369883628
4.988730700659713	5.0886048536479	5.038667777153806	136631.51981928013	4287.876403641377	7.653006730040457e6	13865.875692760648
5.0886048536479	5.19047648969585	5.139540671671876	144828.38581925258	4282.79919568478	7.79783511585971e6	13312.626691319494
5.19047648969585	5.29438555846476	5.242431024080306	140815.81117481552	3923.814217621019	7.938650927034525e6	12770.602906124821
5.29438555846476	5.400372808609048	5.347379183536904	143752.17555247527	3774.4593975165935	8.0824031025870005e6	12251.257603435646
5.400372808609048	5.508479803756222	5.454426306182635	148720.30906527583	3679.546072766273	8.231123411652276e6	11756.423426787744
5.508479803756222	5.618748938806339	5.563614371281281	148053.25093429256	3451.642907265428	8.379176662586569e6	11277.007168747234
5.618748938806339	5.7312234565574585	5.674986197681899	143010.05455785897	3141.656750970162	8.522186717144428e6	10807.379723971653
5.731223456557458	5.845947464663599	5.788585460610529	146697.9538655337	3036.692148246279	8.668884671009962e6	10358.810571667686
5.8459474646636	5.962965952931865	5.904456708797732	154851.2660436593	3020.4824227415475	8.82373593705362e6	9935.206644512036
5.962965952931865	6.082324810965495	6.02264538194868	155623.66696077958	2860.3707360618796	8.9793596040144e6	9526.819320157156
6.0823248109654955	6.204070846159798	6.143197828562647	153850.3979246132	2664.5919830047833	9.133210001939014e6	9130.710827627143
6.204070846159798	6.328251802057986	6.266161324108892	143475.17412855104	2341.5020422723974	9.276685176067565e6	8738.823228954016
6.328251802057984	6.454916377074136	6.39158408956606	152617.83617596328	2346.9780632630877	9.429303012243528e6	8369.877882263809
6.454916377074137	6.584114243590612	6.519515310332375	169818.70745077357	2460.7953252408593	9.599121719694301e6	8028.803255486409
6.584114243590613	6.715896067437418	6.650005155514016	162978.14539074153	2225.3883866897195	9.762099865085043e6	7693.83267700786
6.715896067437417	6.850313527761158	6.783104797599288	159245.46498111263	2048.9447985156053	9.921345330066156e6	7368.016848213615
6.850313527761158	6.9874193372913735	6.918866432526266	160801.9569934383	1949.5819874354156	1.0082147287059594e7	7055.275970000663
6.987419337291374	7.127267263012194	7.057343300151784	163794.88222116046	1871.2755192881289	1.0245942169280754e7	6756.0702583536495
7.127267263012194	7.26991214724743	7.198589705129812	164506.47029699013	1770.9563893035202	1.0410448639577745e7	6468.347574329062
7.269912147247429	7.41540992916737	7.3426610382074	163981.17766626738	1663.4379056902587	1.0574429817244012e7	6191.029271927396
7.415409929167371	7.56381766672571	7.489613797946541	163316.89128372446	1561.1032883188461	1.0737746708527736e7	5923.813707129797
7.56381766672571	7.7151935590352165	7.6395056128804635	167928.04647555947	1512.5576536095136	1.0905674755003296e7	5669.221868214644
7.715193559035217	7.869596969190914	7.792395264113066	172212.5675602369	1461.6450940856175	1.1077887322563533e7	5426.388214131944
7.869596969190913	8.027088447549723	7.948342708370317	170378.91483508423	1362.641296846745	1.1248266237398617e7	5191.858324139597
8.027088447549723	8.18772975547571	8.107409101512715	173895.8822467178	1310.5204975848687	1.1422162119645335e7	4967.858428457236
8.187729755475711	8.351583889560217	8.269656822517964	175499.1478239633	1246.2884260016506	1.1597661267469298e7	4753.081567980674
8.351583889560215	8.518715106326411	8.435149497943314	174601.65469121002	1168.3719990976253	1.1772262922160508e7	4546.205478630978
8.518715106326413	8.689188947427933	8.603952026877174	175848.7023202628	1108.8208638356489	1.194811162448077e7	4347.833842728208
8.689188947427933	8.863072265351484	8.776130606389708	177084.2990365699	1052.1845283226594	1.212519592351734e7	4157.643851832095
8.863072265351484	9.040433249633505	8.951752757492494	176498.6583200004	988.195996017783	1.2301694581837341e7	3974.738847280189
9.040433249633505	9.221341453601168	9.130887351617336	173559.04334831983	915.6699149215849	1.2475253625185661e7	3798.205544940085
9.221341453601168	9.405867821648183	9.313604637624675	181882.12201520056	904.2154264545065	1.2657135747200862e7	3631.2003730756664
9.405867821648183	9.59408471705614	9.49997626935216	187710.53162929416	879.348289959841	1.2844846278830156e7	3472.3992585829583
9.59408471705614	9.786065950372254	9.690075333714198	181320.0823806338	800.4030851613508	1.302616636121079e7	3318.207926077984
9.786065950372253	9.98188680835469	9.883976379363471	180719.96834824607	751.7262669876287	1.3206886329559036e7	3170.106906126622
9.981886808354691	10.181624083496777	10.081755445925733	187332.23451878503	734.272065920308	1.339421856407782e7	3029.5463196834053
10.181624083496777	10.385356104141705	10.28349009381924	190728.14293787628	704.4502875610347	1.3584946707015697e7	2895.377210236708
10.385356104141703	10.593162765199528	10.489259434670615	186666.91383888386	649.6720158802029	1.377161362085458e7	2765.790523694491
10.59316276519953	10.805125559478512	10.69914416233902	180351.53370204568	591.4772661614619	1.3951965154556626e7	2640.324586820977
10.805125559478512	11.021327609643073	10.913226584560793	188075.6185969822	581.2223130973186	1.4140040773153609e7	2521.507802805668
11.021327609643073	11.241853700810926	11.131590655227	194304.06907188147	565.8266429730022	1.433434484222549e7	2408.659727165393
11.241853700810926	11.466790313802136	11.354322007306532	95312.5549149029	261.54322775530323	1.4429657397140393e7	2284.766370548797
11.466790313802136	11.69622565905317	11.581507986427653	286153.09297654964	739.9184081225819	1.4715810490116943e7	2195.6259802205377
11.69622565905317	11.930249711209225	11.813237685131197	198550.01957904734	483.7795296891628	1.491436050969599e7	2096.8502971297385
11.930249711209225	12.1689542444084	12.049601977808813	193140.05338746123	443.44749972927224	1.5107500563083451e7	2001.4476509525582
12.1689542444084	12.41243286827156	12.290693556339981	196385.36348278075	424.8850309304001	1.5303885926566232e7	1910.4794587510708
12.41243286827156	12.660781064611983	12.536606966441772	193003.64809367433	393.4779683513824	1.5496889574659906e7	1822.9486382998336
12.660781064611983	12.914096224879215	12.787438644745599	195124.81316267326	374.8522537020742	1.569201438782258e7	1739.3942662419818
12.914096224879211	13.172477688351787	13.0432869566155	205524.9107247237	372.0531198022875	1.5897539298547303e7	1660.5000118126363
13.17247768835179	13.436026781093817	13.304252234722803	197675.39136174507	337.1988431694116	1.6095214689909048e7	1584.14737575823
13.436026781093817	13.704846855690684	13.57043681839225	199306.4576033838	320.3671315719813	1.6294521147512432e7	1511.2295333749526
13.70484685569068	13.979043331779485	13.841945093735083	105361.33870517835	159.58831944155517	1.639988248621761e7	1433.242815740115
13.979043331779488	14.258723737390069	14.118883534584779	307733.4047829993	439.22578179267356	1.670761589100061e7	1375.8906171876658
14.258723737390067	14.54399775111286	14.401360744251463	205465.14824220166	276.3406850147721	1.691308103924281e7	1312.4498703971124
14.54399775111286	14.834977245110109	14.689487498111484	205547.30856771767	260.50259726047653	1.711862834781053e7	1251.7560540493007
14.834977245110109	15.131776328987302	14.983376787048705	199885.3780981563	238.7124135108564	1.7318513725908685e7	1193.3072232323018
15.131776328987304	15.43451139454204	15.283143861764671	206029.0968365185	231.85494568403044	1.7524542822745204e7	1137.8353718705882
15.434511394542039	15.74330116140787	15.588906277974955	207409.9957735613	219.94364944881676	1.7731952818518765e7	1084.877114027802
15.74330116140787	16.05826672361102	15.900783942509445	208609.04638104513	208.45337427049392	1.794056186489981e7	1034.3116810534564
16.058266723611016	16.37953159705823	16.218899160334622	107837.4680625759	101.54057732121956	1.8048399332962386e7	980.4955968740913
16.37953159705823	16.707221767974385	16.543376682516307	307296.0775975287	272.65986882453035	1.8355695410559915e7	939.6573628183978
16.707221767974385	17.041465742308862	16.874343755141624	211825.88484922796	177.10776193778068	1.8567521295409143e7	895.6626906910526
17.041465742308862	17.38239459613003	17.211930169219446	213799.90480612963	168.44593503921323	1.8781321200215273e7	853.7067535283784
17.38239459613003	17.73014202702762	17.556268311578826	210078.27025393024	155.96556418198728	1.8991399470469203e7	813.4515969146222
17.730142027027618	18.084844406543162	17.90749321678539	211648.57279389352	148.06676528318178	1.9203048043263096e7	775.0634001168092
18.08484440654316	18.446640833649013	18.265742620096084	111770.3513306044	73.6823743285393	1.93148183945937e7	734.5986808308573
18.446640833649013	18.815673189296984	18.631157011473	320351.78796767816	199.00271088131265	1.963517018256138e7	703.6987457203213
18.815673189296984	19.192086192057914	19.00387969067745	111241.60507414117	65.11694575235565	1.974641178763552e7	666.8574754919025
19.192086192057914	19.576027454874062	19.38405682346599	219184.67155311257	120.90158074861327	1.9965596459188633e7	635.3601663013256
19.576027454874062	19.967647542946533	19.771837498910298	325458.51604344696	169.16579425206567	2.029105497523208e7	608.4645934785427
19.967647542946533	20.367100032780453	20.167373787863493	220683.5107460767	108.08912330547967	2.0511738485978156e7	579.5971913173978
20.367100032780453	20.774541572411053	20.570820802595755	222413.16523410752	102.65211046921665	2.0734151651212264e7	552.0816522633883
20.774541572411056	21.190131942834267	20.98233675762266	217487.63101413846	94.58827796604966	2.0951639282226402e7	525.6884272397069
21.190131942834263	21.614034120665938	21.402083031750102	112827.31485658884	46.239428096393915	2.106446659708299e7	498.02868634121006
21.614034120665938	22.046414342054245	21.83022423136009	320514.5220336877	123.77742317393336	2.138498111911668e7	476.43797038676587
22.04641434205425	22.487442167870324	22.266928254962288	225349.58139635623	82.00608582093194	2.1610330700513035e7	453.6831244595569
22.48744216787032	22.937290550202714	22.712366359036515	223780.2927787453	76.73735814572132	2.183411099329178e7	431.93714832668445
22.937290550202718	23.39613590018176	23.16671322519224	116032.01726274565	37.49372600633887	2.1950143010554526e7	409.1818284870376
23.396135900181758	23.864158157160382	23.630147028671068	223672.04328205064	68.1064572468474	2.2173815053836577e7	389.5053755687018
23.864158157160386	24.34154085927858	24.102849508219485	334992.8296224028	96.11872330982702	2.250880788345898e7	372.58012679302
24.341540859278584	24.828471215439144	24.585006037358866	228834.08393760026	61.87128870331681	2.273764196739658e7	354.6556449729157
24.82847121543914	25.32514017872291	25.076805697081028	222992.49762346223	56.81391791605702	2.2960634465020042e7	337.4735201075734
25.325140178722915	25.83174252127236	25.57844134999764	222004.04270472005	53.299296323377874	2.3182638507724762e7	321.0799187094035
25.831742521272364	26.3484769106728	26.09010971597258	228040.69141802564	51.59042580814	2.3410679199142788e7	305.53351584310116
26.348476910672794	26.875545987861237	26.612011449267015	229300.3266748041	48.88297991353375	2.3639979525817595e7	290.7278249108585
26.87554598786124	27.413156446593455	27.144351217227346	228045.70024559274	45.8111492625766	2.386802522606319e7	276.59908879212304
27.413156446593455	27.961519114500312	27.687337780546883	228108.9346626252	43.18052887721784	2.4096134160725813e7	263.13370216140095
27.96151911450031	28.520849035765302	28.241184075132807	222145.24510511756	39.62589699512754	2.431827940583093e7	250.24008857607123
28.520849035765302	29.091365555455596	28.80610729561045	229390.53685136884	38.55796152546605	2.45476699426823e7	238.02871012917598
29.0913655554556	29.673292405539698	29.382328980497647	233941.92469379678	37.05468867287241	2.4781611867376097e7	226.43509191402555
29.673292405539694	30.266857792625476	29.970075099082585	230278.34681213647	34.3704179338844	2.5011890214188233e7	215.35546426810376
30.266857792625476	30.872294487452972	30.569576140039224	230727.12454076856	32.450920488972194	2.5242617338729e7	204.8042900574717
30.872294487452976	31.489839916177022	31.181067201814997	230409.45066195354	30.536929550638764	2.5473026789390955e7	194.75139828953542
31.489839916177026	32.11973625347555	31.80478808482629	231010.89035001397	28.850563428843227	2.570403767974097e7	185.181172024678
32.11973625347555	32.76223051752005	32.4409833854978	230405.93371596187	27.115169535247126	2.593444361345693e7	176.06293639559067
32.762230517520045	33.41757466684543	33.08990259218274	234164.96967626363	25.96793786102948	2.6168608583133195e7	167.4045434095913
33.41757466684544	34.08602569915733	33.751800183001386	235596.6773485914	24.61963563348315	2.6404205260481786e7	159.1678645256506
34.08602569915733	34.76784575211546	34.4269357256364	233325.84229701012	22.975886418693104	2.6637531102778796e7	151.3115269090358
34.76784575211547	35.46330220613277	35.11557397912412	235550.28346195817	21.85697659572357	2.6873081386240754e7	143.84386347458488
35.46330220613276	36.1726677892304	35.81798499768158	239943.42074327916	20.98033280724335	2.7113024806984033e7	136.7564260824999
36.1726677892304	36.896220683989995	36.5344442366102	238666.68757440895	19.664932087287095	2.735169149455844e7	130.0019690547165
36.89622068399	37.63424463664479	37.265232660317395	232178.0112053156	18.026810639957276	2.7583869505763754e7	123.5426660861841
37.63424463664479	38.38702906835267	38.01063685249873	235446.18638467044	17.226088757121914	2.7819315692148425e7	117.40979476277572
38.38702906835267	39.154869188694704	38.77094912852368	129960.42446542904	8.959904817749159	2.7949276116613854e7	111.15387889976823
39.15486918869471	39.93806611144359	39.54646765006915	349433.0612745024	22.70144837355489	2.8298709177888356e7	106.05152599172993
39.93806611144358	40.73692697264744	40.337496542045514	231090.37921098992	14.147144197093445	2.8529799557099346e7	100.75006097001531
40.73692697264744	41.55176505107537	41.1443460118614	240933.85296718776	13.89895421165776	2.8770733410066534e7	95.74010372577503
41.55176505107538	42.38289989107187	41.967332471073625	243572.95550062135	13.240695218940976	2.9014306365567155e7	90.981182703626
42.382899891071865	43.23065742786829	42.806778659470076	130393.42011127248	6.67936020418076	2.9144699785678428e7	86.1183016592843
43.23065742786829	44.09537011540064	43.66301377163447	352212.60632653534	17.001278779374683	2.9496912392004963e7	82.1313520691179
