-0.0	9.953897499377266e-5	4.976948749688633e-5	0.12993254559684828	3.145211427977674e10	0.12993254559684828	3.145211427977674e10
9.953897499377264e-5	0.0002010687294874207	0.00015030385224059668	0.4002058052512186	1.337618586903471e10	0.5301383508480669	1.5569225622798666e10
0.00020106872948742055	0.0003046290790709416	0.00025284890427918107	0.6866380541725355	8.139041836398758e9	1.2167764050206025	1.0275621471977493e10
0.0003046290790709413	0.0004102606356461327	0.000357444857358537	0.9899832254550833	5.79504764698824e9	2.206759630475686	7.629338348044405e9
0.000410260635646133	0.0005180048233528283	0.00046413272949948065	1.3110275087910424	4.474842387449188e9	3.517787139266728	6.041983522664189e9
0.0005180048233528285	0.0006279038948136576	0.000572954359083243	1.6505906759572166	3.629660049103288e9	5.168377815223945	4.9840927260185795e9
0.000627903894813658	0.0007400009477037037	0.0006839524212586809	2.0095274594709753	3.0427552867450404e9	7.17790527469492	4.2287526764663577e9
0.0007400009477037037	0.0008543399416515503	0.000797170444677627	2.3887289865088537	2.611658371234524e9	9.566634261203774	3.6625067129652357e9
0.0008543399416515499	0.0009709657154783534	0.0009126528285649516	2.789124270255032	2.2817164046264687e9	12.355758531458806	3.2223233392166595e9
0.0009709657154783537	0.0010899240047816932	0.0010304448601300233	3.211681760937834	2.0211398067963681e9	15.56744029239664	2.8703836413286953e9
0.0010899240047816928	0.001211261459871099	0.001150592732326396	3.6574109588921715	1.81018709507741e9	19.22485125128881	2.582621023121316e9
0.0012112614598710993	0.0013350256640622935	0.0012731435619666963	4.127364092079276	1.635954543550664e9	23.352215343368087	2.3429910737827015e9
0.0013350256640622929	0.0014612651523373112	0.001398145408199802	4.622637860587048	1.4896531382364078e9	27.974853203955135	2.1403861119953725e9
0.0014612651523373112	0.0015900294303778297	0.0015256472913575704	5.144375250730356	1.365090264149894e9	33.11922845468549	1.9668720682970998e9
0.0015900294303778312	0.00172136899397916	0.0016556992121784958	5.693767421470007	1.2577772344272075e9	38.8129958761555	1.8166306145003817e9
0.0017213689939791588	0.0018553353488525142	0.0017883521714158364	6.272055665974683	1.1643811449975154e9	45.08505154213018	1.6852979945823793e9
0.001855335348852515	0.0019919810308233377	0.0019236581898379264	6.880533451254529	1.0823754787931533e9	51.96558499338471	1.5695372093808808e9
0.0019919810308233377	0.0021313596264335767	0.002061670328628457	7.520548538908933	1.0098101984096934e9	59.486133532293636	1.4667528063940866e9
0.0021313596264335767	0.0022735257939560205	0.0022024427101947986	8.19350519014683	9.451562352574677e8	67.67963872244047	1.3748957359616268e9
0.00227352579395602	0.0024185352848289125	0.0023460305393924663	8.900866458346528	8.871977318216784e8	76.580505180787	1.2923267505932994e9
0.002418535284828912	0.0025664449655192624	0.0024924901251740872	9.644156572576023	8.349557656154616e8	86.22466175336302	1.2177188330631733e9
0.002566444965519263	0.0027173128398234204	0.0026418789026713416	10.424963415571824	7.876333245525432e8	96.64962516893485	1.1499862350252109e9
0.0027173128398234204	0.002871198071613661	0.002794255455718541	11.244941099868498	7.44574933653454e8	107.89456626880335	1.0882320272962573e9
0.002871198071613661	0.003028161008039706	0.0029496795398266835	12.105812645855835	7.052365757586172e8	120.00037891465918	1.0317087625699258e9
0.003028161008039706	0.0031882632031942724	0.003108212105616989	13.009372765715781	6.691629693664744e8	133.00975168037496	9.797885790807623e8
0.0031882632031942715	0.003351567442251929	0.0032699153227231	13.957490757323455	6.359701866861072e8	146.96724243769842	9.319402034243355e8
0.0033515674422519306	0.0035181377660907414	0.0034348526041713357	14.952113512360143	6.053322030188855e8	161.91935595005856	8.877110638631997e8
0.003518137766090741	0.0036880394964063277	0.0036030886312485343	15.995268643033882	5.769703779088619e8	177.91462459309244	8.467132364972471e8
0.0036880394964063277	0.003861339261328226	0.003774689378867277	17.089067731974126	5.506451487422513e8	195.00369232506657	8.086122991242269e8
0.0038613392613282265	0.004038105021548563	0.003949722141438395	18.235709710035593	5.2614941232740456e8	213.23940203510216	7.731184143294203e8
0.004038105021548562	0.0042184060969733045	0.0041282555592609335	19.43748436692107	5.033032074079999e8	232.67688640202323	7.399791384300919e8
0.004218406096973306	0.004402313193906544	0.004310359645439925	20.696775999722036	4.8194940926390254e8	253.37366240174526	7.089735787439936e8
0.004402313193906543	0.004589898432778446	0.004496105813342494	22.016067204640308	4.61950218588559e8	275.3897296063856	6.799076131737416e8
0.004589898432778446	0.0047812353764277865	0.004685566904603117	23.397942817395347	4.4318427880254465e8	298.7876724237809	6.526099533949773e8
0.0047812353764277865	0.004976399058950114	0.004878817217688951	24.845094007957414	4.255442943858535e8	323.63276643173833	6.269288829275131e8
0.004976399058950114	0.005175466015122888	0.005075932537036501	26.36032253553924	4.089350515049161e8	349.9930889672776	6.027295388622348e8
0.005175466015122887	0.005378514310419117	0.005276990162771002	27.946545169892147	3.9327176383078724e8	377.9396341371697	5.79891634389894e8
0.005378514310419117	0.005585623571621271	0.005482068941020194	29.606798285297543	3.7847868288450164e8	407.54643242246726	5.583075409314861e8
0.005585623571621272	0.005796875018047469	0.00569124929483437	31.344242633745182	3.6448792484075683e8	438.89067505621244	5.378806653262721e8
0.005796875018047468	0.006012351493402189	0.005904613255724828	33.162168304142824	3.5123847545218134e8	472.05284336035527	5.185240704423621e8
0.006012351493402189	0.006232137498264004	0.006122244495833097	35.06399987457121	3.386753423238099e8	507.1168432349265	5.001592976498816e8
0.006232137498264004	0.006456319223223056	0.00634422836074353	37.053301764889284	3.2674882969612205e8	544.1701449998158	4.827153575129423e8
0.006456319223223056	0.006684984582681288	0.006570651902952172	39.133783797268734	3.15413915568628e8	583.3039287970845	4.6612786131595266e8
0.0066849845826812875	0.006918223249328685	0.006801603916004986	41.30930697245799	3.0462971470265937e8	624.6132357695425	4.5033827101877236e8
0.006918223249328684	0.007156126689309029	0.007037174969318856	43.583889469911014	2.9435901400042105e8	668.1971252394535	4.352932492184301e8
0.00715612668930903	0.007398788198088982	0.007277457443699006	45.96171288019627	2.845678691302349e8	714.1588381196498	4.209440938990083e8
0.007398788198088982	0.007646302937044533	0.007522545567566758	48.44712867837234	2.752252531816977e8	762.6059667980221	4.072462453416432e8
0.007646302937044532	0.007898767970779194	0.0077725354539118635	51.04466494735152	2.663027496861976e8	813.6506317453736	3.941588546712693e8
0.007898767970779196	0.00815628230518855	0.008027525137983873	53.759033360618105	2.5777428360208458e8	867.4096651059917	3.816444052348567e8
0.008156282305188549	0.008418946926286091	0.008287614615737321	56.59513643392188	2.4961588489742076e8	924.0048015399136	3.696683794147035e8
0.008418946926286091	0.008686864839805583	0.008552905883045837	59.55807505600501	2.4180548021362102e8	983.5628765959186	3.5819896464058524e8
0.008686864839805583	0.008960141111595467	0.008823502975700524	62.65315630867485	2.3432270879420614e8	1046.2160329045935	3.472067933239751e8
0.008960141111595465	0.009238882908821145	0.009099512010208305	65.88590158701982	2.2714875944466472e8	1112.1019344916133	3.366647122340529e8
0.009238882908821145	0.009523199541991339	0.009381041225406242	69.26205503079768	2.2026622577219394e8	1181.363989522411	3.265475774989488e8
0.009523199541991342	0.00981320250782494	0.009668201024908141	69.83875968826669	2.0500304389616644e8	1251.2027492106777	3.1608711836790085e8
0.009813202507824938	0.010109005532975208	0.009961104020400072	75.74902706380863	2.0536088133762684e8	1326.9517762744863	3.066487707528922e8
0.010109005532975208	0.010410724618628483	0.010259865075801846	83.98046819521505	2.1040257372471818e8	1410.9322444697013	2.9852085232987803e8
0.010410724618628481	0.010718478085994822	0.010564601352311652	84.32392901499338	1.9534445003692213e8	1495.2561734846947	2.898862536964802e8
0.01071847808599482	0.011032386622708487	0.010875432354351653	88.51171331644969	1.8969878233348453e8	1583.7678868011444	2.815752669158612e8
0.011032386622708489	0.01135257333015643	0.01119247997643246	92.88256261052288	1.8426326297564483e8	1676.6504494116673	2.735715763334505e8
0.01135257333015643	0.011679163771753329	0.01151586855095488	97.44404498586073	1.790273834797858e8	1774.094494397528	2.658599346311933e8
0.011679163771753329	0.012012286022182166	0.011845724896967749	102.20403139601058	1.7398131772573048e8	1876.2985257935386	2.5842607670326102e8
0.012012286022182165	0.012352070717619578	0.012182178369900872	107.1707074591834	1.6911586739907655e8	1983.469233252722	2.512566417342495e8
0.01235207071761958	0.012698651106965742	0.01252536091229266	112.35258570367068	1.6442241258775878e8	2095.8218189563927	2.443391025827112e8
0.01269865110696574	0.013052163104098825	0.012875407105532283	117.75851827491033	1.5989286697343716e8	2213.580337231303	2.3766170168327823e8
0.013052163104098825	0.013412745341174571	0.013232454222636698	123.397710120782	1.5551963712674516e8	2336.978047352085	2.312133927759911e8
0.013412745341174571	0.013780539222991833	0.013596642282083203	129.2797326723894	1.512955854746296e8	2466.2577800244744	2.2498378785401872e8
0.013780539222991831	0.014155688982445437	0.013968114102718634	135.41453803792592	1.472139965588795e8	2601.6723180624003	2.1896310879256076e8
0.01415568898244544	0.01453834173708812	0.01434701535976678	141.81247372800863	1.432685462496817e8	2743.484791790409	2.131421431840217e8
0.014538341737088116	0.014928647546823649	0.014733494641955882	148.48429793139212	1.394532736166356e8	2891.969089721801	2.075122039588212e8
0.014928647546823649	0.01532675947275389	0.01512770350978877	155.44119536045173	1.357625551932762e8	3047.410285082253	2.020650924185872e8
0.015326759472753894	0.01573283363720274	0.015529796554978317	162.69479368674547	1.3219108140098372e8	3210.1050787689983	1.9679306434997216e8
0.01573283363720274	0.016147029284940564	0.01593993146107165	170.2571805873131	1.2873383492369795e8	3380.3622593563114	1.9168879892367244e8
0.01614702928494056	0.01656950884563314	0.01635826906528685	178.14092142316895	1.2538607084767605e8	3558.5031807794803	1.8674537011517337e8
0.016569508845633144	0.017000437997539575	0.016784973421586358	186.3590775723069	1.2214329840061922e8	3744.862258351787	1.819562204118574e8
0.017000437997539575	0.017439985732484137	0.017220211865011856	194.9252254396797	1.1900126414163749e8	3939.787483791467	1.7731513659586865e8
0.01743998573248414	0.017888324422127594	0.017664155077305867	203.85347616803756	1.1595593646954824e8	4143.6409599595045	1.728162274140223e8
0.017888324422127587	0.01834562988556391	0.018116977153845748	213.1584960737764	1.130034913303704e8	4356.799456033281	1.6845390296540368e8
0.01834562988556391	0.018812081458268955	0.01857885567191643	222.85552783261483	1.1014029901696868e8	4579.654983865896	1.6422285565443504e8
0.01881208145826896	0.019287862062428107	0.019049971760348533	232.96041244135722	1.0736291196496083e8	4812.615396307253	1.6011804257243928e8
0.019287862062428104	0.019773158278670433	0.01953051017054927	243.48961198166398	1.046680534579304e8	5056.105008288917	1.5613466918422368e8
0.019773158278670436	0.020268160419237614	0.020020659348954025	254.4602332137738	1.0205260716413128e8	5310.565241502691	1.5226817420828056e8
0.02026816041923761	0.020773062602616132	0.02052061151092687	265.8900520281268	9.951360743402971e7	5576.4552935308175	1.485142155899321e8
0.020773062602616132	0.021288062829662224	0.02103056271613918	277.7975387836477	9.704823029480062e7	5854.252832314465	1.448686574763206e8
0.021288062829662228	0.02181336306124924	0.021550712945455734	282.18119682396264	9.203771505208279e7	6136.434029138428	1.411430756359313e8
0.021813363061249234	0.022349169297467986	0.02208126617935861	301.7645883781797	9.191394183736609e7	6438.198617516608	1.3768657762084424e8
0.02234916929746799	0.022895691658411117	0.022622430477939555	325.96081307590066	9.273591179962331e7	6764.159430592508	1.3454387228721017e8
0.02289569165841112	0.02345314446657311	0.023174418062492114	330.5993758727127	8.787097443355799e7	7094.758806465221	1.3129427526707919e8
0.023453144466573112	0.024021746330898344	0.023737445398735728	345.1984559359789	8.573575528925201e7	7439.9572624012	1.2813509698946925e8
0.024021746330898337	0.02460172023251007	0.024311733281704204	360.40214834684684	8.365976015434635e7	7800.359410748047	1.2506321189796185e8
0.02460172023251007	0.02519329361215404	0.024897506922332058	376.2345752140209	8.164095231874397e7	8176.593985962068	1.2207563145794041e8
0.02519329361215404	0.02579669845939089	0.025494996035772467	392.72079152069546	7.967738387602843e7	8569.314777482763	1.1916949673111749e8
0.025796698459390893	0.02641217140357248	0.026104434931481686	409.88681989641555	7.776719093800677e7	8979.201597379179	1.1634207142900099e8
0.026412171403572472	0.02703995380663769	0.02672606260510508	427.7596866155818	7.590858915626793e7	9406.96128399476	1.1359073540963258e8
0.027039953806637693	0.027680291857764213	0.027360122832200955	446.367458861283	7.409986952789256e7	9853.328742856043	1.1091297858492252e8
0.027680291857764217	0.028333436669913267	0.028006864263838742	465.7392832954083	7.23393944646371e7	10319.068026151452	1.0830639520864344e8
0.028333436669913267	0.0289996443783053	0.02866654052410928	485.9054259758268	7.062559410637306e7	10804.973452127279	1.057686785176024e8
0.0289996443783053	0.02967917624086517	0.029339410309585236	506.8973136630866	6.895696286128175e7	11311.870765790365	1.0329761570076084e8
0.02967917624086517	0.030372298740676238	0.030025737490770706	528.747576559912	6.733205615667759e7	11840.618342350277	1.008910831731084e8
0.03037229874067624	0.031079283690483534	0.03072579121557989	551.4900925280726	6.5749487385661304e7	12392.10843487835	9.854704213295363e7
0.031079283690483534	0.03180040833928697	0.03143984601488525	575.1600328274653	6.4207925035896584e7	12967.268467705815	9.62635343829815e7
0.03180040833928697	0.03253595548106648	0.03216818191017672	599.7939094250833	6.270608998807607e7	13567.062377130898	9.40386783969759e7
0.03253595548106647	0.033286213565681566	0.03291108452337402	625.429623919923	6.1242752972328946e7	14192.492001050821	9.187066561550322e7
0.033286213565681566	0.034051476811988966	0.03366884518883527	652.106518133507	5.981673217199318e7	14844.598519184328	8.975775695514226e7
0.03405147681198896	0.0348320453232225	0.03444176106760573	679.8654264153847	5.8426890964856274e7	15524.463945599713	8.76982795170226e7
0.03483204532322251	0.03562822520468072	0.03523013526395162	708.7487297142452	5.7072135792725526e7	16233.212675313958	8.569062348150283e7
0.03562822520468072	0.036440328683768106	0.03603427694422441	738.8004114662781	5.575141415088825e7	16972.013086780236	8.373323917680891e7
0.036440328683768106	0.03726867423243723	0.036854501458102665	770.0661153541296	5.446371268969561e7	17742.079202134366	8.182463431035416e7
0.03726867423243723	0.03811358669207974	0.037691130462258485	802.59320498944	5.3208055420962445e7	18544.672407123806	7.996337135228872e7
0.03811358669207974	0.0389753974009151	0.03854449204649742	836.4308255747455	5.1983502022564515e7	19381.10323269855	7.814806506158991e7
0.0389753974009151	0.039854444323927166	0.039414920862421134	871.6299675992086	5.078914623490809e7	20252.73320029776	7.637738014569788e7
0.03985444432392717	0.04075107218539948	0.040302758254663326	908.2435326273444	4.962411434365123e7	21160.976732925104	7.465002904535246e7
0.04075107218539948	0.041665632604101235	0.04120835239475036	946.3264012353466	4.848756374312563e7	22107.30313416045	7.29647698368672e7
0.04166563260410123	0.042598484231177014	0.04213205841763912	985.9355031565101	4.73786815756378e7	23093.238637316965	7.132040424462992e7
0.04259848423117702	0.04354999289079432	0.043074238560985675	1027.1298896936241	4.629668344191442e7	24120.36852701059	6.971577575711682e7
0.04354999289079433	0.04452053172360398	0.044035262307199154	1069.9708084596423	4.524081217843145e7	25190.33933547023	6.81497678401728e7
0.04452053172360398	0.04551048133306982	0.0450155065283369	1114.5217805070715	4.421033669755843e7	26304.861115977303	6.6621302241733454e7
0.04551048133306983	0.04652022993472499	0.04601535563389741	1160.8486799089587	4.3204550886827e7	27465.70979588626	6.512933738256526e7
0.04652022993472498	0.04755017350841324	0.04703520172156911	1209.0198158535022	4.2222772563786164e7	28674.729611739764	6.367286682796025e7
0.04755017350841324	0.04860071595357527	0.04807544473099426	1259.106017316226	4.12643424832185e7	29933.83562905599	6.225091783566171e7
0.04860071595357527	0.04967226924764054	0.0491364926006079	1311.180720372984	4.032862339364606e7	31245.016349428974	6.086254997560897e7
0.04967226924764054	0.05076525360758711	0.05021876142761382	1365.3200582186291	3.9414999140297316e7	32610.336407647603	5.950685381737791e7
0.05076525360758711	0.051880097654732615	0.05132267563115986	1421.602953957874	3.852287381192416e7	34031.93936160547	5.8182949681466505e7
0.05188009765473262	0.053017238582821036	0.052448668118776826	1480.111216229634	3.765167092886504e7	35512.05057783511	5.688998645081463e7
0.053017238582821036	0.054177122329471215	0.05359718045614613	1540.929637736037	3.6800832670189865e7	37052.980215571144	5.562714043918924e7
0.05417712232947121	0.055360203751054396	0.0547686630402628	1604.1460967359599	3.5969819137587056e7	38657.126312307104	5.439361431326935e7
0.055360203751054396	0.056566946801069246	0.05596357527606182	1669.8516615748595	3.515810765410841e7	40326.97797388196	5.318863606547478e7
0.05656694680106925	0.057797824712084396	0.057182385756576824	1738.140698312316	3.4365192095742956e7	42065.11867219428	5.201145803475963e7
0.057797824712084396	0.05905332018131985	0.05842557244670212	1809.1109815139353	3.359058225406095e7	43874.229653708215	5.0861355972766444e7
0.05905332018131985	0.06033392555994001	0.05969362287062993	1882.8638082768011	3.283380322832241e7	45757.093461985016	4.973762815290129e7
0.060333925559939994	0.06164014304613255	0.06098703430303627	1959.5041155468352	3.209439484532919e7	47716.59757753185	4.863959452003119e7
0.06164014304613256	0.06297248488204897	0.06230631396409077	1983.5385618216533	3.0516481017428458e7	49700.136139353504	4.7513440206263416e7
0.06297248488204897	0.06433147355468372	0.06365197921836635	2112.7909590119743	3.0534478522762474e7	51812.92709836548	4.645998022234856e7
0.06433147355468372	0.06571764200077115	0.06502455777772743	2272.553372009301	3.0854389519392528e7	54085.48047037478	4.549316646871294e7
0.06571764200077114	0.06713153381578033	0.06642458790827574	2297.173137772399	2.9301749418679312e7	56382.65360814718	4.449151479970961e7
0.06713153381578033	0.06857370346708969	0.067852618641435	2389.9609375507425	2.8642769713431377e7	58772.61454569792	4.351245493617728e7
0.06857370346708969	0.07004471651142524	0.06930920998925746	2486.349277561101	2.7998679554783724e7	61258.96382325902	4.2555421014498554e7
0.07004471651142524	0.0715451498166475	0.07079493316403637	2586.4721487938805	2.7369107666713193e7	63845.4359720529	4.161986386217341e7
0.07154514981664752	0.07307559178797422	0.07231037080231087	2690.4682468295505	2.675369370107503e7	66535.90421888245	4.070525040480963e7
0.07307559178797422	0.07463664259872746	0.07385611719335083	2798.4811215954396	2.615208785079861e7	69334.3853404779	3.9811063098355554e7
0.07463664259872745	0.07622891442569575	0.0754327785122116	2910.6593310092867	2.556395047948788e7	72245.04467148718	3.8936799385321945e7
0.07622891442569575	0.07785303168920342	0.07704097305744959	3027.156598555128	2.4988951766595576e7	75272.20127004231	3.808197117381048e7
0.07785303168920343	0.07950963129798126	0.07868133149359235	3148.131974839256	2.4426771367424812e7	78420.33324488156	3.724610433823295e7
0.07950963129798126	0.08119936289893465	0.08035449709845796	3273.750003166686	2.387709808722297e7	81694.08324804825	3.642873824066657e7
0.08119936289893465	0.0829228891319071	0.08206112601542087	3404.1808891748806	2.333962956867263e7	85098.26413722313	3.562942527184869e7
0.08292288913190708	0.08468088588953898	0.08380188751072304	3539.6006745641353	2.2814071992173523e7	88637.86481178727	3.484773041087107e7
0.084680885889539	0.08647404258232352	0.08557746423593127	3680.191414949062	2.230013978826077e7	92318.05622673633	3.408323080268208e7
0.08647404258232352	0.08830306240896375	0.08738855249564365	3826.1413618602965	2.179755536161074e7	96144.19758859662	3.3335515352555934e7
0.08830306240896375	0.09016866263213678	0.08923586252055027	3977.6451489165484	2.130604882608427e7	100121.84273751317	3.260418433673175e7
0.09016866263213677	0.09207157485977326	0.09112011874595502	4134.903982177493	2.082535775026542e7	104256.74671969067	3.1888849028467625e7
0.09207157485977327	0.09401254533196249	0.09304206009586788	4298.125834695456	2.0355226913056727e7	108554.87255438612	3.118913133879691e7
0.09401254533196249	0.09599233521359549	0.09500244027277899	4467.525645259302	1.989540806881519e7	113022.39819964542	3.0504663471309036e7
0.09599233521359549	0.09801172089286114	0.09700202805322831	4643.325521331179	1.9445659721617453e7	117665.7237209766	2.9835087590313565e7
0.09801172089286114	0.10007149428571212	0.09904160758928662	4825.754946167799	1.9005746908247426e7	122491.4786671444	2.91800555017809e7
0.10007149428571215	0.10217246314642014	0.10112197871606615	5015.050990097487	1.8575440989470717e7	127506.52965724189	2.853922834648132e7
0.10217246314642012	0.10431545138434227	0.10324395726538119	5211.458525938855	1.8154519449277405e7	132717.98818318074	2.791227630477747e7
0.10431545138434228	0.10650129938702288	0.10540837538568258	5042.315547275735	1.652092633912726e7	137760.30373045648	2.722518019264276e7
0.10650129938702287	0.10873086434975707	0.10761608186838997	5544.587588209106	1.708713959920505e7	143304.89131866558	2.661422863543828e7
0.1087308643497571	0.11100502061174598	0.10986794248075155	6300.875699789496	1.8264730007242035e7	149605.76701845508	2.61115023671979e7
0.11100502061174598	0.11332465999897465	0.11216484030536031	6073.386537711631	1.6560430448578155e7	155679.1535561667	2.5536923652939238e7
0.11332465999897466	0.11569069217394791	0.11450767608646129	6309.313303826144	1.618329424761989e7	161988.46685999286	2.497469696812621e7
0.1156906921739479	0.11810404499242061	0.11689736858318425	6553.997224149789	1.5814325588059383e7	168542.46408414264	2.4424541121643264e7
0.11810404499242058	0.12056566486726274	0.11933485492984167	6807.744157826761	1.5453339791463286e7	175350.2082419694	2.38861821813188e7
0.12056566486726275	0.12307651713960176	0.12182109100343225	7070.869632226793	1.510015694317627e7	182421.0778741962	2.3359353255285747e7
0.12307651713960176	0.12563758645738754	0.12435705179849466	7343.6990927050065	1.4754601748987256e7	189764.7769669012	2.2843794281156607e7
0.12563758645738754	0.12824987716152902	0.12694373180945828	7626.56815564775	1.4416503396891406e7	197391.34512254896	2.2339251822684042e7
0.12824987716152905	0.13091441367975337	0.12958214542064123	7919.822864629765	1.4085695423702588e7	205311.16798717872	2.1845478873592902e7
0.13091441367975337	0.1336322409283422	0.13227332730404778	8223.819949535653	1.3762015586365778e7	213534.98793671437	2.1362234668287084e7
0.1336322409283422	0.13640442472190278	0.1350183328251225	8538.927088433993	1.344530573772889e7	222073.91502514837	2.0889284499145966e7
0.13640442472190276	0.13923205219133455	0.13781823845661867	8865.523172005778	1.3135411706609124e7	230939.43819715414	2.0426399540140036e7
0.13923205219133455	0.14211623221015499	0.14067414220074476	9203.998570306285	1.283218318198445e7	240143.43676746043	1.9973356676508088e7
0.142116232210155	0.14505809582935186	0.14358716401975344	9554.755401602713	1.2535473601118697e7	249698.19216906314	1.952993834024931e7
0.14505809582935186	0.14805879672093264	0.14655844627514225	9918.207803044876	1.2245140041493353e7	259616.39997210802	1.9095932351196505e7
0.1480587967209326	0.151119511630345	0.1495891541756388	10294.7822028597	1.1961043116354998e7	269911.1821749677	1.8671131763445534e7
0.15111951163034504	0.1542414408379457	0.15268047623414538	10684.91759378853	1.16830468737682e7	280596.09976875625	1.825533471692838e7
0.15424144083794566	0.15742580862969832	0.155833624733822	11089.065807420702	1.141101869900753e7	291685.16557617695	1.78483442939253e7
0.15742580862969832	0.16067386377728604	0.15904983620349217	11507.691789090983	1.1144829220176533e7	303192.85736526793	1.7449968380321667e7
0.160673863777286	0.16398688002782547	0.16233037190255573	11941.273872953141	1.0884352216911525e7	315134.1312382211	1.7060019531423695e7
0.1639868800278255	0.16736615660337575	0.16567651831560062	12390.30405683996	1.0629464532055639e7	327524.43529506103	1.667831484215493e7
0.16736615660337573	0.17081301871043697	0.16908958765690635	12855.28827648965	1.038004598619167e7	340379.7235715507	1.6304675821464635e7
0.170813018710437	0.17432881805963948	0.17257091838503824	12985.50866572751	9.869037040351981e6	353365.2322372782	1.5923101025051849e7
0.17432881805963946	0.17791493339582598	0.17612187572773272	13780.60357860435	9.858083988381926e6	367145.83581588254	1.556369782927005e7
0.17791493339582598	0.18157277103873623	0.17974385221728112	14757.087627693545	9.936725419551304e6	381902.9234435761	1.5230431545456592e7
0.18157277103873626	0.18530376543450472	0.1834382682366205	14885.387302338844	9.43475926553249e6	396788.31074591493	1.4887354395838907e7
0.18530376543450472	0.18910937971818856	0.18720657257634665	15438.237581868074	9.210982298309833e6	412226.548327783	1.4551512549165377e7
0.18910937971818853	0.19299110628754604	0.19105024300286727	16010.385365563445	8.992011472547254e6	428236.93369334645	1.4222751577383516e7
0.19299110628754604	0.1969504673882907	0.19497078683791835	7272.461062614864	3.84496521563668e6	435509.3947559613	1.360936529566237e7
0.1969504673882907	0.20098901571105024	0.19896974154967045	25935.281645049632	1.2908234288084295e7	461444.67640101095	1.3567944568004144e7
0.20098901571105027	0.205108335000265	0.20304867535565763	17725.59413940739	8.305203248972125e6	479170.27054041834	1.3257185348064426e7
0.20510833500026499	0.20931004067526401	0.20720918783776449	19237.357162069995	8.485491817756569e6	498407.62770248833	1.2975553259279395e7
0.20931004067526404	0.21359578046376304	0.21145291056951354	19182.539556839736	7.965778712876683e6	517590.16725932807	1.2680004302866312e7
0.213595780463763	0.217967235048032	0.2157815077558975	19883.87406129134	7.773594260271348e6	537474.0413206194	1.2390682794480199e7
0.217967235048032	0.22242611872398638	0.2201966768860092	20609.12862244784	7.585553266893085e6	558083.1699430672	1.2107457846115066e7
0.2224261187239864	0.22697418007345985	0.22470014939872313	21359.03150862083	7.401569630327754e6	579442.2014516881	1.1830201588472284e7
0.22697418007345982	0.23161320264992274	0.22929369136169128	22134.328592535574	7.221559221555067e6	601576.5300442236	1.1558789092510104e7
0.23161320264992277	0.23634500567791494	0.23397910416391887	22935.783535322873	7.045439832955925e6	624512.3135795465	1.129309829329999e7
0.23634500567791494	0.24117144476646696	0.23875822522219095	23764.17795834737	6.873131127824922e6	648276.4915378939	1.1033009916108739e7
0.24117144476646696	0.24609441263679002	0.2436329287016285	24620.3116019147	6.704554591335035e6	672896.8031398086	1.0778407404628236e7
0.24609441263679002	0.2511158398645195	0.24860512625065478	25505.002469892614	6.539633482908439e6	698401.8056097012	1.0529176851278462e7
0.2511158398645195	0.25623769563680365	0.2536767677506616	26419.08695923281	6.378292789942827e6	724820.892568934	1.0285206929512031e7
0.2562376956368037	0.2614619885245335	0.25884984208066864	26336.563328829594	5.987026379123057e6	751157.4558977636	1.00326738369922e7
0.26146198852453345	0.2667907672700178	0.26412637789727567	28120.92835660791	6.019408528809027e6	779278.3842543715	9.796966713324364e6
0.2667907672700179	0.27222612159041193	0.26950844443021493	30591.147586619016	6.165929721701358e6	809869.5318409905	9.583785035714258e6
0.27222612159041193	0.2777701829972139	0.2749981522938129	30386.73868555273	5.76729191680443e6	840256.2705265433	9.35979373252404e6
0.2777701829972139	0.2834251256321519	0.28059765431468287	31460.987935857615	5.622785513356933e6	871717.2584624009	9.140542905996304e6
0.2834251256321519	0.28919316711978865	0.28630914637597027	32570.040526862256	5.481443305431693e6	904287.2989892631	8.925935397932235e6
0.28919316711978865	0.29507656943717814	0.2921348682784834	33714.86374044686	5.343201185216836e6	938002.16272971	8.715876207896525e6
0.2950765694371781	0.30107763980091534	0.2980771046190467	34896.44361411326	5.20799644632826e6	972898.6063438233	8.51027243927589e6
0.3010776398009154	0.3071987315719274	0.30413818568642137	36115.78488489357	5.075767747872644e6	1.0090143912287168e6	8.309033246810157e6
0.3071987315719274	0.31344224517835967	0.31032048837514353	37373.91090677446	4.946455079488238e6	1.0463883021354913e6	8.112069785548595e6
0.31344224517835967	0.3198106290569206	0.31662643711764016	38671.86354025034	4.819999727313223e6	1.0850601656757416e6	7.919295161184598e6
0.3198106290569206	0.3263063806130527	0.32305850483498666	40010.7030129591	4.696344240880327e6	1.1250708686887007e6	7.730624381725619e6
0.32630638061305267	0.33293204720030745	0.32961921390668003	41391.50775000546	4.575432400890031e6	1.1664623764387062e6	7.545974310455491e6
0.3329320472003074	0.33969022711930724	0.3363111371598073	40438.47950031515	4.209767305638021e6	1.2069008559390213e6	7.350786833611113e6
0.3396902271193073	0.34658357063668715	0.34313689887799725	43866.614121174905	4.300756747560233e6	1.2507674700601962e6	7.172392591064022e6
0.34658357063668715	0.3536147810244146	0.3500991758305509	47149.75074848859	4.353541312453577e6	1.2979172208086848e6	7.007565325149823e6
0.3536147810244146	0.3607866156198966	0.3572006983221556	44625.66781542823	3.8806583699744423e6	1.342542888624113e6	6.824774491999269e6
0.36078661561989656	0.3681018869072882	0.36444425126359237	50171.20787633001	4.1090125416912516e6	1.392714096500443e6	6.6660601953097135e6
0.3681018869072882	0.37556346362042764	0.3718326752638579	53584.64406438847	4.1332359855141966e6	1.4462987405648315e6	6.518075575599759e6
0.3755634636204277	0.38317427186782993	0.3793688677441288	52326.46897771582	3.801393629428113e6	1.4986252095425474e6	6.359389159558687e6
0.38317427186782993	0.3909372962801802	0.3870557840740051	52880.165376738645	3.6181811507178554e6	1.551505374919286e6	6.199310084818001e6
0.3909372962801802	0.3988555811807775	0.39489643873047886	54041.01399591472	3.482583325409782e6	1.6055463889152007e6	6.04069944986734e6
0.3988555811807775	0.40693223177938675	0.40289390648008216	57193.506075745914	3.4714396475598738e6	1.6627398949909466e6	5.890734335438338e6
0.4069322317793867	0.41517041538996813	0.41105132358467744	61397.55198315135	3.5099674225322856e6	1.724137446974098e6	5.7518040131840035e6
0.41517041538996813	0.4235733626727612	0.4193718890313647	63549.527423677966	3.421823943266361e6	1.787686974397776e6	5.61586868527713e6
0.4235733626727612	0.4321443689012101	0.4278588657869856	63682.936587522505	3.229726989486376e6	1.8513699109852985e6	5.476688210205516e6
0.4321443689012101	0.44088679525422797	0.436515582077719	65773.98341348069	3.1419428361410666e6	1.9171438943987791e6	5.34053574653446e6
0.4408867952542281	0.44980407013430634	0.4453454326942672	67925.13323575468	3.0561872906836295e6	1.9850690276345338e6	5.207351108805231e6
0.4498040701343063	0.4588996905119861	0.4543518803231462	70137.7031327507	2.972420080001123e6	2.0552067307672845e6	5.077075361102978e6
0.4588996905119861	0.4681772232972195	0.4635384569046028	70202.67695902009	2.802368691852626e6	2.1254094077263046e6	4.944508691015686e6
0.46817722329721945	0.4776403067381575	0.47290876501768847	74374.22784225224	2.7964735646108184e6	2.199783635568557e6	4.819349826148857e6
0.47764030673815755	0.48729265184791437	0.482466479293036	75538.71658343729	2.6753346931314636e6	2.275322352151994e6	4.694450202402734e6
0.4872926518479144	0.4971380438598664	0.49221534785389043	34599.35987565387	1.154251385948273e6	2.309921712027648e6	4.488256353629136e6
0.4971380438598663	0.5071803437120573	0.5021591937859619	131405.10244998382	4.1292565836283183e6	2.441326814477632e6	4.467350944116787e6
0.5071803437120572	0.517423489561292	0.5123019166366747	84777.7813377371	2.5094144632337056e6	2.526104595815369e6	4.353357147741854e6
0.5174234895612922	0.5278714983275118	0.522647493944402	87457.84880581312	2.438502421965091e6	2.613562444621182e6	4.241892234933523e6
0.5278714983275117	0.5385284672690556	0.5331999827982836	87062.12939789053	2.2866042710832236e6	2.7006245740190726e6	4.128094296196995e6
0.5385284672690556	0.5493985755894304	0.543963521429243	92428.53359337617	2.286695420273089e6	2.7930531076124487e6	4.0209437428921834e6
0.5493985755894303	0.5604860860762125	0.5549423308328214	99692.28416472953	2.3233117270947e6	2.8927453917771783e6	3.922176142509423e6
0.5604860860762126	0.5717953467727306	0.5661407164244716	98913.94040337624	2.171451840277459e6	2.9916593321805545e6	3.8203370309296953e6
0.5717953467727305	0.5833307926831788	0.5775630697279546	101968.73806999903	2.1086743966239844e6	3.0936280702505535e6	3.7207867767482763e6
0.5833307926831788	0.5950969475118361	0.5892138700975074	105102.56295527052	2.0474274835173949e6	3.198730633205824e6	3.6234801985715562e6
0.595096947511836	0.6070984254370663	0.601097686474451	47445.14442616422	870648.0636249012	3.2461757776319883e6	3.4634275242789057e6
0.6070984254370664	0.6193399329208014	0.6132191791789339	172484.3040973572	2.9816655884743906e6	3.4186600817293455e6	3.4354217700376073e6
0.6193399329208014	0.631826270554211	0.6255831017375062	111067.60243364517	1.8086645359143056e6	3.5297276841629907e6	3.340869823678168e6
0.631826270554211	0.6445623349402889	0.63819430274725	117719.38516927045	1.80585392018369e6	3.647447069332261e6	3.2516636590959043e6
0.6445623349402889	0.6575531206140883	0.6510577277771886	126663.68120789481	1.8304312382650464e6	3.774110750540156e6	3.1690821806083606e6
0.6575531206140883	0.6708037220013637	0.664178421307726	125640.0153349191	1.7104035908761206e6	3.899750765875075e6	3.0843371990878307e6
0.6708037220013637	0.6843193354163847	0.6775615287088742	129364.26496644551	1.6590398633034006e6	4.0291150308415205e6	3.001543376484073e6
0.6843193354163846	0.6981052610997059	0.6912122982580453	133178.0274873157	1.6089756509028883e6	4.162293058328836e6	2.9206620826675007e6
0.6981052610997058	0.7121669052966936	0.7051360831981996	129859.09900434595	1.4779717962255748e6	4.292152157333182e6	2.836881114785841e6
0.7121669052966937	0.7265097823776212	0.7193383438371574	139907.45528355334	1.5000782270266302e6	4.4320596126167355e6	2.7592597424940798e6
0.7265097823776212	0.7411395170001672	0.7338246496888943	153563.70662865136	1.5511125010727826e6	4.585623319245387e6	2.689117986344861e6
0.7411395170001672	0.7560618463151642	0.7486006816576657	149352.67886345647	1.4211886023569144e6	4.734975998108843e6	2.61551493982738e6
0.7560618463151642	0.771282622216461	0.7636722342658127	150168.40255886503	1.3461812182913537e6	4.885144400667708e6	2.5418396923655015e6
0.7712826222164612	0.786807813635784	0.7790452179261226	157567.75731534697	1.330702035211705e6	5.042712157983055e6	2.471551004126949e6
0.7868078136357839	0.8026435088834932	0.7947256612596385	166386.1628876645	1.3237969159771695e6	5.20909832087072e6	2.4049488943090797e6
0.8026435088834933	0.8187959180361568	0.8107197134598251	167054.4189295452	1.2521459822313741e6	5.376152739800265e6	2.338061781087791e6
0.8187959180361568	0.8352713753718736	0.8270336467040151	171726.61883644387	1.212633485895896e6	5.547879358636709e6	2.2727706056129066e6
0.8352713753718735	0.8520763418543045	0.843673858613089	176499.53158236668	1.174174105092874e6	5.724378890219076e6	2.209043361281635e6
0.8520763418543045	0.8692174076663841	0.8606468747603443	175503.49427014776	1.0999519996666857e6	5.899882384489223e6	2.144714553637338e6
0.8692174076663842	0.8867012947947055	0.8779593512305448	185323.0209107343	1.0942545033683844e6	6.085205405399958e6	2.0837931457006563e6
0.8867012947947055	0.9045348596655932	0.8956180772301494	198330.4872558592	1.1032689560705984e6	6.283535892655817e6	2.0269338000315628e6
0.9045348596655932	0.9227250958338986	0.9136299777497459	191982.9414847158	1.0061423086282293e6	6.475518834140533e6	1.9677456638375996e6
0.9227250958338986	0.9412791367255702	0.9320021162797344	201302.15750135574	993921.1132706219	6.676820991641888e6	1.911286645204673e6
0.9412791367255703	0.9602042584350753	0.9507416975803228	212538.8487585541	988667.7218625902	6.8893598404004425e6	1.857801788832679e6
0.9602042584350751	0.9795078825787702	0.9698560705069226	212803.12462936435	932610.6478063761	7.102162965029807e6	1.8041731614658274e6
0.9795078825787704	0.9991975792053394	0.9893527308920549	218411.75052035786	901800.4818262018	7.320574715550165e6	1.7518723116203924e6
0.9991975792053394	1.0192810697644397	1.0092393244848896	224127.86987540592	871854.7606949823	7.544702585425571e6	1.7008720305962302e6
1.0192810697644394	1.0397662301347217	1.0295236499495806	229951.9779622946	842754.2156581462	7.774654563387865e6	1.6511455869468218e6
1.039766230134722	1.06066109371241	1.050213661923566	235884.51164828148	814479.8954593625	8.010539075036147e6	1.6026667165117604e6
1.06066109371241	1.0819738545616517	1.0713174741370308	236406.76524727698	769058.9386370645	8.246945840283424e6	1.5543693861158695e6
1.0819738545616517	1.1037128706278783	1.092843362594765	242063.4018844925	741906.5862251259	8.489009242167916e6	1.507301308514201e6
1.1037128706278783	1.1258866670154293	1.1147997688216538	259751.44153631106	750066.880044474	8.748760683704227e6	1.4634365552449364e6
1.1258866670154293	1.1485039393307315	1.1371953031730804	266822.1638252586	725917.6912194496	9.015582847529486e6	1.4207175061007633e6
1.1485039393307315	1.1715735570923396	1.1600387482115355	267184.5537953712	684859.9655958775	9.282767401324857e6	1.378098234757117e6
1.1715735570923396	1.1951045672091798	1.1833390621507598	273773.3347496353	661162.1740874497	9.556540736074492e6	1.336578244346584e6
1.19510456720918	1.2191061975283572	1.2071053823687685	280471.8266680017	638166.4309963267	9.837012562742494e6	1.2961342875730195e6
1.2191061975283572	1.243587860453918	1.2313470289911375	287279.94223622605	615856.1561607756	1.012429250497872e7	1.2567435151773286e6
1.243587860453918	1.2685591566379897	1.2560735085459538	294197.5225451868	594215.0474633543	1.0418490027523907e7	1.218383468491432e6
1.2685591566379897	1.294029878745743	1.2812945176918662	301224.3360159192	573227.0773009285	1.0719714363539826e7	1.1810320722386155e6
1.2940298787457432	1.3200100152956515	1.3070199470206973	308360.077418942	552876.4891984689	1.1028074440958768e7	1.1446676275734962e6
1.3200100152956513	1.3465097545765579	1.3332598849361046	315604.3669910673	533147.7945578211	1.1343678807949835e7	1.1092688053547945e6
1.3465097545765579	1.3735394886430825	1.3600246216098202	322956.7496534772	514025.7695343404	1.1666635557603313e7	1.0748146396440817e6
1.3735394886430825	1.4011098173909375	1.38732465301701	323843.8733108863	485638.79835980444	1.1990479430914199e7	1.0407140332195931e6
1.4011098173909378	1.42923155271375	1.415170685052344	330613.43232557736	467128.7265995312	1.2321092863239776e7	1.0075180496610578e6
1.4292315527137498	1.4579157227430182	1.443573637728384	154264.6937900558	205363.00723734946	1.2475357557029832e7	961096.8055118318
1.4579157227430184	1.4871735761728722	1.4725446494579453	552720.2762966044	693269.097062857	1.3028077833326437e7	945598.4553040774
1.4871735761728724	1.5170165866713232	1.5020950814220977	360888.9645973332	426493.06455137144	1.338896679792377e7	915561.385019009
1.517016586671323	1.547456457379743	1.532236522025533	375785.91047045775	418429.1404711437	1.3764752708394228e7	886797.563761586
1.547456457379743	1.5785051255023312	1.5629807914410372	377395.72998605296	395933.80162600096	1.414214843838028e7	858398.1892279403
1.5785051255023315	1.6101747669873716	1.5943399462448515	385587.26441743784	381147.9035930331	1.4527735702797718e7	830788.1080323074
1.6101747669873714	1.6424778013021122	1.6263262841447417	393879.33218844794	366843.1130115778	1.4921615034986166e7	803949.3644228764
1.6424778013021124	1.675426896303148	1.65895234880263	383928.19689421915	336910.5068780134	1.5305543231880385e7	776933.2174084925
1.6754268963031482	1.7090349732042047	1.6922309347536766	401400.8518565893	331887.7547989982	1.5706944083736975e7	751190.761431495
1.7090349732042043	1.7433152116432817	1.726175092423743	439068.2227166239	342053.74049861194	1.6146012306453599e7	727526.657030278
1.743315211643282	1.778281054851141	1.7607981332472114	436006.8627524283	320041.31465935515	1.6582019169206027e7	703959.377316241
1.778281054851141	1.813946214923157	1.7961136348871491	436802.07153568044	302098.63189863344	1.7018821240741707e7	680718.6513502536
1.8139462149231576	1.850324678196614	1.8321354465598858	192124.45638352633	125198.46834435369	1.7210945697125234e7	648593.0663123843
1.8503246781966136	1.8874307107355393	1.8688776944660765	445364.28631541133	273454.4373159019	1.7656309983440645e7	626900.0202267742
1.8874307107355395	1.9252788639252436	1.9063547873303914	726478.3189299256	420287.40640385513	1.838278830237057e7	614952.8906452418
1.9252788639252438	1.963883980178742	1.9445814220519928	472804.64123757556	257727.32971569325	1.8855592943608146e7	594297.7720929872
1.9638839801787418	2.00326119875731	1.9835725894680258	482022.2194241546	247572.0990512697	1.93376151630323e7	574250.7433979657
2.00326119875731	2.0434259617074493	2.0233435802323796	483892.4086717218	234174.82498344514	1.9821507571704023e7	554589.1299037326
2.0434259617074497	2.084394019916592	2.0639099908120206	491950.16142580286	224321.08519518172	2.0313457733129825e7	535495.4560218365
2.0843940199165925	2.1261814392899177	2.105287729603255	517342.2874362059	222272.32210543734	2.083080002056603e7	517388.02473990846
2.126181439289917	2.168804607050709	2.147493023170313	528708.7942635305	214034.1966158717	2.135950881482956e7	499851.92703350435
2.168804607050709	2.2122802381667164	2.1905424226087127	517581.960514497	197426.65167634713	2.187709077534406e7	482370.2775949406
2.212280238166716	2.2566253819050437	2.23445281003588	537657.9052164257	193238.4192428909	2.2414748680560485e7	465657.7748424247
2.2566253819050437	2.301857428518138	2.279241405211591	561822.9621362314	190260.4316974666	2.2976571642696716e7	449739.83418610436
2.301857428518138	2.347994116063494	2.3249257722908157	544383.5341011807	173706.58040782393	2.3520955176797897e7	433785.80094794184
2.3479941160634943	2.3950535373597575	2.371523826711626	566628.425475534	170361.9788197351	2.408758360227343e7	418561.18164290604
2.3950535373597575	2.443054147081946	2.4190538422208516	594431.2743800692	168399.0796023824	2.46820148766535e7	404103.6028675338
2.443054147081946	2.492014768998578	2.467534458040262	588419.7052839845	157068.7248079035	2.5270434581937484e7	389827.31423807057
2.4920147689985783	2.541954603353543	2.5169846861760607	585772.9681112468	147331.9615794287	2.585620755004873e7	375813.90532232577
2.5419546033535427	2.592893234395607	2.567423918874575	607232.437545117	143909.1532250149	2.646343998759385e7	362413.0141472725
2.592893234395607	2.6448506380585126	2.61887193622706	632877.3611612283	141325.1604018639	2.7096317348755077e7	349637.6615848441
2.6448506380585126	2.6978471897946763	2.6713489139265945	620486.9144620597	130556.8531122062	2.7716804263217136e7	336978.7420769095
2.697847189794676	2.751903672565563	2.724875431180119	612770.7780013196	121487.85065437004	2.8329575041218456e7	324527.696505907
2.751903672565563	2.8070412849918673	2.779472478778715	640770.4697418548	119703.17513535586	2.897034551096031e7	312693.3642669995
2.8070412849918673	2.863281649666698	2.8351614673292826	686877.0615242198	120906.92743513161	2.965722257248453e7	301612.72287384403
2.863281649666698	2.920646821635025	2.8919642356508612	661581.7247059904	109729.97001285633	3.0318804297190517e7	290526.8870926071
2.9206468216350245	2.979159297042718	2.9499030593388715	667249.973779019	104279.87508386106	3.0986054270969536e7	279767.0030619969
2.9791592970427185	3.038842021958566	3.009000659500642	707096.6181003675	104126.54271592593	3.1693150889069904e7	269620.20777123387
3.038842021958566	3.0997184013727304	3.069280211665648	306961.540628016	42592.97455838393	3.200011242969792e7	256505.19802444134
3.0997184013727304	3.161812308375178	3.1307653548739545	706120.1910446249	92321.85125283971	3.2706232620742545e7	247020.8744286379
3.1618123083751777	3.2251480935176744	3.193480200946426	1.1139714538205303e6	137237.3577975158	3.382020407456307e7	240679.23919425983
3.2251480935176753	3.289750594363022	3.2574493439403485	718346.0176597163	83388.26119305253	3.453855009222279e7	231593.60909059632
3.289750594363022	3.355645145225276	3.322697869794149	765813.92563577	83766.0339560369	3.530436401785856e7	223054.86369928686
3.3556451452252753	3.422857587104774	3.3892513661650248	732090.331283167	75454.18645674996	3.6036454349141724e7	214529.46730596866
3.4228575871047733	3.4914142778218618	3.4571359324633173	739853.9000871629	71852.04177811966	3.677630824922889e7	206288.66761236472
3.4914142778218618	3.561342102353292	3.526378190087577	811995.9445094615	74305.67333094636	3.758830419373835e7	198665.76850204915
3.5613421023532927	3.6326684833753515	3.5970052928643224	791878.7085437626	68281.3704107974	3.838018290228211e7	191135.40126236997
3.632668483375351	3.7054213920178514	3.6690449376966012	799314.7572544217	64943.742908092805	3.917949765953653e7	183847.3781458351
3.705421392017851	3.779629358833201	3.742525375425526	361853.64293181896	27703.128489659193	3.954135130246835e7	174829.7177188499
3.7796293588332013	3.8553214849848585	3.81747542190903	1.2949643913439661e6	93417.99257328121	4.083631569381232e7	170128.13752117692
3.855321484984859	3.932527453659549	3.893924469322204	817212.4834844917	55550.11701363128	4.165352817729681e7	163511.34632267203
3.9325274536595485	4.011277541707733	3.9719024976836406	826528.9622809514	52940.22463997977	4.248005713957777e7	157126.10572298878
4.011277541707733	4.0916026315168805	4.051440086612306	832112.6125019044	50221.30033276699	4.331216975207967e7	150952.73409498885
4.0916026315168805	4.1735342231222115	4.132568427319546	870944.5566308498	49530.75199252202	4.418311430871052e7	145096.11290133756
4.173534223122211	4.257104446559648	4.215319334840929	878882.2212931812	47097.08916392418	4.5061996530003704e7	139437.28043924848
4.257104446559648	4.3423460744658335	4.299725260512741	880806.568917267	44475.75294948952	4.594280309892097e7	133953.9676549116
4.3423460744658335	4.429292534930143	4.385819304697988	895126.1664925516	42589.91653261107	4.683792926541352e7	128678.49824298425
4.429292534930143	4.517977924603739	4.473635229766941	849194.4828826413	38072.36532599066	4.7687123748296164e7	123446.90491957882
4.5179779246037395	4.608437022070807	4.563207473337274	424659.2967949882	17940.059111843562	4.811178304509115e7	117355.07420409663
4.608437022070807	4.700705301487216	4.654571161779011	916537.3611318395	36484.997141450614	4.902832040622299e7	112685.83601591372
4.700705301487216	4.794818946491953	4.747762123989585	1.4904818241540492e6	55907.76135784613	5.051880223037704e7	109407.67715670604
4.794818946491953	4.890814864396784	4.842816905444368	420200.8986933455	14851.968774089542	5.093900312907039e7	103948.4844829353
4.890814864396785	4.988730700659714	4.93977278252825	1.4399475909555256e6	47957.409811467805	5.237895072002591e7	100715.89185075749
4.988730700659713	5.0886048536479	5.038667777153806	456144.4585635066	14315.079442234492	5.283509517858942e7	95727.71693585397
5.0886048536479	5.19047648969585	5.139540671671876	964696.8940176964	28527.578060110965	5.3799792072607115e7	91848.1267289871
5.19047648969585	5.29438555846476	5.242431024080306	1.0166096804905981e6	28327.696192638832	5.481640175309771e7	88181.04057800083
5.29438555846476	5.400372808609048	5.347379183536904	1.5050484680240452e6	39517.623382177	5.632145022112176e7	85371.71265773462
5.400372808609048	5.508479803756222	5.454426306182635	463328.6695989296	11463.391902140824	5.678477889072069e7	81105.07781851164
5.508479803756222	5.618748938806339	5.563614371281281	1.571196817857258e6	36630.13353676298	5.8355975708577946e7	78537.63954437617
5.618748938806339	5.7312234565574585	5.674986197681899	1.007725025699839e6	22137.787024132696	5.9363700734277785e7	75281.85862965081
5.731223456557458	5.845947464663599	5.788585460610529	1.022173949416101e6	21159.310846141572	6.0385874683693886e7	72157.5912925338
5.8459474646636	5.962965952931865	5.904456708797732	1.0678541485211104e6	20829.243234926253	6.1453728832214996e7	69194.66985179717
5.962965952931865	6.082324810965495	6.02264538194868	1.0886635598531216e6	20009.69035645207	6.254239239206812e7	66355.51959665662
6.0823248109654955	6.204070846159798	6.143197828562647	1.0820263305820525e6	18740.014486551867	6.362441872265017e7	63607.00879636515
6.204070846159798	6.328251802057986	6.266161324108892	484079.3815539554	7900.132321951221	6.4108498104204126e7	60391.489176725416
6.328251802057984	6.454916377074136	6.39158408956606	1.5773906923786923e6	24257.330892437534	6.568588879658282e7	58305.780088039406
6.454916377074137	6.584114243590612	6.519515310332375	1.1662777652387023e6	16900.204433976698	6.685216656182152e7	55915.83357325796
6.584114243590613	6.715896067437418	6.650005155514016	1.1377995840530097e6	15536.107461901463	6.798996614587453e7	53585.133369994524
6.715896067437417	6.850313527761158	6.783104797599288	1.1154611854091287e6	14352.17256617738	6.910542733128366e7	51320.65621553206
6.850313527761158	6.9874193372913735	6.918866432526266	1.1249597240793407e6	13639.145043147042	7.0230387055363e7	49145.75715348993
6.987419337291374	7.127267263012194	7.057343300151784	1.134390154203549e6	12959.846462213522	7.136477720956655e7	47057.20965760952
7.127267263012194	7.26991214724743	7.198589705129812	1.1437511330202073e6	12312.788506971792	7.250852834258676e7	45051.887739005695
7.269912147247429	7.41540992916737	7.3426610382074	1.142102879807651e6	11585.581037456253	7.36506312223944e7	43120.35936445534
7.415409929167371	7.56381766672571	7.489613797946541	1.131380342723012e6	10814.567675647462	7.478201156511742e7	41255.83487682408
7.56381766672571	7.7151935590352165	7.6395056128804635	1.1695188436198533e6	10534.063338938531	7.595153040873727e7	39482.75432659854
7.715193559035217	7.869596969190914	7.792395264113066	1.199357981569618e6	10179.48767995971	7.715088839030689e7	37791.56253180686
7.869596969190913	8.027088447549723	7.948342708370317	1.1865876822676957e6	9489.98518832377	7.833747607257459e7	36158.201509066006
8.027088447549723	8.18772975547571	8.107409101512715	1.2110812659580708e6	9126.994859069127	7.954855733853266e7	34598.17562614966
8.187729755475711	8.351583889560217	8.269656822517964	1.222247055969119e6	8679.65673028135	8.077080439450178e7	33102.38269118297
8.351583889560215	8.518715106326411	8.435149497943314	1.2159965507509112e6	8137.0152156306185	8.198680094525269e7	31661.613922255994
8.518715106326413	8.689188947427933	8.603952026877174	1.2246814948783964e6	7722.277020853069	8.321148244013108e7	30280.073607239017
8.689188947427933	8.863072265351484	8.776130606389708	1.23328669021748e6	7327.838670582051	8.444476913034856e7	28955.513577575908
8.863072265351484	9.040433249633505	8.951752757492494	1.2292080513718724e6	6882.196647841935	8.567397718172044e7	27681.689139637216
9.040433249633505	9.221341453601168	9.130887351617336	1.2087353836161047e6	6377.095681826265	8.688271256533654e7	26452.239813295633
9.221341453601168	9.405867821648183	9.313604637624675	1.2688856545521915e6	6308.184501811715	8.815159821988873e7	25289.775091024505
9.405867821648183	9.59408471705614	9.49997626935216	1.3107503230510205e6	6140.3377058005635	8.946234854293975e7	24184.718602945126
9.59408471705614	9.786065950372254	9.690075333714198	1.2750928358087242e6	5628.655283235434	9.073744137874848e7	23113.914625838817
9.786065950372253	9.98188680835469	9.883976379363471	1.2595128638617992e6	5239.094008412141	9.199695424261028e7	22082.432808888363
9.981886808354691	10.181624083496777	10.081755445925733	1.290064977734834e6	5056.570636687755	9.328701922034511e7	21099.95028087624
10.181624083496777	10.385356104141705	10.28349009381924	1.3240448447745144e6	4890.3311135835775	9.461106406511962e7	20164.578090609946
10.385356104141703	10.593162765199528	10.489259434670615	1.3070418991229832e6	4549.004041369834	9.59181059642426e7	19263.493431510033
10.59316276519953	10.805125559478512	10.69914416233902	1.2870861533132493e6	4221.101887238112	9.720519211755586e7	18395.491665259637
10.805125559478512	11.021327609643073	10.913226584560793	1.3041462108374536e6	4030.287832812215	9.850933832839331e7	17566.573479467348
11.021327609643073	11.241853700810926	11.131590655227	1.3408223843293637e6	3904.5658290741944	9.985016071272267e7	16778.23880385924
11.241853700810926	11.466790313802136	11.354322007306532	1.3288407562083006e6	3646.4167901260903	1.0117900146893097e8	16020.50371672256
11.466790313802136	11.69622565905317	11.581507986427653	1.3619248713790774e6	3521.587945568499	1.0254092634031005e8	15299.29473200739
11.69622565905317	11.930249711209225	11.813237685131197	1.3797504960490316e6	3361.8483014112444	1.0392067683635908e8	14610.489129626436
11.930249711209225	12.1689542444084	12.049601977808813	1.3427554899203032e6	3082.9522634457803	1.0526343232627939e8	13945.341155601167
12.1689542444084	12.41243286827156	12.290693556339981	693351.5415584147	1500.0847616961942	1.059567838678378e8	13227.24568558322
12.41243286827156	12.660781064611983	12.536606966441772	1.9983387608693242e6	4074.0280480245056	1.0795512262870713e8	12699.106026753248
12.660781064611983	12.914096224879215	12.787438644745599	1.388322187720254e6	2667.091347821904	1.0934344481642738e8	12120.264248064535
12.914096224879211	13.172477688351787	13.0432869566155	1.4239842884150892e6	2577.7789912964654	1.1076742910484247e8	11569.672128683053
13.17247768835179	13.436026781093817	13.304252234722803	1.343481617698148e6	2291.739220478688	1.1211091072254062e8	11034.348310142457
13.436026781093817	13.704846855690684	13.57043681839225	1.3906472204869688e6	2235.3398199597264	1.1350155794302759e8	10526.66137867804
13.70484685569068	13.979043331779485	13.841945093735083	1.4602508600811064e6	2211.8073250333123	1.1496180880310869e8	10046.912634283492
13.979043331779488	14.258723737390069	14.118883534584779	1.4309002353773266e6	2042.3141094939317	1.1639270903848602e8	9585.068110248254
14.258723737390067	14.54399775111286	14.401360744251463	1.4203750602400154e6	1910.3357454176976	1.1781308409872603e8	9142.258976805535
14.54399775111286	14.834977245110109	14.689487498111484	1.4247612447950244e6	1805.6865221511603	1.1923784534352106e8	8718.963444266643
14.834977245110109	15.131776328987302	14.983376787048705	1.40279216533494e6	1675.2796358960513	1.20640637508856e8	8312.569221185526
15.131776328987304	15.43451139454204	15.283143861764671	1.4293564000781476e6	1608.5269294084446	1.2206999390893415e8	7925.773489128584
15.434511394542039	15.74330116140787	15.588906277974955	1.460526831890732e6	1548.7855362316825	1.2353052074082488e8	7557.849730780672
15.74330116140787	16.05826672361102	15.900783942509445	1.4706897785929888e6	1469.592293197358	1.2500121051941787e8	7206.586569566065
16.058266723611016	16.37953159705823	16.218899160334622	1.448928875025019e6	1364.3224114094733	1.2645013939444289e8	6869.5180449565205
16.37953159705823	16.707221767974385	16.543376682516307	750095.357088536	665.5499909683658	1.2720023475153142e8	6511.583160600027
16.707221767974385	17.041465742308862	16.874343755141624	1.453444559887439e6	1215.2259544933759	1.2865367931141886e8	6206.01418714194
17.041465742308862	17.38239459613003	17.211930169219446	2.1953218784817904e6	1729.622129009972	1.3084900118990065e8	5947.753878304398
17.38239459613003	17.73014202702762	17.556268311578826	1.471222268893674e6	1092.2596179402444	1.3232022345879433e8	5667.623244091375
17.730142027027618	18.084844406543162	17.90749321678539	778665.7108752131	544.7450531995675	1.3309888916966954e8	5372.067880015825
18.08484440654316	18.446640833649013	18.265742620096084	1.4900934944840968e6	982.3144093046728	1.3458898266415364e8	5118.810184988754
18.446640833649013	18.815673189296984	18.631157011473	1.497830882586062e6	930.4533867825623	1.360868135467397e8	4877.172905125474
18.815673189296984	19.192086192057914	19.00387969067745	2.210083939143896e6	1293.7058565225545	1.382968974858836e8	4670.434351194189
19.192086192057914	19.576027454874062	19.38405682346599	792776.7412794828	437.2931762164679	1.3908967422716308e8	4426.215802187901
19.576027454874062	19.967647542946533	19.771837498910298	2.225440481320411e6	1156.732388385284	1.413151147084835e8	4237.593556787827
19.967647542946533	20.367100032780453	20.167373787863493	1.5401593301338255e6	754.3584528907971	1.428552740386173e8	4036.640563366236
20.367100032780453	20.774541572411053	20.570820802595755	1.561874017347157e6	720.8640909316671	1.4441714805596447e8	3845.34940493896
20.774541572411056	21.190131942834267	20.98233675762266	801659.0810415149	348.65225041985644	1.4521880713700598e8	3643.621642256855
21.190131942834263	21.614034120665938	21.402083031750102	2.212930147876978e6	906.9135836934646	1.4743173728488296e8	3485.739081338076
21.614034120665938	22.046414342054245	21.83022423136009	1.5221010716719925e6	587.810334665709	1.4895383835655496e8	3318.5563285101834
22.04641434205425	22.487442167870324	22.266928254962288	1.5722615658774376e6	572.1555642809052	1.505260999224324e8	3160.115977489384
22.48744216787032	22.937290550202714	22.712366359036515	1.5743345025576353e6	539.8610800968881	1.5210043442499003e8	3008.9536471150473
22.937290550202718	23.39613590018176	23.16671322519224	813824.0751144588	262.9730794096997	1.529142585001045e8	2850.538871875514
23.396135900181758	23.864158157160382	23.630147028671068	2.278030013996899e6	693.6430296730134	1.551922885141014e8	2726.1087222152355
23.864158157160386	24.34154085927858	24.102849508219485	1.584726776703596e6	454.70201479638	1.5677701529080498e8	2595.073028199086
24.341540859278584	24.828471215439144	24.585006037358866	1.5871069536204934e6	429.11593780440467	1.5836412224442548e8	2470.121131984609
24.82847121543914	25.32514017872291	25.076805697081028	1.5565888420056105e6	396.5869329294072	1.599207110864311e8	2350.5014807262655
25.325140178722915	25.83174252127236	25.57844134999764	1.5508485135433078e6	372.33166328397425	1.614715595999744e8	2236.383715035924
25.831742521272364	26.3484769106728	26.09010971597258	1.5931779950220585e6	360.4301085049672	1.6306473759499645e8	2128.1630559978057
26.348476910672794	26.875545987861237	26.612011449267015	842333.1942278743	179.57129503936446	1.6390707078922433e8	2015.7524301583856
26.87554598786124	27.413156446593455	27.144351217227346	2.3366842893331647e6	469.40675769320114	1.662437550785575e8	1926.5469487562766
27.413156446593455	27.961519114500312	27.687337780546883	1.5916386309797168e6	301.29375672532973	1.678353937095372e8	1832.7897830386487
27.96151911450031	28.520849035765302	28.241184075132807	835474.8791131973	149.03061051831403	1.686708685886504e8	1735.6578724770409
28.520849035765302	29.091365555455596	28.80610729561045	2.325838943230033e6	390.9472889267493	1.7099670753188044e8	1658.0850983081928
29.0913655554556	29.673292405539698	29.382328980497647	1.6172826328279078e6	256.1657323026658	1.7261399016470835e8	1577.2123676929693
29.673292405539694	30.266857792625476	29.970075099082585	1.6053173204902112e6	239.6031932032442	1.7421930748519856e8	1500.049757401358
30.266857792625476	30.872294487452972	30.569576140039224	855736.2089561522	120.35614681907	1.750750436941547e8	1420.4596753740432
30.872294487452976	31.489839916177022	31.181067201814997	2.3577178754940927e6	312.47617863503467	1.774327615696488e8	1356.5438730058763
31.489839916177026	32.11973625347555	31.80478808482629	1.6160379354293942e6	201.82427282489272	1.790487995050782e8	1289.9322260212348
32.11973625347555	32.76223051752005	32.4409833854978	1.6081826439179182e6	189.25790811981767	1.806569821489961e8	1226.4384473246985
32.762230517520045	33.41757466684543	33.08990259218274	882048.1460310817	97.81553354559323	1.815390302950272e8	1161.3326089162786
33.41757466684544	34.08602569915733	33.751800183001386	1.6368709512537718e6	171.05150570215275	1.8317590124628097e8	1104.2073316089654
34.08602569915733	34.76784575211546	34.4269357256364	2.3916243921183646e6	235.5062338938854	1.8556752563839933e8	1054.095649508176
34.76784575211547	35.46330220613277	35.11557397912412	1.6429313315487802e6	152.4494521266076	1.872104569699481e8	1002.083647437163
35.46330220613276	36.1726677892304	35.81798499768158	888382.8296913505	77.67901019927088	1.8809883979963946e8	948.7589549446809
36.1726677892304	36.896220683989995	36.5344442366102	2.4223238200267553e6	199.58727335750584	1.9052116361966622e8	905.5427676961037
36.89622068399	37.63424463664479	37.265232660317395	1.6165632160972655e6	125.5135179805458	1.9213772683576348e8	860.5466692796383
37.63424463664479	38.38702906835267	38.01063685249873	1.6467431645554006e6	120.48164528971992	1.9378447000031888e8	817.8560214323376
38.38702906835267	39.154869188694704	38.77094912852368	1.6794381729872227e6	115.78606517450162	1.954639081733061e8	777.3572198335465
39.15486918869471	39.93806611144359	39.54646765006915	1.6409851305737793e6	106.60908583640695	1.971048933038799e8	738.6653074496655
39.93806611144358	40.73692697264744	40.337496542045514	881229.9176558554	53.94809926071246	1.9798612322153574e8	699.1676876616211
40.73692697264744	41.55176505107537	41.1443460118614	2.4137016609920263e6	139.24124174986432	2.0039982488252777e8	666.8686455579649
41.55176505107538	42.38289989107187	41.967332471073625	1.6866521848236322e6	91.68689304487933	2.020864770673514e8	633.6896860583428
42.382899891071865	43.23065742786829	42.806778659470076	1.6649835532443821e6	85.28823675815674	2.0375146062059578e8	602.0556011308319
43.23065742786829	44.09537011540064	43.66301377163447	1.6769689662506878e6	80.94717902616922	2.0542842958684647e8	571.995958464331
