-0.0	9.953897499377266e-5	4.976948749688633e-5	-5.215824553327819e-30
9.953897499377266e-5	0.0002010687294874207	0.00015030385224059668	-5.215630642005373e-30
0.00020106872948742058	0.0003046290790709416	0.00025284890427918107	-5.215471795849856e-30
0.0003046290790709413	0.00041026063564613265	0.000357444857358537	-5.2153154236682406e-30
0.0004102606356461331	0.0005180048233528283	0.0004641327294994807	-5.215157835793321e-30
0.0005180048233528287	0.0006279038948136577	0.0005729543590832433	-5.214997980683816e-30
0.0006279038948136573	0.0007400009477037028	0.0006839524212586801	-5.214835415441972e-30
0.000740000947703703	0.0008543399416515495	0.0007971704446776262	-5.214669899368701e-30
0.0008543399416515493	0.0009709657154783526	0.0009126528285649509	-5.214501274322513e-30
0.0009709657154783523	0.0010899240047816917	0.001030444860130022	-5.214329420606963e-30
0.0010899240047816917	0.0012112614598710977	0.0011505927323263946	-5.214154238045564e-30
0.0012112614598710973	0.0013350256640622914	0.0012731435619666943	-5.213975636915549e-30
0.0013350256640622922	0.00146126515233731	0.0013981454081998012	-5.21379353322032e-30
0.0014612651523373099	0.0015900294303778282	0.001525647291357569	-5.21360784605104e-30
0.0015900294303778277	0.0017213689939791564	0.001655699212178492	-5.213418496028732e-30
0.0017213689939791568	0.0018553353488525118	0.0017883521714158342	-5.2132254043387754e-30
0.0018553353488525112	0.0019919810308233333	0.0019236581898379223	-5.213028492106286e-30
0.0019919810308233333	0.002131359626433572	0.0020616703286284524	-5.212827679975857e-30
0.0021313596264335728	0.002273525793956016	0.0022024427101947942	-5.2126228878181254e-30
0.0022735257939560153	0.0024185352848289073	0.002346030539392461	-5.2124140345174745e-30
0.002418535284828908	0.002566444965519258	0.002492490125174083	-5.21220103781297e-30
0.002566444965519257	0.002717312839823414	0.0026418789026713355	-5.211983814175022e-30
0.002717312839823413	0.0028711980716136527	0.002794255455718533	-5.211762278706491e-30
0.002871198071613654	0.0030281610080396984	0.002949679539826676	-5.211536345060786e-30
0.003028161008039698	0.0031882632031942633	0.0031082121056169804	-5.2113059253719305e-30
0.003188263203194263	0.0033515674422519193	0.0032699153227230913	-5.211070930193149e-30
0.0033515674422519197	0.0035181377660907292	0.0034348526041713245	-5.21083126844157e-30
0.0035181377660907292	0.003688039496406315	0.003603088631248522	-5.210586847347334e-30
0.0036880394964063155	0.003861339261328213	0.0037746893788672643	-5.2103375724058545e-30
0.003861339261328213	0.004038105021548549	0.003949722141438381	-5.2100833473323565e-30
0.004038105021548548	0.00421840609697329	0.004128255559260919	-5.209824074018013e-30
0.00421840609697329	0.004402313193906526	0.004310359645439908	-5.2095596524871696e-30
0.004402313193906526	0.004589898432778427	0.004496105813342477	-5.209289980855292e-30
0.004589898432778428	0.004781235376427767	0.004685566904603098	-5.2090149552873324e-30
0.0047812353764277666	0.0049763990589500925	0.00487881721768893	-5.2087344699563055e-30
0.004976399058950093	0.005175466015122866	0.0050759325370364795	-5.208448417001878e-30
0.005175466015122865	0.005378514310419092	0.005276990162770979	-5.208156686488839e-30
0.005378514310419092	0.005585623571621245	0.005482068941020169	-5.207859166365339e-30
0.005585623571621245	0.00579687501804744	0.0056912492948343425	-5.207555742420811e-30
0.005796875018047441	0.00601235149340216	0.0059046132557248	-5.207246298243476e-30
0.00601235149340216	0.006232137498263974	0.006122244495833067	-5.206930715177411e-30
0.006232137498263972	0.006456319223223022	0.006344228360743497	-5.2066088722790816e-30
0.006456319223223021	0.006684984582681251	0.006570651902952136	-5.2062806462733294e-30
0.006684984582681254	0.006918223249328648	0.0068016039160049505	-5.2059459115087594e-30
0.006918223249328647	0.00715612668930899	0.007037174969318818	-5.2056045399124906e-30
0.00715612668930899	0.007398788198088939	0.007277457443698964	-5.205256400944267e-30
0.007398788198088939	0.007646302937044488	0.0075225455675667135	-5.204901361549859e-30
0.007646302937044487	0.007898767970779146	0.007772535453911817	-5.204539286113781e-30
0.007898767970779147	0.0081562823051885	0.008027525137983823	-5.2041700364112614e-30
0.0081562823051885	0.00841894692628604	0.008287614615737269	-5.203793471559471e-30
0.00841894692628604	0.00868686483980553	0.008552905883045785	-5.2034094479679906e-30
0.008686864839805528	0.008960141111595408	0.008823502975700469	-5.2030178192884814e-30
0.008960141111595408	0.009238882908821085	0.009099512010208246	-5.2026184363635735e-30
0.009238882908821085	0.009523199541991274	0.00938104122540618	-5.20221114717492e-30
0.009523199541991274	0.009813202507824869	0.009668201024908072	-5.201795796790443e-30
0.00981320250782487	0.010109005532975137	0.009961104020400003	-5.201373145864484e-30
0.010109005532975134	0.010410724618628405	0.01025986507580177	-5.2009433777002e-30
0.010410724618628405	0.010718478085994741	0.010564601352311572	-5.200502884189189e-30
0.010718478085994743	0.011032386622708406	0.010875432354351573	-5.2000536795316616e-30
0.011032386622708406	0.011352573330156341	0.011192479976432374	-5.199595593405484e-30
0.011352573330156343	0.011679163771753237	0.01151586855095479	-5.1991284522400754e-30
0.011679163771753237	0.01201228602218207	0.011845724896967653	-5.1986520791574916e-30
0.012012286022182067	0.012352070717619476	0.012182178369900772	-5.198166293912581e-30
0.01235207071761948	0.012698651106965636	0.012525360912292557	-5.1976709128322044e-30
0.012698651106965634	0.013052163104098714	0.012875407105532175	-5.197165748753507e-30
0.013052163104098714	0.013412745341174455	0.013232454222636584	-5.19665061096124e-30
0.013412745341174457	0.013780539222991713	0.013596642282083085	-5.1961253051241116e-30
0.013780539222991713	0.014155688982445314	0.013968114102718514	-5.195589633230163e-30
0.014155688982445312	0.014538341737087986	0.014347015359766648	-5.195043393521157e-30
0.014538341737087988	0.014928647546823513	0.01473349464195575	-5.194486380425989e-30
0.014928647546823513	0.01532675947275375	0.01512770350978863	-5.193918384493076e-30
0.01532675947275375	0.01573283363720259	0.01552979655497817	-5.193339192321743e-30
0.01573283363720259	0.01614702928494041	0.015939931461071498	-5.192748586492604e-30
0.016147029284940405	0.016569508845632977	0.01635826906528669	-5.1921463454969e-30
0.016569508845632984	0.01700043799753941	0.016784973421586198	-5.1915322436648134e-30
0.017000437997539405	0.01743998573248396	0.017220211865011683	-5.19090605109275e-30
0.01743998573248396	0.017888324422127407	0.017664155077305684	-5.190267533569556e-30
0.017888324422127403	0.018345629885563715	0.01811697715384556	-5.189616452501714e-30
0.01834562988556372	0.018812081458268758	0.018578855671916236	-5.18895256483745e-30
0.018812081458268758	0.0192878620624279	0.01904997176034833	-5.188275622989809e-30
0.019287862062427896	0.019773158278670218	0.019530510170549055	-5.187585374758644e-30
0.019773158278670218	0.020268160419237388	0.020020659348953803	-5.1868815632515416e-30
0.020268160419237388	0.0207730626026159	0.020520611510926642	-5.186163926803683e-30
0.0207730626026159	0.02128806282966198	0.021030562716138942	-5.185432198896617e-30
0.02128806282966198	0.021813363061248984	0.021550712945455484	-5.1846861080759706e-30
0.021813363061248984	0.022349169297467726	0.022081266179358357	-5.183925989144881e-30
0.02234916929746773	0.022895691658410846	0.022622430477939288	-5.1831520947301504e-30
0.022895691658410842	0.02345314446657282	0.023174418062491833	-5.1823612358261014e-30
0.02345314446657282	0.024021746330898038	0.02373744539873543	-5.181554877147969e-30
0.024021746330898045	0.02460172023250977	0.024311733281703905	-5.180732721289511e-30
0.02460172023250977	0.025193293612153726	0.024897506922331746	-5.179894465392117e-30
0.025193293612153722	0.02579669845939056	0.02549499603577214	-5.179039801054983e-30
0.02579669845939056	0.026412171403572132	0.026104434931481346	-5.178168414244194e-30
0.026412171403572136	0.02703995380663734	0.02672606260510474	-5.177279985200774e-30
0.02703995380663734	0.027680291857763845	0.027360122832200594	-5.176374188347664e-30
0.027680291857763845	0.028333436669912882	0.028006864263838364	-5.175450692195646e-30
0.028333436669912882	0.0289996443783049	0.028666540524108892	-5.174509159248252e-30
0.028999644378304903	0.02967917624086476	0.029339410309584833	-5.173549245905622e-30
0.02967917624086476	0.030372298740675815	0.03002573749077029	-5.17257060236735e-30
0.030372298740675818	0.031079283690483094	0.030725791215579456	-5.171572872534327e-30
0.031079283690483087	0.03180040833928651	0.031439846014884795	-5.1705556939095916e-30
0.03180040833928651	0.032535955481066	0.03216818191017626	-5.1695186974981986e-30
0.032535955481066005	0.03328621356568108	0.032911084523373546	-5.168461507706127e-30
0.03328621356568108	0.03405147681198846	0.03366884518883477	-5.167383742238248e-30
0.03405147681198846	0.03483204532322199	0.03444176106760523	-5.166285011995371e-30
0.03483204532322199	0.03562822520468019	0.03523013526395109	-5.1651649209703804e-30
0.03562822520468018	0.036440328683767544	0.03603427694422386	-5.164023066143499e-30
0.036440328683767544	0.037268674232436655	0.036854501458102096	-5.1628590373766894e-30
0.037268674232436655	0.03811358669207914	0.0376911304622579	-5.1616724173072444e-30
0.03811358669207915	0.03897539740091449	0.03854449204649682	-5.1604627812405496e-30
0.038975397400914484	0.03985444432392653	0.0394149208624205	-5.159229697042105e-30
0.03985444432392653	0.040751072185398814	0.040302758254662674	-5.157972725028794e-30
0.040751072185398814	0.04166563260410055	0.04120835239474968	-5.15669141785945e-30
0.04166563260410054	0.042598484231176306	0.042132058417638424	-5.1553853204247716e-30
0.04259848423117632	0.0435499928907936	0.04307423856098496	-5.154053969736598e-30
0.043549992890793594	0.04452053172360322	0.04403526230719841	-5.152696894816607e-30
0.044520531723603214	0.04551048133306903	0.04501550652833612	-5.1513136165844746e-30
0.045510481333069036	0.04652022993472417	0.0460153556338966	-5.1499036477455426e-30
0.04652022993472417	0.047550173508412404	0.04703520172156829	-5.148466492678035e-30
0.04755017350841241	0.04860071595357441	0.048075444730993414	-5.1470016473198986e-30
0.04860071595357442	0.04967226924763966	0.04913649260060704	-5.145508599055297e-30
0.04967226924763965	0.05076525360758619	0.05021876142761292	-5.14398682660083e-30
0.0507652536075862	0.05188009765473167	0.051322675631158936	-5.142435799891535e-30
0.051880097654731665	0.05301723858282005	0.052448668118775854	-5.1408549799667496e-30
0.05301723858282006	0.05417712232947021	0.05359718045614513	-5.139243818855869e-30
0.0541771223294702	0.055360203751053355	0.054768663040261775	-5.137601759464109e-30
0.055360203751053355	0.05656694680106817	0.05596357527606076	-5.135928235458327e-30
0.05656694680106818	0.057797824712083286	0.057182385756575735	-5.134222671152973e-30
0.05779782471208328	0.059053320181318696	0.05842557244670099	-5.13248448139627e-30
0.0590533201813187	0.06033392555993882	0.059693622870628765	-5.1307130714567114e-30
0.06033392555993882	0.06164014304613134	0.06098703430303508	-5.1289078369099334e-30
0.06164014304613134	0.06297248488204772	0.06230631396408953	-5.1270681635260956e-30
0.06297248488204771	0.06433147355468241	0.06365197921836506	-5.1251947167926646e-30
0.06433147355468241	0.06571764200076981	0.06502455777772612	-5.1232880264357255e-30
0.06571764200076981	0.06713153381577895	0.06642458790827438	-5.121341251430572e-30
0.06713153381577895	0.06857370346708827	0.0678526186414336	-5.119357480384468e-30
0.06857370346708827	0.07004471651142379	0.06930920998925602	-5.1173360483750455e-30
0.07004471651142379	0.071545149816646	0.0707949331640349	-5.115276280014783e-30
0.071545149816646	0.07307559178797267	0.07231037080230934	-5.1131774893447905e-30
0.07307559178797267	0.07463664259872586	0.07385611719334927	-5.111038979729996e-30
0.07463664259872586	0.07622891442569413	0.07543277851221	-5.108860043755861e-30
0.07622891442569411	0.07785303168920174	0.07704097305744792	-5.106639963126773e-30
0.07785303168920174	0.07950963129797951	0.07868133149359063	-5.10437800856625e-30
0.07950963129797951	0.08119936289893284	0.08035449709845618	-5.102073439719121e-30
0.08119936289893284	0.08292288913190524	0.08206112601541904	-5.0997255050558165e-30
0.08292288913190525	0.0846808858895371	0.08380188751072118	-5.097333441778959e-30
0.08468088588953708	0.08647404258232155	0.08557746423592932	-5.0948964757324e-30
0.08647404258232155	0.08830306240896171	0.08738855249564163	-5.092413821312886e-30
0.08830306240896173	0.0901686626321347	0.08923586252054821	-5.089884681384523e-30
0.09016866263213469	0.09207157485977112	0.09112011874595291	-5.087308247196242e-30
0.09207157485977113	0.09401254533196028	0.09304206009586571	-5.084683698302442e-30
0.09401254533196027	0.09599233521359321	0.09500244027277674	-5.082010202487005e-30
0.09599233521359321	0.09801172089285881	0.09700202805322601	-5.079286915690909e-30
0.0980117208928588	0.1000714942857097	0.09904160758928425	-5.076512981943614e-30
0.10007149428570972	0.10217246314641765	0.10112197871606368	-5.0736875332984796e-30
0.10217246314641763	0.10431545138433972	0.10324395726537867	-5.070809689772392e-30
0.10431545138433973	0.10650129938702026	0.10540837538567999	-5.0678785592898686e-30
0.10650129938702026	0.10873086434975439	0.10761608186838732	-5.0648998427109665e-30
0.10873086434975437	0.1110050206117432	0.10986794248074878	-5.0618764742729724e-30
0.1110050206117432	0.11332465999897179	0.11216484030535749	-5.058780008806315e-30
0.11332465999897177	0.11569069217394494	0.11450767608645836	-5.0556265662090386e-30
0.11569069217394495	0.11810404499241757	0.11689736858318125	-5.0524151932782706e-30
0.11810404499241758	0.12056566486725966	0.11933485492983861	-5.0491449244906926e-30
0.12056566486725963	0.12307651713959854	0.12182109100342908	-5.045814781984841e-30
0.12307651713959855	0.12563758645738424	0.1243570517984914	-5.04242377554993e-30
0.12563758645738424	0.12824987716152564	0.12694373180945495	-5.0389709026215064e-30
0.12824987716152564	0.13091441367974987	0.12958214542063776	-5.035455148284204e-30
0.13091441367974987	0.13363224092833859	0.13227332730404423	-5.0318754852819386e-30
0.13363224092833859	0.13640442472189906	0.13501833282511883	-5.028230874035804e-30
0.13640442472189906	0.13923205219133075	0.1378182384566149	-5.024520262670034e-30
0.1392320521913308	0.14211623221015113	0.14067414220074098	-5.020742587046298e-30
0.1421162322101511	0.14505809582934784	0.14358716401974947	-5.0168967708067046e-30
0.14505809582934784	0.1480587967209285	0.14655844627513817	-5.012981725425817e-30
0.1480587967209285	0.1511195116303408	0.14958915417563465	-5.0089963502720196e-30
0.1511195116303408	0.1542414408379413	0.15268047623414105	-5.0049395326785965e-30
0.1542414408379413	0.15742580862969385	0.15583362473381757	-5.000810148024846e-30
0.15742580862969385	0.16067386377728143	0.15904983620348764	-4.996607059827609e-30
0.16067386377728143	0.16398688002782077	0.16233037190255112	-4.992329862789372e-30
0.16398688002782077	0.1673661566033709	0.16567651831559582	-4.987979227211801e-30
0.1673661566033709	0.17081301871043203	0.16908958765690146	-4.983548092461906e-30
0.170813018710432	0.17432881805963435	0.1725709183850332	-4.9790385918260105e-30
0.17432881805963435	0.17791493339582073	0.17612187572772753	-4.9744523363752346e-30
0.17791493339582073	0.18157277103873085	0.1797438522172758	-4.969790806511652e-30
0.18157277103873087	0.1853037654344992	0.18343826823661502	-4.9650389998949325e-30
0.18530376543449914	0.1891093797181828	0.187206572576341	-4.960203985523928e-30
0.18910937971818284	0.19299110628754018	0.1910502430028615	-4.9552845261687464e-30
0.19299110628754018	0.19695046738828467	0.1949707868379124	-4.950281251842973e-30
0.19695046738828464	0.20098901571104402	0.19896974154966435	-4.945195568522793e-30
0.20098901571104408	0.20510833500025866	0.20304867535565135	-4.9400210642294325e-30
0.20510833500025863	0.2093100406752575	0.20720918783775805	-4.9347674592309624e-30
0.2093100406752575	0.21359578046375632	0.2114529105695069	-4.9294125716678444e-30
0.21359578046375632	0.21796723504802512	0.21578150775589072	-4.923959901065373e-30
0.21796723504802512	0.2224261187239793	0.2201966768860022	-4.918413850592263e-30
0.22242611872397927	0.22697418007345255	0.2247001493987159	-4.912773107975451e-30
0.22697418007345255	0.23161320264991528	0.22929369136168393	-4.907036352929161e-30
0.23161320264991528	0.23634500567790726	0.23397910416391127	-4.901202257515131e-30
0.23634500567790728	0.2411714447664591	0.2387582252221832	-4.895269486520717e-30
0.24117144476645908	0.24609441263678192	0.2436329287016205	-4.889236697855219e-30
0.24609441263678195	0.25111583986451125	0.2486051262506466	-4.883102542964813e-30
0.25111583986451125	0.25623769563679516	0.2536767677506532	-4.876865667266357e-30
0.2562376956367951	0.2614619885245247	0.25884984208065986	-4.870524710600446e-30
0.2614619885245247	0.26679076727000883	0.2641263778972668	-4.86408642446625e-30
0.26679076727000883	0.27222612159040266	0.2695084444302057	-4.85755323196784e-30
0.2722261215904027	0.2777701829972044	0.27499815229380353	-4.850891822888615e-30
0.2777701829972044	0.28342512563214217	0.2805976543146733	-4.8441214166958076e-30
0.28342512563214217	0.28919316711977866	0.2863091463759604	-4.8372428361086596e-30
0.28919316711977866	0.29507656943716787	0.29213486827847324	-4.8302485800882705e-30
0.2950765694371678	0.3010776398009048	0.2980771046190363	-4.823140608080171e-30
0.30107763980090485	0.3071987315719166	0.3041381856864107	-4.815917534027837e-30
0.30719873157191663	0.3134422451783486	0.3103204883751326	-4.808577971287581e-30
0.31344224517834857	0.31981062905690916	0.31662643711762883	-4.8011205332884346e-30
0.3198106290569092	0.326306380613041	0.3230585048349751	-4.7935438342137746e-30
0.326306380613041	0.33293204720029546	0.32961921390666826	-4.7858464897047894e-30
0.3329320472002955	0.33969022711929503	0.33631113715979527	-4.7780271175858595e-30
0.33969022711929503	0.34658357063667455	0.3431368988779848	-4.770095220950735e-30
0.3465835706366745	0.35361478102440164	0.35009917583053807	-4.76205891081607e-30
0.35361478102440164	0.3607866156198833	0.35720069832214246	-4.753872789521804e-30
0.3607866156198833	0.3681018869072746	0.36444425126357893	-4.745584060105234e-30
0.36810188690727463	0.37556346362041376	0.3718326752638442	-4.7371646812001345e-30
0.3755634636204137	0.3831742718678156	0.37936886774411466	-4.72858433692472e-30
0.38317427186781555	0.3909372962801655	0.38705578407399055	-4.7198724164811215e-30
0.39093729628016555	0.3988555811807625	0.394896438730464	-4.711031477012926e-30
0.3988555811807624	0.40693223177937127	0.40289390648006684	-4.7020743818685714e-30
0.40693223177937127	0.4151704153899523	0.4110513235846618	-4.692996342075605e-30
0.4151704153899523	0.4235733626727449	0.4193718890313486	-4.683762102249307e-30
0.423573362672745	0.43214436890119345	0.4278588657869692	-4.674372469630573e-30
0.4321443689011934	0.4408867952542109	0.43651558207770214	-4.664843409615466e-30
0.4408867952542108	0.44980407013428864	0.44534543269424975	-4.6551736589390814e-30
0.4498040701342887	0.45889969051196805	0.45435188032312834	-4.645361969981929e-30
0.4588996905119681	0.468177223297201	0.46353845690458456	-4.63540711182856e-30
0.4681772232972011	0.4776403067381387	0.4729087650176699	-4.625316103125182e-30
0.47764030673813856	0.4872926518478949	0.4824664792930167	-4.615093646907483e-30
0.48729265184789494	0.4971380438598464	0.49221534785387067	-4.604718859045979e-30
0.49713804385984633	0.5071803437120368	0.5021591937859415	-4.594229883068142e-30
0.5071803437120368	0.517423489561271	0.5123019166366539	-4.5835413761176884e-30
0.5174234895612712	0.5278714983274901	0.5226474939443806	-4.572702726687076e-30
0.5278714983274901	0.5385284672690335	0.5331999827982619	-4.561712851827057e-30
0.5385284672690335	0.5493985755894076	0.5439635214292206	-4.5505826593776346e-30
0.5493985755894077	0.5604860860761894	0.5549423308327985	-4.539317581659934e-30
0.5604860860761894	0.5717953467727067	0.5661407164244481	-4.527867796258835e-30
0.5717953467727067	0.5833307926831544	0.5775630697279306	-4.516262723062342e-30
0.5833307926831544	0.595096947511811	0.5892138700974827	-4.504501419855867e-30
0.5950969475118111	0.6070984254370408	0.601097686474426	-4.4925864975171886e-30
0.6070984254370407	0.619339932920775	0.6132191791789079	-4.480522912226855e-30
0.619339932920775	0.631826270554184	0.6255831017374796	-4.4682875897045166e-30
0.631826270554184	0.6445623349402613	0.6381943027472227	-4.4559052935951005e-30
0.6445623349402613	0.65755312061406	0.6510577277771606	-4.443382415846673e-30
0.65755312061406	0.6708037220013348	0.6641784213076973	-4.430665812201781e-30
0.6708037220013346	0.6843193354163548	0.6775615287088448	-4.417788427933525e-30
0.6843193354163548	0.6981052610996754	0.6912122982580151	-4.4047558449878096e-30
0.6981052610996754	0.7121669052966624	0.7051360831981689	-4.3915517229648634e-30
0.7121669052966624	0.7265097823775891	0.7193383438371257	-4.378200327089271e-30
0.7265097823775891	0.7411395170001344	0.7338246496888617	-4.3647216799865314e-30
0.7411395170001344	0.7560618463151305	0.7486006816576325	-4.35104162548517e-30
0.7560618463151304	0.7712826222164265	0.7636722342657785	-4.337179733195788e-30
0.7712826222164265	0.7868078136357485	0.7790452179260875	-4.32315843490351e-30
0.7868078136357485	0.8026435088834569	0.7947256612596028	-4.308984865000072e-30
0.8026435088834569	0.8187959180361195	0.8107197134597882	-4.29462543974869e-30
0.8187959180361196	0.8352713753718355	0.8270336467039776	-4.2800996306976346e-30
0.8352713753718353	0.8520763418542654	0.8436738586130503	-4.265407254050297e-30
0.8520763418542654	0.8692174076663441	0.8606468747603048	-4.2505481791989484e-30
0.8692174076663441	0.8867012947946644	0.8779593512305043	-4.235536445984554e-30
0.8867012947946645	0.9045348596655512	0.8956180772301079	-4.220383457750607e-30
0.9045348596655511	0.9227250958338555	0.9136299777497033	-4.2050247352810126e-30
0.9227250958338556	0.9412791367255261	0.9320021162796909	-4.189511057628756e-30
0.9412791367255261	0.96020425843503	0.950741697580278	-4.173841654926337e-30
0.9602042584350299	0.9795078825787238	0.9698560705068768	-4.157982755050448e-30
0.9795078825787238	0.9991975792052916	0.9893527308920077	-4.1419578163129865e-30
0.9991975792052917	1.0192810697643908	1.0092393244848412	-4.12576962718653e-30
1.0192810697643908	1.039766230134672	1.0295236499495313	-4.109424986125692e-30
1.039766230134672	1.0606610937123586	1.0502136619235154	-4.0929041578879596e-30
1.0606610937123588	1.0819738545615993	1.071317474136979	-4.076218982816225e-30
1.0819738545615993	1.1037128706278245	1.0928433625947118	-4.059377561736513e-30
1.1037128706278245	1.1258866670153744	1.1147997688215994	-4.042396033064542e-30
1.1258866670153742	1.148503939330675	1.1371953031730246	-4.025243834476674e-30
1.1485039393306753	1.171573557092282	1.1600387482114787	-4.007908687350666e-30
1.171573557092282	1.195104567209121	1.1833390621507016	-3.990418314213411e-30
1.195104567209121	1.2191061975282966	1.2071053823687088	-3.972761504540638e-30
1.2191061975282966	1.2435878604538557	1.2313470289910762	-3.954945773318129e-30
1.243587860453856	1.2685591566379264	1.2560735085458912	-3.936972159253934e-30
1.268559156637926	1.2940298787456777	1.2812945176918018	-3.9188417678803834e-30
1.2940298787456779	1.3200100152955847	1.3070199470206312	-3.90055656739637e-30
1.3200100152955847	1.3465097545764897	1.3332598849360373	-3.882123981723859e-30
1.3465097545764895	1.3735394886430126	1.360024621609751	-3.863542643572107e-30
1.3735394886430126	1.401109817390866	1.3873246530169392	-3.844809440912589e-30
1.401109817390866	1.4292315527136765	1.4151706850522712	-3.825922933792606e-30
1.4292315527136763	1.457915722742943	1.4435736377283095	-3.806926062970359e-30
1.4579157227429431	1.487173576172795	1.4725446494578691	-3.78777424028939e-30
1.487173576172795	1.5170165866712442	1.5020950814220195	-3.7684479251616824e-30
1.5170165866712444	1.5474564573796623	1.5322365220254532	-3.748985301396164e-30
1.5474564573796623	1.5785051255022486	1.5629807914409555	-3.72936603457385e-30
1.5785051255022486	1.6101747669872868	1.5943399462447676	-3.709603204550095e-30
1.6101747669872866	1.6424778013020254	1.626326284144656	-3.6897020713810195e-30
1.6424778013020256	1.6754268963030592	1.6589523488025424	-3.669664600950972e-30
1.6754268963030592	1.7090349732041135	1.6922309347535864	-3.6495110685114134e-30
1.709034973204113	1.7433152116431883	1.7261750924236505	-3.629269796312373e-30
1.7433152116431885	1.7782810548510453	1.7607981332471168	-3.6088548238231856e-30
1.7782810548510457	1.8139462149230596	1.7961136348870528	-3.588292917474065e-30
1.8139462149230594	1.8503246781965137	1.8321354465597866	-3.567609149181645e-30
1.8503246781965135	1.8874307107354367	1.868877694465975	-3.54682232229729e-30
1.887430710735437	1.9252788639251386	1.9063547873302877	-3.5259246895367736e-30
1.9252788639251386	1.9638839801786343	1.9445814220518864	-3.504874716009198e-30
1.9638839801786343	2.0032611987571998	1.983572589467917	-3.483708844026252e-30
2.0032611987571998	2.0434259617073365	2.023343580232268	-3.462431865096812e-30
2.0434259617073365	2.084394019916476	2.063909990811906	-3.441057779874941e-30
2.084394019916476	2.1261814392897986	2.1052877296031376	-3.419582025791487e-30
2.126181439289799	2.1688046070505878	2.1474930231701936	-3.397998176543003e-30
2.1688046070505878	2.2122802381665925	2.19054242260859	-3.3762922218587194e-30
2.212280238166592	2.2566253819049167	2.234452810035754	-3.354495654135667e-30
2.256625381904917	2.3018574285180082	2.2792414052114625	-3.33262255326967e-30
2.3018574285180082	2.347994116063361	2.3249257722906846	-3.310625860662141e-30
2.347994116063361	2.395053537359621	2.371523826711491	-3.2885503646528674e-30
2.395053537359621	2.4430541470818063	2.4190538422207135	-3.266410910515177e-30
2.4430541470818063	2.4920147689984353	2.467534458040121	-3.244149947925193e-30
2.4920147689984353	2.5419546033533966	2.516984686175916	-3.221806963948876e-30
2.5419546033533966	2.5928932343954574	2.567423918874427	-3.199393700043314e-30
2.5928932343954574	2.6448506380583594	2.6188719362269084	-3.1769245921351216e-30
2.644850638058359	2.6978471897945187	2.6713489139264386	-3.1543542485717713e-30
2.697847189794519	2.751903672565402	2.7248754311799606	-3.1317218058704477e-30
2.7519036725654016	2.807041284991702	2.779472478778552	-3.109076161630202e-30
2.8070412849917026	2.863281649666529	2.835161467329116	-3.0863798183577257e-30
2.8632816496665288	2.920646821634852	2.8919642356506903	-3.0636025775433144e-30
2.920646821634852	2.9791592970425413	2.9499030593386966	-3.0407327179052006e-30
2.979159297042542	3.038842021958385	3.0090006595004635	-3.0178535610713158e-30
3.038842021958385	3.099718401372545	3.069280211665465	-2.994915592180466e-30
3.099718401372545	3.1618123083749885	3.130765354873767	-2.9719520131157172e-30
3.161812308374988	3.2251480935174803	3.193480200946234	-2.9489522791969637e-30
3.2251480935174803	3.2897505943628222	3.2574493439401513	-2.9258852494553054e-30
3.2897505943628227	3.3556451452250715	3.322697869793947	-2.9028002804289436e-30
3.355645145225072	3.422857587104566	3.389251366164819	-2.879670033435367e-30
3.422857587104566	3.4914142778216495	3.4571359324631077	-2.8564790631837556e-30
3.491414277821649	3.5613421023530742	3.5263781900873616	-2.83334803906504e-30
3.5613421023530742	3.632668483375128	3.597005292864101	-2.810123828119016e-30
3.6326684833751277	3.7054213920176227	3.669044937696375	-2.786875309130117e-30
3.705421392017622	3.779629358832967	3.7425253754252945	-2.7636224264066818e-30
3.7796293588329672	3.8553214849846187	3.817475421908793	-2.7403529740983275e-30
3.855321484984619	3.932527453659304	3.8939244693219615	-2.7170554525547608e-30
3.9325274536593033	4.011277541707481	3.9719024976833923	-2.6937519776589943e-30
4.011277541707481	4.091602631516623	4.051440086612052	-2.6704750567562983e-30
4.091602631516623	4.173534223121948	4.132568427319285	-2.6472207622312717e-30
4.173534223121948	4.257104446559379	4.215319334840663	-2.6239596186713454e-30
4.257104446559379	4.342346074465558	4.299725260512469	-2.6006618755063827e-30
4.342346074465559	4.429292534929862	4.38581930469771	-2.5774054107626794e-30
4.4292925349298615	4.517977924603451	4.473635229766656	-2.554134461408359e-30
4.51797792460345	4.608437022070511	4.5632074733369805	-2.530920178846064e-30
4.608437022070511	4.700705301486913	4.654571161778712	-2.507766991716293e-30
4.700705301486913	4.794818946491643	4.747762123989277	-2.4845831394110827e-30
4.794818946491643	4.890814864396467	4.842816905444055	-2.4614400084018094e-30
4.890814864396468	4.988730700659389	4.939772782527928	-2.438318067505793e-30
4.988730700659389	5.088604853647568	5.038667777153478	-2.415230304363565e-30
5.088604853647569	5.190476489695512	5.13954067167154	-2.3922182350471514e-30
5.190476489695511	5.294385558464413	5.242431024079962	-2.3692036116335204e-30
5.294385558464413	5.400372808608692	5.347379183536552	-2.346237200862422e-30
5.400372808608693	5.508479803755858	5.454426306182276	-2.323319749762915e-30
5.508479803755859	5.618748938805967	5.563614371280913	-2.3004323699205383e-30
5.618748938805966	5.731223456557077	5.6749861976815215	-2.2775856139960305e-30
5.7312234565570765	5.845947464663209	5.788585460610143	-2.25480319139097e-30
5.845947464663211	5.962965952931467	5.904456708797339	-2.232108171153658e-30
5.962965952931466	6.082324810965086	6.022645381948276	-2.2094479361290783e-30
6.082324810965086	6.204070846159379	6.143197828562233	-2.18682858532869e-30
6.20407084615938	6.328251802057558	6.266161324108468	-2.164261566276998e-30
6.328251802057558	6.4549163770737	6.3915840895656295	-2.1417932720366717e-30
6.454916377073701	6.584114243590166	6.519515310331934	-2.1194628782059605e-30
6.584114243590165	6.71589606743696	6.650005155513563	-2.0971389250531358e-30
6.715896067436961	6.850313527760691	6.783104797598826	-2.0748609780284097e-30
6.85031352776069	6.987419337290895	6.9188664325257925	-2.052664913017833e-30
6.987419337290895	7.127267263011704	7.057343300151299	-2.0305542789816532e-30
7.127267263011705	7.269912147246929	7.198589705129317	-2.0085278700793954e-30
7.269912147246929	7.4154099291668585	7.342661038206893	-1.986581680483334e-30
7.415409929166858	7.5638176667251855	7.489613797946022	-1.9647304784283232e-30
7.5638176667251855	7.71519355903468	7.639505612879933	-1.942980558520435e-30
7.715193559034678	7.869596969190362	7.79239526411252	-1.9213386837820194e-30
7.869596969190363	8.027088447549161	7.948342708369762	-1.8997724506913824e-30
8.027088447549161	8.187729755475134	8.107409101512147	-1.8783063966517747e-30
8.187729755475134	8.351583889559627	8.26965682251738	-1.8569384150697814e-30
8.351583889559627	8.51871510632581	8.435149497942719	-1.835659137639055e-30
8.51871510632581	8.689188947427317	8.603952026876563	-1.8144835198945877e-30
8.689188947427317	8.863072265350853	8.776130606389085	-1.7934134835415705e-30
8.863072265350853	9.04043324963286	8.951752757491857	-1.7724508978135792e-30
9.04043324963286	9.221341453600507	9.130887351616684	-1.7515996264924627e-30
9.221341453600507	9.405867821647508	9.313604637624007	-1.7308748241249693e-30
9.405867821647508	9.594084717055448	9.499976269351478	-1.710279797263974e-30
9.594084717055447	9.786065950371546	9.690075333713496	-1.689764784255635e-30
9.786065950371546	9.981886808353966	9.883976379362757	-1.6693688083568017e-30
9.981886808353966	10.181624083496034	10.081755445925001	-1.6491008428331345e-30
10.181624083496034	10.385356104140945	10.28349009381849	-1.628959149298435e-30
10.385356104140945	10.593162765198754	10.48925943466985	-1.6089171429501888e-30
10.593162765198754	10.805125559477718	10.699144162338236	-1.588997594542349e-30
10.805125559477718	11.021327609642261	10.91322658455999	-1.5692112786442389e-30
11.021327609642261	11.241853700810095	11.131590655226178	-1.5495820275705914e-30
11.241853700810095	11.466790313801287	11.35432200730569	-1.5300528438779907e-30
11.466790313801285	11.696225659052299	11.581507986426793	-1.5106623530637641e-30
11.6962256590523	11.930249711208337	11.813237685130318	-1.4914061082855432e-30
11.930249711208337	12.168954244407493	12.049601977807914	-1.4722600479002743e-30
12.168954244407491	12.41243286827063	12.290693556339061	-1.4532425805075546e-30
12.41243286827063	12.660781064611031	12.53660696644083	-1.4343700341766051e-30
12.66078106461103	12.914096224878238	12.787438644744633	-1.4156198282355174e-30
12.91409622487824	13.172477688350792	13.043286956614516	-1.397035123558964e-30
13.172477688350792	13.436026781092796	13.304252234721794	-1.3785555649260108e-30
13.436026781092798	13.704846855689642	13.570436818391219	-1.3602132280618649e-30
13.70484685568964	13.97904333177842	13.84194509373403	-1.3420238095311529e-30
13.979043331778422	14.258723737388978	14.1188835345837	-1.3239554417143164e-30
14.258723737388976	14.543997751111744	14.401360744250361	-1.3060054310601404e-30
14.543997751111744	14.834977245108966	14.689487498110356	-1.288205367609387e-30
14.834977245108968	15.131776328986135	14.98337678704755	-1.2705263842448887e-30
15.131776328986136	15.434511394540847	15.283143861763492	-1.2530028295078503e-30
15.434511394540843	15.743301161406647	15.588906277973745	-1.2356237500267008e-30
15.743301161406647	16.058266723609766	15.900783942508205	-1.2183809024481085e-30
16.05826672360977	16.37953159705695	16.218899160333358	-1.2012786355327639e-30
16.37953159705695	16.707221767973074	16.54337668251501	-1.1843121458708613e-30
16.707221767973074	17.041465742307523	16.8743437551403	-1.167494550878959e-30
17.041465742307526	17.382394596128663	17.211930169218093	-1.15082709129862e-30
17.382394596128663	17.730142027026222	17.55626831157744	-1.1342866549553165e-30
17.730142027026222	18.084844406541734	17.907493216783976	-1.1178951123072e-30
18.08484440654173	18.44664083364755	18.265742620094642	-1.1016461168736865e-30
18.446640833647553	18.81567318929549	18.631157011471522	-1.085542525399069e-30
18.81567318929549	19.192086192056387	19.003879690675937	-1.0695751880857892e-30
19.192086192056387	19.5760274548725	19.38405682346444	-1.05374437248124e-30
19.5760274548725	19.967647542944935	19.771837498908717	-1.0380615712902254e-30
19.967647542944935	20.36710003277882	20.167373787861877	-1.0225025428625573e-30
20.367100032778815	20.774541572409376	20.570820802594096	-1.007093341990393e-30
20.77454157240938	21.19013194283255	20.982336757620963	-9.918036329387224e-31
21.19013194283255	21.614034120664186	21.40208303174837	-9.766649098149267e-31
21.61403412066419	22.046414342052458	21.830224231358322	-9.616652920793181e-31
22.046414342052458	22.48744216786849	22.266928254960476	-9.468261376947213e-31
22.48744216786849	22.937290550200846	22.712366359034668	-9.32113395219873e-31
22.937290550200842	23.396135900179843	23.166713225190342	-9.175413405988676e-31
23.396135900179846	23.86415815715843	23.630147028669136	-9.03104353954852e-31
23.86415815715842	24.341540859276574	24.102849508217496	-8.888196649257072e-31
24.341540859276574	24.828471215437087	24.58500603735683	-8.74662201779829e-31
24.82847121543709	25.325140178720815	25.076805697078953	-8.6063579651415e-31
25.32514017872082	25.83174252127022	25.57844134999552	-8.467494254294402e-31
25.831742521270215	26.348476910670602	26.090109715970407	-8.330092517471788e-31
26.348476910670605	26.875545987859	26.612011449264802	-8.194096388795724e-31
26.875545987858995	27.413156446591156	27.144351217225076	-8.059391981984347e-31
27.41315644659116	27.961519114497964	27.68733778054456	-7.926081336933684e-31
27.961519114497964	28.520849035762904	28.241184075130434	-7.794109656609153e-31
28.52084903576291	29.09136555545315	28.80610729560803	-7.663536204971659e-31
29.091365555453145	29.67329240553719	29.382328980495167	-7.534449456124993e-31
29.67329240553719	30.266857792622915	29.970075099080052	-7.406579513950266e-31
30.266857792622922	30.87229448745036	30.56957614003664	-7.280094037928232e-31
30.872294487450354	31.48983991617434	31.181067201812347	-7.154902204955301e-31
31.489839916174343	32.11973625347281	31.804788084823578	-7.031092102547195e-31
32.11973625347281	32.762230517517246	32.44098338549503	-6.908599443536179e-31
32.762230517517246	33.41757466684257	33.08990259217991	-6.787465815395954e-31
33.41757466684257	34.0860256991544	33.75180018299848	-6.667631932418419e-31
34.086025699154405	34.76784575211247	34.42693572563344	-6.54905747037506e-31
34.767845752112464	35.46330220612969	35.11557397912108	-6.431789546662243e-31
35.4633022061297	36.17266778922727	35.81798499767848	-6.315827106797393e-31
36.17266778922727	36.89622068398679	36.53444423660703	-6.201095309616342e-31
36.8962206839868	37.63424463664151	37.265232660314155	-6.087581878552956e-31
37.634244636641505	38.387029068349314	38.01063685249541	-5.9753394938629475e-31
38.387029068349314	39.15486918869128	38.7709491285203	-5.86443998737822e-31
39.15486918869128	39.93806611144008	39.54646765006568	-5.754706137042394e-31
39.93806611144008	40.73692697264386	40.33749654204197	-5.646172394583235e-31
40.736926972643865	41.55176505107172	41.14434601185779	-5.5389641999773845e-31
41.55176505107172	42.38289989106813	41.96733247106992	-5.433016555520932e-31
42.38289989106812	43.23065742786446	42.80677865946629	-5.3281819827998335e-31
43.23065742786446	44.09537011539672	43.66301377163059	-5.2245729851295425e-31
