-0.0	9.953897499377266e-5	4.976948749688633e-5	0.6871722640452557	1.663403151178511e11	0.6871722640452557	1.663403151178511e11
9.953897499377266e-5	0.0002010687294874207	0.00015030385224059668	2.1165623132778033	7.074242935588142e10	2.803734577323059	8.234072511629146e10
0.00020106872948742058	0.0003046290790709416	0.00025284890427918107	3.6314121615794925	4.304482591475476e10	6.435146738902551	5.434452191277769e10
0.0003046290790709413	0.00041026063564613265	0.000357444857358537	5.235709123360037	3.0648179742333496e10	11.670855862262588	4.034916488175258e10
0.0004102606356461331	0.0005180048233528283	0.0004641327294994807	6.933611108003765	2.3666030404499306e10	18.60446697026635	3.1954145726318882e10
0.0005180048233528287	0.0006279038948136577	0.0005729543590832433	8.729453629953868	1.919612751524141e10	27.333920600220218	2.6359294871174946e10
0.0006279038948136573	0.0007400009477037028	0.0006839524212586801	10.627757099982915	1.60921732867131e10	37.96167770020313	2.2364539518767998e10
0.000740000947703703	0.0008543399416515495	0.0007971704446776262	12.633234408744293	1.3812237631689531e10	50.594912108947426	1.9369843163377052e10
0.0008543399416515493	0.0009709657154783526	0.0009126528285649509	14.75079881403685	1.2067278605788008e10	65.34571092298428	1.7041852095824099e10
0.0009709657154783523	0.0010899240047816917	0.001030444860130022	16.985572143751572	1.0689171143445826e10	82.33128306673585	1.5180554005386808e10
0.0010899240047816917	0.0012112614598710977	0.0011505927323263946	19.342893326850216	9.573508767614437e9	101.67417639358607	1.3658668253415892e10
0.0012112614598710973	0.0013350256640622914	0.0012731435619666943	21.828327265236794	8.652047740640482e9	123.50250365882286	1.239134101016318e10
0.0013350256640622922	0.00146126515233731	0.0013981454081998012	24.44767405987009	7.878305738888565e9	147.95017771869294	1.1319827251553438e10
0.0014612651523373099	0.0015900294303778282	0.001525647291357569	27.20697860497097	7.21953197432626e9	175.1571563236639	1.0402166185928314e10
0.0015900294303778277	0.0017213689939791564	0.001655699212178492	30.11254056469107	6.651987197477764e9	205.26969688835499	9.607586510107302e9
0.0017213689939791568	0.0018553353488525118	0.0017883521714158342	33.17092474720557	6.15804472962625e9	238.44062163556055	8.913009694441204e9
0.0018553353488525112	0.0019919810308233333	0.0019236581898379223	36.38897189167818	5.724342618647496e9	274.8295935272387	8.300787402565351e9
0.0019919810308233333	0.002131359626433572	0.0020616703286284524	39.77380988423674	5.340567731584342e9	314.6034034114755	7.757193104581386e9
0.0021313596264335728	0.002273525793956016	0.0022024427101947942	43.33286541964496	4.998633306805348e9	357.93626883112046	7.27139002293095e9
0.0022735257939560153	0.0024185352848289073	0.002346030539392461	47.073876125880616	4.6921090572899685e9	405.0101449570011	6.834708694516696e9
0.002418535284828908	0.002566444965519258	0.002492490125174083	51.00490316988872	4.415817770675401e9	456.01504812688984	6.44013094365856e9
0.002566444965519257	0.002717312839823414	0.0026418789026713355	55.13434436276993	4.1655443013458e9	511.14939248965976	6.081914589706526e9
0.002717312839823413	0.0028711980716136527	0.002794255455718533	59.47094778415597	3.937822048815739e9	570.6203402738157	5.755316057025632e9
0.002871198071613654	0.0030281610080396984	0.002949679539826676	64.0238259455945	3.7297738778646975e9	634.6441662194102	5.45638233249336e9
0.003028161008039698	0.0031882632031942633	0.0031082121056169804	68.80247051392064	3.53899194818804e9	703.4466367333308	5.181792853206192e9
0.003188263203194263	0.0033515674422519193	0.0032699153227230913	73.81676761617739	3.3634457867574663e9	777.2634043495082	4.928737881646291e9
0.0033515674422519197	0.0035181377660907292	0.0034348526041713245	79.07701374858124	3.2014111517421384e9	856.3404180980895	4.694823908596737e9
0.0035181377660907292	0.003688039496406315	0.003603088631248522	84.59393231276879	3.0514144016300683e9	940.9343504108582	4.477999326867887e9
0.0036880394964063155	0.003861339261328213	0.0037746893788672643	90.37869080345487	2.9121885652945385e9	1031.313041214313	4.2764954828802266e9
0.003861339261328213	0.004038105021548549	0.003949722141438381	96.44291867257742	2.782638339257578e9	1127.7559598868904	4.088779517937262e9
0.004038105021548548	0.00421840609697329	0.004128255559260919	102.79872589585781	2.661811965178557e9	1230.5546857827483	3.9135163370001245e9
0.00421840609697329	0.004402313193906526	0.004310359645439908	109.4587222688224	2.548878459956754e9	1340.0134080515707	3.749537708323094e9
0.004402313193906526	0.004589898432778427	0.004496105813342477	116.43603745997639	2.443109046509719e9	1456.449445511547	3.5958169813425984e9
0.004589898432778428	0.004781235376427767	0.004685566904603098	123.74434185041899	2.343861908154673e9	1580.193787361966	3.451448266120832e9
0.0047812353764277666	0.0049763990589500925	0.00487881721768893	131.39786818952996	2.2505695927176337e9	1711.591655551496	3.3156291820324593e9
0.004976399058950093	0.005175466015122866	0.0050759325370364795	139.41143409838676	2.1627285442557564e9	1851.0030896498827	3.187646481675437e9
0.005175466015122865	0.005378514310419092	0.005276990162770979	147.80046545246532	2.0798903546089952e9	1998.803555102348	3.0668640060437956e9
0.005378514310419092	0.005585623571621245	0.005482068941020169	156.5810206779539	2.0016544139571254e9	2155.384575780302	2.9527125415200477e9
0.005585623571621245	0.00579687501804744	0.0056912492948343425	165.76981599547906	1.9276617061526308e9	2321.154391775781	2.844681237334257e9
0.005796875018047441	0.00601235149340216	0.0059046132557248	175.38425164788183	1.8575895460801103e9	2496.5386434236625	2.742310310408411e9
0.00601235149340216	0.006232137498263974	0.006122244495833067	185.44243914881474	1.7911470963024607e9	2681.981082572477	2.6451848177882643e9
0.006232137498263972	0.006456319223223022	0.006344228360743497	195.96322959096247	1.728071531617036e9	2877.9443121634395	2.5529293187313786e9
0.006456319223223021	0.006684984582681251	0.006570651902952136	206.96624305404538	1.6681247448595152e9	3084.9105552174847	2.4652032816236806e9
0.006684984582681254	0.006918223249328648	0.0068016039160049505	218.47189915360102	1.6110905068943355e9	3303.3824543710857	2.3816971172287593e9
0.006918223249328647	0.00715612668930899	0.007037174969318818	230.50144877376658	1.5567720093810744e9	3533.8839031448524	2.302128740840367e9
0.00715612668930899	0.007398788198088939	0.007277457443698964	243.0770070285507	1.50498973145267e9	3776.960910173403	2.2262405828527675e9
0.007398788198088939	0.007646302937044488	0.0075225455675667135	256.2215874974569	1.4555795815632408e9	4033.18249767086	2.1537969809632196e9
0.007646302937044487	0.007898767970779146	0.007772535453911817	269.95913778321886	1.4083912739703078e9	4303.141635454079	2.08458189835174e9
0.007898767970779147	0.0081562823051885	0.008027525137983823	284.3145764412457	1.3632869060004797e9	4587.4562118953245	2.0183969212699962e9
0.0081562823051885	0.00841894692628604	0.008287614615737269	299.31383133150035	1.3201397077129443e9	4886.770043226825	1.9550594969218683e9
0.00841894692628604	0.00868686483980553	0.008552905883045785	314.98387944619685	1.2788329400743268e9	5201.753922673021	1.8944013786544185e9
0.008686864839805528	0.008960141111595408	0.008823502975700469	331.3527882675504	1.2392589214634187e9	5533.106710940572	1.8362672505519445e9
0.008960141111595408	0.009238882908821085	0.009099512010208246	348.4497587132124	1.2013181654039068e9	5881.556469653785	1.780513507738436e9
0.009238882908821085	0.009523199541991274	0.00938104122540618	366.3051697271918	1.1649186149728966e9	6247.861639380977	1.7270071722038097e9
0.009523199541991274	0.009813202507824869	0.009668201024908072	369.35517881720847	1.084196458733271e9	6617.216818198185	1.6716851021942031e9
0.00981320250782487	0.010109005532975137	0.009961104020400003	400.6127193734503	1.0860889481299298e9	7017.829537571635	1.6217686577063463e9
0.010109005532975134	0.010410724618628405	0.01025986507580177	444.14621602466553	1.112752869446506e9	7461.975753596301	1.5787826600176172e9
0.010410724618628405	0.010718478085994741	0.010564601352311572	445.96267200224526	1.0331152013064743e9	7907.938425598546	1.5331169904597769e9
0.010718478085994743	0.011032386622708406	0.010875432354351573	468.1105427034831	1.003257044983858e9	8376.04896830203	1.4891628019517663e9
0.011032386622708406	0.011352573330156341	0.011192479976432374	491.22658642767664	9.745102969984094e8	8867.275554729706	1.4468338061411388e9
0.011352573330156343	0.011679163771753237	0.01151586855095479	515.3508284092761	9.468193812935716e8	9382.626383138982	1.4060493647703948e9
0.011679163771753237	0.01201228602218207	0.011845724896967653	540.5248956398201	9.201323306181505e8	9923.151278778803	1.366734034192805e9
0.012012286022182067	0.012352070717619476	0.012182178369900772	566.7920792729336	8.944004979875488e8	10489.943358051736	1.3288171532685525e9
0.01235207071761948	0.012698651106965636	0.012525360912292557	594.1973993866326	8.695782954048496e8	11084.140757438368	1.292232469896508e9
0.012698651106965634	0.013052163104098714	0.012875407105532175	622.7876721869443	8.456229568821175e8	11706.928429625314	1.2569178020207732e9
0.013052163104098714	0.013412745341174455	0.013232454222636584	652.6115797407448	8.224943231657495e8	12359.540009366057	1.222814729455467e9
0.013412745341174457	0.013780539222991713	0.013596642282083085	683.7197423291761	8.001546458824909e8	13043.259751695234	1.189868313307953e9
0.013780539222991713	0.014155688982445314	0.013968114102718514	716.1647935144007	7.78568409091313e8	13759.424545209635	1.158026840159348e9
0.014155688982445312	0.014538341737087986	0.014347015359766648	750.00145801727	7.577021664636334e8	14509.426003226905	1.1272415884906795e9
0.014538341737087988	0.014928647546823513	0.01473349464195575	785.2866325060309	7.375243925182843e8	15294.712635732936	1.0974666151300993e9
0.014928647546823513	0.01532675947275375	0.01512770350978863	822.0794693976461	7.180053465141872e8	16116.792105130582	1.0686585597470859e9
0.01532675947275375	0.01573283363720259	0.01552979655497817	860.4414637806392	6.991169477642498e8	16977.233568911222	1.0407764656391081e9
0.01573283363720259	0.01614702928494041	0.015939931461071498	900.436543567518	6.808326612659045e8	17877.67011247874	1.0137816152483445e9
0.016147029284940405	0.016569508845632977	0.01635826906528669	942.1311629904992	6.631273926663917e8	18819.80127546924	9.87637379015009e8
0.016569508845632984	0.01700043799753941	0.016784973421586198	985.5943995594246	6.45977391687089e8	19805.395675028663	9.623090763225452e8
0.017000437997539405	0.01743998573248396	0.017220211865011683	1030.898054599297	6.293601632203261e8	20836.29372962796	9.377638474208349e8
0.01743998573248396	0.017888324422127407	0.017664155077305684	1078.1167574945423	6.132543853985964e8	21914.410487122503	9.139705353293759e8
0.017888324422127403	0.018345629885563715	0.01811697715384556	1127.3280737683233	5.976398340063157e8	23041.738560890826	8.908995768248134e8
0.01834562988556372	0.018812081458268758	0.018578855671916236	1178.6126171258927	5.824973126667227e8	24220.351178016717	8.685229017076898e8
0.018812081458268758	0.0192878620624279	0.01904997176034833	1232.0541656048968	5.678085882991147e8	25452.405343621613	8.468138396241237e8
0.019287862062427896	0.019773158278670218	0.019530510170549055	1287.7397819643204	5.535563313834517e8	26740.145125585932	8.257470337892663e8
0.019773158278670218	0.020268160419237388	0.020020659348953803	1345.759938464799	5.39724060623649e8	28085.905064050734	8.052983610234557e8
0.020268160419237388	0.0207730626026159	0.020520611510926642	1406.2086461862718	5.262960916346039e8	29492.113710237005	7.854448575686178e8
0.0207730626026159	0.02128806282966198	0.021030562716138942	1469.1835890329055	5.132574893143944e8	30961.29729926991	7.661646502030822e8
0.02128806282966198	0.021813363061248984	0.021550712945455484	1492.3673741771584	4.8675845408379936e8	32453.66467344707	7.464612225792614e8
0.021813363061248984	0.022349169297467726	0.022081266179358357	1595.937757179972	4.861038565786535e8	34049.60243062704	7.281808944614294e8
0.02234916929746773	0.022895691658410846	0.022622430477939288	1723.9039601854372	4.9045099652994055e8	35773.50639081248	7.115601168924159e8
0.022895691658410842	0.02345314446657282	0.023174418062491833	1748.4358562118737	4.647218767862087e8	37521.94224702435	6.943740228980249e8
0.02345314446657282	0.024021746330898038	0.02373744539873543	1825.6457873646552	4.5342937599751717e8	39347.58803438901	6.776661251224843e8
0.024021746330898045	0.02460172023250977	0.024311733281703905	1906.053322580953	4.42450092320377e8	41253.641356969965	6.614198934834304e8
0.02460172023250977	0.025193293612153726	0.024897506922331746	1989.7860360877082	4.3177325423730314e8	43243.427393057675	6.456195225636097e8
0.025193293612153722	0.02579669845939056	0.02549499603577214	2076.976435790557	4.213885598853896e8	45320.40382884823	6.302498923398808e8
0.02579669845939056	0.026412171403572132	0.026104434931481346	2167.7621471718685	4.112861517477183e8	47488.1659760201	6.152965314451994e8
0.026412171403572136	0.02703995380663734	0.02672606260510474	2262.286103675371	4.0145659296819925e8	49750.452079695475	6.007455827749169e8
0.02703995380663734	0.027680291857763845	0.027360122832200594	2360.6967437823855	3.918908451692626e8	52111.14882347786	5.865837712645962e8
0.027680291857763845	0.028333436669912882	0.028006864263838364	2463.148214997209	3.82580247663028e8	54574.297038475066	5.727983736810061e8
0.028333436669912882	0.0289996443783049	0.028666540524108892	2569.800584956497	3.7351649795426506e8	57144.09762343156	5.593771902809737e8
0.028999644378304903	0.02967917624086476	0.029339410309584833	2680.8200598878484	3.64691633442635e8	59824.91768331941	5.463085182046502e8
0.02967917624086476	0.030372298740675815	0.03002573749077029	2796.3792106441824	3.560980142386219e8	62621.29689396359	5.335811264805107e8
0.030372298740675818	0.031079283690483094	0.030725791215579456	2916.6572065549763	3.477283070156574e8	65537.95410051856	5.2118423252927756e8
0.031079283690483087	0.03180040833928651	0.031439846014884795	3041.840057322636	3.3957546982468396e8	68579.7941578412	5.0910748006279314e8
0.03180040833928651	0.032535955481066	0.03216818191017626	3172.120863228516	3.3163273780711323e8	71751.91502106971	4.973409182821741e8
0.032535955481066005	0.03328621356568108	0.032911084523373546	3307.7000738793135	3.238936097422431e8	75059.61509494903	4.85874982286844e8
0.03328621356568108	0.03405147681198846	0.03366884518883477	3448.7857557632674	3.163518353743131e8	78508.40085071229	4.7470047461294574e8
0.03405147681198846	0.03483204532322199	0.03444176106760523	3595.593868879651	3.0900140346685666e8	82103.99471959194	4.638085478258418e8
0.03483204532322199	0.03562822520468019	0.03523013526395109	3748.3485527030934	3.0183653053543836e8	85852.34327229502	4.5319068809705055e8
0.03562822520468018	0.036440328683767544	0.03603427694422386	3907.282421758189	2.9485165021443945e8	89759.62569405322	4.428386997011905e8
0.036440328683767544	0.037268674232436655	0.036854501458102096	4072.6368710909464	2.880414032171309e8	93832.26256514416	4.327446903733118e8
0.037268674232436655	0.03811358669207914	0.0376911304622579	4244.66239190857	2.814006278497343e8	98076.92495705273	4.2290105747131264e8
0.03811358669207915	0.03897539740091449	0.03854449204649682	4423.618897692273	2.749243510451007e8	102500.543854745	4.1330047489221424e8
0.038975397400914484	0.03985444432392653	0.0394149208624205	4609.776061059315	2.6860777988187414e8	107110.31991580431	4.039358806947013e8
0.03985444432392653	0.040751072185398814	0.040302758254662674	4803.413661704914	2.624462935604701e8	111913.73357750922	3.948004653838338e8
0.040751072185398814	0.04166563260410055	0.04120835239474968	5004.821945692087	2.5643543580519986e8	116918.55552320131	3.858876608168315e8
0.04166563260410054	0.042598484231176306	0.042132058417638424	5214.301996428723	2.5057090766798928e8	122132.85751963005	3.7719112969181424e8
0.04259848423117632	0.0435499928907936	0.04307423856098496	5432.16611763585	2.44848560708432e8	127565.0236372659	3.6870475558399725e8
0.043549992890793594	0.04452053172360322	0.04403526230719841	5658.73822862604	2.3926439052738908e8	133223.76186589192	3.6042263349629384e8
0.044520531723603214	0.04551048133306903	0.04501550652833612	5894.35427221705	2.338145306329183e8	139118.11613810898	3.52339060893524e8
0.045510481333069036	0.04652022993472417	0.0460153556338966	6139.3626356100285	2.284952466188079e8	145257.478773719	3.4444852919154584e8
0.04652022993472417	0.047550173508412404	0.04703520172156829	6394.124584562262	2.2330293063717332e8	151651.60335828125	3.3674571567453206e8
0.04755017350841241	0.04860071595357441	0.048075444730993414	6659.01471119276	2.182340961479612e8	158310.618069474	3.2922547581540805e8
0.04860071595357442	0.04967226924763966	0.04913649260060704	6934.421395751815	2.132853729290505e8	165245.03946522583	3.2188283597611624e8
0.04967226924763965	0.05076525360758619	0.05021876142761292	7220.747282697856	2.0845350233203924e8	172465.78674792367	3.147129864658962e8
0.0507652536075862	0.05188009765473167	0.051322675631158936	7518.409771449997	2.0373533277035382e8	179984.19651937368	3.077112749372403e8
0.051880097654731665	0.05301723858282005	0.052448668118775854	7827.841522100351	1.9912781542472997e8	187812.03804147404	3.008732001003839e8
0.05301723858282006	0.05417712232947021	0.05359718045614513	8149.490976518496	1.946280001562744e8	195961.52901799252	2.941944057385643e8
0.0541771223294702	0.055360203751053355	0.054768663040261775	8483.822895101848	1.9023303161294386e8	204445.35191309438	2.87670675007255e8
0.055360203751053355	0.05656694680106817	0.05596357527606076	8831.318909616459	1.8594014552121997e8	213276.67082271085	2.8129792500178975e8
0.05656694680106818	0.057797824712083286	0.057182385756575735	9192.47809239814	1.817466651508256e8	222469.148915109	2.750722015786474e8
0.05779782471208328	0.059053320181318696	0.05842557244670099	9567.817542290559	1.7764999794386855e8	232036.96645739954	2.689896744166284e8
0.0590533201813187	0.06033392555993882	0.059693622870628765	9957.872987703679	1.7364763230015147e8	241994.83944510325	2.6304663230504403e8
0.06033392555993882	0.06164014304613134	0.06098703430303508	10363.19940705429	1.6973713450868988e8	252358.03885215754	2.5723947864672646e8
0.06164014304613134	0.06297248488204772	0.06230631396408953	10490.310014993374	1.6139204581205916e8	262848.3488671509	2.5128360357400092e8
0.06297248488204771	0.06433147355468241	0.06365197921836506	11173.885188576047	1.6148722894287997e8	274022.23405572696	2.4571218589028993e8
0.06433147355468241	0.06571764200076981	0.06502455777772612	12018.818215512532	1.6317913733147848e8	286041.0522712395	2.405990127977123e8
0.06571764200076981	0.06713153381577895	0.06642458790827438	12149.024393664262	1.5496771340875226e8	298190.0766649038	2.3530159295565477e8
0.06713153381577895	0.06857370346708827	0.0678526186414336	12639.749809352625	1.5148257753355536e8	310829.8264742564	2.3012365404920942e8
0.06857370346708827	0.07004471651142379	0.06930920998925602	13149.517347025589	1.4807618777543935e8	323979.343821282	2.2506220340412888e8
0.07004471651142379	0.071545149816646	0.0707949331640349	13679.03564278199	1.4474658057258236e8	337658.37946406397	2.2011433662022245e8
0.071545149816646	0.07307559178797267	0.07231037080230934	14229.038213814383	1.4149185015727326e8	351887.41767787834	2.1527723443511608e8
0.07307559178797267	0.07463664259872586	0.07385611719334927	14800.284250424971	1.3831014651021326e8	366687.70192830334	2.105481597215093e8
0.07463664259872586	0.07622891442569413	0.07543277851221	15393.559428598946	1.3519967340160328e8	382081.2613569023	2.0592445461130574e8
0.07622891442569411	0.07785303168920174	0.07704097305744792	16009.676743370792	1.3215868651455314e8	398090.9381002731	2.0140353774035755e8
0.07785303168920174	0.07950963129797951	0.07868133149359063	16649.477363245314	1.291854916469649e8	414740.4154635184	1.9698290160792643e8
0.07950963129797951	0.08119936289893284	0.08035449709845618	17313.83150588236	1.262784429879349e8	432054.2469694008	1.9266011004528508e8
0.08119936289893284	0.08292288913190524	0.08206112601541904	18003.639335229163	1.2343594146494207e8	450057.88630462997	1.884327957881812e8
0.08292288913190525	0.0846808858895371	0.08380188751072118	18719.831880331978	1.2065643315877712e8	468777.71818496194	1.842986581481999e8
0.08468088588953708	0.08647404258232155	0.08557746423592932	19463.371975927883	1.1793840778256094e8	488241.09016088984	1.8025546077830535e8
0.08647404258232155	0.08830306240896171	0.08738855249564163	20235.255225004345	1.1528039722216013e8	508476.3453858942	1.763010295281159e8
0.08830306240896173	0.0901686626321347	0.08923586252054821	21036.51098340383	1.1268097413490503e8	529512.856369298	1.7243325038469985e8
0.09016866263213469	0.09207157485977112	0.09112011874595291	21868.203366529833	1.1013875060376915e8	551381.0597358277	1.6865006749489042e8
0.09207157485977113	0.09401254533196028	0.09304206009586571	22731.43227827992	1.0765237684484695e8	574112.4920141076	1.6494948126536003e8
0.09401254533196027	0.09599233521359321	0.09500244027277674	23627.33446213463	1.0522053996520479e8	597739.8264762423	1.6132954653686452e8
0.09599233521359321	0.09801172089285881	0.09700202805322601	24557.084574426	1.0284196276904665e8	622296.9110506682	1.577883708292674e8
0.0980117208928588	0.1000714942857097	0.09904160758928425	25521.89627974424	1.0051540261002974e8	647818.8073304124	1.5432411265413776e8
0.10007149428570972	0.10217246314641765	0.10112197871606368	26523.023368297418	9.82396502873093e7	674341.8306987098	1.5093497989185593e8
0.10217246314641763	0.10431545138433972	0.10324395726537867	27561.76089521989	9.601352898390375e7	701903.5915939297	1.4761922823035777e8
0.10431545138433973	0.10650129938702026	0.10540837538567999	26667.217014301914	8.737397011991213e7	728570.8086082316	1.4398539354464793e8
0.10650129938702026	0.10873086434975439	0.10761608186838732	29323.57546513956	9.036849351721485e7	757894.3840733712	1.4075426340048176e8
0.10873086434975437	0.1110050206117432	0.10986794248074878	33323.34481867652	9.659639787398702e7	791217.7288920477	1.3809550268464345e8
0.1110050206117432	0.11332465999897179	0.11216484030535749	32120.226371078686	8.758289489858484e7	823337.9552631263	1.3505673703793266e8
0.11332465999897177	0.11569069217394494	0.11450767608645836	33367.96864592852	8.558834044823672e7	856705.9239090548	1.3208329738018629e8
0.11569069217394495	0.11810404499241757	0.11689736858318125	34662.02474812678	8.363698154898246e7	891367.9486571818	1.2917369658025652e8
0.11810404499241758	0.12056566486725966	0.11933485492983861	36004.012270255036	8.172784149484338e7	927371.9609274368	1.263264858972632e8
0.12056566486725963	0.12307651713959854	0.12182109100342908	37395.599937084015	7.985996877394287e7	964767.5608645208	1.2354025382427758e8
0.12307651713959855	0.12563758645738424	0.1243570517984914	38838.50892646039	7.803243631042944e7	1.0036060697909812e6	1.2081362497333144e8
0.12563758645738424	0.12824987716152564	0.12694373180945495	40334.51420764737	7.624434073351222e7	1.0439405839986287e6	1.1814525900002596e8
0.12824987716152564	0.13091441367974987	0.12958214542063776	41885.44589599031	7.449480167187089e7	1.085826029894619e6	1.1553384956605645e8
0.13091441367974987	0.13363224092833859	0.13227332730404423	43493.190623366296	7.278296107314456e7	1.1293192205179853e6	1.1297812333810185e8
0.13363224092833859	0.13640442472189906	0.13501833282511883	45159.69292314731	7.110798254691271e7	1.1744789134411325e6	1.1047683902156335e8
0.13640442472189906	0.13923205219133075	0.1378182384566149	46886.95662867604	6.946905073040439e7	1.2213658700698086e6	1.0802878642772308e8
0.1392320521913308	0.14211623221015113	0.14067414220074098	48677.046284090306	6.786537067602508e7	1.2700429163538988e6	1.0563278557296078e8
0.1421162322101511	0.14505809582934784	0.14358716401974947	50532.08856609499	6.629616725965401e7	1.320575004919994e6	1.032876858087219e8
0.14505809582934784	0.1480587967209285	0.14655844627513817	52454.27371550734	6.476068460917729e7	1.3730292786355012e6	1.009923649810056e8
0.1480587967209285	0.1511195116303408	0.14958915417563465	54445.85697675647	6.325818555200128e7	1.4274751356122575e6	9.874572861817804e7
0.1511195116303408	0.1542414408379413	0.15268047623414105	56509.16004403069	6.1787951081208184e7	1.4839842956562883e6	9.654670914598913e7
0.1542414408379413	0.15742580862969385	0.15583362473381757	58646.57251213717	6.034927983932847e7	1.5426308681684255e6	9.43942651287099e7
0.15742580862969385	0.16067386377728143	0.15904983620348764	59996.637515712944	5.810481295053382e7	1.6026275056841385e6	9.223765870557088e7
0.16067386377728143	0.16398688002782077	0.16233037190255112	63068.8234532505	5.748660450090541e7	1.665696329137389e6	9.017370412037589e7
0.16398688002782077	0.1673661566033709	0.16567651831559582	66477.1359325749	5.702978355869608e7	1.732173465069964e6	8.820634828555486e7
0.1673661566033709	0.17081301871043203	0.16908958765690146	67987.56623548082	5.4896790241899736e7	1.800161031305445e6	8.623028931892718e7
0.170813018710432	0.17432881805963435	0.1725709183850332	68676.26081378397	5.2194225055888705e7	1.8688372921192287e6	8.421226053676869e7
0.17432881805963435	0.17791493339582073	0.17612187572772753	72881.26710302393	5.213629781767074e7	1.9417185592222526e6	8.231149035931976e7
0.17791493339582073	0.18157277103873085	0.1797438522172758	78045.58333906964	5.255220755034102e7	2.0197641425613223e6	8.054895006792393e7
0.18157277103873087	0.1853037654344992	0.18343826823661502	78724.11986353145	4.9897466838952504e7	2.0984882624248536e6	7.873452320079826e7
0.18530376543449914	0.1891093797181828	0.187206572576341	81647.97067025099	4.87139810194369e7	2.180136233095105e6	7.695836156954838e7
0.18910937971818284	0.19299110628754018	0.1910502430028615	82914.80333910491	4.656795235378583e7	2.26305103643421e6	7.516122540050562e7
0.19299110628754018	0.19695046738828467	0.1949707868379124	87580.04858299189	4.630375295049448e7	2.350631085017202e6	7.345558441802898e7
0.19695046738828464	0.20098901571104402	0.19896974154966435	89804.30826744855	4.469645123044032e7	2.4404353932846505e6	7.175658065043843e7
0.20098901571104408	0.20510833500025866	0.20304867535565135	92021.02815689736	4.311580960343755e7	2.532456421441548e6	7.006537389534844e7
0.20510833500025863	0.2093100406752575	0.20720918783775805	101449.45210204356	4.474879207551378e7	2.6339058735435917e6	6.857115349466042e7
0.2093100406752575	0.21359578046375632	0.2114529105695069	103465.31740297624	4.296520908754591e7	2.737371190946568e6	6.706054456857051e7
0.21359578046375632	0.21796723504802512	0.21578150775589072	105159.54023623581	4.111208891554292e7	2.8425307311828034e6	6.5530414337984726e7
0.21796723504802512	0.2224261187239793	0.2201966768860022	108995.18292690923	4.0117599393618256e7	2.9515259141097125e6	6.4032526891016155e7
0.22242611872397927	0.22697418007345255	0.2247001493987159	112961.18283662321	3.914456795253458e7	3.0644870969463354e6	6.256620596726342e7
0.22697418007345255	0.23161320264991528	0.22929369136168393	117061.48465102619	3.819254966042741e7	3.1815485815973617e6	6.1130790856416404e7
0.23161320264991528	0.23634500567790726	0.23397910416391127	121300.12713306058	3.7261109747125186e7	3.3028487087304224e6	5.972563599555716e7
0.23634500567790728	0.2411714447664591	0.2387582252221832	125681.2440316538	3.6349823337120116e7	3.428529952762076e6	5.835011057823064e7
0.24117144476645908	0.24609441263678192	0.2436329287016205	130209.06492113498	3.54582751902556e7	3.5587390176832112e6	5.700359817487547e7
0.24609441263678195	0.25111583986451125	0.2486051262506466	134887.91596599217	3.458605944980114e7	3.6936269336492033e6	5.5685496364217095e7
0.25111583986451125	0.25623769563679516	0.2536767677506532	139722.2206060192	3.373277939776889e7	3.8333491542552225e6	5.439521637524975e7
0.2562376956367951	0.2614619885245247	0.25884984208065986	139285.7791457291	3.1663494722921435e7	3.972634933400952e6	5.305964847625987e7
0.2614619885245247	0.26679076727000883	0.2641263778972668	148722.7231414567	3.1834753702045694e7	4.1213576565424083e6	5.181306782105584e7
0.26679076727000883	0.27222612159040266	0.2695084444302057	161786.93375302895	3.260965809099582e7	4.283144590295437e6	5.068561714745131e7
0.2722261215904027	0.2777701829972044	0.27499815229380353	159100.67948545623	3.019672733720963e7	4.442245269780893e6	4.9483117107092835e7
0.2777701829972044	0.28342512563214217	0.2805976543146733	166263.46286641725	2.9715016969967328e7	4.60850873264731e6	4.83233197398519e7
0.28342512563214217	0.28919316711977866	0.2863091463759604	173981.6568036844	2.928060796141906e7	4.782490389450994e6	4.7206457842755385e7
0.28919316711977866	0.29507656943716787	0.29213486827847324	178307.2835376067	2.825850627977109e7	4.960797672988601e6	4.6095521021366194e7
0.2950765694371678	0.3010776398009048	0.2980771046190363	184556.28692017327	2.7543451047807798e7	5.145353959908774e6	4.500814751898253e7
0.30107763980090485	0.3071987315719166	0.3041381856864107	191004.9984253059	2.6844135155297726e7	5.33635895833408e6	4.3943856883667655e7
0.30719873157191663	0.3134422451783486	0.3103204883751326	197658.8302496816	2.6160241226377312e7	5.534017788583763e6	4.290217924249182e7
0.31344224517834857	0.31981062905690916	0.31662643711762883	204523.2924648399	2.5491458741930358e7	5.738541081048603e6	4.1882655038866214e7
0.3198106290569092	0.326306380613041	0.3230585048349751	211603.99228046945	2.4837483864552908e7	5.950145073329072e6	4.088483477694122e7
0.326306380613041	0.33293204720029546	0.32961921390666826	218906.63314693308	2.4198019268100042e7	6.169051706476006e6	3.990827877283936e7
0.3329320472002955	0.33969022711929503	0.33631113715979527	213866.36723796523	2.2264131878822315e7	6.382918073713971e6	3.88759937532522e7
0.33969022711929503	0.34658357063667455	0.3431368988779848	231996.69030713922	2.274534634686023e7	6.614914764021111e6	3.793252285471321e7
0.3465835706366745	0.35361478102440164	0.35009917583053807	249360.1647083767	2.30245072668401e7	6.864274928729488e6	3.706080341772091e7
0.35361478102440164	0.3607866156198833	0.35720069832214246	236011.08595537904	2.0523578490918804e7	7.100286014684866e6	3.609408033778881e7
0.3607866156198833	0.3681018869072746	0.36444425126357893	265339.69874824147	2.173127170174458e7	7.365625713433107e6	3.525469046751762e7
0.36810188690727463	0.37556346362041376	0.3718326752638442	283392.28644097305	2.185938185812383e7	7.6490179998740805e6	3.4472046475568935e7
0.3755634636204137	0.3831742718678156	0.37936886774411466	276738.19512843096	2.0104372271493904e7	7.925756195002511e6	3.3632804057256676e7
0.38317427186781555	0.3909372962801655	0.38705578407399055	279666.5207943517	1.9135419241147097e7	8.205422715796863e6	3.2786196306207612e7
0.39093729628016555	0.3988555811807625	0.394896438730464	281048.7802305102	1.811172151084441e7	8.486471496027373e6	3.192945657086262e7
0.3988555811807624	0.40693223177937127	0.40289390648006684	301853.09688114224	1.832139486018373e7	8.788324592908515e6	3.113516767498451e7
0.40693223177937127	0.4151704153899523	0.4110513235846618	330094.71858971665	1.8870812779603362e7	9.118419311498232e6	3.0419477798491307e7
0.4151704153899523	0.4235733626727449	0.4193718890313486	336093.4124559645	1.8096947885210626e7	9.454512723954197e6	2.970055871157257e7
0.423573362672745	0.43214436890119345	0.4278588657869692	336798.971457709	1.708100766762511e7	9.791311695411906e6	2.896447706454153e7
0.4321443689011934	0.4408867952542109	0.43651558207770214	347857.85878280853	1.6616744960198725e7	1.0139169554194715e7	2.8244409615032144e7
0.4408867952542108	0.44980407013428864	0.44534543269424975	359234.61190407054	1.6163210920241768e7	1.0498404166098785e7	2.7540038061130524e7
0.4498040701342887	0.45889969051196805	0.45435188032312834	370936.19643385755	1.5720192555956831e7	1.0869340362532642e7	2.685105070936621e7
0.4588996905119681	0.468177223297201	0.46353845690458456	371279.82251380885	1.4820844383709071e7	1.1240620185046451e7	2.614994739146851e7
0.4681772232972011	0.4776403067381387	0.4729087650176699	393341.8397847679	1.4789666914548192e7	1.1633962024831219e7	2.54880216195935e7
0.47764030673813856	0.4872926518478949	0.4824664792930167	391889.14253351744	1.3879433836071841e7	1.2025851167364735e7	2.481176321821501e7
0.48729265184789494	0.4971380438598464	0.49221534785387067	416767.9334058739	1.3903579906722156e7	1.244261910077061e7	2.4176431583824705e7
0.49713804385984633	0.5071803437120368	0.5021591937859415	468788.6352425628	1.4731152157067532e7	1.2911407736013172e7	2.362641052287952e7
0.5071803437120368	0.517423489561271	0.5123019166366539	448362.95383101207	1.327150184126188e7	1.3359770689844184e7	2.3023533277750004e7
0.5174234895612712	0.5278714983274901	0.5226474939443806	462536.9856055187	1.2896470414587589e7	1.3822307675449703e7	2.2434030500410624e7
0.5278714983274901	0.5385284672690335	0.5331999827982619	460444.1504330904	1.2093128990263846e7	1.4282751825882792e7	2.18321890845739e7
0.5385284672690335	0.5493985755894076	0.5439635214292206	488825.37011786934	1.2093611049587106e7	1.4771577196000662e7	2.1265503594268415e7
0.5493985755894077	0.5604860860761894	0.5549423308327985	527241.0565238873	1.22872631507152e7	1.529881825252455e7	2.0743152898701057e7
0.5604860860761894	0.5717953467727067	0.5661407164244481	523124.6417931654	1.1484124092963966e7	1.5821942894317714e7	2.0204557948905017e7
0.5717953467727067	0.5833307926831544	0.5775630697279306	539280.5034299168	1.115211398811943e7	1.6361223397747632e7	1.967806804417867e7
0.5833307926831544	0.595096947511811	0.5892138700974827	545505.4882746137	1.0626600319713416e7	1.6906728886022247e7	1.9151721218779232e7
0.5950969475118111	0.6070984254370408	0.601097686474426	571705.6559358303	1.0491156225240733e7	1.747843454195808e7	1.8648186487945363e7
0.6070984254370407	0.619339932920775	0.6132191791789079	601780.6771926348	1.0402736332353823e7	1.8080215219150715e7	1.8168862503411952e7
0.619339932920775	0.631826270554184	0.6255831017374796	587401.5280453153	9.56545643228679e6	1.866761674719603e7	1.7668807072717104e7
0.631826270554184	0.6445623349402613	0.6381943027472227	622580.7095304463	9.550591971915407e6	1.9290197456726477e7	1.7197023796239186e7
0.6445623349402613	0.65755312061406	0.6510577277771606	669884.2710124428	9.68057365766289e6	1.996008172773892e7	1.676027639565664e7
0.65755312061406	0.6708037220013348	0.6641784213076973	664470.4249870321	9.045785277081879e6	2.0624552152725954e7	1.631208690971655e7
0.6708037220013346	0.6843193354163548	0.6775615287088448	684166.8069781902	8.77413871767752e6	2.1308718959704142e7	1.5874216488058528e7
0.6843193354163548	0.6981052610996754	0.6912122982580151	704336.5944164178	8.509364884263512e6	2.201305555412056e7	1.5446460828107849e7
0.6981052610996754	0.7121669052966624	0.7051360831981689	686783.8281762847	7.816526804290798e6	2.2699839382296845e7	1.5003369706336208e7
0.7121669052966624	0.7265097823775891	0.7193383438371257	730403.1853111391	7.831333312550747e6	2.3430242567607984e7	1.4586925881962648e7
0.7265097823775891	0.7411395170001344	0.7338246496888617	810670.611342642	8.18840172012008e6	2.4240913178950626e7	1.4215444901757903e7
0.7411395170001344	0.7560618463151305	0.7486006816576325	800881.8684279759	7.620915753944376e6	2.5041795047378603e7	1.3832633806946952e7
0.7560618463151304	0.7712826222164265	0.7636722342657785	794193.3308581618	7.119527993078096e6	2.5835988378236767e7	1.3442988653995335e7
0.7712826222164265	0.7868078136357485	0.7790452179260875	833326.1850412469	7.037663474580326e6	2.6669314563278012e7	1.3071253944944609e7
0.7868078136357485	0.8026435088834569	0.7947256612596028	879963.9515420279	7.001144476233056e6	2.754927851482004e7	1.2719016386729214e7
0.8026435088834569	0.8187959180361195	0.8107197134597882	883498.1470367337	6.622205280230497e6	2.843277666185677e7	1.2365271535378862e7
0.8187959180361196	0.8352713753718355	0.8270336467039776	908207.939132036	6.413236145976249e6	2.9340984600988805e7	1.201996709554696e7
0.8352713753718353	0.8520763418542654	0.8436738586130503	933450.3696766131	6.209836607709761e6	3.0274434970665418e7	1.1682933794403456e7
0.8520763418542654	0.8692174076663441	0.8606468747603048	928182.6423971506	5.817299295416133e6	3.1202617613062568e7	1.134271901457894e7
0.8692174076663441	0.8867012947946644	0.8779593512305043	980115.0225600193	5.787167033997703e6	3.2182732635622587e7	1.1020524897405455e7
0.8867012947946645	0.9045348596655512	0.8956180772301079	1.0489074106164973e6	5.83484163195169e6	3.3231640046239085e7	1.071981374673806e7
0.9045348596655511	0.9227250958338555	0.9136299777497033	1.0153372425063174e6	5.321169419070526e6	3.42469772887454e7	1.040678635728611e7
0.9227250958338556	0.9412791367255261	0.9320021162796909	1.0646236375341972e6	5.256535370343669e6	3.53116009262796e7	1.0108192410084087e7
0.9412791367255261	0.96020425843503	0.950741697580278	1.1240509545018063e6	5.2287518396573225e6	3.6435651880781405e7	9.82532786928365e6
0.9602042584350299	0.9795078825787238	0.9698560705068768	1.125448626252582e6	4.932283650582967e6	3.756110050703399e7	9.541702969024511e6
0.9795078825787238	0.9991975792052916	0.9893527308920077	1.1395969321692865e6	4.705282843389373e6	3.870069743920328e7	9.261387653093964e6
0.9991975792052917	1.0192810697643908	1.0092393244848412	1.1840596562608469e6	4.605978046513895e6	3.9884757095464125e7	8.991589399674479e6
1.0192810697643908	1.039766230134672	1.0295236499495313	1.2329394289292165e6	4.5186169329309985e6	4.111769652439334e7	8.732388379207464e6
1.039766230134672	1.0606610937123586	1.0502136619235154	1.2475188042994002e6	4.30752734975904e6	4.236521532869274e7	8.475998919567492e6
1.0606610937123588	1.0819738545615993	1.071317474136979	1.2502808389103573e6	4.0673102310124794e6	4.36154961676031e7	8.220569567952474e6
1.0819738545615993	1.1037128706278245	1.0928433625947118	1.2801970064650276e6	3.923710000636378e6	4.489569317406812e7	7.971641346764869e6
1.1037128706278245	1.1258866670153744	1.1147997688215994	1.3737434708881022e6	3.966867221588119e6	4.626943664495622e7	7.739654497916729e6
1.1258866670153742	1.148503939330675	1.1371953031730246	1.3997071537168182e6	3.808050166608501e6	4.766914379867304e7	7.511925545022054e6
1.1485039393306753	1.171573557092282	1.1600387482114787	1.4126675767834878e6	3.6210157147612185e6	4.908181137545653e7	7.28657249405546e6
1.171573557092282	1.195104567209121	1.1833390621507016	1.4597192617176021e6	3.525219727908398e6	5.054153063717413e7	7.068740891840916e6
1.195104567209121	1.2191061975282966	1.2071053823687088	1.4833270544115049e6	3.375061030407011e6	5.202485769158564e7	6.854845557031775e6
1.2191061975282966	1.2435878604538557	1.2313470289910762	1.5193330309541316e6	3.2570690215548035e6	5.354419072253977e7	6.646520182312873e6
1.243587860453856	1.2685591566379264	1.2560735085458912	1.5559179319951574e6	3.1426160214103176e6	5.510010865453493e7	6.443645990870344e6
1.268559156637926	1.2940298787456777	1.2812945176918018	1.5930805327855833e6	3.0316172650325657e6	5.6693189187320516e7	6.246106233526265e6
1.2940298787456779	1.3200100152955847	1.3070199470206312	1.6134696117112057e6	2.8928823141379002e6	5.830665879903172e7	6.051985335840065e6
1.3200100152955847	1.3465097545764897	1.3332598849360373	1.647239342435132e6	2.782667524220803e6	5.995389814146685e7	5.86273554582225e6
1.3465097545764895	1.3735394886430126	1.360024621609751	1.7247195049739922e6	2.745105255507196e6	6.167861764644084e7	5.6822792545542745e6
1.3735394886430126	1.401109817390866	1.3873246530169392	1.716014459367709e6	2.5733486679721656e6	6.339463210580855e7	5.5023390552022485e6
1.401109817390866	1.4292315527136765	1.4151706850522712	1.7198999999500238e6	2.43007276263399e6	6.511453210575857e7	5.324533068614989e6
1.4292315527136763	1.457915722742943	1.4435736377283095	1.8787512449641773e6	2.501064864795984e6	6.6993283350722745e7	5.161137091646456e6
1.4579157227429431	1.487173576172795	1.4725446494578691	1.9081123678114035e6	2.3933179133407185e6	6.890139571853414e7	5.000972069193999e6
1.487173576172795	1.5170165866712442	1.5020950814220195	1.9086279402295751e6	2.2555873389624683e6	7.081002365876372e7	4.842115475580236e6
1.5170165866712444	1.5474564573796623	1.5322365220254532	1.9874131897293746e6	2.212939787174364e6	7.27974368484931e7	4.689992694599796e6
1.5474564573796623	1.5785051255022486	1.5629807914409555	1.9959270175479222e6	2.093969033129046e6	7.479336386604102e7	4.539797357426079e6
1.5785051255022486	1.6101747669872868	1.5943399462447676	2.0392494602459366e6	2.0157710806408639e6	7.683261332628696e7	4.393776343841478e6
1.6101747669872866	1.6424778013020254	1.626326284144656	2.0831035920775793e6	1.940117553763541e6	7.891571691836454e7	4.25183469153637e6
1.6424778013020256	1.6754268963030592	1.6589523488025424	2.0304751752436424e6	1.7818134381079446e6	8.094619209360819e7	4.1089548085603276e6
1.6754268963030592	1.7090349732041135	1.6922309347535864	2.1228825379582886e6	1.7552496861088334e6	8.306907463156648e7	3.9728110758677763e6
1.709034973204113	1.7433152116431883	1.7261750924236505	2.322093385368573e6	1.8090143789913263e6	8.539116801693505e7	3.847659089325126e6
1.7433152116431885	1.7782810548510453	1.7607981332471168	2.3059028178087897e6	1.6925975995643921e6	8.769707083474384e7	3.723019178022727e6
1.7782810548510457	1.8139462149230596	1.7961136348870528	2.276666023087356e6	1.574575158141689e6	8.99737368578312e7	3.5987686775976787e6
1.8139462149230594	1.8503246781965137	1.8321354465597866	2.283802001431347e6	1.488246306395484e6	9.225753885926254e7	3.4767177279030946e6
1.8503246781965135	1.8874307107354367	1.868877694465975	2.433322399588795e6	1.494064135884947e6	9.469086125885133e7	3.362067322908802e6
1.887430710735437	1.9252788639251386	1.9063547873302877	2.5299097125697704e6	1.4636213687673993e6	9.722077097142111e7	3.252291935056143e6
1.9252788639251386	1.9638839801786343	1.9445814220518864	2.500514665343475e6	1.363038581700786e6	9.972128563676459e7	3.143053525891758e6
1.9638839801786343	2.0032611987571998	1.983572589467917	2.520933628401062e6	1.2947802088830827e6	1.0224221926516564e8	3.0361898261337727e6
2.0032611987571998	2.0434259617073365	2.023343580232268	2.5577617602288243e6	1.2378028706736395e6	1.0479998102539447e8	2.9322154271343476e6
2.0434259617073365	2.084394019916476	2.063909990811906	2.6314917972337375e6	1.1999164588684165e6	1.074314728226282e8	2.832066617414648e6
2.084394019916476	2.1261814392897986	2.1052877296031376	2.736060232722028e6	1.1755282259283108e6	1.1016753305535023e8	2.7363021229002695e6
2.126181439289799	2.1688046070505878	2.1474930231701936	2.796174103307297e6	1.131959377814482e6	1.1296370715865752e8	2.643559231517069e6
2.1688046070505878	2.2122802381665925	2.19054242260859	2.737327788061081e6	1.0441273092292775e6	1.157010349467186e8	2.551104299854158e6
2.212280238166592	2.2566253819049167	2.234452810035754	2.8435031293525267e6	1.0219770684990023e6	1.1854453807607113e8	2.4627171424906375e6
2.256625381904917	2.3018574285180082	2.2792414052114625	2.971304495808539e6	1.0062274313739734e6	1.2151584257187967e8	2.378532173516942e6
2.3018574285180082	2.347994116063361	2.3249257722906846	2.879072859835838e6	918679.3315724996	1.243949154317155e8	2.2941563222584003e6
2.347994116063361	2.395053537359621	2.371523826711491	2.996719076177813e6	900990.7883744807	1.2739163450789332e8	2.2136381112973737e6
2.395053537359621	2.4430541470818063	2.4190538422207135	3.143759577392319e6	890609.6333444979	1.3053539408528565e8	2.13717653583873e6
2.4430541470818063	2.4920147689984353	2.467534458040121	3.111966283978148e6	830686.959461738	1.336473603692638e8	2.0616737467983875e6
2.4920147689984353	2.5419546033533966	2.516984686175916	3.0979685256260755e6	779192.2888890017	1.3674532889488986e8	1.9875612456741154e6
2.5419546033533966	2.5928932343954574	2.567423918874427	3.211460892979838e6	761090.1347636345	1.399567897878697e8	1.9166881577446305e6
2.5928932343954574	2.6448506380583594	2.6188719362269084	3.347088807769327e6	747424.2114924784	1.4330387859563902e8	1.8491233462959258e6
2.644850638058359	2.6978471897945187	2.6713489139264386	3.22629372946725e6	678845.5110292641	1.4653017232510626e8	1.7815023939092613e6
2.697847189794519	2.751903672565402	2.7248754311799606	3.2393406690853434e6	642231.2380955204	1.4976951299419162e8	1.715675402405703e6
2.7519036725654016	2.807041284991702	2.779472478778552	3.3842135251275734e6	632209.3845196478	1.5315372651931918e8	1.6530750031008136e6
2.8070412849917026	2.863281649666529	2.835161467329116	3.62586687425239e6	638240.0106387973	1.5677959339357156e8	1.5944419589165922e6
2.8632816496665288	2.920646821634852	2.8919642356506903	3.567002575461246e6	591623.1827823843	1.6034659596903285e8	1.5365050984911092e6
2.920646821634852	2.9791592970425413	2.9499030593386966	3.496067394205496e6	546376.149088192	1.6384266336323836e8	1.4793032537150707e6
2.979159297042542	3.038842021958385	3.0090006595004635	3.6121671726428457e6	531925.1567201567	1.6745483053588122e8	1.4245729734925102e6
3.038842021958385	3.099718401372545	3.069280211665465	3.5876783088819096e6	497814.45135200536	1.7104250884476313e8	1.3710355767723545e6
3.099718401372545	3.1618123083749885	3.130765354873767	3.810972322406722e6	498266.4769258173	1.7485348116716984e8	1.320618620789129e6
3.161812308374988	3.2251480935174803	3.193480200946234	3.892973439619309e6	479600.61004887795	1.7874645460678914e8	1.272037288970642e6
3.2251480935174803	3.2897505943628222	3.2574493439401513	3.822143499689005e6	443688.54651385604	1.8256859810647815e8	1.224189215505557e6
3.2897505943628227	3.3556451452250715	3.322697869793947	4.086125405861072e6	446947.3693781341	1.8665472351233923e8	1.1792945453094693e6
3.355645145225072	3.422857587104566	3.389251366164819	3.8722501627147687e6	399100.32041074027	1.90526973675054e8	1.1342306258525848e6
3.422857587104566	3.4914142778216495	3.4571359324631077	3.91044319660845e6	379768.6650034916	1.9443741687166247e8	1.0906542165306523e6
3.491414277821649	3.5613421023530742	3.5263781900873616	4.355271871440333e6	398550.52372493286	1.987926887431028e8	1.0506806074088176e6
3.5613421023530742	3.632668483375128	3.597005292864101	4.1550278316388703e6	358275.8210043245	2.0294771657474166e8	1.0106906822608089e6
3.6326684833751277	3.7054213920176227	3.669044937696375	4.1512577040013894e6	337286.67039753596	2.0709897427874306e8	971799.1733510167
3.705421392017622	3.779629358832967	3.7425253754252945	4.341768262085243e6	332401.141694623	2.114407425408283e8	934872.5856613881
3.7796293588329672	3.8553214849846187	3.817475421908793	4.441351487587497e6	320396.56306862755	2.158820940284158e8	899386.1947932276
3.855321484984619	3.932527453659304	3.8939244693219615	4.324804159475118e6	293979.083745222	2.2020689818789092e8	864424.406955124
3.9325274536593033	4.011277541707481	3.9719024976833923	4.289951367534188e6	274776.8069314142	2.2449684955542505e8	830373.5468582014
4.011277541707481	4.091602631516623	4.051440086612052	4.405900202904979e6	265913.5722760468	2.2890274975833002e8	797777.9943991002
4.091602631516623	4.173534223121948	4.132568427319285	4.681936272736841e6	266262.4418560532	2.3358468603106686e8	767085.5825052575
4.173534223121948	4.257104446559379	4.215319334840663	4.651172559327504e6	249244.64670723502	2.3823585859039438e8	737183.4979136363
4.257104446559379	4.342346074465558	4.299725260512469	4.6451645537814405e6	234554.55305891964	2.4288102314417583e8	708160.4630914887
4.342346074465559	4.429292534929862	4.38581930469771	4.779441066931916e6	227404.8103306095	2.4766046421110773e8	680401.0576185832
4.4292925349298615	4.517977924603451	4.473635229766656	4.494327583373822e6	201496.4594071269	2.5215479179448155e8	652749.1314421679
4.51797792460345	4.608437022070511	4.5632074733369805	4.7990990611093035e6	202741.63662423095	2.5695389085559085e8	626766.2726225177
4.608437022070511	4.700705301486913	4.654571161778712	5.048991844275702e6	200987.39104116664	2.6200288269986656e8	602182.8533182256
4.700705301486913	4.794818946491643	4.747762123989277	4.881245275217812e6	183094.81642349894	2.6688412797508436e8	577986.2392342153
4.794818946491643	4.890814864396467	4.842816905444055	5.104025220976438e6	180401.38286197183	2.719881531960608e8	555031.5982904163
4.890814864396468	4.988730700659389	4.939772782527928	4.925130998113559e6	164031.33498421937	2.7691328419417435e8	532457.561664767
4.988730700659389	5.088604853647568	5.038667777153478	4.98503015925162e6	156444.08566612317	2.81898314353426e8	510749.18952847575
5.088604853647569	5.190476489695512	5.13954067167154	5.31575522610065e6	157195.0973424387	2.872140695795266e8	490337.84787665395
5.190476489695511	5.294385558464413	5.242431024079962	5.1947613379743155e6	144751.34734544082	2.924088309175009e8	470386.85794530244
5.294385558464413	5.400372808608692	5.347379183536552	5.32969610642432e6	139940.29292072737	2.9773852702392524e8	451310.2534901749
5.400372808608693	5.508479803755858	5.454426306182276	5.470886682737534e6	135357.30079195186	3.0320941370666283e8	433070.68503893836
5.508479803755859	5.618748938805967	5.563614371280913	5.416941330335478e6	126287.98762566458	3.0862635503699833e8	415360.81149324897
5.618748938805966	5.731223456557077	5.6749861976815215	5.287575303288349e6	116157.89322786081	3.139139303402867e8	398088.79556787177
5.7312234565570765	5.845947464663209	5.788585460610143	5.404011336749568e6	111864.6740661888	3.193179416770362e8	381566.27934266225
5.845947464663211	5.962965952931467	5.904456708797339	5.691452864381615e6	111015.7751754088	3.2500939454141784e8	365948.7907630652
5.962965952931466	6.082324810965086	6.022645381948276	5.75759829665026e6	105824.94294966197	3.3076699283806807e8	350933.4202888855
6.082324810965086	6.204070846159379	6.143197828562233	5.6741841667221915e6	98273.29564758384	3.3644117700479025e8	336349.11461421516
6.20407084615938	6.328251802057558	6.266161324108468	5.258212799490604e6	85813.56379941621	3.416993898042809e8	321887.6687380988
6.328251802057558	6.4549163770737	6.3915840895656295	5.605785440680426e6	86206.53906709893	3.473051752449613e8	308283.8573439272
6.454916377073701	6.584114243590166	6.519515310331934	6.254854242617432e6	90637.34091110587	3.5356002948757875e8	295721.2126955633
6.584114243590165	6.71589606743696	6.650005155513563	6.017463235341778e6	82165.57360595379	3.5957749272292054e8	283394.8742240845
6.715896067436961	6.850313527760691	6.783104797598826	5.865180993396987e6	75464.8309149728	3.6544267371631753e8	271393.41363704496
6.85031352776069	6.987419337290895	6.9188664325257925	5.908414039701352e6	71634.31217808402	3.713510877560189e8	259863.7305410057
6.987419337290895	7.127267263011704	7.057343300151299	6.032981462170549e6	68923.82939802733	3.773840692181894e8	248843.22436118047
7.127267263011705	7.269912147246929	7.198589705129317	6.059191058049592e6	65228.82108462805	3.8344326027623904e8	238245.66724933687
7.269912147246929	7.4154099291668585	7.342661038206893	6.039843196501941e6	61268.64229464357	3.89483103472741e8	228031.3299341389
7.415409929166858	7.5638176667251855	7.489613797946022	6.015375842106929e6	57499.398462556586	3.954984793148478e8	218189.10210036105
7.5638176667251855	7.71519355903468	7.639505612879933	6.185216397649263e6	55711.33945668259	4.016836957124971e8	208811.838148235
7.715193559034678	7.869596969190362	7.79239526411252	6.34302618955233e6	53836.100599190446	4.080267219020494e8	199867.65800288637
7.869596969190363	8.027088447549161	7.948342708369762	6.275488103204636e6	50189.539331060645	4.1430221000525403e8	191229.3265760325
8.027088447549161	8.187729755475134	8.107409101512147	6.405026944160617e6	48269.797935748546	4.207072369494147e8	182978.8415800775
8.187729755475134	8.351583889559627	8.26965682251738	6.46407928679353e6	45903.96762479044	4.271713162362082e8	175068.06439224794
8.351583889559627	8.51871510632581	8.435149497942719	6.431022335569547e6	43034.10775654446	4.3360233857177776e8	167448.29266868462
8.51871510632581	8.689188947427317	8.603952026876563	6.4769542665707385e6	40840.68821733368	4.400792928383485e8	160141.7615622608
8.689188947427317	8.863072265350853	8.776130606389085	6.522464431376328e6	38754.62815488393	4.4660175726972485e8	153136.581218363
8.863072265350853	9.04043324963286	8.951752757491857	6.500893796575858e6	36397.768014005225	4.531026510663007e8	146399.72542142763
9.04043324963286	9.221341453600507	9.130887351616684	6.392620312144808e6	33726.44827041025	4.594952713784455e8	139897.55559761316
9.221341453600507	9.405867821647508	9.313604637624007	6.710736128872721e6	33361.99876800708	4.662060075073182e8	133749.64622350983
9.405867821647508	9.594084717055448	9.499976269351478	6.93214516002632e6	32474.309988436686	4.731381526673445e8	127905.35089839798
9.594084717055447	9.786065950371546	9.690075333713496	6.702445035353424e6	29586.67133826241	4.7984059770269793e8	122231.73191559323
9.786065950371546	9.981886808353966	9.883976379362757	6.6606836864003e6	27705.908367113876	4.865012813890982e8	116777.03839394375
9.981886808353966	10.181624083496034	10.081755445925001	6.864348516897236e6	26905.670450404457	4.933656299059955e8	111590.98391517306
10.181624083496034	10.385356104140945	10.28349009381849	7.002455693465611e6	25863.419267408095	5.0036808559946114e8	106644.095337274
10.385356104140945	10.593162765198754	10.48925943466985	6.875416469178152e6	23929.070158642407	5.072435020686393e8	101871.08859218056
10.593162765198754	10.805125559477718	10.699144162338236	6.708506764246091e6	22001.083991324274	5.139520088328854e8	97262.29318488589
10.805125559477718	11.021327609642261	10.91322658455999	6.93026997800528e6	21417.0639291503	5.208822788108907e8	92885.78098436577
11.021327609642261	11.241853700810095	11.131590655226178	7.131269912689793e6	20766.742220616383	5.280135487235805e8	88724.31800733753
11.241853700810095	11.466790313801287	11.35432200730569	6.931147336634988e6	19019.473857247947	5.349446960602155e8	84702.194793919
11.466790313801285	11.696225659052299	11.581507986426793	7.165498502748673e6	18528.13887283143	5.421101945629642e8	80883.83770126014
11.6962256590523	11.930249711208337	11.813237685130318	7.323826762969168e6	17844.961558940417	5.494340213259333e8	77246.4156355713
11.930249711208337	12.168954244407493	12.049601977807914	7.076497251830251e6	16247.562109090915	5.565105185777636e8	73726.73365042532
12.168954244407491	12.41243286827063	12.290693556339061	7.235225290208834e6	15653.605068633698	5.637457438679724e8	70375.89464442646
12.41243286827063	12.660781064611031	12.53660696644083	7.152867204757293e6	14582.603403692077	5.708986110727297e8	67156.62782835397
12.66078106461103	12.914096224878238	12.787438644744633	7.2110370680834595e6	13853.048480550831	5.781096481408131e8	64081.04035488712
12.91409622487824	13.172477688350792	13.043286956614516	7.529182299790923e6	13629.762710127103	5.856388304406041e8	61170.05069794942
13.172477688350792	13.436026781092796	13.304252234721794	7.218975875665216e6	12314.280990536388	5.928578063162693e8	58351.140768736164
13.436026781092798	13.704846855689642	13.570436818391219	7.347184940472435e6	11809.936280100803	6.002049912567418e8	55665.7971507756
13.70484685568964	13.97904333177842	13.84194509373403	7.689854250778745e6	11647.639748262402	6.078948455075206e8	53126.04652999824
13.979043331778422	14.258723737388978	14.1188835345837	7.548684789540761e6	10774.186119090007	6.154435302970612e8	50682.45429324748
14.258723737388976	14.543997751111744	14.401360744250361	7.564968857170864e6	10174.5171577334	6.23008499154232e8	48345.26731553258
14.543997751111744	14.834977245108966	14.689487498110356	7.546841444051195e6	9564.570857132558	6.305553405982832e8	46107.751682578804
14.834977245108968	15.131776328986135	14.98337678704755	7.397610789207536e6	8834.570805068788	6.379529513874907e8	43957.22849093917
15.131776328986136	15.434511394540847	15.283143861763492	7.614575998572308e6	8569.066853490174	6.455675273860631e8	41915.476769966954
15.434511394540843	15.743301161406647	15.588906277973745	7.664516172694596e6	8127.6779935079085	6.532320435587577e8	39966.07150152979
15.743301161406647	16.058266723609766	15.900783942508205	7.690282384425568e6	7684.543599315905	6.609223259431832e8	38103.582660343396
16.05826672360977	16.37953159705695	16.218899160333358	7.674755302759738e6	7226.607766692944	6.68597081245943e8	36322.140382133795
16.37953159705695	16.707221767973074	16.54337668251501	7.56480588213113e6	6712.155246598608	6.76161887128074e8	34613.80685864442
16.707221767973074	17.041465742307523	16.8743437551403	7.81117077105451e6	6530.92503005616	6.839730578991286e8	32993.58808597322
17.041465742307526	17.382394596128663	17.211930169218093	7.920257770953774e6	6240.111412537833	6.918933156700823e8	31450.076914826444
17.382394596128663	17.730142027026222	17.55626831157744	7.695679347031316e6	5713.398961600854	6.995889950171137e8	29965.23695189493
17.730142027026222	18.084844406541734	17.907493216783976	7.770388899393145e6	5436.069490750501	7.073593839165069e8	28550.070174683973
18.08484440654173	18.44664083364755	18.265742620094642	7.912958510608179e6	5216.460036887589	7.152723424271151e8	27203.886075830433
18.446640833647553	18.81567318929549	18.631157011471522	8.018289510249218e6	4980.965954003585	7.232906319373643e8	25921.787575732003
18.81567318929549	19.192086192056387	19.003879690675937	7.940457133390934e6	4648.06594672416	7.312310890707552e8	24694.457064061073
19.192086192056387	19.5760274548725	19.38405682346444	8.083889112576748e6	4459.04800450633	7.39314978183332e8	23527.03503989504
19.5760274548725	19.967647542944935	19.771837498908717	8.056104804207431e6	4187.376579815916	7.473710829875394e8	22411.29614713586
19.967647542944935	20.36710003277882	20.167373787861877	8.14541706249973e6	3989.563997177628	7.555165000500392e8	21348.51912832276
20.367100032778815	20.774541572409376	20.570820802594096	8.21773310066089e6	3792.795472191921	7.637342331507001e8	20335.70817947597
20.77454157240938	21.19013194283255	20.982336757620963	8.033729231190235e6	3493.9762324901935	7.717679623818903e8	19364.09275062297
21.19013194283255	21.614034120664186	21.40208303174837	7.929385818228391e6	3249.658700614008	7.796973482001187e8	18434.440021457653
21.61403412066419	22.046414342052458	21.830224231358322	8.049378243241294e6	3108.5371445237124	7.8774672644336e8	17550.282108506584
22.046414342052458	22.48744216786849	22.266928254960476	8.285750778776654e6	3015.235196999456	7.960324772221366e8	16711.75265397186
22.48744216786849	22.937290550200846	22.712366359034668	8.240002585405272e6	2825.6108778231455	8.042724798075418e8	15910.662060503293
22.937290550200842	23.396135900179843	23.166713225190342	8.137118982964801e6	2629.3683142428185	8.124095987905066e8	15144.468305001896
23.396135900179846	23.86415815715843	23.630147028669136	8.189882238265464e6	2493.757629843443	8.205994810287721e8	14414.65567714155
23.86415815715842	24.341540859276574	24.102849508217496	8.493753320739867e6	2437.0931348547456	8.29093234349512e8	13723.679369277312
24.341540859276574	24.828471215437087	24.58500603735683	8.391860560480325e6	2268.9593200511845	8.374850949099923e8	13062.86803690879
24.82847121543709	25.325140178720815	25.076805697078953	8.230633508557234e6	2096.996722024426	8.457157284185495e8	12430.260335995039
25.32514017872082	25.83174252127022	25.57844134999552	8.177000925557378e6	1963.155220320063	8.538927293441069e8	11826.428127802123
25.831742521270215	26.348476910670602	26.090109715970407	8.382035959814454e6	1896.29667239248	8.622747653039213e8	11253.575277551308
26.348476910670605	26.875545987859	26.612011449264802	8.445713329618687e6	1800.4842864128605	8.707204786335399e8	10708.244082109835
26.875545987858995	27.413156446591156	27.144351217225076	8.399502252162496e6	1687.3409627582023	8.791199808857024e8	10187.846851547118
27.41315644659116	27.961519114497964	27.68733778054456	8.42643432001114e6	1595.1058253174813	8.875464152057135e8	9692.151135756436
27.961519114497964	28.520849035762904	28.241184075130434	8.189596558068934e6	1460.8465262815535	8.957360117637825e8	9217.307490547902
28.52084903576291	29.09136555545315	28.80610729560803	8.465650099096984e6	1422.9802819661384	9.042016618628795e8	8767.673501088928
29.091365555453145	29.67329240553719	29.382328980495167	8.632177091303717e6	1367.2736731823863	9.128338389541832e8	8340.765537450132
29.67329240553719	30.266857792622915	29.970075099080052	8.475392244476005e6	1265.0028872839166	9.213092311986592e8	7932.586282774342
30.266857792622922	30.87229448745036	30.56957614003664	8.521351152219439e6	1198.4966624524257	9.298305823508786e8	7544.118335144641
30.872294487450354	31.48983991617434	31.181067201812347	8.488709874746485e6	1125.0369057184587	9.38319292225625e8	7173.823343174191
31.489839916174343	32.11973625347281	31.804788084823578	8.485358658730183e6	1059.7222400611843	9.468046508843552e8	6821.122701178392
32.11973625347281	32.762230517517246	32.44098338549503	8.477300828092722e6	997.6455269526878	9.552819517124479e8	6485.188115505855
32.762230517517246	33.41757466684257	33.08990259217991	8.674813011867829e6	962.0013000224957	9.639567647243158e8	6166.577086154777
33.41757466684257	34.0860256991544	33.75180018299848	8.708276253062878e6	910.0068420275672	9.726650409773786e8	5863.34699127918
34.086025699154405	34.76784575211247	34.42693572563344	8.56326109909438e6	843.2349903874265	9.81228302076473e8	5573.758020618575
34.767845752112464	35.46330220612969	35.11557397912108	8.6444029201998e6	802.1239012492084	9.898727049966727e8	5298.503442470869
35.4633022061297	36.17266778922727	35.81798499767848	8.827575307449775e6	771.8714155930354	9.987002803041226e8	5037.38266144458
36.17266778922727	36.89622068398679	36.53444423660703	8.772511383306054e6	722.8107212655314	1.0074727916874288e9	4788.495319000984
36.8962206839868	37.63424463664151	37.265232660314155	8.520058930090236e6	661.5160849070927	1.015992850617519e9	4550.429933827657
37.634244636641505	38.387029068349314	38.01063685249541	8.700617538905231e6	636.5684331880599	1.0246934681564243e9	4324.658849354427
38.387029068349314	39.15486918869128	38.7709491285203	8.973003216432251e6	618.6287485541267	1.0336664713728565e9	4110.877051068305
39.15486918869128	39.93806611144008	39.54646765006568	8.693862854694622e6	564.8099754580151	1.0423603342275511e9	3906.3231959882396
39.93806611144008	40.73692697264386	40.33749654204197	8.540719680082036e6	522.8551412380093	1.0509010539076332e9	3711.1492859517334
40.736926972643865	41.55176505107172	41.14434601185779	8.862641147893656e6	511.26664846777277	1.0597636950555269e9	3526.5658557717966
41.55176505107172	42.38289989106813	41.96733247106992	8.948973574804869e6	486.46875176615686	1.0687126686303318e9	3351.199967949365
42.38289989106812	43.23065742786446	42.80677865946629	8.844692281141972e6	453.06646294335275	1.0775573609114738e9	3184.0235289636253
43.23065742786446	44.09537011539672	43.66301377163059	8.88882860949596e6	429.06315815414365	1.0864461895209696e9	3025.106265695388
