-0.0	9.953897499377266e-5	4.976948749688633e-5	0.0038966786433644	9.432492947758838e8	0.0038966786433644	9.432492947758838e8
9.953897499377264e-5	0.0002010687294874207	0.00015030385224059668	0.026138476509131668	8.736333044945956e8	0.03003515515249607	8.820793787827514e8
0.00020106872948742055	0.0003046290790709416	0.00025284890427918107	0.0694810761577007	8.235916757730929e8	0.09951623131019677	8.404100531880565e8
0.0003046290790709413	0.0004102606356461327	0.000357444857358537	0.13414876688760424	7.85264311464494e8	0.233664998197801	8.078402861493038e8
0.000410260635646133	0.0005180048233528283	0.00046413272949948065	0.2204478939196206	7.524400314415131e8	0.4541128921174216	7.799626591888578e8
0.0005180048233528285	0.0006279038948136576	0.000572954359083243	0.33172826989585386	7.294727069149777e8	0.7858411620132755	7.578209951794409e8
0.000627903894813658	0.0007400009477037037	0.0006839524212586809	0.46860604963523866	7.095466788514047e8	1.2544472116485141	7.390383128133268e8
0.0007400009477037037	0.0008543399416515503	0.000797170444677627	0.6323705873481414	6.913869038714179e8	1.8868177989966557	7.223525710596145e8
0.0008543399416515499	0.0009709657154783534	0.0009126528285649516	0.8234186749207191	6.73619285622795e8	2.7102364739173748	7.068168435361217e8
0.0009709657154783537	0.0010899240047816932	0.0010304448601300233	1.0500704039866933	6.608186151097708e8	3.760306877904068	6.93339633618722e8
0.0010899240047816928	0.001211261459871099	0.001150592732326396	1.3085806199696703	6.476646397579e8	5.068887497873739	6.809423513728313e8
0.0012112614598710993	0.0013350256640622935	0.0012731435619666963	1.6040613050812056	6.357983743710397e8	6.672948802954944	6.695150439152045e8
0.0013350256640622929	0.0014612651523373112	0.001398145408199802	1.9395191049519498	6.250134249093498e8	8.612467907906893	6.589491843154166e8
0.0014612651523373112	0.0015900294303778297	0.0015256472913575704	2.3199290444286853	6.156068322618092e8	10.932396952335578	6.492490075517789e8
0.0015900294303778312	0.00172136899397916	0.0016556992121784958	2.741118285404244	6.055245887376752e8	13.673515237739823	6.399847738621936e8
0.0017213689939791588	0.0018553353488525142	0.0017883521714158364	3.218937365451036	5.975823836500834e8	16.892452603190858	6.314469102720772e8
0.001855335348852515	0.0019919810308233377	0.0019236581898379264	3.7469564432615936	5.894330436767075e8	20.63940904645245	6.233802714270092e8
0.0019919810308233377	0.0021313596264335767	0.002061670328628457	4.32935387208199	5.813173959232426e8	24.968762918534445	6.156561354431825e8
0.0021313596264335767	0.0022735257939560205	0.0022024427101947986	4.97738604694724	5.741629923189685e8	29.946148965481683	6.083488815589793e8
0.00227352579395602	0.0024185352848289125	0.0023460305393924663	5.698498861511855	5.680003501210719e8	35.644647826993534	6.015177334434459e8
0.002418535284828912	0.0025664449655192624	0.0024924901251740872	6.485739432754446	5.615115736566076e8	42.13038725974798	5.949917919908676e8
0.002566444965519263	0.0027173128398234204	0.0026418789026713416	7.343542440661308	5.548238891554424e8	49.473929700409286	5.886658954820514e8
0.0027173128398234204	0.002871198071613661	0.002794255455718541	8.294655440633157	5.492240883733858e8	57.76858514104244	5.826579289030429e8
0.002871198071613661	0.003028161008039706	0.0029496795398266835	9.329815182221324	5.435179862809916e8	67.09840032326377	5.768815748254222e8
0.003028161008039706	0.0031882632031942724	0.003108212105616989	10.472587603608424	5.386783778115199e8	77.57098792687219	5.714104949342223e8
0.0031882632031942715	0.003351567442251929	0.0032699153227231	11.709956246752594	5.335617404171218e8	89.28094417362479	5.661431751388835e8
0.0033515674422519306	0.0035181377660907414	0.0034348526041713357	13.061088848954574	5.2877458964094555e8	102.34203302257936	5.610827345460657e8
0.003518137766090741	0.0036880394964063277	0.0036030886312485343	14.525361996332624	5.239489118513145e8	116.86739501891198	5.561834531803131e8
0.0036880394964063277	0.003861339261328226	0.003774689378867277	16.118438326121407	5.1936945939851016e8	132.98583334503337	5.514458683829541e8
0.0038613392613282265	0.004038105021548563	0.003949722141438395	17.855863289236922	5.151898185273397e8	150.8416966342703	5.468899847010896e8
0.004038105021548562	0.0042184060969733045	0.0041282555592609335	19.742473886756137	5.1120043323522925e8	170.58417052102644	5.425065183047911e8
0.004218406096973306	0.004402313193906544	0.004310359645439925	21.782694618647184	5.0723633496221787e8	192.36686513967362	5.382683563755369e8
0.004402313193906543	0.004589898432778446	0.004496105813342494	23.994468800502627	5.034618583001204e8	216.36133394017625	5.3417285514826643e8
0.004589898432778446	0.0047812353764277865	0.004685566904603117	26.392187710759213	4.998987632330776e8	242.7535216509355	5.302205514904454e8
0.0047812353764277865	0.004976399058950114	0.004878817217688951	28.985547945653373	4.9646157683967066e8	271.7390695965889	5.264024197187843e8
0.004976399058950114	0.005175466015122888	0.005075932537036501	31.790442791105235	4.931740248101167e8	303.5295123876941	5.2271375864115524e8
0.005175466015122887	0.005378514310419117	0.005276990162771002	34.834791078459986	4.902051272105704e8	338.3643034661541	5.1916923030351424e8
0.005378514310419117	0.005585623571621271	0.005482068941020194	38.113714931027985	4.87226902683843e8	376.4780183971821	5.157461823839587e8
0.005585623571621272	0.005796875018047469	0.00569124929483437	41.65639591302173	4.844032596383745e8	418.13441431020385	5.1244291516601e8
0.005796875018047468	0.006012351493402189	0.005904613255724828	45.486335281856526	4.817703990818406e8	463.6207495920604	5.092618794724621e8
0.006012351493402189	0.006232137498264004	0.006122244495833097	49.61313398812496	4.792021787956599e8	513.2338835801854	5.061924133777364e8
0.006232137498264004	0.006456319223223056	0.00634422836074353	54.06469671769496	4.767611937115419e8	567.2985802978803	5.032318283561267e8
0.006456319223223056	0.006684984582681288	0.006570651902952172	58.865635276751114	4.744504291039365e8	626.1642155746315	5.003782286196783e8
0.0066849845826812875	0.006918223249328685	0.006801603916004986	64.04763050211417	4.723103057683528e8	690.2118460767457	4.976340423140828e8
0.006918223249328684	0.007156126689309029	0.007037174969318856	69.64447671163742	4.7036828848342645e8	759.8563227883831	4.9500411658789027e8
0.00715612668930903	0.007398788198088982	0.007277457443699006	75.66539059700054	4.68475555408922e8	835.5217133853836	4.924785801152996e8
0.007398788198088982	0.007646302937044533	0.007522545567566758	82.20047457278282	4.669760013259457e8	917.7221879581664	4.900812891379679e8
0.007646302937044532	0.007898767970779194	0.0077725354539118635	89.24667007330794	4.656046555574841e8	1006.9688580314744	4.878084970202921e8
0.007898767970779196	0.00815628230518855	0.008027525137983873	96.84835674620602	4.643873637166405e8	1103.8172147776804	4.85659407968838e8
0.008156282305188549	0.008418946926286091	0.008287614615737321	105.06100606692547	4.6337720253096277e8	1208.878220844606	4.836382365812324e8
0.008418946926286091	0.008686864839805583	0.008552905883045837	113.92081500418371	4.62517926452633e8	1322.7990358487896	4.8174372614437795e8
0.008686864839805583	0.008960141111595467	0.008823502975700524	123.55135982449826	4.620818968265705e8	1446.350395673288	4.799990318542365e8
0.008960141111595465	0.009238882908821145	0.009099512010208305	134.0586910670588	4.621818118165839e8	1580.4090867403468	4.7843453364978725e8
0.009238882908821145	0.009523199541991339	0.009381041225406242	145.54791171817482	4.628694480539386e8	1725.9569984585216	4.7708164605714464e8
0.009523199541991342	0.00981320250782494	0.009668201024908141	158.0209116067437	4.6385084762712395e8	1883.9779100652654	4.759429669068282e8
0.009813202507824938	0.010109005532975208	0.009961104020400072	171.0202001231279	4.6364765839484835e8	2054.998110188393	4.748949100155054e8
0.010109005532975208	0.010410724618628483	0.010259865075801846	185.11284424327008	4.6377711026509917e8	2240.1109544316632	4.7395602024941665e8
0.010410724618628481	0.010718478085994822	0.010564601352311652	200.27738459693052	4.639617248143664e8	2440.3883390285937	4.731196203770873e8
0.01071847808599482	0.011032386622708487	0.010875432354351653	216.59241229784243	4.64202028591133e8	2656.980751326436	4.723798673277316e8
0.011032386622708489	0.01135257333015643	0.01119247997643246	233.4237926437364	4.63073245179955e8	2890.404543970172	4.716144188627715e8
0.01135257333015643	0.011679163771753329	0.01151586855095488	252.81557747751089	4.644810398141545e8	3143.220121447683	4.7103257388965434e8
0.011679163771753329	0.012012286022182166	0.011845724896967749	273.5512788421631	4.656647228924866e8	3416.771400289846	4.705982634588355e8
0.012012286022182165	0.012352070717619578	0.012182178369900872	294.0639807043765	4.640343088766698e8	3710.8353809942228	4.700713377480685e8
0.01235207071761958	0.012698651106965742	0.01252536091229266	317.70557989015003	4.6494629038541776e8	4028.540960884373	4.696630573253238e8
0.01269865110696574	0.013052163104098825	0.012875407105532283	342.61885578404485	4.652089032113906e8	4371.159816668418	4.693108548562382e8
0.013052163104098825	0.013412745341174571	0.013232454222636698	366.97780182997747	4.625065936661728e8	4738.137618498395	4.687767073609653e8
0.013412745341174571	0.013780539222991833	0.013596642282083203	396.70214883447443	4.642590344694759e8	5134.839767332869	4.6842455408961046e8
0.013780539222991831	0.014155688982445437	0.013968114102718634	425.18961014649284	4.6223886084850264e8	5560.029377479362	4.679456782541849e8
0.01415568898244544	0.01453834173708812	0.01434701535976678	458.3119700454671	4.630177300424119e8	6018.341347524829	4.675667155374751e8
0.014538341737088116	0.014928647546823649	0.014733494641955882	491.66171818528244	4.6175815940213174e8	6510.0030657101115	4.671229332102374e8
0.014928647546823649	0.01532675947275389	0.01512770350978877	526.9134917404921	4.602069730525299e8	7036.916557450603	4.665978852548119e8
0.015326759472753894	0.01573283363720274	0.015529796554978317	566.5019774884121	4.6028829394612545e8	7603.418534939015	4.6612182352604526e8
0.01573283363720274	0.016147029284940564	0.01593993146107165	604.6647153204071	4.5719544619337195e8	8208.083250259422	4.654523684119431e8
0.01614702928494056	0.01656950884563314	0.01635826906528685	652.0911556470561	4.5898015564250153e8	8860.174405906479	4.6496981024295634e8
0.016569508845633144	0.017000437997539575	0.016784973421586358	693.9844832447634	4.548506835653113e8	9554.158889151242	4.642196483481459e8
0.017000437997539575	0.017439985732484137	0.017220211865011856	747.6458879305296	4.564355669890574e8	10301.804777081772	4.636458003755901e8
0.01743998573248414	0.017888324422127594	0.017664155077305867	792.9848917939314	4.5106567453562933e8	11094.789668875703	4.6272341475886625e8
0.017888324422127587	0.01834562988556391	0.018116977153845748	855.860154273676	4.537242817194613e8	11950.649823149379	4.620670806627428e8
0.01834562988556391	0.018812081458268955	0.01857885567191643	907.5410739974916	4.4852755609159255e8	12858.190897146871	4.6108469636217356e8
0.01881208145826896	0.019287862062428107	0.019049971760348533	970.5896209548415	4.4730916698093843e8	13828.780518101712	4.600902181839267e8
0.019287862062428104	0.019773158278670433	0.01953051017054927	1037.8167037840872	4.4612274563641787e8	14866.597221885799	4.590868337047798e8
0.019773158278670436	0.020268160419237614	0.020020659348954025	1108.7870002536447	4.4468482456556886e8	15975.384222139444	4.5805718923671997e8
0.02026816041923761	0.020773062602616132	0.02052061151092687	1179.9989700628266	4.4163349995121205e8	17155.383192202273	4.56888497051222e8
0.020773062602616132	0.021288062829662224	0.02103056271613918	1257.715111627932	4.393812354600432e8	18413.098303830204	4.556483820670272e8
0.021288062829662228	0.02181336306124924	0.021550712945455734	1346.7502720659372	4.392632081153389e8	19759.84857589614	4.5449291703602606e8
0.021813363061249234	0.022349169297467986	0.02208126617935861	1423.3892806989716	4.3354762154576176e8	21183.23785659511	4.5302229655784076e8
0.02234916929746799	0.022895691658411117	0.022622430477939555	1528.028722362562	4.3472445502616227e8	22711.26657895767	4.517430112986566e8
0.02289569165841112	0.02345314446657311	0.023174418062492114	1610.8807694338643	4.281607082069408e8	24322.147348391536	4.5010109521075976e8
0.023453144466573112	0.024021746330898344	0.023737445398735728	1723.6746070736126	4.2810314405858314e8	26045.821955465148	4.485756846077439e8
0.024021746330898337	0.02460172023251007	0.024311733281704204	1833.4252168065118	4.2559100882869416e8	27879.24717227166	4.4698814670734465e8
0.02460172023251007	0.02519329361215404	0.024897506922332058	1944.981245880532	4.2205084704258263e8	29824.22841815219	4.452723864169462e8
0.02519329361215404	0.02579669845939089	0.025494996035772467	2062.2505507221244	4.1840089021560943e8	31886.478968874315	4.4343051339798415e8
0.025796698459390893	0.02641217140357248	0.026104434931481686	2196.5780643865455	4.1675335105079734e8	34083.05703326086	4.416086901356271e8
0.026412171403572472	0.02703995380663769	0.02672606260510508	2323.785664228856	4.123700685045993e8	36406.842697489716	4.396191194054214e8
0.027039953806637693	0.027680291857764213	0.027360122832200955	2482.7374066376724	4.121503802566444e8	38889.58010412739	4.377565468312446e8
0.027680291857764217	0.028333436669913267	0.028006864263838742	2604.7809476579123	4.045788775499983e8	41494.3610517853	4.355145886833444e8
0.028333436669913267	0.0289996443783053	0.02866654052410928	2776.1479398209076	4.035087634250646e8	44270.508991606206	4.3335906877419937e8
0.0289996443783053	0.02967917624086517	0.029339410309585236	2936.057418497355	3.994134451075048e8	47206.566410103565	4.310803983307895e8
0.02967917624086517	0.030372298740676238	0.030025737490770706	3116.454954102585	3.968572704287654e8	50323.02136420615	4.2879045563176703e8
0.03037229874067624	0.031079283690483534	0.03072579121557989	3272.0202425495654	3.9009522850528836e8	53595.041606755716	4.262093776126812e8
0.031079283690483534	0.03180040833928697	0.03143984601488525	3492.6825548312063	3.8990522090407145e8	57087.72416158692	4.2379519721992385e8
0.03180040833928697	0.03253595548106648	0.03216818191017672	3651.8797867180424	3.8178964296432227e8	60739.60394830496	4.210102321990105e8
0.03253595548106647	0.033286213565681566	0.03291108452337402	3876.889982332433	3.796293082517651e8	64616.49393063739	4.1827469810856676e8
0.033286213565681566	0.034051476811988966	0.03366884518883527	4116.010017717297	3.775552950333035e8	68732.50394835469	4.155905851102641e8
0.03405147681198896	0.0348320453232225	0.03444176106760573	4290.100220083015	3.686865194906227e8	73022.6041684377	4.125074317454742e8
0.03483204532322251	0.03562822520468072	0.03523013526395162	4539.906814818423	3.6557692078841877e8	77562.51098325613	4.0943096464530146e8
0.03562822520468072	0.036440328683768106	0.03603427694422441	4834.837945390089	3.6484691733035916e8	82397.34892864621	4.065161209869299e8
0.036440328683768106	0.03726867423243723	0.036854501458102665	5007.92202025486	3.541904008568555e8	87405.27094890107	4.031040697491014e8
0.03726867423243723	0.03811358669207974	0.037691130462258485	5332.205084718199	3.534994588788684e8	92737.47603361927	3.998777153648517e8
0.03811358669207974	0.0389753974009151	0.03854449204649742	5599.063650742328	3.4797729556754786e8	98336.5396843616	3.965104673824651e8
0.0389753974009151	0.039854444323927166	0.039414920862421134	5878.96304353561	3.425622395133693e8	104215.50272789721	3.930189071372645e8
0.03985444432392717	0.04075107218539948	0.040302758254663326	6201.812474276501	3.388512445237025e8	110417.31520217372	3.8952151835822725e8
0.04075107218539948	0.041665632604101235	0.04120835239475036	6490.038326063045	3.32534468677525e8	116907.35352823677	3.858506888270884e8
0.04166563260410123	0.042598484231177014	0.04213205841763912	6921.071542919541	3.32588940903713e8	123828.42507115632	3.824276651599527e8
0.04259848423117702	0.04354999289079432	0.043074238560985675	7139.470000561957	3.218032946715768e8	130967.89507171827	3.785401700631947e8
0.04354999289079433	0.04452053172360398	0.044035262307199154	7568.243144579345	3.200026242935862e8	138536.1382162976	3.747946993163652e8
0.04452053172360398	0.04551048133306982	0.0450155065283369	7950.441498479451	3.1537445179590845e8	146486.57971477706	3.7100088301201296e8
0.04551048133306983	0.04652022993472499	0.04601535563389741	8353.598472701507	3.1090483759714293e8	154840.17818747857	3.6717194933222747e8
0.04652022993472498	0.04755017350841324	0.04703520172156911	8744.607737732798	3.053891911681913e8	163584.78592521136	3.6324360962873656e8
0.04755017350841324	0.04860071595357527	0.04807544473099426	9169.624382805854	3.005136309181355e8	172754.41030801722	3.592630338156139e8
0.04860071595357527	0.04967226924764054	0.0491364926006079	9618.475366206601	2.9584012687012684e8	182372.88567422383	3.5524637735535455e8
0.04967226924764054	0.05076525360758711	0.05021876142761382	10161.92151672259	2.933613444220361e8	192534.80719094642	3.51334634609345e8
0.05076525360758711	0.051880097654732615	0.05132267563115986	10597.939458641258	2.8718502820707214e8	203132.74664958767	3.472873600117241e8
0.05188009765473262	0.053017238582821036	0.052448668118776826	11075.438074792164	2.817414969986956e8	214208.18472437983	3.431595902893217e8
0.053017238582821036	0.054177122329471215	0.05359718045614613	11584.108977715761	2.766543297515499e8	225792.29370209557	3.3897893121630317e8
0.05417712232947121	0.055360203751054396	0.0547686630402628	12404.351972606186	2.781431802760898e8	238196.64567470175	3.351613974321557e8
0.055360203751054396	0.056566946801069246	0.05596357527606182	12715.900456005002	2.6772856981171325e8	250912.54613070676	3.3093717334959346e8
0.05656694680106925	0.057797824712084396	0.057182385756576824	13225.646854007846	2.614874015491072e8	264138.1929847146	3.2659393277506435e8
0.057797824712084396	0.05905332018131985	0.05842557244670212	14027.381128390025	2.6045273309210628e8	278165.5741131046	3.2246442606519455e8
0.05905332018131985	0.06033392555994001	0.05969362287062993	14889.013447895104	2.5963797044855937e8	293054.58756099973	3.18548207541208e8
0.060333925559939994	0.06164014304613255	0.06098703430303627	15233.494291016064	2.49506891448145e8	308288.0818520158	3.1425139381062835e8
0.06164014304613256	0.06297248488204897	0.06230631396409077	16069.101990494979	2.4722102977907872e8	324357.1838425108	3.100861860169061e8
0.06297248488204897	0.06433147355468372	0.06365197921836635	16802.976356877003	2.4283998305609876e8	341160.1601993878	3.059138941412335e8
0.06433147355468372	0.06571764200077115	0.06502455777772743	17658.474916564744	2.397485885721505e8	358818.6351159526	3.0181475245186603e8
0.06571764200077114	0.06713153381578033	0.06642458790827574	18447.947177811464	2.3531405474184218e8	377266.58229376405	2.9770081142710614e8
0.06713153381578033	0.06857370346708969	0.067852618641435	19223.586825594473	2.3038735146689627e8	396490.1691193585	2.93542506995824e8
0.06857370346708969	0.07004471651142524	0.06930920998925746	20111.195127576953	2.264713622187047e8	416601.36424693547	2.894049351192507e8
0.07004471651142524	0.0715451498166475	0.07079493316403637	21029.718268380362	2.225288309237522e8	437631.08251531585	2.852850137027165e8
0.07154514981664752	0.07307559178797422	0.07231037080231087	22106.134020312606	2.1982074651551393e8	459737.2165356285	2.812574464747729e8
0.07307559178797422	0.07463664259872746	0.07385611719335083	22968.777677031525	2.14645540039497e8	482705.99421266	2.771646232844819e8
0.07463664259872745	0.07622891442569575	0.0754327785122116	24012.545894507282	2.1089913463722202e8	506718.54010716727	2.7309828972619885e8
0.07622891442569575	0.07785303168920342	0.07704097305744959	25125.269615680678	2.0740722526499978e8	531843.809722848	2.6907225096518904e8
0.07785303168920343	0.07950963129798126	0.07868133149359235	26153.817518646232	2.0293092094588608e8	557997.6272414943	2.6502358488867578e8
0.07950963129798126	0.08119936289893465	0.08035449709845796	27409.054702672744	1.999079608952215e8	585406.681944167	2.6104248842759e8
0.08119936289893465	0.0829228891319071	0.08206112601542087	28722.901484027054	1.9692898309442034e8	614129.583428194	2.5712726718729064e8
0.08292288913190708	0.08468088588953898	0.08380188751072304	29904.138373921684	1.927435404307516e8	644033.7218021157	2.5320006929911435e8
0.084680885889539	0.08647404258232352	0.08557746423593127	31264.67085205006	1.894484421659704e8	675298.3926541657	2.4931581012692913e8
0.08647404258232352	0.08830306240896375	0.08738855249564365	32316.19668715034	1.841056092141797e8	707614.5893413161	2.4534706824031773e8
0.08830306240896375	0.09016866263213678	0.08923586252055027	34370.76068075591	1.8410518732504633e8	741985.3500220721	2.4162387013488305e8
0.09016866263213677	0.09207157485977326	0.09112011874595502	35109.725195940046	1.768293993936745e8	777095.0752180121	2.3768886248694572e8
0.09207157485977327	0.09401254533196249	0.09304206009586788	37063.770397332766	1.7552800585806933e8	814158.8456153448	2.3391770971697646e8
0.09401254533196249	0.09599233521359549	0.09500244027277899	39002.38958197131	1.736908790250911e8	853161.2351973162	2.302675998830656e8
0.09599233521359549	0.09801172089286114	0.09700202805322831	40054.072713740534	1.6774138812327486e8	893215.3079110567	2.2648190233996287e8
0.09801172089286114	0.10007149428571212	0.09904160758928662	42053.87852854638	1.6562493967051542e8	935269.1864396031	2.2280085983428773e8
0.10007149428571215	0.10217246314642014	0.10112197871606615	43915.15470796391	1.6265903705306172e8	979184.341147567	2.1916654449329293e8
0.10217246314642012	0.10431545138434227	0.10324395726538119	45666.31003767667	1.5908212828123355e8	1.0248506511852437e6	2.1553909111047575e8
0.10431545138434228	0.10650129938702288	0.10540837538568258	47595.71218432326	1.559452691294464e8	1.072446363369567e6	2.119445493297487e8
0.10650129938702287	0.10873086434975707	0.10761608186838997	49903.21281377149	1.5379018731908494e8	1.1223495761833386e6	2.08439976853323e8
0.1087308643497571	0.11100502061174598	0.10986794248075155	51810.47956475425	1.5018617504668152e8	1.174160055748093e6	2.0493249482390276e8
0.11100502061174598	0.11332465999897465	0.11216484030536031	54026.16117383934	1.4731426675505972e8	1.2281862169219323e6	2.0146626530707565e8
0.11332465999897466	0.11569069217394791	0.11450767608646129	56606.07526931146	1.4519373633429402e8	1.2847922921912437e6	1.980838437849636e8
0.1156906921739479	0.11810404499242061	0.11689736858318425	58319.353841968565	1.4072042117194745e8	1.3431116460332118e6	1.9463869718386662e8
0.11810404499242058	0.12056566486726274	0.11933485492984167	61102.09126738718	1.3869959805090016e8	1.404213737300599e6	1.9128180962516052e8
0.12056566486726275	0.12307651713960176	0.12182109100343225	63656.74238502851	1.3594180779748827e8	1.4678704796856274e6	1.8796350436888018e8
0.12307651713960176	0.12563758645738754	0.12435705179849466	66534.03445683808	1.3367693430402315e8	1.5344045141424655e6	1.8471089116428727e8
0.12563758645738754	0.12824987716152902	0.12694373180945828	69629.59584896802	1.3162083975312822e8	1.6040341099914336e6	1.8153238630106556e8
0.12824987716152905	0.13091441367975337	0.12958214542064123	71650.02396991792	1.2743219539019747e8	1.6756841339613516e6	1.7829581657025838e8
0.13091441367975337	0.1336322409283422	0.13227332730404778	75263.69370227965	1.2594878440604919e8	1.7509478276636312e6	1.7516641533968896e8
0.1336322409283422	0.13640442472190278	0.1350183328251225	77879.02470614435	1.2262750189641076e8	1.8288268523697755e6	1.7202778820062518e8
0.13640442472190276	0.13923205219133455	0.13781823845661867	81304.68059810888	1.2046333110975248e8	1.9101315329678843e6	1.6894953140620822e8
0.13923205219133455	0.14211623221015499	0.14067414220074476	84570.8182014412	1.179083441529788e8	1.9947023511693254e6	1.659046029309292e8
0.142116232210155	0.14505809582935186	0.14358716401975344	88332.25967985368	1.1588854583951266e8	2.083034610849179e6	1.6292283559243968e8
0.14505809582935186	0.14805879672093264	0.14655844627514225	91609.01482114417	1.1310160442532472e8	2.174643625670323e6	1.5995463910686165e8
0.1480587967209326	0.151119511630345	0.1495891541756388	95970.30894151804	1.115035734141651e8	2.270613934611841e6	1.5706993543369025e8
0.15111951163034504	0.1542414408379457	0.15268047623414538	99133.98023712306	1.0839455968914618e8	2.369747914848964e6	1.541737088147791e8
0.15424144083794566	0.15742580862969832	0.155833624733822	103848.17202837858	1.0686323387859945e8	2.473596086877343e6	1.5136043862732193e8
0.15742580862969832	0.16067386377728604	0.15904983620349217	107418.18326002962	1.0403105414324117e8	2.5810142701373724e6	1.4854775206263e8
0.160673863777286	0.16398688002782547	0.16233037190255573	112205.59785269931	1.0227428503286478e8	2.693219867990072e6	1.4579945171218687e8
0.1639868800278255	0.16736615660337575	0.16567651831560062	115703.57409870368	9.926044037920965e7	2.8089234420887753e6	1.4303699048427176e8
0.16736615660337573	0.17081301871043697	0.16908958765690635	120958.53045464933	9.766837441036959e7	2.9298819725434245e6	1.4034553896519652e8
0.170813018710437	0.17432881805963948	0.17257091838503824	126132.72494498824	9.586136103917322e7	3.0560146974884127e6	1.3770803215149403e8
0.17432881805963946	0.17791493339582598	0.17612187572773272	131229.25857212942	9.387608063449994e7	3.1872439560605423e6	1.351106209064285e8
0.17791493339582598	0.18157277103873623	0.17974385221728112	136787.6164141674	9.210631659811655e7	3.3240315724747097e6	1.3256362340204042e8
0.18157277103873626	0.18530376543450472	0.1834382682366205	141828.07014870323	8.989444962159774e7	3.465859642623413e6	1.3003780451337688e8
0.18530376543450472	0.18910937971818856	0.18720657257634665	147492.34548674372	8.799899445842093e7	3.6133519881101567e6	1.2755058356340429e8
0.18910937971818853	0.19299110628754604	0.19105024300286727	152318.3817608565	8.554751213043351e7	3.7656703698710133e6	1.2506673287395965e8
0.19299110628754604	0.1969504673882907	0.19497078683791835	158609.40739391616	8.385712196348011e7	3.9242797772649294e6	1.226310101556034e8
0.1969504673882907	0.20098901571105024	0.19896974154967045	165333.42551264435	8.228800525002597e7	4.089613202777574e6	1.2024766581474955e8
0.20098901571105027	0.205108335000265	0.20304867535565763	171103.12001199904	8.016917103352062e7	4.260716322789573e6	1.1788107376327787e8
0.20510833500026499	0.20931004067526401	0.20720918783776449	178512.30661672598	7.874079086870201e7	4.439228629406299e6	1.1557095900900422e8
0.20931004067526404	0.21359578046376304	0.21145291056951354	185777.47761459363	7.714631694772625e7	4.625006107020893e6	1.1330411790536384e8
0.213595780463763	0.217967235048032	0.2157815077558975	193521.57210224884	7.565719725922617e7	4.818527679123142e6	1.1108415182571019e8
0.217967235048032	0.22242611872398638	0.2201966768860092	200863.22911461786	7.393125404387486e7	5.01939090823776e6	1.0889427796373351e8
0.2224261187239864	0.22697418007345985	0.22470014939872313	207062.20914372406	7.175350428076231e7	5.226453117381483e6	1.0670605940751027e8
0.22697418007345982	0.23161320264992274	0.22929369136169128	215530.61104592617	7.03191454495258e7	5.441983728427409e6	1.0456315866767617e8
0.23161320264992277	0.23634500567791494	0.23397910416391887	224093.74123638927	6.883736796658555e7	5.666077469663799e6	1.0246006109247904e8
0.23634500567791494	0.24117144476646696	0.23875822522219095	231683.5985489384	6.700807222468473e7	5.897761068212737e6	1.0037392562865692e8
0.24117144476646696	0.24609441263679002	0.2436329287016285	241434.02450039028	6.574683633746949e7	6.139195092713128e6	9.833713808268477e7
0.24609441263679002	0.2511158398645195	0.24860512625065478	250713.0853467303	6.428431792830411e7	6.389908178059858e6	9.63349073983096e7
0.2511158398645195	0.25623769563680365	0.2536767677506616	259682.66744609922	6.2694524152195536e7	6.6495908455059575e6	9.435768000591014e7
0.2562376956368037	0.2614619885245335	0.25884984208066864	269497.578322668	6.126422382381884e7	6.919088423828625e6	9.24133240781265e7
0.26146198852453345	0.2667907672700178	0.26412637789727567	279945.6617194498	5.992360146819878e7	7.199034085548075e6	9.050513748265351e7
0.2667907672700179	0.27222612159041193	0.26950844443021493	289117.46969180054	5.8274309402355745e7	7.488151555239876e6	8.861283453537631e7
0.27222612159041193	0.2777701829972139	0.2749981522938129	302044.84951167204	5.732700824288509e7	7.790196404751548e6	8.677665855279267e7
0.2777701829972139	0.2834251256321519	0.28059765431468287	312335.8172497003	5.582142913358707e7	8.102532222001248e6	8.496051065118888e7
0.2834251256321519	0.28919316711978865	0.28630914637597027	325695.5860108965	5.4813621987226665e7	8.428227808012145e6	8.319238478463429e7
0.28919316711978865	0.29507656943717814	0.2921348682784834	335580.0329080422	5.3183416174340144e7	8.763807840920188e6	8.143292978020966e7
0.2950765694371781	0.30107763980091534	0.2980771046190467	349469.72560270736	5.215537460390748e7	9.113277566522894e6	7.971691438361718e7
0.3010776398009154	0.3071987315719274	0.30413818568642137	362403.39078204264	5.093272785054686e7	9.475680957304938e6	7.803035198986153e7
0.3071987315719274	0.31344224517835967	0.31032048837514353	375078.7051916579	4.964184698601749e7	9.850759662496593e6	7.636749155142252e7
0.31344224517835967	0.3198106290569206	0.31662643711764016	387749.29045832856	4.832845648438438e7	1.0238508952954922e7	7.472560229725686e7
0.3198106290569206	0.3263063806130527	0.32305850483498666	402097.9624448884	4.7197132466933504e7	1.064060691539981e7	7.311409222818333e7
0.32630638061305267	0.33293204720030745	0.32961921390668003	415941.2909278013	4.597830238205898e7	1.1056548206327612e7	7.152603496907128e7
0.3329320472003074	0.33969022711930724	0.3363111371598073	428278.36994495837	4.458506605057146e7	1.148482657627257e7	6.994983189193864e7
0.3396902271193073	0.34658357063668715	0.34313689887799725	444466.6659771452	4.3576260695353836e7	1.1929293242249714e7	6.840725915523219e7
0.34658357063668715	0.3536147810244146	0.3500991758305509	461163.3264945459	4.258121330040926e7	1.239045656874426e7	6.6897127506951824e7
0.3536147810244146	0.3607866156198966	0.3572006983221556	478906.6078588213	4.1645829120362915e7	1.2869363176603083e7	6.542100239789533e7
0.36078661561989656	0.3681018869072882	0.36444425126359237	498713.5112220736	4.084454329609973e7	1.3368076687825156e7	6.39847073570068e7
0.3681018869072882	0.37556346362042764	0.3718326752638579	516567.7919663212	3.9845306878351785e7	1.3884644479791477e7	6.2574321280450605e7
0.3755634636204277	0.38317427186782993	0.3793688677441288	536170.2646975627	3.895149564512182e7	1.442081474448904e7	6.119446835283203e7
0.38317427186782993	0.3909372962801802	0.3870557840740051	552271.582052086	3.7787677364885464e7	1.4973086326541126e7	5.982757556982737e7
0.3909372962801802	0.3988555811807775	0.39489643873047886	572827.8402540956	3.691493806815356e7	1.5545914166795222e7	5.8489867252290696e7
0.3988555811807775	0.40693223177938675	0.40289390648008216	592873.9559038836	3.598531193042555e7	1.6138788122699106e7	5.717629895881322e7
0.4069322317793867	0.41517041538996813	0.41105132358467744	612822.0233130893	3.503373128344816e7	1.6751610146012194e7	5.588416319953309e7
0.41517041538996813	0.4235733626727612	0.4193718890313647	632910.443733775	3.407905924890711e7	1.738452058974597e7	5.461201328123933e7
0.4235733626727612	0.4321443689012101	0.4278588657869856	653271.8548805714	3.3131162823810525e7	1.803779244462654e7	5.335906381185903e7
0.4321443689012101	0.44088679525422797	0.436515582077719	672684.1291550961	3.21332990781195e7	1.8710476573781636e7	5.212126709367991e7
0.4408867952542281	0.44980407013430634	0.4453454326942672	693940.486969963	3.1222788910954226e7	1.94044170607516e7	5.0902820652757294e7
0.4498040701343063	0.4588996905119861	0.4543518803231462	717900.9489608589	3.042448071195384e7	2.0122318009712458e7	4.970912339181022e7
0.4588996905119861	0.4681772232972195	0.4635384569046028	742633.3987835506	2.9644632888998836e7	2.0864951408496007e7	4.853979341669198e7
0.46817722329721945	0.4776403067381575	0.47290876501768847	768264.4810829642	2.8886771322652e7	2.1633215889578972e7	4.739467716311861e7
0.47764030673815755	0.48729265184791437	0.482466479293036	794830.338746689	2.815029532641935e7	2.242804622832566e7	4.6273595500207156e7
0.4872926518479144	0.4971380438598664	0.49221534785389043	822473.8071371948	2.7438124150449146e7	2.3250520035462856e7	4.51765502402008e7
0.4971380438598663	0.5071803437120573	0.5021591937859619	851444.6232448693	2.6755683383505043e7	2.4101964658707727e7	4.4103859399170965e7
0.5071803437120572	0.517423489561292	0.5123019166366747	882181.5936728143	2.6112493337634806e7	2.4984146252380542e7	4.3056376940291286e7
0.5174234895612922	0.5278714983275118	0.522647493944402	917078.9329908593	2.55700229283793e7	2.5901225185371403e7	4.20384851393962e7
0.5278714983275117	0.5385284672690556	0.5331999827982836	946678.9620027388	2.486362523901861e7	2.6847904147374142e7	4.10389067187819e7
0.5385284672690556	0.5493985755894304	0.543963521429243	979900.1716642608	2.4242873361241553e7	2.7827804319038402e7	4.0061549617548995e7
0.5493985755894303	0.5604860860762125	0.5549423308328214	1.0113772715496933e6	2.356997530145636e7	2.8839181590588097e7	3.91020759468258e7
0.5604860860762126	0.5717953467727306	0.5661407164244716	1.0409694559510462e6	2.2852340444425058e7	2.9880151046539143e7	3.8156833669180885e7
0.5717953467727305	0.5833307926831788	0.5775630697279546	1.0737620110960878e6	2.220498658433403e7	3.095391305763523e7	3.72290746586538e7
0.5833307926831788	0.5950969475118361	0.5892138700975074	1.1078885317167453e6	2.1581980160426233e7	3.2061801589351974e7	3.6319189238236666e7
0.595096947511836	0.6070984254370663	0.601097686474451	1.137932537642952e6	2.0881773517971437e7	3.3199734126994926e7	3.542164098644553e7
0.6070984254370664	0.6193399329208014	0.6132191791789339	1.1690531578139625e6	2.0208943590506222e7	3.436878728480889e7	3.4537297428031296e7
0.6193399329208014	0.631826270554211	0.6255831017375062	1.2004124358123243e6	1.954794515728706e7	3.556919972062121e7	3.3666071899023615e7
0.631826270554211	0.6445623349402889	0.63819430274725	1.2378838020218606e6	1.8989542915117163e7	3.6807083522643074e7	3.2813157699858483e7
0.6445623349402889	0.6575531206140883	0.6510577277771886	1.2759965785366646e6	1.8439571430419255e7	3.808308010117974e7	3.1977972695702285e7
0.6575531206140883	0.6708037220013637	0.664178421307726	1.315185158251267e6	1.790430708993032e7	3.9398265259431005e7	3.1160333676330514e7
0.6708037220013637	0.6843193354163847	0.6775615287088742	1.3555837200476555e6	1.738476564751104e7	4.075384897947866e7	3.0360127356561888e7
0.6843193354163846	0.6981052610997059	0.6912122982580453	1.3971143381135832e6	1.6879082788383838e7	4.215096331759224e7	2.9577138991512682e7
0.6981052610997058	0.7121669052966936	0.7051360831981996	1.440229766454252e6	1.6391758384467874e7	4.359119308404649e7	2.881142790332705e7
0.7121669052966937	0.7265097823776212	0.7193383438371574	1.4847237642650432e6	1.5919107294240285e7	4.5075916848311536e7	2.8062836149923448e7
0.7265097823776212	0.7411395170001672	0.7338246496888943	1.5305420986628053e6	1.5459661887394875e7	4.6606458946974345e7	2.7331129992329266e7
0.7411395170001672	0.7560618463151642	0.7486006816576657	1.5775969561485555e6	1.5011868754232803e7	4.81840559031229e7	2.6615999347500518e7
0.7560618463151642	0.771282622216461	0.7636722342658127	1.6260126285517113e6	1.4576353107324505e7	4.9810068531674616e7	2.5917188702948317e7
0.7712826222164612	0.786807813635784	0.7790452179261226	1.6758660201157853e6	1.4153138698592164e7	5.14859345517904e7	2.523445900802485e7
0.7868078136357839	0.8026435088834932	0.7947256612596385	1.7272792530388115e6	1.3742530679957451e7	5.321321380482921e7	2.4567603032143414e7
0.8026435088834933	0.8187959180361568	0.8107197134598251	1.7803971312315548e6	1.3344855699914558e7	5.499361093606076e7	2.3916444743419286e7
0.8187959180361568	0.8352713753718736	0.8270336467040151	1.8351988134367215e6	1.2959106453783529e7	5.682880974949748e7	2.3280760088908006e7
0.8352713753718735	0.8520763418543045	0.843673858613089	1.8919888116696905e6	1.2586573175981915e7	5.872079856116717e7	2.2660413071598437e7
0.8520763418543045	0.8692174076663841	0.8606468747603443	1.951871553441559e6	1.223317534063338e7	6.0672670114608735e7	2.2055619099278707e7
0.8692174076663842	0.8867012947947055	0.8779593512305448	2.0229504509333316e6	1.1944671688096168e7	6.2695620565542065e7	2.1469234922455158e7
0.8867012947947055	0.9045348596655932	0.8956180772301494	2.0691166544028418e6	1.1510041662663607e7	6.476473721994491e7	2.0891714022784706e7
0.9045348596655932	0.9227250958338986	0.9136299777497459	2.133764370384033e6	1.1182611293919405e7	6.689850159032894e7	2.032875508408191e7
0.9227250958338986	0.9412791367255702	0.9320021162797344	2.192578710306544e6	1.082576709425813e7	6.909108030063549e7	1.977780432434438e7
0.9412791367255703	0.9602042584350753	0.9507416975803228	2.250178419729392e6	1.0467162991672525e7	7.134125872036488e7	1.9238060014087625e7
0.9602042584350751	0.9795078825787702	0.9698560705069226	2.307504157377892e6	1.0112647315570246e7	7.364876287774278e7	1.8709106227700677e7
0.9795078825787704	0.9991975792053394	0.9893527308920549	2.365240541007813e6	9.765843890880313e6	7.60140034187506e7	1.8190761389520098e7
0.9991975792053394	1.0192810697644397	1.0092393244848896	2.4228027922981475e6	9.424674182039453e6	7.843680621104875e7	1.7682734122798327e7
1.0192810697644394	1.0397662301347217	1.0295236499495806	2.477459729376225e6	9.079676763630431e6	8.091426594042498e7	1.7184201823927272e7
1.039766230134722	1.06066109371241	1.050213661923566	2.5337993252997603e6	8.748894088740766e6	8.344806526572473e7	1.6695435289175548e7
1.06066109371241	1.0819738545616517	1.0713174741370308	2.599746333324816e6	8.45727978106334e6	8.604781159904955e7	1.6218135377888218e7
1.0819738545616517	1.1037128706278783	1.092843362594765	2.666899952179212e6	8.173852899371266e6	8.871471155122876e7	1.5752109226291498e7
1.1037128706278783	1.1258866670154293	1.1147997688216538	2.7356100283769853e6	7.899438274017292e6	9.145032157960573e7	1.52972230498635e7
1.1258866670154293	1.1485039393307315	1.1371953031730804	2.8059180181086846e6	7.633794360465685e6	9.425623959771441e7	1.4853336930112757e7
1.1485039393307315	1.1715735570923396	1.1600387482115355	2.8779484418981858e6	7.376892275047552e6	9.713418803961259e7	1.4420317485586368e7
1.1715735570923396	1.1951045672091798	1.1833390621507598	2.951589269092055e6	7.12808345615803e6	1.0008577730870464e8	1.3998001600554142e7
1.19510456720918	1.2191061975283572	1.2071053823687685	3.0265618400156796e6	6.8864320191374e6	1.0311233914872032e8	1.3586181514975537e7
1.2191061975283572	1.243587860453918	1.2313470289911375	3.1028798493445143e6	6.65179630074804e6	1.0621521899806485e8	1.3184653408948338e7
1.243587860453918	1.2685591566379897	1.2560735085459538	3.1805382643024568e6	6.423995957991859e6	1.0939575726236731e8	1.2793214930325853e7
1.2685591566379897	1.294029878745743	1.2812945176918662	3.259508118942581e6	6.202813282527609e6	1.126552653813099e8	1.2411662942663005e7
1.2940298787457432	1.3200100152956515	1.3070199470206973	3.339752386042703e6	5.988033825399714e6	1.159950177673526e8	1.2039793756284952e7
1.3200100152956513	1.3465097545765579	1.3332598849361046	3.421218181774879e6	5.779435011322329e6	1.1941623594912748e8	1.1677402686897434e7
1.3465097545765579	1.3735394886430825	1.3600246216098202	3.504041072189072e6	5.577116473164041e6	1.2292027702131656e8	1.132430276057735e7
1.3735394886430825	1.4011098173909375	1.38732465301701	3.5880710325645413e6	5.380699306951164e6	1.265083480538811e8	1.0980295983799914e7
1.4011098173909378	1.42923155271375	1.415170685052344	3.673434764634693e6	5.190251623413851e6	1.3018178281851579e8	1.064519985220064e7
1.4292315527137498	1.4579157227430182	1.443573637728384	3.7600148125156704e6	5.005474228640203e6	1.3394179763103147e8	1.0318825191119028e7
1.4579157227430184	1.4871735761728722	1.4725446494579453	3.847873211320918e6	4.826332054793838e6	1.377896708423524e8	1.0000991824909756e7
1.4871735761728724	1.5170165866713232	1.5020950814220977	3.936967359931374e6	4.6526478753633285e6	1.4172663820228377e8	9.691519825614383e6
1.517016586671323	1.547456457379743	1.532236522025533	4.0272756637765374e6	4.484280670141961e6	1.4575391386606026e8	9.39023159103429e6
1.547456457379743	1.5785051255023312	1.5629807914410372	4.118831033475129e6	4.321152307153092e6	1.498727448995354e8	9.09695534571243e6
1.5785051255023315	1.6101747669873716	1.5943399462448515	4.21160306242664e6	4.1631138425569753e6	1.54084347961962e8	8.811520703536613e6
1.6101747669873714	1.6424778013021122	1.6263262841447417	4.305581472641906e6	4.0100426238999655e6	1.5838992943460393e8	8.53376010581767e6
1.6424778013021124	1.675426896303148	1.65895234880263	4.400774840636797e6	3.861834827993788e6	1.6279070427524072e8	8.263509744189498e6
1.6754268963031482	1.7090349732042047	1.6922309347536766	4.497177747198945e6	3.7183733381391247e6	1.6728788202243966e8	8.000608571899906e6
1.7090349732042043	1.7433152116432817	1.726175092423743	4.594725838577669e6	3.5794964844573983e6	1.7188260786101732e8	7.744895564633607e6
1.743315211643282	1.778281054851141	1.7607981332472114	4.693400970078021e6	3.4450884722430827e6	1.7657600883109534e8	7.496212370599783e6
1.778281054851141	1.813946214923157	1.7961136348871491	4.793182862950208e6	3.31503461109147e6	1.8136919169404554e8	7.254403217474282e6
1.8139462149231576	1.850324678196614	1.8321354465598858	4.894049930644659e6	3.1892220639227265e6	1.862632416246902e8	7.019314868143548e6
1.8503246781966136	1.8874307107355393	1.8688776944660765	4.995980627061624e6	3.0675406924001677e6	1.9125922225175184e8	6.79079662798351e6
1.8874307107355395	1.9252788639252436	1.9063547873303914	5.098952777980436e6	2.9498824432774857e6	1.963581750297323e8	6.568700316305478e6
1.9252788639252438	1.963883980178742	1.9445814220519928	5.202942807898868e6	2.8361408488573795e6	2.0156111783763117e8	6.352880210647682e6
1.9638839801787418	2.00326119875731	1.9835725894680258	5.307925916897096e6	2.726211174299652e6	2.0686904375452825e8	6.143193002887132e6
2.00326119875731	2.0434259617074493	2.0233435802323796	5.413876938190334e6	2.6199908528482765e6	2.122829206927186e8	5.93949778312835e6
2.0434259617074497	2.084394019916592	2.0639099908120206	5.520770039039414e6	2.517379245655862e6	2.17803690731758e8	5.7416560107057365e6
2.0843940199165925	2.1261814392899177	2.105287729603255	5.628578395593874e6	2.41827745483771e6	2.2343226912735188e8	5.549531476123067e6
2.126181439289917	2.168804607050709	2.147493023170313	5.737275095246568e6	2.322588689839865e6	2.2916954422259843e8	5.362990286439776e6
2.168804607050709	2.2122802381667164	2.1905424226087127	5.846832521221831e6	2.2302179280548347e6	2.3501637674382025e8	5.18190083194418e6
2.212280238166716	2.2566253819050437	2.23445281003588	5.957222797837488e6	2.141072055972924e6	2.4097359954165775e8	5.006133762974318e6
2.2566253819050437	2.301857428518138	2.279241405211591	6.068417721460342e6	2.0550597843411712e6	2.470420172631181e8	4.835561963232705e6
2.301857428518138	2.347994116063494	2.3249257722908157	6.180389017682232e6	1.9720916864691812e6	2.532224062808003e8	4.670060526914201e6
2.3479941160634943	2.3950535373597575	2.371523826711626	6.293108190724667e6	1.8920800935794718e6	2.5951551447152498e8	4.509506731161533e6
2.3950535373597575	2.443054147081946	2.4190538422208516	6.406546752693351e6	1.8149391243055454e6	2.6592206122421834e8	4.35378001187063e6
2.443054147081946	2.492014768998578	2.467534458040262	6.520676461534042e6	1.7405847008535601e6	2.724427376857524e8	4.2027619418787705e6
2.4920147689985783	2.541954603353543	2.5169846861760607	6.635468791030146e6	1.6689343588758574e6	2.7907820647678256e8	4.0563361994745573e6
2.5419546033535427	2.592893234395607	2.567423918874575	6.750895630614761e6	1.5999074055394812e6	2.858291021073973e8	3.914388547910358e6
2.592893234395607	2.6448506380585126	2.61887193622706	6.866929315367091e6	1.5334248726828515e6	2.926960314227644e8	3.776806813436633e6
2.6448506380585126	2.6978471897946763	2.6713489139265945	6.983542081056975e6	1.4694093564727642e6	2.996795735038214e8	3.6434808553841882e6
2.697847189794676	2.751903672565563	2.724875431180119	7.100706310395602e6	1.4077850621264875e6	3.06780279814217e8	3.5143025406025792e6
2.751903672565563	2.8070412849918673	2.779472478778715	7.218394667644497e6	1.3484778121021576e6	3.139986744818615e8	3.3891657198898583e6
2.8070412849918673	2.863281649666698	2.8351614673292826	7.33658056904e6	1.2914151078426107e6	3.213352550509015e8	3.267966209390867e6
2.863281649666698	2.920646821635025	2.8919642356508612	7.455236761274263e6	1.236525852670612e6	3.2879049181217575e8	3.1506017570979972e6
2.9206468216350245	2.979159297042718	2.9499030593388715	7.574336818754584e6	1.18374061947045e6	3.363648286309303e8	3.0369720267902017e6
2.9791592970427185	3.038842021958566	3.009000659500642	7.6938541365806535e6	1.1329914624044395e6	3.4405868276751095e8	2.9269785720568886e6
3.038842021958566	3.0997184013727304	3.069280211665648	7.813762086934939e6	1.0842119475071123e6	3.518724448544459e8	2.820524813624412e6
3.0997184013727304	3.161812308375178	3.1307653548739545	7.934034049683753e6	1.0373371568461183e6	3.598064789041296e8	2.717516018265557e6
3.1618123083751777	3.2251480935176744	3.193480200946426	8.054643490715116e6	992303.6958223443	3.678611223948448e8	2.617859279380518e6
3.2251480935176753	3.289750594363022	3.2574493439403485	8.175563858939517e6	949049.6748221343	3.760366862537843e8	2.5214634976698714e6
3.289750594363022	3.355645145225276	3.322697869794149	8.296768002861701e6	907514.6415966558	3.84333454256646e8	2.428239359047154e6
3.3556451452252753	3.422857587104774	3.3892513661650248	8.418229011734955e6	867639.680985466	3.9275168326838094e8	2.3380993196156383e6
3.4228575871047733	3.4914142778218618	3.4571359324633173	8.539919567965463e6	829367.3352359784	4.012916028363464e8	2.250957586937125e6
3.4914142778218618	3.561342102353292	3.526378190087577	8.661812246613882e6	792641.6327604974	4.0995341508296025e8	2.1667301040695305e6
3.5613421023532927	3.6326684833753515	3.5970052928643224	8.783879413055763e6	757408.0694120496	4.18737294496016e8	2.0853345334697776e6
3.632668483375351	3.7054213920178514	3.6690449376966012	8.90609321229463e6	723613.5985797518	4.2764338770831066e8	2.0066902412782442e6
3.705421392017851	3.779629358833201	3.742525375425526	9.028425569773763e6	691206.6204233137	4.366718132780844e8	1.9307182819121338e6
3.7796293588332013	3.8553214849848585	3.81747542190903	9.150848367124192e6	660136.9817683005	4.458226616452086e8	1.8573413835647719e6
3.855321484984859	3.932527453659549	3.893924469322204	9.273338393870808e6	630356.2944731971	4.550960000390794e8	1.7864839529490701e6
3.9325274536595485	4.011277541707733	3.9719024976836406	9.395892322180115e6	601818.7782029526	4.644918923612596e8	1.7180721284536347e6
4.011277541707733	4.0916026315168805	4.051440086612306	9.518487436829813e6	574478.5130000724	4.740103797980894e8	1.6520336715869552e6
4.0916026315168805	4.1735342231222115	4.132568427319546	9.641101026634216e6	548290.910425278	4.836514808247236e8	1.5882979496718792e6
4.173534223122211	4.257104446559648	4.215319334840929	9.763710603521846e6	523212.7101037628	4.934151914282454e8	1.526795919358704e6
4.257104446559648	4.3423460744658335	4.299725260512741	9.886293409515128e6	499201.9346634343	5.0330148483776057e8	1.4674601085063047e6
4.3423460744658335	4.429292534930143	4.385819304697988	1.000882422269658e7	476217.7715176537	5.1331030906045717e8	1.4102245923010188e6
4.429292534930143	4.517977924603739	4.473635229766941	1.0131271451303236e7	454220.41203263815	5.234415805117604e8	1.3550249614855014e6
4.5179779246037395	4.608437022070807	4.563207473337274	1.0253583649891235e7	433170.5397140675	5.336951641616517e8	1.3017982628882944e6
4.608437022070807	4.700705301487216	4.654571161779011	1.037567180516281e7	413028.8324357149	5.440708359668145e8	1.250482914666924e6
4.700705301487216	4.794818946491953	4.747762123989585	1.0497482070384331e7	393759.06028402364	5.545683180371989e8	1.2010188053244846e6
4.794818946491953	4.890814864396784	4.842816905444368	1.061895158069349e7	375326.03519042913	5.651872696178924e8	1.153347268633528e6
4.890814864396785	4.988730700659714	4.93977278252825	1.0740007879830979e7	357695.6289983168	5.759272774977233e8	1.107411061065509e6
4.988730700659713	5.0886048536479	5.038667777153806	1.0860579153527766e7	340835.12460292346	5.867878566512511e8	1.0631543608095965e6
5.0886048536479	5.19047648969585	5.139540671671876	1.0980585560300268e7	324712.8851141993	5.977684422115513e8	1.0205227477596671e6
5.19047648969585	5.29438555846476	5.242431024080306	1.1099918168206155e7	309297.77245516214	6.088683603797574e8	979463.1511046623
5.29438555846476	5.400372808609048	5.347379183536904	1.1218363743941009e7	294557.3400565378	6.200867241236985e8	939923.6956244338
5.400372808609048	5.508479803756222	5.454426306182635	1.1335900166144997e7	280465.84356748295	6.314226242898434e8	901854.0193306127
5.508479803756222	5.618748938806339	5.563614371281281	1.1452866096068941e7	267006.65996116074	6.428754903859124e8	865205.7124018094
5.618748938806339	5.7312234565574585	5.674986197681899	1.1569312841305315e7	254155.62496179208	6.544448032272177e8	829931.768876613
5.731223456557458	5.845947464663599	5.788585460610529	1.1685254432055578e7	241888.31165708715	6.661300576592733e8	795986.4902185355
5.8459474646636	5.962965952931865	5.904456708797732	1.1800775987965025e7	230182.4024887809	6.779308336472383e8	763325.5313871816
5.962965952931865	6.082324810965495	6.02264538194868	1.1916027794068322e7	219017.18329798104	6.898468614413066e8	731905.9150488474
6.0823248109654955	6.204070846159798	6.143197828562647	1.2031384416735254e7	208375.9996317347	7.018782458580419e8	701686.1867592434
6.204070846159798	6.328251802057986	6.266161324108892	1.2146569528058514e7	198230.93109522827	7.140248153861004e8	672625.6765555898
6.328251802057984	6.454916377074136	6.39158408956606	1.2261182054281063e7	188554.1430288272	7.262859974403815e8	644684.4584674971
6.454916377074137	6.584114243590612	6.519515310332375	1.2375201692222007e7	179325.58155855854	7.386611991326035e8	617823.7565349062
6.584114243590613	6.715896067437418	6.650005155514016	1.2488606841034546e7	170525.93501625935	7.51149805973638e8	592005.9211028921
6.715896067437417	6.850313527761158	6.783104797599288	1.2601381924419567e7	162136.71109070754	7.637511878980576e8	567194.4109457309
6.850313527761158	6.9874193372913735	6.918866432526266	1.2713539422707498e7	154140.4589750858	7.76464727320765e8	543353.7892518719
6.987419337291374	7.127267263012194	7.057343300151784	1.2825128898747087e7	146520.75458337914	7.892898562195121e8	520449.7189934076
7.127267263012194	7.26991214724743	7.198589705129812	1.2937703925351277e7	139277.86176527845	8.022275601448634e8	498449.8624771489
7.269912147247429	7.41540992916737	7.3426610382074	1.3050449240669325e7	132384.77892503692	8.152780093855327e8	477322.1921274263
7.415409929167371	7.56381766672571	7.489613797946541	1.3162441931072354e7	125816.32689300794	8.284404513166051e8	457035.0776809278
7.56381766672571	7.7151935590352165	7.6395056128804635	1.3272880416170448e7	119551.18445235015	8.417133317327756e8	437557.4858252607
7.715193559035217	7.869596969190914	7.792395264113066	1.3380763886130229e7	113568.52851310771	8.550940956189058e8	418858.9743993248
7.869596969190913	8.027088447549723	7.948342708370317	1.3487727426683307e7	107870.94406605871	8.685818230455891e8	400911.00912797306
8.027088447549723	8.18772975547571	8.107409101512715	1.3593811356393814e7	102446.17752121793	8.821756344019829e8	383685.9969975265
8.187729755475711	8.351583889560217	8.269656822517964	1.369896642089507e7	97281.74472774043	8.95874600822878e8	367157.21852794127
8.351583889560215	8.518715106326411	8.435149497943314	1.3803034413027674e7	92364.98324877759	9.096776352359056e8	351298.7669781472
8.518715106326413	8.689188947427933	8.603952026877174	1.3904854560200632e7	87677.60376684982	9.235824897961063e8	336085.1766281683
8.689188947427933	8.863072265351484	8.776130606389708	1.4005149629754454e7	83214.61494577961	9.375876394258608e8	321492.16467933985
8.863072265351484	9.040433249633505	8.951752757492494	1.4004324263352975e7	78408.62528761725	9.515919636892138e8	307464.1074587823
9.040433249633505	9.221341453601168	9.130887351617336	1.3946769998577729e7	73580.94082368776	9.655387336877915e8	293967.1354451376
9.221341453601168	9.405867821648183	9.313604637624675	1.3927961162251085e7	69241.97498044449	9.794666948500426e8	280998.7898360985
9.405867821648183	9.59408471705614	9.49997626935216	1.3917045657766e7	65195.75750079923	9.933837405078086e8	268545.4453209569
9.59408471705614	9.786065950372254	9.690075333714198	1.4151205961293891e7	62467.812508467585	1.0075349464691025e9	256653.44295998843
9.786065950372253	9.98188680835469	9.883976379363471	1.4311067128852174e7	59528.59093385192	1.0218460135979546e9	245278.1847190316
9.981886808354691	10.181624083496777	10.081755445925733	1.4440242052868575e7	56600.33037979846	1.0362862556508232e9	234390.47204778815
10.181624083496777	10.385356104141705	10.28349009381924	1.4559886360545725e7	53776.626645409255	1.050846142011369e9	223968.19337344856
10.385356104141703	10.593162765199528	10.489259434670615	1.467424384984012e7	51071.96228503471	1.0655203858612092e9	213991.34968145858
10.59316276519953	10.805125559478512	10.69914416233902	1.478371249122335e7	48484.36643999917	1.0803040983524325e9	204440.98308200212
10.805125559478512	11.021327609643073	10.913226584560793	1.487904136937423e7	45981.66900043443	1.0951831397218068e9	195297.3740749585
11.021327609643073	11.241853700810926	11.131590655227	1.4980163744788736e7	43623.25402338323	1.1101633034665954e9	186545.3684189257
11.241853700810926	11.466790313802136	11.354322007306532	1.508008035419476e7	41380.62287981688	1.1252433838207903e9	178169.04249894162
11.466790313802136	11.69622565905317	11.581507986427653	1.5176998736056104e7	39243.82094930336	1.1404203825568464e9	170152.81774636108
11.69622565905317	11.930249711209225	11.813237685131197	1.5271122868133754e7	37209.04512945611	1.1556915054249802e9	162481.7956469044
11.930249711209225	12.1689542444084	12.049601977808813	1.5362657158376247e7	35272.49675349954	1.1710541625833564e9	155141.71871474033
12.1689542444084	12.41243286827156	12.290693556339981	1.5451553365956962e7	33429.85247672487	1.1865057159493134e9	148118.90319157013
12.41243286827156	12.660781064611983	12.536606966441772	1.5537064997458696e7	31675.529606446817	1.202042780946772e9	141400.133242748
12.660781064611983	12.914096224879215	12.787438644745599	1.561803386462301e7	30003.64278462351	1.2176608148113952e9	134972.6164637026
12.914096224879211	13.172477688351787	13.0432869566155	1.569809339130783e7	28417.599601862577	1.233358908202703e9	128824.49561404459
13.17247768835179	13.436026781093817	13.304252234722803	1.5779442538495198e7	26916.905200919657	1.2491383507411983e9	122944.56945182972
13.436026781093817	13.704846855690684	13.57043681839225	1.586461775099215e7	25500.94032821244	1.2650029684921904e9	117322.24767367463
13.70484685569068	13.979043331779485	13.841945093735083	1.5949806071114078e7	24158.792756329196	1.2809527745633044e9	111946.9217531357
13.979043331779488	14.258723737390069	14.118883534584779	1.6034904461505711e7	22886.50935715628	1.2969876790248098e9	106808.36750259827
14.258723737390067	14.54399775111286	14.401360744251463	1.6122836591743395e7	21684.4352741108	1.3131105156165533e9	101896.97087356863
14.54399775111286	14.834977245110109	14.689487498111484	1.620929434541379e7	20543.02392068891	1.329319809961967e9	97203.12200716605
14.834977245110109	15.131776328987302	14.983376787048705	1.6290044896796972e7	19454.329128592137	1.345609854858764e9	92717.30732027823
15.131776328987304	15.43451139454204	15.283143861764671	1.6368254590422079e7	18420.023371825126	1.361978109449186e9	88430.65889475543
15.434511394542039	15.74330116140787	15.588906277974955	1.6444387885374919e7	17438.111750457454	1.378422497334561e9	84334.70560882271
15.74330116140787	16.05826672361102	15.900783942509445	1.6519283449777082e7	16506.956123786036	1.3949417807843382e9	80421.37080876804
16.058266723611016	16.37953159705823	16.218899160334622	1.6592794250083342e7	15623.900837026284	1.4115345750344217e9	76682.89082728467
16.37953159705823	16.707221767974385	16.543376682516307	1.666470696749407e7	14786.380780646552	1.4281992820019157e9	73111.8021348837
16.707221767974385	17.041465742308862	16.874343755141624	1.6347703630551383e7	13668.325780344969	1.444546985632467e9	69682.25965094898
17.041465742308862	17.38239459613003	17.211930169219446	1.6148319812008306e7	12722.731717362325	1.4606953054444754e9	66396.0449753052
17.38239459613003	17.73014202702762	17.556268311578826	1.6222604658234924e7	12043.928603204067	1.4769179101027102e9	63260.279178108096
17.730142027027618	18.084844406543162	17.90749321678539	1.651065028587684e7	11550.64996791775	1.493428560388587e9	60276.98390581332
18.08484440654316	18.446640833649013	18.265742620096084	1.6653676355420917e7	10978.603901287679	1.5100822367440078e9	57432.81642082421
18.446640833649013	18.815673189296984	18.631157011473	1.6764972107764542e7	10414.410103530781	1.5268472088517723e9	54720.201342069886
18.815673189296984	19.192086192057914	19.00387969067745	1.686229108757937e7	9870.595567894927	1.5437094999393516e9	52132.72320528722
19.192086192057914	19.576027454874062	19.38405682346599	1.6952328487025857e7	9350.85148486091	1.5606618284263778e9	49664.54976068421
19.576027454874062	19.967647542946533	19.771837498910298	1.7036767430901706e7	8855.316889454123	1.5776985958572795e9	47310.193379878096
19.967647542946533	20.367100032780453	20.167373787863493	1.7108073302731037e7	8379.40559530887	1.5948066691600106e9	45064.21855813344
20.367100032780453	20.774541572411053	20.570820802595755	1.717274307876715e7	7925.872183535426	1.6119794122387776e9	42921.662399981404
20.774541572411056	21.190131942834267	20.98233675762266	1.724138285327816e7	7498.50787486365	1.6292207950920558e9	40878.067146026035
21.190131942834263	21.614034120665938	21.402083031750102	1.7302290363879204e7	7090.907128299888	1.646523085455935e9	38928.86276045798
21.614034120665938	22.046414342054245	21.83022423136009	1.736354139922911e7	6705.513366238673	1.663886626855164e9	37069.88390763195
22.04641434205425	22.487442167870324	22.266928254962288	1.743088471576661e7	6343.205161858094	1.6813175115709307e9	35297.2563182459
22.48744216787032	22.937290550202714	22.712366359036515	1.7502718865896016e7	6001.924429798159	1.6988202304368267e9	33607.21057431687
22.937290550202718	23.39613590018176	23.16671322519224	1.7578587266223133e7	5680.214393289707	1.71639881770305e9	31996.110745293085
23.396135900181758	23.864158157160382	23.630147028671068	1.7649910108687073e7	5374.265065000461	1.734048727811737e9	30460.31092713912
23.864158157160386	24.34154085927858	24.102849508219485	1.771341585639006e7	5082.469733729481	1.751762143668127e9	28996.282920816582
24.341540859278584	24.828471215439144	24.585006037358866	1.777432961194566e7	4805.755593771079	1.7695364732800727e9	27600.75561635291
24.82847121543914	25.32514017872291	25.076805697081028	1.7832859638274103e7	4543.447131608215	1.787369332918347e9	26270.60769732755
25.325140178722915	25.83174252127236	25.57844134999764	1.7888924026842803e7	4294.818468154035	1.8052582569451897e9	25002.8560897544
25.831742521272364	26.3484769106728	26.09010971597258	1.7685524342808187e7	4001.0566790167964	1.822943781287998e9	23791.297037705484
26.348476910672794	26.875545987861237	26.612011449267015	1.7236459274014056e7	3674.523733527042	1.8401802405620117e9	22630.79789042377
26.87554598786124	27.413156446593455	27.144351217227346	1.723446151516065e7	3462.1590675942384	1.8574147020771723e9	21524.99878970416
27.413156446593455	27.961519114500312	27.687337780546883	1.757716029147151e7	3327.3184966118306	1.8749918623686438e9	20475.21594031082
27.96151911450031	28.520849035765302	28.241184075132807	1.773116042698732e7	3162.8547185487114	1.8927230227956312e9	19476.5085543339
28.520849035765302	29.091365555455596	28.80610729561045	1.7838837459008545e7	2998.507339686666	1.9105618602546396e9	18525.93652596254
29.0913655554556	29.673292405539698	29.382328980497647	1.7926188636386365e7	2839.377079939418	1.928488048891026e9	17621.023642154847
29.673292405539694	30.266857792625476	29.970075099082585	1.8001028851427197e7	2686.761015216981	1.946489077742453e9	16759.511393994173
30.266857792625476	30.872294487452972	30.569576140039224	1.80667507364375e7	2541.021966139136	1.9645558284788907e9	15939.29251989945
30.872294487452976	31.489839916177022	31.181067201814997	1.8123311239098698e7	2401.9426153861405	1.9826791397179894e9	15158.368811529983
31.489839916177026	32.11973625347555	31.80478808482629	1.816422169048068e7	2268.499243575817	2.0008433614084702e9	14414.798302114485
32.11973625347555	32.76223051752005	32.4409833854978	1.8205184158023e7	2142.465026416076	2.019048545566493e9	13706.85336288576
32.762230517520045	33.41757466684543	33.08990259218274	1.82662917460393e7	2025.6570812806165	2.0373148373125324e9	13033.01087019642
33.41757466684544	34.08602569915733	33.751800183001386	1.8326898549571067e7	1915.144006528784	2.0556417358621035e9	12391.666482636729
34.08602569915733	34.76784575211546	34.4269357256364	1.837588907506585e7	1809.496693871473	2.0740176249371693e9	11781.2259872972
34.76784575211547	35.46330220613277	35.11557397912412	1.840986001870823e7	1708.2716846929145	2.0924274849558775e9	11200.161572485991
35.46330220613276	36.1726677892304	35.81798499768158	1.8430897022240102e7	1611.5730627861317	2.1108583819781177e9	10647.03958118522
36.1726677892304	36.896220683989995	36.5344442366102	1.8437744898447514e7	1519.1772465424363	2.1292961268765652e9	10120.496176611463
36.89622068399	37.63424463664479	37.265232660317395	1.8145286727077663e7	1408.8399075289794	2.147441413603643e9	9617.963043402682
37.63424463664479	38.38702906835267	38.01063685249873	1.7326909083253384e7	1267.6989096228483	2.1647683226868963e9	9136.278091389606
38.38702906835267	39.154869188694704	38.77094912852368	1.7043130846663654e7	1175.010244931696	2.18181145353356e9	8677.03353304516
39.15486918869471	39.93806611144359	39.54646765006915	1.703219033991787e7	1106.5220568424197	2.1988436438734775e9	8240.330765058552
39.93806611144358	40.73692697264744	40.337496542045514	1.6788253388577312e7	1027.7617022242994	2.215631897262055e9	7824.276798352602
40.73692697264744	41.55176505107537	41.1443460118614	1.6469562370890826e7	950.0935234295525	2.2321014596329455e9	7427.74340250014
41.55176505107538	42.38289989107187	41.967332471073625	1.6096545120432556e7	875.0127762728378	2.248198004753378e9	7049.753692100584
42.382899891071865	43.23065742786829	42.806778659470076	1.5670409121264428e7	802.7115707102789	2.2638684138746424e9	6689.398223919418
43.23065742786829	44.09537011540064	43.66301377163447	1.5196388167662114e7	733.5286330963729	2.2790648020423045e9	6345.83956304546
44.09537011540065	44.97737705668364	44.536373586042146	1.4567009729634166e7	662.5896481362845	2.293631811771939e9	6018.007419548867
44.977377056683636	45.87702413679229	45.42720059673796	1.3990352219501644e7	599.6536287078827	2.3076221639914403e9	5705.456188106317
45.8770241367923	46.79466415850313	46.33584414764772	1.3438742731805652e7	542.7852990081626	2.321060906723246e9	5407.65433876256
46.794664158503124	47.73065698064817	47.262660569575644	1.2914527668222964e7	491.5250081683643	2.333975434391469e9	5124.074493206162
47.73065698064817	48.685369659236116	48.20801331994214	1.0001039752098024e7	358.6822924994792	2.343976474143567e9	4849.19025297792
48.685369659236116	49.65917659139582	49.17227312531597	1.0531048515887648e7	355.9050279214443	2.354507522659455e9	4590.002589862237
49.65917659139582	50.65245966219872	50.15581812679727	1.0317035383443266e7	328.56037901041367	2.364824558042898e9	4344.188877815484
50.65245966219873	51.66560839441769	51.15903402830821	9.989493530601263e6	299.7792271008827	2.3748140515734997e9	4110.8947434534575
51.66560839441769	52.69902010128103	52.18231424784936	8.294302673300475e6	234.5501812963017	2.3831083542468e9	3887.2955404008535
52.69902010128102	53.75310004228162	53.22606007178132	6.633535380830884e6	176.76602819850265	2.3897418896276307e9	3673.2614362384024
53.75310004228162	54.828261582102236	54.29068081219193	7.043757622543782e6	176.87076308779416	2.3967856472501745e9	3471.579840314025
54.82826158210225	55.924926352719275	55.37659396741076	7.044686619323581e6	166.69065305945372	2.4038303338694983e9	3280.944918470714
55.92492635271927	57.04352441874864	56.48422538573395	1.7520060084181428e6	39.06457600485746	2.4055823398779163e9	3093.944836602806
