-0.0	9.953897499377266e-5	4.976948749688633e-5	0.0041667676852587335	1.0086283833818569e9	0.0041667676852587335	1.0086283833818569e9
9.953897499377264e-5	0.0002010687294874207	0.00015030385224059668	0.027942987855376675	9.33945970761402e8	0.03210975554063541	9.430067225005122e8
0.00020106872948742055	0.0003046290790709416	0.00025284890427918107	0.07425182159420562	8.801415515956833e8	0.10636157713484104	8.98218687747859e8
0.0003046290790709413	0.0004102606356461327	0.000357444857358537	0.14335764620175367	8.391701686837702e8	0.24971922333659471	8.633438914391717e8
0.000410260635646133	0.0005180048233528283	0.00046413272949948065	0.23562525459028846	8.042439000890423e8	0.4853444779268832	8.336045423889805e8
0.0005180048233528285	0.0006279038948136576	0.000572954359083243	0.35446912699179967	7.794800053238662e8	0.8398136049186828	8.098689819380556e8
0.000627903894813658	0.0007400009477037037	0.0006839524212586809	0.5008220185150659	7.583269576003768e8	1.3406356234337489	7.898148922009236e8
0.0007400009477037037	0.0008543399416515503	0.000797170444677627	0.6759787938961487	7.390648691528951e8	2.0166144173298974	7.720441316425805e8
0.0008543399416515499	0.0009709657154783534	0.0009126528285649516	0.8804212241927961	7.202517190237399e8	2.8970356415226934	7.555331822366803e8
0.0009709657154783537	0.0010899240047816932	0.0010304448601300233	1.122752579166167	7.065581523473846e8	4.01978822068886	7.411837870293021e8
0.0010899240047816928	0.001211261459871099	0.001150592732326396	1.3995829069850054	6.92705015977363e8	5.419371127673866	7.280254928104535e8
0.0012112614598710993	0.0013350256640622935	0.0012731435619666963	1.7162450785081007	6.802644184989592e8	7.135616206181966	7.159357187827388e8
0.0013350256640622929	0.0014612651523373112	0.001398145408199802	2.074975399624885	6.686644528589604e8	9.21059160580685	7.047122718607477e8
0.0014612651523373112	0.0015900294303778297	0.0015256472913575704	2.4831045024002094	6.58906400852476e8	11.69369610820706	6.944607505532961e8
0.0015900294303778312	0.00172136899397916	0.0016556992121784958	2.9338951520063965	6.481098115239261e8	14.627591260213457	6.846400155373445e8
0.0017213689939791588	0.0018553353488525142	0.0017883521714158364	3.446950590266093	6.399120940231935e8	18.074541850479548	6.756338984140651e8
0.001855335348852515	0.0019919810308233377	0.0019236581898379264	4.012150429919335	6.311506619857068e8	22.086692280398882	6.670931419447027e8
0.0019919810308233377	0.0021313596264335767	0.002061670328628457	4.637244781328012	6.226589787274369e8	26.7239370617269	6.589335590605752e8
0.0021313596264335767	0.0022735257939560205	0.0022024427101947986	5.333757714805541	6.152720044119163e8	32.05769477653244	6.512444316343483e8
0.00227352579395602	0.0024185352848289125	0.0023460305393924663	6.106480794987972	6.086661266157656e8	38.16417557152042	6.440357750184836e8
0.002418535284828912	0.0025664449655192624	0.0024924901251740872	6.950528330622251	6.017512946885444e8	45.114703902142665	6.371381861357671e8
0.002566444965519263	0.0027173128398234204	0.0026418789026713416	7.872259594473858	5.94769856638005e8	52.986963496616525	6.304657524577534e8
0.0027173128398234204	0.002871198071613661	0.002794255455718541	8.894699165013327	5.889555118020741e8	61.88166266162985	6.241427120894755e8
0.002871198071613661	0.003028161008039706	0.0029496795398266835	10.007923238088104	5.830218690275605e8	71.88958589971796	6.18074012607988e8
0.003028161008039706	0.0031882632031942724	0.003108212105616989	11.23484983194335	5.77886851988902e8	83.12443573166131	6.123188092864574e8
0.0031882632031942715	0.003351567442251929	0.0032699153227231	12.564517562838125	5.724996504738045e8	95.68895329449943	6.06777273082066e8
0.0033515674422519306	0.0035181377660907414	0.0034348526041713357	14.01671349839875	5.674627907323165e8	109.70566679289817	6.014533198278209e8
0.003518137766090741	0.0036880394964063277	0.0036030886312485343	15.59148963709048	5.624055380896639e8	125.29715642998865	5.963015187052618e8
0.0036880394964063277	0.003861339261328226	0.003774689378867277	17.305214632035778	5.576098494387051e8	142.60237106202442	5.913222962609887e8
0.0038613392613282265	0.004038105021548563	0.003949722141438395	19.174175715540958	5.532266879112641e8	161.7765467775654	5.865352562739414e8
0.004038105021548562	0.0042184060969733045	0.0041282555592609335	21.204006881980206	5.490445405457791e8	182.9805536595456	5.819305670632972e8
0.004218406096973306	0.004402313193906544	0.004310359645439925	23.399988629111046	5.448969779995476e8	206.38054228865664	5.774805094679295e8
0.004402313193906543	0.004589898432778446	0.004496105813342494	25.78097377689911	5.409470438550574e8	232.16151606555576	5.731818048717426e8
0.004589898432778446	0.0047812353764277865	0.004685566904603117	28.36230682719425	5.372151130757328e8	260.52382289275	5.690343197130738e8
0.0047812353764277865	0.004976399058950114	0.004878817217688951	31.154673088092206	5.3361413612876457e8	291.6784959808422	5.650283056175534e8
0.004976399058950114	0.005175466015122888	0.005075932537036501	34.17506954949326	5.3016740624339354e8	325.85356553033546	5.611584213512186e8
0.005175466015122887	0.005378514310419117	0.005276990162771002	37.45243644919583	5.27041380342204e8	363.3060019795313	5.574385225633805e8
0.005378514310419117	0.005585623571621271	0.005482068941020194	40.9831316053952	5.2390810789543915e8	404.2891335849265	5.538452898616958e8
0.005585623571621272	0.005796875018047469	0.00569124929483437	44.80293178414646	5.2099289249390024e8	449.09206536907294	5.503829373511485e8
0.005796875018047468	0.006012351493402189	0.005904613255724828	48.93653323173275	5.1831331318831587e8	498.0285986008057	5.47057008077505e8
0.006012351493402189	0.006232137498264004	0.006122244495833097	53.391388859089254	5.1569549862191325e8	551.419987459895	5.438546112543174e8
0.006232137498264004	0.006456319223223056	0.00634422836074353	58.19023544483836	5.1314162100823903e8	609.6102229047333	5.407650886343689e8
0.006456319223223056	0.006684984582681288	0.006570651902952172	63.365197391235554	5.107163959275393e8	672.9754202959689	5.377858400982748e8
0.0066849845826812875	0.006918223249328685	0.006801603916004986	68.94988010741505	5.0846126079792285e8	741.925300403384	5.3491879114137006e8
0.006918223249328684	0.007156126689309029	0.007037174969318856	74.97963599915758	5.064011493985547e8	816.9049364025416	5.3216811422498685e8
0.00715612668930903	0.007398788198088982	0.007277457443699006	81.47744850962724	5.04460396525893e8	898.3823849121688	5.29530321276126e8
0.007398788198088982	0.007646302937044533	0.007522545567566758	88.52808836658072	5.0292279850345254e8	986.9104732787496	5.2702916345993274e8
0.007646302937044532	0.007898767970779194	0.0077725354539118635	96.14396814055563	5.015882288184279e8	1083.0544414193052	5.246668306036032e8
0.007898767970779196	0.00815628230518855	0.008027525137983873	104.34318402713389	5.003250213025344e8	1187.3976254464392	5.224332616646759e8
0.008156282305188549	0.008418946926286091	0.008287614615737321	113.18927990124826	4.992273902624112e8	1300.5869053476872	5.203283065051212e8
0.008418946926286091	0.008686864839805583	0.008552905883045837	122.73076349524521	4.9828627228206396e8	1423.3176688429323	5.183511166044606e8
0.008686864839805583	0.008960141111595467	0.008823502975700524	133.11754973963656	4.978594324819395e8	1556.435218582569	5.1653278506948155e8
0.008960141111595465	0.009238882908821145	0.009099512010208305	144.43521597958662	4.979560018094808e8	1700.8704345621557	5.1490159097785026e8
0.009238882908821145	0.009523199541991339	0.009381041225406242	156.81302499136402	4.986946048801157e8	1857.6834595535197	5.1349291061623347e8
0.009523199541991342	0.00981320250782494	0.009668201024908141	170.22177351895158	4.996649692026483e8	2027.9052330724712	5.123028396872017e8
0.009813202507824938	0.010109005532975208	0.009961104020400072	184.2067581803958	4.993973345216346e8	2212.111991252867	5.1120276939522034e8
0.010109005532975208	0.010410724618628483	0.010259865075801846	199.40104287972818	4.9957440732246524e8	2411.5130341325953	5.1022076302781075e8
0.010410724618628481	0.010718478085994822	0.010564601352311652	215.7303351686415	4.997599634180477e8	2627.2433693012367	5.093453224812581e8
0.01071847808599482	0.011032386622708487	0.010875432354351653	233.31778406983025	5.0004793576363903e8	2860.561153371067	5.0857406378939587e8
0.011032386622708489	0.01135257333015643	0.01119247997643246	251.53001161584203	4.989929150747403e8	3112.091164986909	5.0778603613986456e8
0.01135257333015643	0.011679163771753329	0.01151586855095488	272.3589163838224	5.00386700640974e8	3384.4500813707314	5.071824980220813e8
0.011679163771753329	0.012012286022182166	0.011845724896967749	294.6783231212264	5.0162916532312804e8	3679.1284044919576	5.067331803494716e8
0.012012286022182165	0.012352070717619578	0.012182178369900872	316.8794247217985	5.0003718407063e8	3996.007829213756	5.061956549058757e8
0.01235207071761958	0.012698651106965742	0.01252536091229266	342.3410411942348	5.009990608442436e8	4338.348870407991	5.057816748057546e8
0.01269865110696574	0.013052163104098825	0.012875407105532283	369.25859801076456	5.013804245795487e8	4707.607468418755	5.054336555955785e8
0.013052163104098825	0.013412745341174571	0.013232454222636698	395.7265816615569	4.987390310660865e8	5103.334050080312	5.049081147874977e8
0.013412745341174571	0.013780539222991833	0.013596642282083203	427.70122525381544	5.0053713714719474e8	5531.035275334128	5.045673964327112e8
0.013780539222991831	0.014155688982445437	0.013968114102718634	458.65300382894986	4.986181152018125e8	5989.688279163078	5.0410682283027416e8
0.01415568898244544	0.01453834173708812	0.01434701535976678	494.37715821078456	4.994532208200173e8	6484.065437373863	5.037489575312679e8
0.014538341737088116	0.014928647546823649	0.014733494641955882	530.6172586275029	4.983443689600136e8	7014.682696001366	5.0333603892670816e8
0.014928647546823649	0.01532675947275389	0.01512770350978877	568.9591268598937	4.969296889663991e8	7583.641822861259	5.028496797124128e8
0.015326759472753894	0.01573283363720274	0.015529796554978317	611.7513976332373	4.970538821138015e8	8195.393220494496	5.024123839686174e8
0.01573283363720274	0.016147029284940564	0.01593993146107165	653.4985713809458	4.9411940759752e8	8848.891791875441	5.0179043228140396e8
0.01614702928494056	0.01656950884563314	0.01635826906528685	704.6577590994045	4.959796266907108e8	9553.549550974845	5.0135718760820323e8
0.016569508845633144	0.017000437997539575	0.016784973421586358	750.7881935679566	4.9208092011000615e8	10304.337744542801	5.006695094493172e8
0.017000437997539575	0.017439985732484137	0.017220211865011856	808.8248001012889	4.937851089516676e8	11113.16254464409	5.001619865849492e8
0.01743998573248414	0.017888324422127594	0.017664155077305867	858.862681697557	4.8853827968523324e8	11972.025226341648	4.9930972642525715e8
0.017888324422127587	0.01834562988556391	0.018116977153845748	926.8416801770129	4.913543100541423e8	12898.86690651866	4.9872951375473017e8
0.01834562988556391	0.018812081458268955	0.01857885567191643	983.946838639255	4.862890325337864e8	13882.813745157915	4.9782687250032276e8
0.01881208145826896	0.019287862062428107	0.019049971760348533	1053.194058738987	4.853785234385159e8	14936.007803896902	4.9692820565750587e8
0.019287862062428104	0.019773158278670433	0.01953051017054927	1126.6420400532302	4.843057915962489e8	16062.649843950132	4.960214464485401e8
0.019773158278670436	0.020268160419237614	0.020020659348954025	1204.4987890722182	4.8307053797121644e8	17267.148633022352	4.950955456842002e8
0.02026816041923761	0.020773062602616132	0.02052061151092687	1283.0326657451951	4.801955095728728e8	18550.181298767548	4.940352750309851e8
0.020773062602616132	0.021288062829662224	0.02103056271613918	1368.7135842748285	4.7815841607501143e8	19918.894883042376	4.92910648510115e8
0.021288062829662228	0.02181336306124924	0.021550712945455734	1466.6057312312973	4.783559000532065e8	21385.500614273675	4.918842631371821e8
0.021813363061249234	0.022349169297467986	0.02208126617935861	1552.3101548589625	4.7281540241047186e8	22937.810769132637	4.905453917379508e8
0.02234916929746799	0.022895691658411117	0.022622430477939555	1667.0049022802045	4.7426320399869615e8	24604.81567141284	4.8940702999588215e8
0.02289569165841112	0.02345314446657311	0.023174418062492114	1760.4832948898363	4.679240007262793e8	26365.29896630268	4.8791127569074345e8
0.023453144466573112	0.024021746330898344	0.023737445398735728	1884.9239008386887	4.6815207751433206e8	28250.22286714137	4.865411076147767e8
0.024021746330898337	0.02460172023251007	0.024311733281704204	2007.500402886726	4.6599889314096683e8	30257.723270028095	4.851222690656148e8
0.02460172023251007	0.02519329361215404	0.024897506922332058	2132.4276827597487	4.627257520718967e8	32390.150952787844	4.835813221700953e8
0.02519329361215404	0.02579669845939089	0.025494996035772467	2264.3990480254142	4.5941390446735865e8	34654.55000081326	4.819247968217806e8
0.025796698459390893	0.02641217140357248	0.026104434931481686	2414.480815921995	4.5809570230975413e8	37069.030816735256	4.8029747236583096e8
0.026412171403572472	0.02703995380663769	0.02672606260510508	2558.933393553568	4.540984803555739e8	39627.964210288825	4.785147362190222e8
0.027039953806637693	0.027680291857764213	0.027360122832200955	2736.553213919785	4.542854369915174e8	42364.51742420861	4.768718203214906e8
0.027680291857764217	0.028333436669913267	0.028006864263838742	2879.0117964969454	4.471728657748577e8	45243.52922070555	4.7486493392553824e8
0.028333436669913267	0.0289996443783053	0.02866654052410928	3072.3392145806793	4.4655970221016383e8	48315.86843528623	4.7295864061789507e8
0.0289996443783053	0.02967917624086517	0.029339410309585236	3256.6340302895505	4.4302383505769277e8	51572.50246557578	4.7094920466441226e8
0.02967917624086517	0.030372298740676238	0.030025737490770706	3463.87366096813	4.410984488616667e8	55036.37612654391	4.6895182673605645e8
0.03037229874067624	0.031079283690483534	0.03072579121557989	3649.733895707349	4.35126824557806e8	58686.11002225126	4.6669560610883415e8
0.031079283690483534	0.03180040833928697	0.03143984601488525	3903.0032523221116	4.3571132543407094e8	62589.11327457337	4.646351907275022e8
0.03180040833928697	0.03253595548106648	0.03216818191017672	4097.467029348577	4.2837403352725935e8	66686.58030392195	4.622310787901612e8
0.03253595548106647	0.033286213565681566	0.03291108452337402	4361.347154609499	4.2706788454030377e8	71047.92745853144	4.5990657495061415e8
0.033286213565681566	0.034051476811988966	0.03366884518883527	4641.855300004914	4.2579027741706306e8	75689.78275853636	4.576577208233936e8
0.03405147681198896	0.0348320453232225	0.03444176106760573	4860.161961635781	4.1767700190499043e8	80549.94472017213	4.550296610500768e8
0.03483204532322251	0.03562822520468072	0.03523013526395162	5157.993650322305	4.153484890870964e8	85707.93837049443	4.524284147062617e8
0.03562822520468072	0.036440328683768106	0.03603427694422441	5500.837951343934	4.151046616144142e8	91208.77632183836	4.4998823909282124e8
0.036440328683768106	0.03726867423243723	0.036854501458102665	5726.134426288709	4.0498670698235494e8	96934.91074812708	4.470537829026342e8
0.03726867423243723	0.03811358669207974	0.037691130462258485	6102.692711944091	4.045790694658288e8	103037.60346007117	4.442911671797716e8
0.03811358669207974	0.0389753974009151	0.03854449204649742	6425.198062015501	3.993208837355468e8	109462.80152208667	4.413735396001429e8
0.0389753974009151	0.039854444323927166	0.039414920862421134	6764.004755533481	3.9413287683147764e8	116226.80627762014	4.3831609681480736e8
0.03985444432392717	0.04075107218539948	0.040302758254663326	7146.690744268517	3.904769876493117e8	123373.49702188866	4.3522731735632926e8
0.04075107218539948	0.041665632604101235	0.04120835239475036	7496.854959693101	3.8412141123460543e8	130870.35198158176	4.3193532258807296e8
0.04166563260410123	0.042598484231177014	0.04213205841763912	7996.0184132142695	3.842450231883751e8	138866.37039479605	4.2887036452900213e8
0.04259848423117702	0.04354999289079432	0.043074238560985675	8282.7828631096	3.73336790292297e8	147149.15325790565	4.253093131595362e8
0.04354999289079433	0.04452053172360398	0.044035262307199154	8788.17934704947	3.7158431621383035e8	155937.33260495513	4.2187176889989763e8
0.04452053172360398	0.04551048133306982	0.0450155065283369	9247.634173202392	3.6683089339637274e8	165184.9667781575	4.183575632275095e8
0.04551048133306983	0.04652022993472499	0.04601535563389741	9725.715457268101	3.6197238766494006e8	174910.6822354256	4.147650623189769e8
0.04652022993472498	0.04755017350841324	0.04703520172156911	10205.667108491729	3.56413977284036e8	185116.34934391733	4.110549190541531e8
0.04755017350841324	0.04860071595357527	0.04807544473099426	10720.631642160275	3.5134437421040976e8	195836.9809860776	4.0726594358374995e8
0.04860071595357527	0.04967226924764054	0.0491364926006079	11264.837330048442	3.46478082857242e8	207101.81831612604	4.0341616808067596e8
0.04967226924764054	0.05076525360758711	0.05021876142761382	11902.513890133758	3.4360996304346085e8	219004.3322062598	3.9963582770382327e8
0.05076525360758711	0.051880097654732615	0.05132267563115986	12428.994835319081	3.368033235419419e8	231433.3270415789	3.9567165064551663e8
0.05188009765473262	0.053017238582821036	0.052448668118776826	13021.69471231746	3.312511646883246e8	244455.02175389635	3.9161475186940795e8
0.053017238582821036	0.054177122329471215	0.05359718045614613	13643.57051553307	3.258388593938369e8	258098.5922694294	3.8747994239057416e8
0.05417712232947121	0.055360203751054396	0.0547686630402628	14580.815423688067	3.269460897207335e8	272679.4076931175	3.836813531715667e8
0.055360203751054396	0.056566946801069246	0.05596357527606182	15012.864340824055	3.1609029283081335e8	287692.2720339416	3.794472168475729e8
0.05656694680106925	0.057797824712084396	0.057182385756576824	15658.607651334993	3.0959004665875876e8	303350.8796852766	3.750784984469213e8
0.057797824712084396	0.05905332018131985	0.05842557244670212	16556.766658510773	3.074169788293422e8	319907.6463437874	3.708540710007894e8
0.05905332018131985	0.06033392555994001	0.05969362287062993	17601.056534437506	3.069311887147073e8	337508.7028782248	3.668695079173184e8
0.060333925559939994	0.06164014304613255	0.06098703430303627	18073.312273930213	2.960198019898399e8	355582.015152155	3.624601483270931e8
0.06164014304613256	0.06297248488204897	0.06230631396409077	19050.38198252388	2.9308763204005826e8	374632.3971346789	3.5814940125472337e8
0.06297248488204897	0.06433147355468372	0.06365197921836635	19979.841986397663	2.887526820481769e8	394612.2391210766	3.538436805597935e8
0.06433147355468372	0.06571764200077115	0.06502455777772743	20940.70101958668	2.8431127472099847e8	415552.9401406633	3.495359367795092e8
0.06571764200077114	0.06713153381578033	0.06642458790827574	21951.668017053544	2.8000600606947786e8	437504.60815771687	3.452345979327501e8
0.06713153381578033	0.06857370346708969	0.067852618641435	22866.574463582503	2.740471679703001e8	460371.18262129935	3.408369781158602e8
0.06857370346708969	0.07004471651142524	0.06930920998925746	23963.11403391705	2.698476666273193e8	484334.29665521637	3.3645769728312147e8
0.07004471651142524	0.0715451498166475	0.07079493316403637	25079.78455104504	2.653851594557506e8	509414.0812062614	3.320792533793551e8
0.07154514981664752	0.07307559178797422	0.07231037080231087	26325.204449626584	2.6177467706352994e8	535739.285655888	3.2775389513873863e8
0.07307559178797422	0.07463664259872746	0.07385611719335083	27417.081337739095	2.5621538563328514e8	563156.3669936272	3.233583675766013e8
0.07463664259872745	0.07622891442569575	0.0754327785122116	28718.87028861188	2.522341828407426e8	591875.237282239	3.189938836634671e8
0.07622891442569575	0.07785303168920342	0.07704097305744959	30014.762528624808	2.4776962429747474e8	621889.9998108639	3.146287294178532e8
0.07785303168920343	0.07950963129798126	0.07868133149359235	31276.224560110844	2.4267635304745224e8	653166.2243709747	3.102243555528229e8
0.07950963129798126	0.08119936289893465	0.08035449709845796	32798.57430967623	2.3921642616439483e8	685964.7986806509	3.058830101266358e8
0.08119936289893465	0.0829228891319071	0.08206112601542087	34357.5743679521	2.3556123623632994e8	720322.373048603	3.015886683750796e8
0.08292288913190708	0.08468088588953898	0.08380188751072304	35836.923863240685	2.3098259836745322e8	756159.2969118436	2.9728192779022807e8
0.084680885889539	0.08647404258232352	0.08557746423593127	37446.00707044155	2.2690428242157227e8	793605.3039822851	2.929939585754332e8
0.08647404258232352	0.08830306240896375	0.08738855249564365	38809.53511004337	2.2109820576734725e8	832414.8390923284	2.886183289707846e8
0.08830306240896375	0.09016866263213678	0.08923586252055027	41175.48056217188	2.205543145381075e8	873590.3196545003	2.8448037948594385e8
0.09016866263213677	0.09207157485977326	0.09112011874595502	42241.18882143071	2.12746867350364e8	915831.508475931	2.80123959630393e8
0.09207157485977327	0.09401254533196249	0.09304206009586788	44523.35980333252	2.1085541154071793e8	960354.8682792635	2.75921599959584e8
0.09401254533196249	0.09599233521359549	0.09500244027277899	46740.36499416156	2.08150709964248e8	1.007095233273425e6	2.718142745502429e8
0.09599233521359549	0.09801172089286114	0.09700202805322831	48169.50622507107	2.0172779674997455e8	1.055264739498496e6	2.6757083488956887e8
0.09801172089286114	0.10007149428571212	0.09904160758928662	50598.11936791889	1.9927556651081556e8	1.105862858866415e6	2.6343987312593004e8
0.10007149428571215	0.10217246314642014	0.10112197871606615	52840.06268988628	1.9571634831111383e8	1.1587029215563012e6	2.593474024657697e8
0.10217246314642012	0.10431545138434227	0.10324395726538119	54968.52077588178	1.9148709992736176e8	1.213671442332183e6	2.5525049848432535e8
0.10431545138434228	0.10650129938702288	0.10540837538568258	57257.85708560488	1.8760286427505198e8	1.270929299417788e6	2.5117017204360834e8
0.10650129938702287	0.10873086434975707	0.10761608186838997	60155.074131375644	1.8538405840484655e8	1.3310843735491636e6	2.4720568519828558e8
0.1087308643497571	0.11100502061174598	0.10986794248075155	62494.52163970278	1.8115665489466017e8	1.3935788951888664e6	2.4322884970144442e8
0.11100502061174598	0.11332465999897465	0.11216484030536031	65120.8613190864	1.7756641832854116e8	1.4586997565079527e6	2.392786925133502e8
0.11332465999897466	0.11569069217394791	0.11450767608646129	68083.79168454956	1.7463390725208515e8	1.5267835481925022e6	2.3539303254832932e8
0.1156906921739479	0.11810404499242061	0.11689736858318425	70585.02478348267	1.7031660609408343e8	1.5973685729759852e6	2.3148465645782208e8
0.11810404499242058	0.12056566486726274	0.11933485492984167	73769.61174061756	1.6745442397412318e8	1.6711381847166028e6	2.2764222255850822e8
0.12056566486726275	0.12307651713960176	0.12182109100343225	76950.85132276684	1.6433196937883145e8	1.7480890360393696e6	2.2384600392886752e8
0.12307651713960176	0.12563758645738754	0.12435705179849466	80120.15690953395	1.6097350835641453e8	1.8282091929489037e6	2.2007895972142634e8
0.12563758645738754	0.12824987716152902	0.12694373180945828	83904.40912718979	1.586045223106725e8	1.9121136020760934e6	2.1639848111799386e8
0.12824987716152905	0.13091441367975337	0.12958214542064123	86894.03042095705	1.545442199362581e8	1.9990076324970506e6	2.1269802043399966e8
0.13091441367975337	0.1336322409283422	0.13227332730404778	91097.60344428703	1.524457789900464e8	2.0901052359413377e6	2.0909603134839508e8
0.1336322409283422	0.13640442472190278	0.1350183328251225	94257.79650994475	1.4841734554185832e8	2.1843630324512823e6	2.0547114157520384e8
0.13640442472190276	0.13923205219133455	0.13781823845661867	98119.74170063065	1.4537700469315147e8	2.282482774151913e6	2.018836862697829e8
0.13923205219133455	0.14211623221015499	0.14067414220074476	102207.99725350967	1.424980385864135e8	2.3846907714054226e6	1.9834095814402723e8
0.142116232210155	0.14505809582935186	0.14358716401975344	106907.40918803358	1.402584314629127e8	2.491598180593456e6	1.94878298528973e8
0.14505809582935186	0.14805879672093264	0.14655844627514225	111257.03732613602	1.373592920932698e8	2.6028552179195923e6	1.9145149215030843e8
0.1480587967209326	0.151119511630345	0.1495891541756388	116316.43702109088	1.3514282195922422e8	2.7191716549406834e6	1.8809895850818256e8
0.15111951163034504	0.1542414408379457	0.15268047623414538	120038.34704485766	1.3125170342820352e8	2.839210001985541e6	1.8471649805756915e8
0.15424144083794566	0.15742580862969832	0.155833624733822	125473.427805704	1.291163435932832e8	2.964683429791245e6	1.814102903481054e8
0.15742580862969832	0.16067386377728604	0.15904983620349217	130069.34200418217	1.2596797255132702e8	3.0947527717954274e6	1.7811546908469278e8
0.160673863777286	0.16398688002782547	0.16233037190255573	136015.7491711521	1.2397700084403051e8	3.2307685209665787e6	1.7490004606176344e8
0.1639868800278255	0.16736615660337575	0.16567651831560062	140970.2133330961	1.2093632858616269e8	3.3717387342996746e6	1.7169686935106957e8
0.16736615660337573	0.17081301871043697	0.16908958765690635	147097.67877358384	1.1877451810429497e8	3.5188364130732585e6	1.6855729942404902e8
0.170813018710437	0.17432881805963948	0.17257091838503824	152944.18230459056	1.162381728067474e8	3.671780595377849e6	1.6545525147411105e8
0.17432881805963946	0.17791493339582598	0.17612187572773272	158873.00156241923	1.1365129139338315e8	3.8306535969402683e6	1.623854317696327e8
0.17791493339582598	0.18157277103873623	0.17974385221728112	165689.48308469448	1.1156746777259089e8	3.996343080024963e6	1.5937565799092907e8
0.18157277103873626	0.18530376543450472	0.1834382682366205	172074.72375458226	1.0906559307680233e8	4.1684178037795452e6	1.5639753348109302e8
0.18530376543450472	0.18910937971818856	0.18720657257634665	179259.46626444435	1.0695234879048094e8	4.34767727004399e6	1.534721153002029e8
0.18910937971818853	0.19299110628754604	0.19105024300286727	185934.20290206623	1.044273730743813e8	4.533611472946056e6	1.505718555659679e8
0.19299110628754604	0.1969504673882907	0.19497078683791835	193313.2838157052	1.0220513325438625e8	4.726924756761761e6	1.477131067997477e8
0.1969504673882907	0.20098901571105024	0.19896974154967045	200740.1837185353	9.99102827544011e7	4.9276649404802965e6	1.4488905860522267e8
0.20098901571105027	0.205108335000265	0.20304867535565763	207689.60293392825	9.73115119018662e7	5.135354543414225e6	1.4207965559567103e8
0.20510833500026499	0.20931004067526401	0.20720918783776449	216686.1774141037	9.557907408891073e7	5.352040720828328e6	1.393351256261148e8
0.20931004067526404	0.21359578046376304	0.21145291056951354	225609.3054344749	9.368695929606672e7	5.577650026262803e6	1.3664213659116828e8
0.213595780463763	0.217967235048032	0.2157815077558975	235164.0223699485	9.193729998904611e7	5.812814048632751e6	1.3400597886166875e8
0.217967235048032	0.22242611872398638	0.2201966768860092	244607.09416617884	9.003195507433826e7	6.05742114279893e6	1.3141405276580185e8
0.2224261187239864	0.22697418007345985	0.22470014939872313	253348.12072658906	8.779301418763685e7	6.3107692635255195e6	1.2884403721164997e8
0.22697418007345982	0.23161320264992274	0.22929369136169128	263366.62185428553	8.592615080915585e7	6.574135885379805e6	1.2631651397540589e8
0.23161320264992277	0.23634500567791494	0.23397910416391887	272339.8941647923	8.365767559222904e7	6.8464757795445975e6	1.238052833545075e8
0.23634500567791494	0.24117144476646696	0.23875822522219095	281751.30160309304	8.148877039835456e7	7.12822708114769e6	1.2131521210032989e8
0.24117144476646696	0.24609441263679002	0.2436329287016285	293549.4006686355	7.993879256522039e7	7.421776481816325e6	1.1888142463129541e8
0.24609441263679002	0.2511158398645195	0.24860512625065478	305017.3537433356	7.820825352840844e7	7.726793835559661e6	1.1648993191956577e8
0.2511158398645195	0.25623769563680365	0.2536767677506616	316294.39144885336	7.636214830552796e7	8.043088227008514e6	1.141314048963304e8
0.2562376956368037	0.2614619885245335	0.25884984208066864	328578.43445960426	7.469493001644535e7	8.371666661468118e6	1.1181437450573947e8
0.26146198852453345	0.2667907672700178	0.26412637789727567	341758.30948294525	7.315487087785259e7	8.713424970951064e6	1.0954382429218267e8
0.2667907672700179	0.27222612159041193	0.26950844443021493	354624.320005868	7.147782307188629e7	9.068049290956931e6	1.0730893271196115e8
0.27222612159041193	0.2777701829972139	0.2749981522938129	369377.2558879911	7.01064528240097e7	9.437426546844922e6	1.0512550628031844e8
0.2777701829972139	0.2834251256321519	0.28059765431468287	380708.6307983004	6.804118734055525e7	9.818135177643223e6	1.029497637874177e8
0.2834251256321519	0.28919316711978865	0.28630914637597027	396120.1448725785	6.666587087810444e7	1.02142553225158e7	1.0082170041386817e8
0.28919316711978865	0.29507656943717814	0.2921348682784834	408812.2226194594	6.478940473399856e7	1.062306754513526e7	9.870909188745894e7
0.2950765694371781	0.30107763980091534	0.2980771046190467	425621.186115828	6.352033030313645e7	1.1048688731251087e7	9.664660899562937e7
0.3010776398009154	0.3071987315719274	0.30413818568642137	441647.26895652735	6.206978391443541e7	1.1490336000207614e7	9.462063640785414e7
0.3071987315719274	0.31344224517835967	0.31032048837514353	457547.7905721044	6.0556670090786986e7	1.1947883790779721e7	9.262533507172184e7
0.31344224517835967	0.3198106290569206	0.31662643711764016	473543.6435233224	5.902172855667221e7	1.2421427434303043e7	9.065759972325644e7
0.3198106290569206	0.3263063806130527	0.32305850483498666	491449.8505789081	5.7685006801810175e7	1.2912877284881951e7	8.87273919847267e7
0.32630638061305267	0.33293204720030745	0.32961921390668003	509262.3013617981	5.629404099690683e7	1.3422139586243749e7	8.682930761844862e7
0.3329320472003074	0.33969022711930724	0.3363111371598073	526877.2698230246	5.484950799318518e7	1.3949016856066773e7	8.495830369398277e7
0.3396902271193073	0.34658357063668715	0.34313689887799725	546047.9794142387	5.3535463791900225e7	1.4495064835481012e7	8.31204025701061e7
0.34658357063668715	0.3536147810244146	0.3500991758305509	562895.2836218682	5.197456684140864e7	1.505796011910288e7	8.129920576319097e7
0.3536147810244146	0.3607866156198966	0.3572006983221556	584507.4748846695	5.082890488284456e7	1.564246759398755e7	7.951799136694932e7
0.36078661561989656	0.3681018869072882	0.36444425126359237	608318.4501781135	4.9821167297495335e7	1.6250786044165663e7	7.778245245288423e7
0.3681018869072882	0.37556346362042764	0.3718326752638579	630305.596003212	4.8618439419714764e7	1.6881091640168875e7	7.60784947280494e7
0.3755634636204277	0.38317427186782993	0.3793688677441288	654154.3839359106	4.7522761545699716e7	1.7535246024104785e7	7.441050154890016e7
0.38317427186782993	0.3909372962801802	0.3870557840740051	674639.5459767217	4.616037168929844e7	1.8209885570081506e7	7.276077097951458e7
0.3909372962801802	0.3988555811807775	0.39489643873047886	699730.8673024047	4.509299272078975e7	1.8909616437383913e7	7.114544332019328e7
0.3988555811807775	0.40693223177938675	0.40289390648008216	724463.0230021856	4.397229395082278e7	1.9634079460386097e7	6.955937388069393e7
0.4069322317793867	0.41517041538996813	0.41105132358467744	749406.8250817759	4.284199381405653e7	2.0383486285467874e7	6.800027365869084e7
0.41517041538996813	0.4235733626727612	0.4193718890313647	774879.774076019	4.172339703502225e7	2.1158366059543893e7	6.646723228794077e7
0.4235733626727612	0.4321443689012101	0.4278588657869856	801153.3929184959	4.0631083842550434e7	2.195951945246239e7	6.496024407303575e7
0.4321443689012101	0.44088679525422797	0.436515582077719	829178.2537439703	3.9608832231694706e7	2.278869770620636e7	6.348185708570901e7
0.4408867952542281	0.44980407013430634	0.4453454326942672	854190.7053723771	3.843300194227641e7	2.3642888411578737e7	6.202143072682087e7
0.4498040701343063	0.4588996905119861	0.4543518803231462	880132.5519755299	3.729981955073607e7	2.4523020963554267e7	6.058039011354871e7
0.4588996905119861	0.4681772232972195	0.4635384569046028	909088.786240356	3.628924227720558e7	2.5432109749794625e7	5.91647365592716e7
0.46817722329721945	0.4776403067381575	0.47290876501768847	940632.7629629388	3.536782474181632e7	2.6372742512757562e7	5.7778169629431106e7
0.47764030673815755	0.48729265184791437	0.482466479293036	973198.3811085692	3.446750898134807e7	2.7345940893866133e7	5.642020685231132e7
0.4872926518479144	0.4971380438598664	0.49221534785389043	1.0070061961016795e6	3.359421393014704e7	2.8352947089967813e7	5.5090739334604606e7
0.4971380438598663	0.5071803437120573	0.5021591937859619	1.0423008379344791e6	3.2753123865950692e7	2.9395247927902292e7	5.378996691655948e7
0.5071803437120572	0.517423489561292	0.5123019166366747	1.0795315001662609e6	3.195403226278749e7	3.0474779428068552e7	5.2518648304907806e7
0.5174234895612922	0.5278714983275118	0.522647493944402	1.121103492251018e6	3.1258641945306104e7	3.1595882920319572e7	5.128108979810449e7
0.5278714983275117	0.5385284672690556	0.5331999827982836	1.1578275655282775e6	3.0409243086799547e7	3.275371048584785e7	5.0066346406192966e7
0.5385284672690556	0.5493985755894304	0.543963521429243	1.198520387644637e6	2.9651569434044614e7	3.395223087349249e7	4.887841549303734e7
0.5493985755894303	0.5604860860762125	0.5549423308328214	1.2377303262765459e6	2.884509474441783e7	3.5189961199769035e7	4.7712884329848364e7
0.5604860860762126	0.5717953467727306	0.5661407164244716	1.2753395137112543e6	2.7997452358417384e7	3.646530071348029e7	4.6566043520120986e7
0.5717953467727305	0.5833307926831788	0.5775630697279546	1.31648710770836e6	2.7224448493267573e7	3.778178782118864e7	4.544113685767092e7
0.5833307926831788	0.5950969475118361	0.5892138700975074	1.3594065715023067e6	2.648162230784502e7	3.914119439269096e7	4.4338632755773455e7
0.595096947511836	0.6070984254370663	0.601097686474451	1.398857900786681e6	2.5669917066048276e7	4.054005229347764e7	4.325321318593559e7
0.6070984254370664	0.6193399329208014	0.6132191791789339	1.4414722309329114e6	2.4918140640136804e7	4.198152452441055e7	4.218735991370373e7
0.6193399329208014	0.631826270554211	0.6255831017375062	1.4852118757314766e6	2.418572103020884e7	4.346673640014203e7	4.114105136907845e7
0.631826270554211	0.6445623349402889	0.63819430274725	1.5231889035047316e6	2.3366216605864074e7	4.498992530364676e7	4.010808172250986e7
0.6445623349402889	0.6575531206140883	0.6510577277771886	1.566541770965781e6	2.2638272994106602e7	4.655646707461254e7	3.9092989037780136e7
0.6575531206140883	0.6708037220013637	0.664178421307726	1.6148185853578676e6	2.1983374481823664e7	4.817128565997041e7	3.809897021857331e7
0.6708037220013637	0.6843193354163847	0.6775615287088742	1.6644873458568165e6	2.1346318934806287e7	4.9835773005827226e7	3.7125828682623215e7
0.6843193354163846	0.6981052610997059	0.6912122982580453	1.7153746139898188e6	2.072410921050344e7	5.155114761981705e7	3.617320550505543e7
0.6981052610997058	0.7121669052966936	0.7051360831981996	1.7679796092929817e6	2.012199390625288e7	5.331912722911003e7	3.52410677787125e7
0.7121669052966937	0.7265097823776212	0.7193383438371574	1.8222242179662134e6	1.9537764221297193e7	5.5141351447076246e7	3.432925648416641e7
0.7265097823776212	0.7411395170001672	0.7338246496888943	1.8782817295580208e6	1.8972101775970526e7	5.701963317663427e7	3.3437661682012267e7
0.7411395170001672	0.7560618463151642	0.7486006816576657	1.9360912330443365e6	1.84231767013789e7	5.89557244096786e7	3.2566073839328364e7
0.7560618463151642	0.771282622216461	0.7636722342658127	1.9955677252014051e6	1.788922133896632e7	6.095129213488001e7	3.1714193264835197e7
0.7712826222164612	0.786807813635784	0.7790452179261226	2.0567702697019964e6	1.736997740202524e7	6.3008062404582e7	3.088172297473049e7
0.7868078136357839	0.8026435088834932	0.7947256612596385	2.119883786334447e6	1.6866159840913057e7	6.512794619091645e7	3.006842500033376e7
0.8026435088834933	0.8187959180361568	0.8107197134598251	2.185087422869684e6	1.6378186550841881e7	6.731303361378612e7	2.9274099691467874e7
0.8187959180361568	0.8352713753718736	0.8270336467040151	2.2524540104799164e6	1.5905519930779615e7	6.956548762426603e7	2.8498528035117917e7
0.8352713753718735	0.8520763418543045	0.843673858613089	2.3223659766569617e6	1.5449684018378189e7	7.188785360092299e7	2.7741592371749427e7
0.8520763418543045	0.8692174076663841	0.8606468747603443	2.3956226995744426e6	1.5014344812917061e7	7.428347630049743e7	2.7003394700764667e7
0.8692174076663842	0.8867012947947055	0.8779593512305448	2.480393487700662e6	1.4645680448676798e7	7.676386978819808e7	2.6286709329508867e7
0.8867012947947055	0.9045348596655932	0.8956180772301494	2.540611530863843e6	1.4132864141159771e7	7.930448131906192e7	2.558192336697823e7
0.9045348596655932	0.9227250958338986	0.9136299777497459	2.6196960707945637e6	1.3729277362819158e7	8.192417738985649e7	2.489467623388491e7
0.9227250958338986	0.9412791367255702	0.9320021162797344	2.693332019753961e6	1.3298215939206913e7	8.461750940961045e7	2.422235310599496e7
0.9412791367255703	0.9602042584350753	0.9507416975803228	2.766141820787521e6	1.2867271787162006e7	8.738365123039797e7	2.3564091197351106e7
0.9602042584350751	0.9795078825787702	0.9698560705069226	2.8390971483927453e6	1.2442355982128428e7	9.022274837879072e7	2.2919420742694203e7
0.9795078825787704	0.9991975792053394	0.9893527308920549	2.9127740169409383e6	1.2026555373829782e7	9.313552239573166e7	2.2288078361771233e7
0.9991975792053394	1.0192810697644397	1.0092393244848896	2.9882660162211647e6	1.1624319429412207e7	9.612378841195282e7	2.167007398020825e7
1.0192810697644394	1.0397662301347217	1.0295236499495806	3.0636757717581075e6	1.1228108124741722e7	9.918746418371093e7	2.106498011353638e7
1.039766230134722	1.06066109371241	1.050213661923566	3.1402237030121423e6	1.0842802079188464e7	1.0232768788672307e8	2.0472677059242066e7
1.06066109371241	1.0819738545616517	1.0713174741370308	3.207903219603548e6	1.0435685470922211e7	1.0553559110632662e8	1.9891156694643542e7
1.0819738545616517	1.1037128706278783	1.092843362594765	3.283913235541491e6	1.0064953392676326e7	1.0881950434186812e8	1.9321899247276157e7
1.1037128706278783	1.1258866670154293	1.1147997688216538	3.368387428541055e6	9.726667287633251e6	1.1218789177040918e8	1.8766070739423353e7
1.1258866670154293	1.1485039393307315	1.1371953031730804	3.454650174711409e6	9.398738256390586e6	1.1564254194512059e8	1.8223489991714295e7
1.1485039393307315	1.1715735570923396	1.1600387482115355	3.5427929001063816e6	9.081052737571126e6	1.1918533484522697e8	1.7693979872392494e7
1.1715735570923396	1.1951045672091798	1.1833390621507598	3.6328764646126637e6	8.773390964941798e6	1.2281821130983964e8	1.7177360907030787e7
1.19510456720918	1.2191061975283572	1.2071053823687685	3.7249450268257232e6	8.475485404959176e6	1.2654315633666536e8	1.6673448645056743e7
1.2191061975283572	1.243587860453918	1.2313470289911375	3.8190295068637906e6	8.187041580604761e6	1.3036218584352915e8	1.6182052385648783e7
1.243587860453918	1.2685591566379897	1.2560735085459538	3.9148165456320383e6	7.907078480294717e6	1.342770023891612e8	1.5702935787943589e7
1.2685591566379897	1.294029878745743	1.2812945176918662	4.0122720490717236e6	7.635315959013497e6	1.3828927443823293e8	1.5235860100308545e7
1.2940298787457432	1.3200100152956515	1.3070199470206973	4.111357610568205e6	7.371489138920303e6	1.4240063204880112e8	1.478058518057087e7
1.3200100152956513	1.3465097545765579	1.3332598849361046	4.212009551448161e6	7.115312200590124e6	1.466126416002493e8	1.4336868360892184e7
1.3465097545765579	1.3735394886430825	1.3600246216098202	4.314346724633915e6	6.866818536994251e6	1.509269883248832e8	1.3904483067807475e7
1.3735394886430825	1.4011098173909375	1.38732465301701	4.418208007486623e6	6.625579189511692e6	1.553451963323698e8	1.3483191122410676e7
1.4011098173909378	1.42923155271375	1.415170685052344	4.523715060168436e6	6.391625532850809e6	1.5986891139253825e8	1.3072770053393928e7
1.4292315527137498	1.4579157227430182	1.443573637728384	4.630745790218126e6	6.1646243081720155e6	1.6449965718275636e8	1.2672991078884916e7
1.4579157227430184	1.4871735761728722	1.4725446494579453	4.739357530761763e6	5.944508021352363e6	1.6923901471351814e8	1.228363484910391e7
1.4871735761728724	1.5170165866713232	1.5020950814220977	4.849502375812912e6	5.731067815047534e6	1.7408851708933106e8	1.1904482715345131e7
1.517016586671323	1.547456457379743	1.532236522025533	4.961160119515017e6	5.524139960302159e6	1.790496772088461e8	1.1535319297401762e7
1.547456457379743	1.5785051255023312	1.5629807914410372	5.074358044476204e6	5.323615800939751e6	1.841240352533223e8	1.117593547709185e7
1.5785051255023315	1.6101747669873716	1.5943399462448515	5.189060720973844e6	5.129317791147173e6	1.8931309597429615e8	1.0826124046291376e7
1.6101747669873714	1.6424778013021122	1.6263262841447417	5.305244500128364e6	4.941087913654487e6	1.946183404744245e8	1.0485680723071516e7
1.6424778013021124	1.675426896303148	1.65895234880263	5.422899642524369e6	4.7587853199927155e6	2.0004124011694887e8	1.0154404972357959e7
1.6754268963031482	1.7090349732042047	1.6922309347536766	5.54201322941328e6	4.582268122424077e6	2.0558325334636214e8	9.83209972579691e6
1.7090349732042043	1.7433152116432817	1.726175092423743	5.6625726981338e6	4.41139684456752e6	2.1124582604449594e8	9.518571317595411e6
1.743315211643282	1.778281054851141	1.7607981332472114	5.784582283097304e6	4.246046282278076e6	2.1703040832759324e8	9.213630110180208e6
1.778281054851141	1.813946214923157	1.7961136348871491	5.9079965261754505e6	4.0860558686102526e6	2.2293840485376868e8	8.917088213074172e6
1.8139462149231576	1.850324678196614	1.8321354465598858	6.032761530732628e6	3.931266834799622e6	2.289711663845013e8	8.628759483405523e6
1.8503246781966136	1.8874307107355393	1.8688776944660765	6.158849881962722e6	3.7815444137172755e6	2.3513001626646402e8	8.34846081041923e6
1.8874307107355395	1.9252788639252436	1.9063547873303914	6.286232872355746e6	3.636756171697805e6	2.4141624913881978e8	8.076012072526798e6
1.9252788639252438	1.963883980178742	1.9445814220519928	6.414881267561693e6	3.4967723988588112e6	2.478311304063815e8	7.8112361195051875e6
1.9638839801787418	2.00326119875731	1.9835725894680258	6.544764369203374e6	3.361465483096034e6	2.5437589477558488e8	7.553958719617856e6
2.00326119875731	2.0434259617074493	2.0233435802323796	6.67585191169755e6	3.230710846091705e6	2.610517466872824e8	7.30400856400164e6
2.0434259617074497	2.084394019916592	2.0639099908120206	6.808111757253114e6	3.104385641608191e6	2.6785985844453552e8	7.061217195621217e6
2.0843940199165925	2.1261814392899177	2.105287729603255	6.941510678979332e6	2.982369187685406e6	2.748013691235149e8	6.825418967407208e6
2.126181439289917	2.168804607050709	2.147493023170313	7.076015384535816e6	2.8645433639520234e6	2.818773845080507e8	6.596451025863044e6
2.168804607050709	2.2122802381667164	2.1905424226087127	7.211591548910502e6	2.7507921090286225e6	2.890889760569612e8	6.374153266639742e6
2.212280238166716	2.2566253819050437	2.23445281003588	7.348204606841322e6	2.641001701495982e6	2.964371806638025e8	6.158368308995756e6
2.2566253819050437	2.301857428518138	2.279241405211591	7.485819579182133e6	2.5350606164779463e6	3.0392300024298465e8	5.948941463513338e6
2.301857428518138	2.347994116063494	2.3249257722908157	7.624401390610337e6	2.4328595746494797e6	3.11547401633595e8	5.7457207045822665e6
2.3479941160634943	2.3950535373597575	2.371523826711626	7.76391453853346e6	2.334291371037088e6	3.1931131617212844e8	5.548556634644887e6
2.3950535373597575	2.443054147081946	2.4190538422208516	7.90432375379603e6	2.2392510326894904e6	3.272156399259245e8	5.357302459684763e6
2.443054147081946	2.492014768998578	2.467534458040262	8.045593841476433e6	2.147635698898169e6	3.352612337674009e8	5.171813959270166e6
2.4920147689985783	2.541954603353543	2.5169846861760607	8.187689278354093e6	2.0593444693638887e6	3.43448923045755e8	4.991949449614039e6
2.5419546033535427	2.592893234395607	2.567423918874575	8.330575276113421e6	1.9742786447795015e6	3.517794983218684e8	4.817569762729684e6
2.592893234395607	2.6448506380585126	2.61887193622706	8.474217115781594e6	1.8923414972066842e6	3.6025371543765e8	4.648538213576056e6
2.6448506380585126	2.6978471897946763	2.6713489139265945	8.618580410192575e6	1.8134383021191857e6	3.688722958478426e8	4.484720571007116e6
2.697847189794676	2.751903672565563	2.724875431180119	8.763630708263807e6	1.737476225854412e6	3.776359265561064e8	4.325985023948177e6
2.751903672565563	2.8070412849918673	2.779472478778715	8.90933395890515e6	1.6643644075106084e6	3.8654526051501155e8	4.1722021543089333e6
2.8070412849918673	2.863281649666698	2.8351614673292826	9.055656974002514e6	1.5940140120613982e6	3.956009174890141e8	4.0232449145778716e6
2.863281649666698	2.920646821635025	2.8919642356508612	9.2025659851823e6	1.5263379441808849e6	4.048034834741963e8	3.878988590222861e6
2.9206468216350245	2.979159297042718	2.9499030593388715	9.350027956430767e6	1.461251083765674e6	4.141535114306271e8	3.7393107779167267e6
2.9791592970427185	3.038842021958566	3.009000659500642	9.498009722916298e6	1.398670124864241e6	4.236515211535434e8	3.6040913557575843e6
3.038842021958566	3.0997184013727304	3.069280211665648	9.646478346058004e6	1.3385136324604123e6	4.332979994996014e8	3.4732124585316256e6
3.0997184013727304	3.161812308375178	3.1307653548739545	9.795400644472647e6	1.2807019721715092e6	4.430934001440741e8	3.346558450383289e6
3.1618123083751777	3.2251480935176744	3.193480200946426	9.9447437183212e6	1.225157383696946e6	4.530381438623953e8	3.2240159033454796e6
3.2251480935176753	3.289750594363022	3.2574493439403485	1.0094474536239468e7	1.1718039197557024e6	4.6313261839863473e8	3.1054735736191096e6
3.289750594363022	3.355645145225276	3.322697869794149	1.024455960088091e7	1.1205674102617174e6	4.7337717799951565e8	2.9908223771889294e6
3.3556451452252753	3.422857587104774	3.3892513661650248	1.0394965580709208e7	1.071375536081151e6	4.837721435802249e8	2.879955371142223e6
3.4228575871047733	3.4914142778218618	3.4571359324633173	1.0545658670243114e7	1.0241577523114083e6	4.94317802250468e8	2.772767731667562e6
3.4914142778218618	3.561342102353292	3.526378190087577	1.0696605081530087e7	978845.3357590066	5.050144073319981e8	2.669156736098023e6
3.5613421023532927	3.6326684833753515	3.5970052928643224	1.0847770627484836e7	935371.3344670966	5.1586217795948297e8	2.569021743106469e6
3.632668483375351	3.7054213920178514	3.6690449376966012	1.0999121197576404e7	893670.6007080344	5.268612991570594e8	2.4722641759792194e6
3.705421392017851	3.779629358833201	3.742525375425526	1.1150628401862204e7	853680.2030080337	5.380119275589216e8	2.378787530678773e6
3.7796293588332013	3.8553214849848585	3.81747542190903	1.1302274647049919e7	815339.6464774641	5.493142022059715e8	2.2884973961887946e6
3.855321484984859	3.932527453659549	3.893924469322204	1.1454034948933858e7	778589.4055099473	5.607682371549053e8	2.2013013889701325e6
3.9325274536595485	4.011277541707733	3.9719024976836406	1.1605875191431463e7	743370.9740580134	5.723741123463366e8	2.1171090941363606e6
4.011277541707733	4.0916026315168805	4.051440086612306	1.1757765573096935e7	709627.8402911697	5.841318779194336e8	2.0358320663384653e6
4.0916026315168805	4.1735342231222115	4.132568427319546	1.1909676709495224e7	677305.1612964508	5.960415546289288e8	1.957383811835056e6
4.173534223122211	4.257104446559648	4.215319334840929	1.2061578258098207e7	646349.6620098349	6.08103132887027e8	1.8816797657843817e6
4.257104446559648	4.3423460744658335	4.299725260512741	1.2213435422661312e7	616709.4520997503	6.203165683096883e8	1.808637260296234e6
4.3423460744658335	4.429292534930143	4.385819304697988	1.2365208154800579e7	588334.0281346815	6.326817764644889e8	1.7381754944762525e6
4.429292534930143	4.517977924603739	4.473635229766941	1.2516851456154302e7	561174.3257589246	6.451986279206432e8	1.6702155092339395e6
4.5179779246037395	4.608437022070807	4.563207473337274	1.2668299750869662e7	535182.081476656	6.578669276715128e8	1.6046801267156235e6
4.608437022070807	4.700705301487216	4.654571161779011	1.281944637659496e7	510309.21841250255	6.706863740481079e8	1.5414938577928552e6
4.700705301487216	4.794818946491953	4.747762123989585	1.2970218094474375e7	486511.03705786925	6.836565921425822e8	1.4805829991395513e6
4.794818946491953	4.890814864396784	4.842816905444368	1.3120535904682577e7	463744.3426742303	6.967771280472648e8	1.4218756165950734e6
4.890814864396785	4.988730700659714	4.93977278252825	1.3270309391210884e7	441967.24227786594	7.100474374384757e8	1.3653015177835475e6
4.988730700659713	5.0886048536479	5.038667777153806	1.3419427501095995e7	421138.8895361322	7.234668649395717e8	1.3107922116031288e6
5.0886048536479	5.19047648969585	5.139540671671876	1.3567716151366025e7	401218.3350083663	7.370345810909377e8	1.2582808036939292e6
5.19047648969585	5.29438555846476	5.242431024080306	1.371501652083899e7	382167.1470724722	7.507495976117767e8	1.2077020492717905e6
5.29438555846476	5.400372808609048	5.347379183536904	1.386162205035796e7	363960.6107644465	7.646112196621346e8	1.158993049426057e6
5.400372808609048	5.508479803756222	5.454426306182635	1.4007509021217383e7	346565.1405124248	7.786187286833521e8	1.1120926032369093e6
5.508479803756222	5.618748938806339	5.563614371281281	1.4152713561814114e7	329949.61661378894	7.927714422451662e8	1.0669412517932407e6
5.618748938806339	5.7312234565574585	5.674986197681899	1.4297283997529708e7	314083.9217930953	8.070687262426959e8	1.0234812351975276e6
5.731223456557458	5.845947464663599	5.788585460610529	1.44412320781378e7	298937.8850019982	8.215099583208337e8	981656.3910975062
5.8459474646636	5.962965952931865	5.904456708797732	1.4584640135502614e7	284483.6228776857	8.360945984563363e8	941412.1942545089
5.962965952931865	6.082324810965495	6.02264538194868	1.4727657126248173e7	270695.0702124905	8.508222555825844e8	902695.7667315241
6.0823248109654955	6.204070846159798	6.143197828562647	1.4870658268439196e7	257550.4343089368	8.656929138510236e8	865456.0291750109
6.204070846159798	6.328251802057986	6.266161324108892	1.5013365361614928e7	245016.7833503088	8.807062792126385e8	829642.9537702154
6.328251802057984	6.454916377074136	6.39158408956606	1.5155373095500201e7	233061.41069053242	8.958616523081387e8	795207.516344109
6.454916377074137	6.584114243590612	6.519515310332375	1.5296654872635059e7	221659.54132771076	9.111583071807737e8	762102.0960644154
6.584114243590613	6.715896067437418	6.650005155514016	1.5437183759279005e7	210787.33825772328	9.265954909400527e8	730280.4483757053
6.715896067437417	6.850313527761158	6.783104797599288	1.5576940593266532e7	200421.98004913668	9.421724315333192e8	699697.6839847177
6.850313527761158	6.9874193372913735	6.918866432526266	1.5715941740640484e7	190541.9405709556	9.578883732739598e8	670310.2652127369
6.987419337291374	7.127267263012194	7.057343300151784	1.5855415328083716e7	181140.2783117958	9.737437886020435e8	642076.7695873771
7.127267263012194	7.26991214724743	7.198589705129812	1.5995291354025379e7	172193.6126344623	9.897390799560689e8	614956.8187401561
7.269912147247429	7.41540992916737	7.3426610382074	1.6134464863194108e7	163669.27487303724	1.005873544819263e9	588910.4819323923
7.415409929167371	7.56381766672571	7.489613797946541	1.6272686176833056e7	155546.3351081207	1.0221462309960961e9	563898.927608057
7.56381766672571	7.7151935590352165	7.6395056128804635	1.640912491541873e7	147799.89406631648	1.0385553559115149e9	539884.1307259601
7.715193559035217	7.869596969190914	7.792395264113066	1.6542763349177465e7	140405.83236462687	1.0550981192606924e9	516828.87110139814
7.869596969190913	8.027088447549723	7.948342708370317	1.667527576836826e7	133364.03404306373	1.0717733950290606e9	494698.0721412835
8.027088447549723	8.18772975547571	8.107409101512715	1.6806517866297178e7	126657.8936329269	1.0885799128953578e9	473457.72531324974
8.187729755475711	8.351583889560217	8.269656822517964	1.693642398495336e7	120272.20332418049	1.1055163368803113e9	453074.90904792724
8.351583889560215	8.518715106326411	8.435149497943314	1.706480858924344e7	114191.61267912331	1.1225811454695547e9	433517.7176628085
8.518715106326413	8.689188947427933	8.603952026877174	1.7190200397635028e7	108393.48032093627	1.1397713458671896e9	414754.7818669293
8.689188947427933	8.863072265351484	8.776130606389708	1.7247807846734293e7	102481.56760678282	1.157019153713924e9	396733.67764396686
8.863072265351484	9.040433249633505	8.951752757492494	1.718502205587615e7	96216.99195188572	1.1742041757698002e9	379391.22297521454
9.040433249633505	9.221341453601168	9.130887351617336	1.7214411875607684e7	90820.49977613801	1.191418587645408e9	362738.3315721668
9.221341453601168	9.405867821648183	9.313604637624675	1.7233593951736152e7	85675.71860147195	1.2086521815971441e9	346749.7181346789
9.405867821648183	9.59408471705614	9.49997626935216	1.7252560703306675e7	80821.30299349429	1.2259047423004508e9	331403.78840291646
9.59408471705614	9.786065950372254	9.690075333714198	1.751435124320674e7	77313.77895711505	1.2434190935436575e9	316741.1636872232
9.786065950372253	9.98188680835469	9.883976379363471	1.7701184278952196e7	73630.18763723671	1.2611202778226097e9	302712.2368149635
9.981886808354691	10.181624083496777	10.081755445925733	1.7858264425032675e7	69997.69552102884	1.2789785422476423e9	289283.3737992062
10.181624083496777	10.385356104141705	10.28349009381924	1.8004004850801587e7	66497.40410112684	1.296982547098444e9	276427.56279671384
10.385356104141703	10.593162765199528	10.489259434670615	1.8143979673846662e7	63147.965584150304	1.3151265267722907e9	264120.42810277006
10.59316276519953	10.805125559478512	10.69914416233902	1.827812813853708e7	59944.58178432543	1.3334046549108279e9	252338.72472744714
10.805125559478512	11.021327609643073	10.913226584560793	1.839523999029255e7	56848.00622694688	1.3517998949011204e9	241058.28529834238
11.021327609643073	11.241853700810926	11.131590655227	1.851988844168064e7	53931.17269877662	1.370319783342801e9	230260.54638736942
11.241853700810926	11.466790313802136	11.354322007306532	1.864368516660154e7	51159.36300396257	1.3889634685094028e9	219926.01317062447
11.466790313802136	11.69622565905317	11.581507986427653	1.8763940621023104e7	48518.731459428425	1.407727409130426e9	210035.51755651532
11.69622565905317	11.930249711209225	11.813237685131197	1.888061161973372e7	46003.7900223024	1.4266080207501597e9	200570.68154232352
11.930249711209225	12.1689542444084	12.049601977808813	1.8993872961351633e7	43609.72945362985	1.4456018937115114e9	191513.9107425557
12.1689542444084	12.41243286827156	12.290693556339981	1.9103567738643274e7	41331.084076569336	1.4647054614501545e9	182848.31124906897
12.41243286827156	12.660781064611983	12.536606966441772	1.920802338006209e7	39159.53967856835	1.4839134848302166e9	174557.48480968125
12.660781064611983	12.914096224879215	12.787438644745599	1.9309154466395885e7	37094.616268898964	1.5032226392966125e9	166625.95222361895
12.914096224879211	13.172477688351787	13.0432869566155	1.941060035299681e7	35138.19513703893	1.5226332396496093e9	159039.2365097361
13.17247768835179	13.436026781093817	13.304252234722803	1.9512979533578023e7	33285.651188973716	1.5421462191831872e9	151783.42962310166
13.436026781093817	13.704846855690684	13.57043681839225	1.9618790926532358e7	31535.434674931857	1.5617650101097195e9	144845.33703709065
13.70484685569068	13.979043331779485	13.841945093735083	1.972434471758899e7	29875.996871813048	1.5814893548273084e9	138211.85962037224
13.979043331779488	14.258723737390069	14.118883534584779	1.983201101960428e7	28306.093551166632	1.6013213658469124e9	131870.58265791586
14.258723737390067	14.54399775111286	14.401360744251463	1.9939875049140573e7	26818.167350177868	1.6212612408960528e9	125809.37208050812
14.54399775111286	14.834977245110109	14.689487498111484	2.0045717604470447e7	25405.156293711487	1.6413069585005233e9	120016.38683388128
14.834977245110109	15.131776328987302	14.983376787048705	2.014533015902503e7	24058.490065603582	1.6614522886595483e9	114479.97492690453
15.131776328987304	15.43451139454204	15.283143861764671	2.024181358162971e7	22779.13489199534	1.681694102241178e9	109189.21272585982
15.434511394542039	15.74330116140787	15.588906277974955	2.033557503969972e7	21564.44086115718	1.7020296772808778e9	104133.65426676092
15.74330116140787	16.05826672361102	15.900783942509445	2.0427643314568907e7	20412.399419812024	1.7224573205954468e9	99303.34067705397
16.058266723611016	16.37953159705823	16.218899160334622	2.0517835021374032e7	19319.74897855452	1.7429751556168208e9	94688.69975754923
16.37953159705823	16.707221767974385	16.543376682516307	2.0435647706797257e7	18132.28813931488	1.7634108033236182e9	90271.81525703901
16.707221767974385	17.041465742308862	16.874343755141624	2.0135094776230767e7	16834.966013533107	1.783545898099849e9	86034.9366319604
17.041465742308862	17.38239459613003	17.211930169219446	2.0010021928790674e7	15765.24019974059	1.8035559200286396e9	81980.80704124742
17.38239459613003	17.73014202702762	17.556268311578826	2.0120102718636304e7	14937.495287440082	1.8236760227472758e9	78112.84130300207
17.730142027027618	18.084844406543162	17.90749321678539	2.0435623598574206e7	14296.51352164865	1.84411164634585e9	74431.07154612656
18.08484440654316	18.446640833649013	18.265742620096084	2.060271092804919e7	13581.926161196034	1.864714357273899e9	70920.50668015516
18.446640833649013	18.815673189296984	18.631157011473	2.07361940331731e7	12881.335397381004	1.8854505513070722e9	67572.07478908631
18.815673189296984	19.192086192057914	19.00387969067745	2.0854600206040263e7	12207.553724154792	1.9063051515131125e9	64377.96671754021
19.192086192057914	19.576027454874062	19.38405682346599	2.0965675399908066e7	11564.60111626453	1.9272708269130206e9	61331.055929040456
19.576027454874062	19.967647542946533	19.771837498910298	2.1066911505904272e7	10950.092382460592	1.9483377384189248e9	58424.48957991724
19.967647542946533	20.367100032780453	20.167373787863493	2.1153243597231448e7	10360.699572714435	1.9694909820161562e9	55651.61832976012
20.367100032780453	20.774541572411053	20.570820802595755	2.1231810886249885e7	9799.285911257788	1.990722792902406e9	53006.341768494276
20.774541572411056	21.190131942834267	20.98233675762266	2.1314371451453373e7	9269.905061362513	2.0120371643538594e9	50483.14541069286
21.190131942834263	21.614034120665938	21.402083031750102	2.1392770623948798e7	8767.28725048589	2.0334299349778082e9	48076.529002834075
21.614034120665938	22.046414342054245	21.83022423136009	2.1472309378172696e7	8292.25180675075	2.0549022443559809e9	45781.35698090405
22.04641434205425	22.487442167870324	22.266928254962288	2.1557029976922393e7	7844.734564749826	2.0764592743329034e9	43592.78645236147
22.48744216787032	22.937290550202714	22.712366359036515	2.1648926131559268e7	7423.716259368115	2.0981082004644628e9	41506.19520382049
22.937290550202718	23.39613590018176	23.16671322519224	2.1741556872249305e7	7025.40553503827	2.1198497573367121e9	39517.0090421623
23.396135900181758	23.864158157160382	23.630147028671068	2.182797063663487e7	6646.4531156215035	2.141677727973347e9	37620.72452376875
23.864158157160386	24.34154085927858	24.102849508219485	2.1905847698256314e7	6285.394574413002	2.163583575671603e9	35813.01360448348
24.341540859278584	24.828471215439144	24.585006037358866	2.1980527579594925e7	5943.011392040609	2.1855641032511983e9	34089.84307957929
24.82847121543914	25.32514017872291	25.076805697081028	2.2052143300398454e7	5618.434129822239	2.2076162465515966e9	32447.362328137897
25.325140178722915	25.83174252127236	25.57844134999764	2.209022866146721e7	5303.478391358515	2.2297064752130637e9	30881.470785505673
25.831742521272364	26.3484769106728	26.09010971597258	2.1632596051056758e7	4894.016215569535	2.2513390712641206e9	29382.297538101997
26.348476910672794	26.875545987861237	26.612011449267015	2.1345408867938682e7	4550.482801611574	2.2726844801320596e9	27949.79644106131
26.87554598786124	27.413156446593455	27.144351217227346	2.13899325309487e7	4296.934302363245	2.294074412663008e9	26585.311778161475
27.413156446593455	27.961519114500312	27.687337780546883	2.176202351836595e7	4119.504070944488	2.315836436181374e9	25289.310351113792
27.96151911450031	28.520849035765302	28.241184075132807	2.19393811544154e7	3913.5100881872495	2.3377758173357897e9	24056.193196827706
28.520849035765302	29.091365555455596	28.80610729561045	2.2066835729619324e7	3709.186153580268	2.359842653065409e9	22882.428520855137
29.0913655554556	29.673292405539698	29.382328980497647	2.2171572445014298e7	3511.8148036670655	2.3820142255104237e9	21764.993051320776
29.673292405539694	30.266857792625476	29.970075099082585	2.2261875244279593e7	3322.717774946083	2.404276100754703e9	20701.11420899421
30.266857792625476	30.872294487452972	30.569576140039224	2.2341315496030003e7	3142.223759879641	2.426617416250733e9	19688.198355478115
30.872294487452976	31.489839916177022	31.181067201814997	2.2406348689740896e7	2969.5877901706535	2.4490237649404736e9	18723.758531322273
31.489839916177026	32.11973625347555	31.80478808482629	2.2459205575119585e7	2804.8925919668354	2.471482970515593e9	17805.456046301686
32.11973625347555	32.76223051752005	32.4409833854978	2.2512237688846737e7	2649.3377653345165	2.4939952082044396e9	16931.156351669895
32.762230517520045	33.41757466684543	33.08990259218274	2.259095704302621e7	2505.244783306101	2.516586165247466e9	16098.981977042708
33.41757466684544	34.08602569915733	33.751800183001386	2.2664585518985152e7	2368.428296786713	2.5392507507664514e9	15306.922344659748
34.08602569915733	34.76784575211546	34.4269357256364	2.272436020933345e7	2237.6960647269243	2.561975110975785e9	14553.014108137544
34.76784575211547	35.46330220613277	35.11557397912412	2.276676364411235e7	2112.5536883936684	2.584741874619897e9	13835.378681963557
35.46330220613276	36.1726677892304	35.81798499768158	2.2793245190440148e7	1993.0109705495142	2.607535119810337e9	13152.246435374083
36.1726677892304	36.896220683989995	36.5344442366102	2.2768564736635745e7	1876.0149722669169	2.6303036845469728e9	12501.773730191842
36.89622068399	37.63424463664479	37.265232660317395	2.2233410989893228e7	1726.2508525870871	2.652537095536866e9	11880.186157589427
37.63424463664479	38.38702906835267	38.01063685249873	2.152564113285926e7	1574.89322890443	2.6740627366697254e9	11285.725377629959
38.38702906835267	39.154869188694704	38.77094912852368	2.1212148755591005e7	1462.4362348138488	2.6952748854253163e9	10719.070396176281
39.15486918869471	39.93806611144359	39.54646765006915	2.1148093554685682e7	1373.9179466297326	2.716422978980002e9	10179.99797619485
39.93806611144358	40.73692697264744	40.337496542045514	2.0839040025817007e7	1275.7471997787725	2.737262019005819e9	9666.360072169475
40.73692697264744	41.55176505107537	41.1443460118614	2.044602234038034e7	1179.486920661911	2.757708041346199e9	9176.799567838281
41.55176505107538	42.38289989107187	41.967332471073625	1.9989970970896482e7	1086.6605141655095	2.7776980123170958e9	8710.125521182023
42.382899891071865	43.23065742786829	42.806778659470076	1.947054511953199e7	997.3722915936081	2.797168557436628e9	8265.221717588718
43.23065742786829	44.09537011540064	43.66301377163447	1.890720742101109e7	912.6496284634941	2.816075764857639e9	7841.095604281723
44.09537011540065	44.97737705668364	44.536373586042146	1.8154833155019075e7	825.7840651870794	2.834230598012658e9	7436.424922261481
44.977377056683636	45.87702413679229	45.42720059673796	1.745493718453729e7	748.1524594488578	2.8516855351971955e9	7050.619957290575
45.8770241367923	46.79466415850313	46.33584414764772	1.677771604814014e7	677.6450597800975	2.8684632512453356e9	6683.003320268901
46.794664158503124	47.73065698064817	47.262660569575644	1.6087092400583714e7	612.2723514742505	2.8845503436459193e9	6332.82194081826
47.73065698064817	48.685369659236116	48.20801331994214	1.256282482492897e7	450.55943383582763	2.897113168470848e9	5993.512773397547
48.685369659236116	49.65917659139582	49.17227312531597	1.324302196326086e7	447.5582934109559	2.9103561904341087e9	5673.603640231932
49.65917659139582	50.65245966219872	50.15581812679727	1.294667303639397e7	412.30485712862134	2.923302863470503e9	5370.114980742833
50.65245966219873	51.66560839441769	51.15903402830821	1.2507789353778213e7	375.3519048518364	2.935810652824281e9	5082.001503432858
51.66560839441769	52.69902010128103	52.18231424784936	1.0712119410144866e7	302.92233701634655	2.946522772234426e9	4806.329855621094
52.69902010128102	53.75310004228162	53.22606007178132	8.538451893484592e6	227.52697340497298	2.9550612241279106e9	4542.211225164523
53.75310004228162	54.828261582102236	54.29068081219193	8.815073970341206e6	221.3490218373722	2.963876298098252e9	4292.971804744983
54.82826158210225	55.924926352719275	55.37659396741076	9.60365156420669e6	227.24061941974173	2.9734799496624584e9	4058.4494644076794
55.92492635271927	57.04352441874864	56.48422538573395	1.7520060084181428e6	39.06457600485746	2.9752319556708765e9	3826.600900059294
