-0.0	9.953897499377266e-5	4.976948749688633e-5	-4.625660975339482e-30
9.953897499377264e-5	0.0002010687294874207	0.00015030385224059668	-4.625660630510335e-30
0.00020106872948742055	0.0003046290790709416	0.00025284890427918107	-4.625660107525614e-30
0.0003046290790709413	0.0004102606356461327	0.000357444857358537	-4.6256593707725415e-30
0.000410260635646133	0.0005180048233528283	0.00046413272949948065	-4.625658414973835e-30
0.0005180048233528285	0.0006279038948136576	0.000572954359083243	-4.6256572378255025e-30
0.000627903894813658	0.0007400009477037037	0.0006839524212586809	-4.6256558335665156e-30
0.0007400009477037037	0.0008543399416515503	0.000797170444677627	-4.6256541962037496e-30
0.0008543399416515499	0.0009709657154783534	0.0009126528285649516	-4.625652319812682e-30
0.0009709657154783537	0.0010899240047816932	0.0010304448601300233	-4.625650198998068e-30
0.0010899240047816928	0.001211261459871099	0.001150592732326396	-4.625647825113491e-30
0.0012112614598710993	0.0013350256640622935	0.0012731435619666963	-4.625645190245047e-30
0.0013350256640622929	0.0014612651523373112	0.001398145408199802	-4.625642285607082e-30
0.0014612651523373112	0.0015900294303778297	0.0015256472913575704	-4.625639102153022e-30
0.0015900294303778312	0.00172136899397916	0.0016556992121784958	-4.625635629204368e-30
0.0017213689939791588	0.0018553353488525142	0.0017883521714158364	-4.6256318573312196e-30
0.001855335348852515	0.0019919810308233377	0.0019236581898379264	-4.6256277744717736e-30
0.0019919810308233377	0.0021313596264335767	0.002061670328628457	-4.625623369269543e-30
0.0021313596264335767	0.0022735257939560205	0.0022024427101947986	-4.625618629927917e-30
0.00227352579395602	0.0024185352848289125	0.0023460305393924663	-4.625613543302639e-30
0.002418535284828912	0.0025664449655192624	0.0024924901251740872	-4.625608095325395e-30
0.002566444965519263	0.0027173128398234204	0.0026418789026713416	-4.625602272045165e-30
0.0027173128398234204	0.002871198071613661	0.002794255455718541	-4.625596059349118e-30
0.002871198071613661	0.003028161008039706	0.0029496795398266835	-4.625589441298553e-30
0.003028161008039706	0.0031882632031942724	0.003108212105616989	-4.625582401805805e-30
0.0031882632031942715	0.003351567442251929	0.0032699153227231	-4.625574923345315e-30
0.0033515674422519306	0.0035181377660907414	0.0034348526041713357	-4.625566988351383e-30
0.003518137766090741	0.0036880394964063277	0.0036030886312485343	-4.625558578295767e-30
0.0036880394964063277	0.003861339261328226	0.003774689378867277	-4.625549674219446e-30
0.0038613392613282265	0.004038105021548563	0.003949722141438395	-4.6255402562458046e-30
0.004038105021548562	0.0042184060969733045	0.0041282555592609335	-4.6255303032841465e-30
0.004218406096973306	0.004402313193906544	0.004310359645439925	-4.6255197933492224e-30
0.004402313193906543	0.004589898432778446	0.004496105813342494	-4.625508703816879e-30
0.004589898432778446	0.0047812353764277865	0.004685566904603117	-4.625497011050758e-30
0.0047812353764277865	0.004976399058950114	0.004878817217688951	-4.6254846901493804e-30
0.004976399058950114	0.005175466015122888	0.005075932537036501	-4.625471715201229e-30
0.005175466015122887	0.005378514310419117	0.005276990162771002	-4.6254580591124916e-30
0.005378514310419117	0.005585623571621271	0.005482068941020194	-4.6254436930679e-30
0.005585623571621272	0.005796875018047469	0.00569124929483437	-4.625428587509692e-30
0.005796875018047468	0.006012351493402189	0.005904613255724828	-4.6254127111948864e-30
0.006012351493402189	0.006232137498264004	0.006122244495833097	-4.625396031368443e-30
0.006232137498264004	0.006456319223223056	0.00634422836074353	-4.625378513986764e-30
0.006456319223223056	0.006684984582681288	0.006570651902952172	-4.62536012345015e-30
0.0066849845826812875	0.006918223249328685	0.006801603916004986	-4.6253408226161e-30
0.006918223249328684	0.007156126689309029	0.007037174969318856	-4.625320572645342e-30
0.00715612668930903	0.007398788198088982	0.007277457443699006	-4.625299332443222e-30
0.007398788198088982	0.007646302937044533	0.007522545567566758	-4.625277059254195e-30
0.007646302937044532	0.007898767970779194	0.0077725354539118635	-4.625253707432237e-30
0.007898767970779196	0.00815628230518855	0.008027525137983873	-4.625229228615086e-30
0.008156282305188549	0.008418946926286091	0.008287614615737321	-4.625203572912668e-30
0.008418946926286091	0.008686864839805583	0.008552905883045837	-4.625176687380737e-30
0.008686864839805583	0.008960141111595467	0.008823502975700524	-4.625148516633307e-30
0.008960141111595465	0.009238882908821145	0.009099512010208305	-4.6251190012945066e-30
0.009238882908821145	0.009523199541991339	0.009381041225406242	-4.625088077070597e-30
0.009523199541991342	0.00981320250782494	0.009668201024908141	-4.6250556746035686e-30
0.009813202507824938	0.010109005532975208	0.009961104020400072	-4.62502172004879e-30
0.010109005532975208	0.010410724618628483	0.010259865075801846	-4.6249861431358554e-30
0.010410724618628481	0.010718478085994822	0.010564601352311652	-4.624948868466398e-30
0.01071847808599482	0.011032386622708487	0.010875432354351653	-4.624909817437331e-30
0.011032386622708489	0.01135257333015643	0.01119247997643246	-4.624868907736526e-30
0.01135257333015643	0.011679163771753329	0.01151586855095488	-4.6248260608053205e-30
0.011679163771753329	0.012012286022182166	0.011845724896967749	-4.624781181152935e-30
0.012012286022182165	0.012352070717619578	0.012182178369900872	-4.624734169648532e-30
0.01235207071761958	0.012698651106965742	0.01252536091229266	-4.624684941574257e-30
0.01269865110696574	0.013052163104098825	0.012875407105532283	-4.624633391109513e-30
0.013052163104098825	0.013412745341174571	0.013232454222636698	-4.624579412583155e-30
0.013412745341174571	0.013780539222991833	0.013596642282083203	-4.624522917618023e-30
0.013780539222991831	0.014155688982445437	0.013968114102718634	-4.6244637806060065e-30
0.01415568898244544	0.01453834173708812	0.01434701535976678	-4.624401900090565e-30
0.014538341737088116	0.014928647546823649	0.014733494641955882	-4.624337147510885e-30
0.014928647546823649	0.01532675947275389	0.01512770350978877	-4.624269405742918e-30
0.015326759472753894	0.01573283363720274	0.015529796554978317	-4.6241985551955185e-30
0.01573283363720274	0.016147029284940564	0.01593993146107165	-4.624124457971259e-30
0.01614702928494056	0.01656950884563314	0.01635826906528685	-4.624046998748424e-30
0.016569508845633144	0.017000437997539575	0.016784973421586358	-4.623966010160906e-30
0.017000437997539575	0.017439985732484137	0.017220211865011856	-4.623881377271453e-30
0.01743998573248414	0.017888324422127594	0.017664155077305867	-4.6237929209979446e-30
0.017888324422127587	0.01834562988556391	0.018116977153845748	-4.623700531942487e-30
0.01834562988556391	0.018812081458268955	0.01857885567191643	-4.623604001925075e-30
0.01881208145826896	0.019287862062428107	0.019049971760348533	-4.6235032104430975e-30
0.019287862062428104	0.019773158278670433	0.01953051017054927	-4.623397980275826e-30
0.019773158278670436	0.020268160419237614	0.020020659348954025	-4.623288128446531e-30
0.02026816041923761	0.020773062602616132	0.02052061151092687	-4.623173465637408e-30
0.020773062602616132	0.021288062829662224	0.02103056271613918	-4.62305381989035e-30
0.021288062829662228	0.02181336306124924	0.021550712945455734	-4.6229289997171756e-30
0.021813363061249234	0.022349169297467986	0.02208126617935861	-4.622798770732712e-30
0.02234916929746799	0.022895691658411117	0.022622430477939555	-4.622662980887915e-30
0.02289569165841112	0.02345314446657311	0.023174418062492114	-4.6225213567412484e-30
0.023453144466573112	0.024021746330898344	0.023737445398735728	-4.622373747902548e-30
0.024021746330898337	0.02460172023251007	0.024311733281704204	-4.622219880042311e-30
0.02460172023251007	0.02519329361215404	0.024897506922332058	-4.6220595128985204e-30
0.02519329361215404	0.02579669845939089	0.025494996035772467	-4.6218924174817964e-30
0.025796698459390893	0.02641217140357248	0.026104434931481686	-4.621718357550328e-30
0.026412171403572472	0.02703995380663769	0.02672606260510508	-4.6215370447024414e-30
0.027039953806637693	0.027680291857764213	0.027360122832200955	-4.6213482385196385e-30
0.027680291857764217	0.028333436669913267	0.028006864263838742	-4.62115159393465e-30
0.028333436669913267	0.0289996443783053	0.02866654052410928	-4.6209469244780274e-30
0.0289996443783053	0.02967917624086517	0.029339410309585236	-4.620733876111749e-30
0.02967917624086517	0.030372298740676238	0.030025737490770706	-4.620512156270622e-30
0.03037229874067624	0.031079283690483534	0.03072579121557989	-4.6202814187555916e-30
0.031079283690483534	0.03180040833928697	0.03143984601488525	-4.6200414165238644e-30
0.03180040833928697	0.03253595548106648	0.03216818191017672	-4.619791700369851e-30
0.03253595548106647	0.033286213565681566	0.03291108452337402	-4.6195320428117096e-30
0.033286213565681566	0.034051476811988966	0.03366884518883527	-4.619262020204348e-30
0.03405147681198896	0.0348320453232225	0.03444176106760573	-4.618981189585149e-30
0.03483204532322251	0.03562822520468072	0.03523013526395162	-4.6186893222670635e-30
0.03562822520468072	0.036440328683768106	0.03603427694422441	-4.618385974488733e-30
0.036440328683768106	0.03726867423243723	0.036854501458102665	-4.6180706064789576e-30
0.03726867423243723	0.03811358669207974	0.037691130462258485	-4.617743030272978e-30
0.03811358669207974	0.0389753974009151	0.03854449204649742	-4.617402662960687e-30
0.0389753974009151	0.039854444323927166	0.039414920862421134	-4.617049096521362e-30
0.03985444432392717	0.04075107218539948	0.040302758254663326	-4.616681905556371e-30
0.04075107218539948	0.041665632604101235	0.04120835239475036	-4.616300579576481e-30
0.04166563260410123	0.042598484231177014	0.04213205841763912	-4.615904715885171e-30
0.04259848423117702	0.04354999289079432	0.043074238560985675	-4.615493581253414e-30
0.04354999289079433	0.04452053172360398	0.044035262307199154	-4.61506697555271e-30
0.04452053172360398	0.04551048133306982	0.0450155065283369	-4.614624219351226e-30
0.04551048133306983	0.04652022993472499	0.04601535563389741	-4.61416476936041e-30
0.04652022993472498	0.04755017350841324	0.04703520172156911	-4.613688079193657e-30
0.04755017350841324	0.04860071595357527	0.04807544473099426	-4.613193626051523e-30
0.04860071595357527	0.04967226924764054	0.0491364926006079	-4.612680841295075e-30
0.04967226924764054	0.05076525360758711	0.05021876142761382	-4.6121491459887754e-30
0.05076525360758711	0.051880097654732615	0.05132267563115986	-4.61159781831972e-30
0.05188009765473262	0.053017238582821036	0.052448668118776826	-4.611026436420727e-30
0.053017238582821036	0.054177122329471215	0.05359718045614613	-4.6104344618290966e-30
0.05417712232947121	0.055360203751054396	0.0547686630402628	-4.6098213531283e-30
0.055360203751054396	0.056566946801069246	0.05596357527606182	-4.609186053031746e-30
0.05656694680106925	0.057797824712084396	0.057182385756576824	-4.608528445692233e-30
0.057797824712084396	0.05905332018131985	0.05842557244670212	-4.6078480533183445e-30
0.05905332018131985	0.06033392555994001	0.05969362287062993	-4.607144056887025e-30
0.060333925559939994	0.06164014304613255	0.06098703430303627	-4.606415424786973e-30
0.06164014304613256	0.06297248488204897	0.06230631396409077	-4.6056620920696394e-30
0.06297248488204897	0.06433147355468372	0.06365197921836635	-4.604883289776776e-30
0.06433147355468372	0.06571764200077115	0.06502455777772743	-4.60407829570223e-30
0.06571764200077114	0.06713153381578033	0.06642458790827574	-4.603246405761237e-30
0.06713153381578033	0.06857370346708969	0.067852618641435	-4.602386959655773e-30
0.06857370346708969	0.07004471651142524	0.06930920998925746	-4.601499394672351e-30
0.07004471651142524	0.0715451498166475	0.07079493316403637	-4.600582995747917e-30
0.07154514981664752	0.07307559178797422	0.07231037080231087	-4.5996370462180056e-30
0.07307559178797422	0.07463664259872746	0.07385611719335083	-4.598660756773231e-30
0.07463664259872745	0.07622891442569575	0.0754327785122116	-4.597653533279102e-30
0.07622891442569575	0.07785303168920342	0.07704097305744959	-4.596614611702611e-30
0.07785303168920343	0.07950963129798126	0.07868133149359235	-4.5955432396046984e-30
0.07950963129798126	0.08119936289893465	0.08035449709845796	-4.5944388333034856e-30
0.08119936289893465	0.0829228891319071	0.08206112601542087	-4.593300534188311e-30
0.08292288913190708	0.08468088588953898	0.08380188751072304	-4.59212747485718e-30
0.084680885889539	0.08647404258232352	0.08557746423593127	-4.59091895977306e-30
0.08647404258232352	0.08830306240896375	0.08738855249564365	-4.589674170053032e-30
0.08830306240896375	0.09016866263213678	0.08923586252055027	-4.588392720648832e-30
0.09016866263213677	0.09207157485977326	0.09112011874595502	-4.58707318843404e-30
0.09207157485977327	0.09401254533196249	0.09304206009586788	-4.585715445932057e-30
0.09401254533196249	0.09599233521359549	0.09500244027277899	-4.584318376945819e-30
0.09599233521359549	0.09801172089286114	0.09700202805322831	-4.5828808804841395e-30
0.09801172089286114	0.10007149428571212	0.09904160758928662	-4.5814027101802344e-30
0.10007149428571215	0.10217246314642014	0.10112197871606615	-4.579882692791213e-30
0.10217246314642012	0.10431545138434227	0.10324395726538119	-4.578320056780483e-30
0.10431545138434228	0.10650129938702288	0.10540837538568258	-4.5767140528843906e-30
0.10650129938702287	0.10873086434975707	0.10761608186838997	-4.575063815528178e-30
0.1087308643497571	0.11100502061174598	0.10986794248075155	-4.573368242474167e-30
0.11100502061174598	0.11332465999897465	0.11216484030536031	-4.57162660630723e-30
0.11332465999897466	0.11569069217394791	0.11450767608646129	-4.5698380278246915e-30
0.1156906921739479	0.11810404499242061	0.11689736858318425	-4.568001479640282e-30
0.11810404499242058	0.12056566486726274	0.11933485492984167	-4.5661162945870345e-30
0.12056566486726275	0.12307651713960176	0.12182109100343225	-4.564181458850903e-30
0.12307651713960176	0.12563758645738754	0.12435705179849466	-4.562196067376394e-30
0.12563758645738754	0.12824987716152902	0.12694373180945828	-4.5601590779279436e-30
0.12824987716152905	0.13091441367975337	0.12958214542064123	-4.55806920842679e-30
0.13091441367975337	0.1336322409283422	0.13227332730404778	-4.5559259367714066e-30
0.1336322409283422	0.13640442472190278	0.1350183328251225	-4.553728066415677e-30
0.13640442472190276	0.13923205219133455	0.13781823845661867	-4.551474894662782e-30
0.13923205219133455	0.14211623221015499	0.14067414220074476	-4.549165234751272e-30
0.142116232210155	0.14505809582935186	0.14358716401975344	-4.5467981104529346e-30
0.14505809582935186	0.14805879672093264	0.14655844627514225	-4.544372450110825e-30
0.1480587967209326	0.151119511630345	0.1495891541756388	-4.541887177823163e-30
0.15111951163034504	0.1542414408379457	0.15268047623414538	-4.539340776168958e-30
0.15424144083794566	0.15742580862969832	0.155833624733822	-4.536732600375836e-30
0.15742580862969832	0.16067386377728604	0.15904983620349217	-4.5340615681795486e-30
0.160673863777286	0.16398688002782547	0.16233037190255573	-4.531326892132714e-30
0.1639868800278255	0.16736615660337575	0.16567651831560062	-4.528527013512939e-30
0.16736615660337573	0.17081301871043697	0.16908958765690635	-4.5256610894237e-30
0.170813018710437	0.17432881805963948	0.17257091838503824	-4.522727703056948e-30
0.17432881805963946	0.17791493339582598	0.17612187572773272	-4.5197258365975434e-30
0.17791493339582598	0.18157277103873623	0.17974385221728112	-4.51665443484957e-30
0.18157277103873626	0.18530376543450472	0.1834382682366205	-4.5135119976753955e-30
0.18530376543450472	0.18910937971818856	0.18720657257634665	-4.510297390786076e-30
0.18910937971818853	0.19299110628754604	0.19105024300286727	-4.507009207054298e-30
0.19299110628754604	0.1969504673882907	0.19497078683791835	-4.503646548641843e-30
0.1969504673882907	0.20098901571105024	0.19896974154967045	-4.500208556348282e-30
0.20098901571105027	0.205108335000265	0.20304867535565763	-4.496693729038065e-30
0.20510833500026499	0.20931004067526401	0.20720918783776449	-4.4931010675118464e-30
0.20931004067526404	0.21359578046376304	0.21145291056951354	-4.489428933972601e-30
0.213595780463763	0.217967235048032	0.2157815077558975	-4.485675772479447e-30
0.217967235048032	0.22242611872398638	0.2201966768860092	-4.481840113838324e-30
0.2224261187239864	0.22697418007345985	0.22470014939872313	-4.477920973725742e-30
0.22697418007345982	0.23161320264992274	0.22929369136169128	-4.4739175871686186e-30
0.23161320264992277	0.23634500567791494	0.23397910416391887	-4.4698282616343895e-30
0.23634500567791494	0.24117144476646696	0.23875822522219095	-4.465651581160962e-30
0.24117144476646696	0.24609441263679002	0.2436329287016285	-4.4613864196970025e-30
0.24609441263679002	0.2511158398645195	0.24860512625065478	-4.457031041959369e-30
0.2511158398645195	0.25623769563680365	0.2536767677506616	-4.452584013722038e-30
0.2562376956368037	0.2614619885245335	0.25884984208066864	-4.4480444204717755e-30
0.26146198852453345	0.2667907672700178	0.26412637789727567	-4.4434115507520286e-30
0.2667907672700179	0.27222612159041193	0.26950844443021493	-4.438683740969026e-30
0.27222612159041193	0.2777701829972139	0.2749981522938129	-4.433859418961187e-30
0.2777701829972139	0.2834251256321519	0.28059765431468287	-4.4289363942536504e-30
0.2834251256321519	0.28919316711978865	0.28630914637597027	-4.4239134286698196e-30
0.28919316711978865	0.29507656943717814	0.2921348682784834	-4.418788505441511e-30
0.2950765694371781	0.30107763980091534	0.2980771046190467	-4.413560830327365e-30
0.3010776398009154	0.3071987315719274	0.30413818568642137	-4.408228658361427e-30
0.3071987315719274	0.31344224517835967	0.31032048837514353	-4.402791000004117e-30
0.31344224517835967	0.3198106290569206	0.31662643711764016	-4.3972475074329205e-30
0.3198106290569206	0.3263063806130527	0.32305850483498666	-4.3915968809950444e-30
0.32630638061305267	0.33293204720030745	0.32961921390668003	-4.3858373315598466e-30
0.3329320472003074	0.33969022711930724	0.3363111371598073	-4.3799672159767464e-30
0.3396902271193073	0.34658357063668715	0.34313689887799725	-4.373985006812116e-30
0.34658357063668715	0.3536147810244146	0.3500991758305509	-4.367888823634994e-30
0.3536147810244146	0.3607866156198966	0.3572006983221556	-4.3616770770033566e-30
0.36078661561989656	0.3681018869072882	0.36444425126359237	-4.355348101815076e-30
0.3681018869072882	0.37556346362042764	0.3718326752638579	-4.348899775309048e-30
0.3755634636204277	0.38317427186782993	0.3793688677441288	-4.342330944865741e-30
0.38317427186782993	0.3909372962801802	0.3870557840740051	-4.3356409364084054e-30
0.3909372962801802	0.3988555811807775	0.39489643873047886	-4.328829429410423e-30
0.3988555811807775	0.40693223177938675	0.40289390648008216	-4.321894584908866e-30
0.4069322317793867	0.41517041538996813	0.41105132358467744	-4.314834812015871e-30
0.41517041538996813	0.4235733626727612	0.4193718890313647	-4.3076486326779556e-30
0.4235733626727612	0.4321443689012101	0.4278588657869856	-4.300334632250882e-30
0.4321443689012101	0.44088679525422797	0.436515582077719	-4.292891380923867e-30
0.4408867952542281	0.44980407013430634	0.4453454326942672	-4.2853171652133385e-30
0.4498040701343063	0.4588996905119861	0.4543518803231462	-4.2776109191290774e-30
0.4588996905119861	0.4681772232972195	0.4635384569046028	-4.269770984462857e-30
0.46817722329721945	0.4776403067381575	0.47290876501768847	-4.261795943522466e-30
0.47764030673815755	0.48729265184791437	0.482466479293036	-4.2536844755442865e-30
0.4872926518479144	0.4971380438598664	0.49221534785389043	-4.2454355724167426e-30
0.4971380438598663	0.5071803437120573	0.5021591937859619	-4.237049031707183e-30
0.5071803437120572	0.517423489561292	0.5123019166366747	-4.228523937999215e-30
0.5174234895612922	0.5278714983275118	0.522647493944402	-4.219858484399757e-30
0.5278714983275117	0.5385284672690556	0.5331999827982836	-4.2110503494164175e-30
0.5385284672690556	0.5493985755894304	0.543963521429243	-4.202098274309355e-30
0.5493985755894303	0.5604860860762125	0.5549423308328214	-4.1930005436989944e-30
0.5604860860762126	0.5717953467727306	0.5661407164244716	-4.1837558916422414e-30
0.5717953467727305	0.5833307926831788	0.5775630697279546	-4.1743634691708654e-30
0.5833307926831788	0.5950969475118361	0.5892138700975074	-4.1648219802017426e-30
0.595096947511836	0.6070984254370663	0.601097686474451	-4.155129981190554e-30
0.6070984254370664	0.6193399329208014	0.6132191791789339	-4.1452867136433084e-30
0.6193399329208014	0.631826270554211	0.6255831017375062	-4.1352910134805546e-30
0.631826270554211	0.6445623349402889	0.63819430274725	-4.125141638790113e-30
0.6445623349402889	0.6575531206140883	0.6510577277771886	-4.114837754669402e-30
0.6575531206140883	0.6708037220013637	0.664178421307726	-4.104378608429807e-30
0.6708037220013637	0.6843193354163847	0.6775615287088742	-4.093763524046093e-30
0.6843193354163846	0.6981052610997059	0.6912122982580453	-4.0829922916032344e-30
0.6981052610997058	0.7121669052966936	0.7051360831981996	-4.072065580471364e-30
0.7121669052966937	0.7265097823776212	0.7193383438371574	-4.06098384707606e-30
0.7265097823776212	0.7411395170001672	0.7338246496888943	-4.0497463353873145e-30
0.7411395170001672	0.7560618463151642	0.7486006816576657	-4.038352278425352e-30
0.7560618463151642	0.771282622216461	0.7636722342658127	-4.0268009308051514e-30
0.7712826222164612	0.786807813635784	0.7790452179261226	-4.015091554233341e-30
0.7868078136357839	0.8026435088834932	0.7947256612596385	-4.003223405949731e-30
0.8026435088834933	0.8187959180361568	0.8107197134598251	-3.991195661804422e-30
0.8187959180361568	0.8352713753718736	0.8270336467040151	-3.979007397642642e-30
0.8352713753718735	0.8520763418543045	0.843673858613089	-3.966657620306915e-30
0.8520763418543045	0.8692174076663841	0.8606468747603443	-3.954145252620836e-30
0.8692174076663842	0.8867012947947055	0.8779593512305448	-3.94146904847154e-30
0.8867012947947055	0.9045348596655932	0.8956180772301494	-3.928626783575121e-30
0.9045348596655932	0.9227250958338986	0.9136299777497459	-3.9156189539722704e-30
0.9227250958338986	0.9412791367255702	0.9320021162797344	-3.9024443319615674e-30
0.9412791367255703	0.9602042584350753	0.9507416975803228	-3.8891024457244915e-30
0.9602042584350751	0.9795078825787702	0.9698560705069226	-3.875593123722892e-30
0.9795078825787704	0.9991975792053394	0.9893527308920549	-3.861916381837862e-30
0.9991975792053394	1.0192810697644397	1.0092393244848896	-3.848072393531151e-30
1.0192810697644394	1.0397662301347217	1.0295236499495806	-3.834061184463693e-30
1.039766230134722	1.06066109371241	1.050213661923566	-3.819883061425871e-30
1.06066109371241	1.0819738545616517	1.0713174741370308	-3.805538277420404e-30
1.0819738545616517	1.1037128706278783	1.092843362594765	-3.791027442475603e-30
1.1037128706278783	1.1258866670154293	1.1147997688216538	-3.776351424386692e-30
1.1258866670154293	1.1485039393307315	1.1371953031730804	-3.761511056964355e-30
1.1485039393307315	1.1715735570923396	1.1600387482115355	-3.746507561392132e-30
1.1715735570923396	1.1951045672091798	1.1833390621507598	-3.731342573660631e-30
1.19510456720918	1.2191061975283572	1.2071053823687685	-3.716018603303492e-30
1.2191061975283572	1.243587860453918	1.2313470289911375	-3.70053678633426e-30
1.243587860453918	1.2685591566379897	1.2560735085459538	-3.684898016974749e-30
1.2685591566379897	1.294029878745743	1.2812945176918662	-3.66910322360929e-30
1.2940298787457432	1.3200100152956515	1.3070199470206973	-3.653153370708e-30
1.3200100152956513	1.3465097545765579	1.3332598849361046	-3.637049435093735e-30
1.3465097545765579	1.3735394886430825	1.3600246216098202	-3.6207923910434096e-30
1.3735394886430825	1.4011098173909375	1.38732465301701	-3.604383225091401e-30
1.4011098173909378	1.42923155271375	1.415170685052344	-3.58782297904349e-30
1.4292315527137498	1.4579157227430182	1.443573637728384	-3.571112747875352e-30
1.4579157227430184	1.4871735761728722	1.4725446494579453	-3.5542536893745914e-30
1.4871735761728724	1.5170165866713232	1.5020950814220977	-3.5372470222427065e-30
1.517016586671323	1.547456457379743	1.532236522025533	-3.520094031497831e-30
1.547456457379743	1.5785051255023312	1.5629807914410372	-3.502796070919155e-30
1.5785051255023315	1.6101747669873716	1.5943399462448515	-3.485354561921667e-30
1.6101747669873714	1.6424778013021122	1.6263262841447417	-3.467770994956991e-30
1.6424778013021124	1.675426896303148	1.65895234880263	-3.450046930029955e-30
1.6754268963031482	1.7090349732042047	1.6922309347536766	-3.4321839962774624e-30
1.7090349732042043	1.7433152116432817	1.726175092423743	-3.414183891641769e-30
1.743315211643282	1.778281054851141	1.7607981332472114	-3.396048382592756e-30
1.778281054851141	1.813946214923157	1.7961136348871491	-3.377779303473649e-30
1.8139462149231576	1.850324678196614	1.8321354465598858	-3.359378556149732e-30
1.8503246781966136	1.8874307107355393	1.8688776944660765	-3.3408481084629466e-30
1.8874307107355395	1.9252788639252436	1.9063547873303914	-3.3221899940204704e-30
1.9252788639252438	1.963883980178742	1.9445814220519928	-3.30340631099489e-30
1.9638839801787418	2.00326119875731	1.9835725894680258	-3.284499221101497e-30
2.00326119875731	2.0434259617074493	2.0233435802323796	-3.265470948230413e-30
2.0434259617074497	2.084394019916592	2.0639099908120206	-3.246323776630735e-30
2.0843940199165925	2.1261814392899177	2.105287729603255	-3.227060049035824e-30
2.126181439289917	2.168804607050709	2.147493023170313	-3.2076821678826285e-30
2.168804607050709	2.2122802381667164	2.1905424226087127	-3.188192594308561e-30
2.212280238166716	2.2566253819050437	2.23445281003588	-3.168593846754807e-30
2.2566253819050437	2.301857428518138	2.279241405211591	-3.1488884994557742e-30
2.301857428518138	2.347994116063494	2.3249257722908157	-3.129079180857404e-30
2.3479941160634943	2.3950535373597575	2.371523826711626	-3.109168571916367e-30
2.3950535373597575	2.443054147081946	2.4190538422208516	-3.089159404294922e-30
2.443054147081946	2.492014768998578	2.467534458040262	-3.0690544584363214e-30
2.4920147689985783	2.541954603353543	2.5169846861760607	-3.0488565615887344e-30
2.5419546033535427	2.592893234395607	2.567423918874575	-3.0285685857799706e-30
2.592893234395607	2.6448506380585126	2.61887193622706	-3.0081934457120286e-30
2.6448506380585126	2.6978471897946763	2.6713489139265945	-2.9877340965936357e-30
2.697847189794676	2.751903672565563	2.724875431180119	-2.967193531919195e-30
2.751903672565563	2.8070412849918673	2.779472478778715	-2.946574781207026e-30
2.8070412849918673	2.863281649666698	2.8351614673292826	-2.9258809077007234e-30
2.863281649666698	2.920646821635025	2.8919642356508612	-2.9051150060170175e-30
2.9206468216350245	2.979159297042718	2.9499030593388715	-2.8842801997949767e-30
2.9791592970427185	3.038842021958566	3.009000659500642	-2.8633796393139348e-30
3.038842021958566	3.0997184013727304	3.069280211665648	-2.8424164991169003e-30
3.0997184013727304	3.161812308375178	3.1307653548739545	-2.8213939756279606e-30
3.1618123083751777	3.2251480935176744	3.193480200946426	-2.8003152847830156e-30
3.2251480935176753	3.289750594363022	3.2574493439403485	-2.779183659662164e-30
3.289750594363022	3.355645145225276	3.322697869794149	-2.75800234796426e-30
3.3556451452252753	3.422857587104774	3.3892513661650248	-2.7367746095982364e-30
3.4228575871047733	3.4914142778218618	3.4571359324633173	-2.7155037143573635e-30
3.4914142778218618	3.561342102353292	3.526378190087577	-2.694192939620297e-30
3.5613421023532927	3.6326684833753515	3.5970052928643224	-2.6728455681195246e-30
3.632668483375351	3.7054213920178514	3.6690449376966012	-2.6514648857288425e-30
3.705421392017851	3.779629358833201	3.742525375425526	-2.6300541793151435e-30
3.7796293588332013	3.8553214849848585	3.81747542190903	-2.6086167345783827e-30
3.855321484984859	3.932527453659549	3.893924469322204	-2.5871558341230134e-30
3.9325274536595485	4.011277541707733	3.9719024976836406	-2.5656747554346142e-30
4.011277541707733	4.0916026315168805	4.051440086612306	-2.5441767691846495e-30
4.0916026315168805	4.1735342231222115	4.132568427319546	-2.5226651375522047e-30
4.173534223122211	4.257104446559648	4.215319334840929	-2.5011431126072883e-30
4.257104446559648	4.3423460744658335	4.299725260512741	-2.47961393479058e-30
4.3423460744658335	4.429292534930143	4.385819304697988	-2.4580808315536642e-30
4.429292534930143	4.517977924603739	4.473635229766941	-2.4365470161816815e-30
4.5179779246037395	4.608437022070807	4.563207473337274	-2.4150156869236814e-30
4.608437022070807	4.700705301487216	4.654571161779011	-2.3934900269666725e-30
4.700705301487216	4.794818946491953	4.747762123989585	-2.3719732063414415e-30
4.794818946491953	4.890814864396784	4.842816905444368	-2.3504683780569257e-30
4.890814864396785	4.988730700659714	4.93977278252825	-2.3289786750443367e-30
4.988730700659713	5.0886048536479	5.038667777153806	-2.3075072088118048e-30
5.0886048536479	5.19047648969585	5.139540671671876	-2.2860570678657012e-30
5.19047648969585	5.29438555846476	5.242431024080306	-2.2646313164686043e-30
5.29438555846476	5.400372808609048	5.347379183536904	-2.2432329926364162e-30
5.400372808609048	5.508479803756222	5.454426306182635	-2.221865106480366e-30
5.508479803756222	5.618748938806339	5.563614371281281	-2.200530638809578e-30
5.618748938806339	5.7312234565574585	5.674986197681899	-2.1792325385094126e-30
5.731223456557458	5.845947464663599	5.788585460610529	-2.1579737198422603e-30
5.8459474646636	5.962965952931865	5.904456708797732	-2.1367570604616415e-30
5.962965952931865	6.082324810965495	6.02264538194868	-2.1155853984626185e-30
6.0823248109654955	6.204070846159798	6.143197828562647	-2.09446152869147e-30
6.204070846159798	6.328251802057986	6.266161324108892	-2.0733881961522416e-30
6.328251802057984	6.454916377074136	6.39158408956606	-2.0523680993372175e-30
6.454916377074137	6.584114243590612	6.519515310332375	-2.0314038950720982e-30
6.584114243590613	6.715896067437418	6.650005155514016	-2.010498197777895e-30
6.715896067437417	6.850313527761158	6.783104797599288	-1.989653577529401e-30
6.850313527761158	6.9874193372913735	6.918866432526266	-1.9688725386581795e-30
6.987419337291374	7.127267263012194	7.057343300151784	-1.9481575313115843e-30
7.127267263012194	7.26991214724743	7.198589705129812	-1.9275109613149387e-30
7.269912147247429	7.41540992916737	7.3426610382074	-1.9069351904021683e-30
7.415409929167371	7.56381766672571	7.489613797946541	-1.886432535778974e-30
7.56381766672571	7.7151935590352165	7.6395056128804635	-1.8660052733037463e-30
7.715193559035217	7.869596969190914	7.792395264113066	-1.8456556467909606e-30
7.869596969190913	8.027088447549723	7.948342708370317	-1.8253858808003697e-30
8.027088447549723	8.18772975547571	8.107409101512715	-1.805198162295515e-30
8.187729755475711	8.351583889560217	8.269656822517964	-1.7850946425015363e-30
8.351583889560215	8.518715106326411	8.435149497943314	-1.7650774712565586e-30
8.518715106326413	8.689188947427933	8.603952026877174	-1.7451502159636906e-30
8.689188947427933	8.863072265351484	8.776130606389708	-1.7253166100304212e-30
8.863072265351484	9.040433249633505	8.951752757492494	-1.7055795417688286e-30
9.040433249633505	9.221341453601168	9.130887351617336	-1.6859416624439998e-30
9.221341453601168	9.405867821648183	9.313604637624675	-1.66640528602056e-30
9.405867821648183	9.59408471705614	9.49997626935216	-1.646972880006107e-30
9.59408471705614	9.786065950372254	9.690075333714198	-1.62764684891447e-30
9.786065950372253	9.98188680835469	9.883976379363471	-1.6084272396874907e-30
9.981886808354691	10.181624083496777	10.081755445925733	-1.5893147805559527e-30
10.181624083496777	10.385356104141705	10.28349009381924	-1.570310451944653e-30
10.385356104141703	10.593162765199528	10.489259434670615	-1.5514153093919528e-30
10.59316276519953	10.805125559478512	10.69914416233902	-1.5326304183163471e-30
10.805125559478512	11.021327609643073	10.913226584560793	-1.5139568778112031e-30
11.021327609643073	11.241853700810926	11.131590655227	-1.4953959476223427e-30
11.241853700810926	11.466790313802136	11.354322007306532	-1.4769487313926015e-30
11.466790313802136	11.69622565905317	11.581507986427653	-1.4586162740393298e-30
11.69622565905317	11.930249711209225	11.813237685131197	-1.4403996030713831e-30
11.930249711209225	12.1689542444084	12.049601977808813	-1.4222997392852681e-30
12.1689542444084	12.41243286827156	12.290693556339981	-1.4043177028481222e-30
12.41243286827156	12.660781064611983	12.536606966441772	-1.3864545016852296e-30
12.660781064611983	12.914096224879215	12.787438644745599	-1.3687111082897352e-30
12.914096224879211	13.172477688351787	13.0432869566155	-1.3510884464703135e-30
13.17247768835179	13.436026781093817	13.304252234722803	-1.3335873877382079e-30
13.436026781093817	13.704846855690684	13.57043681839225	-1.3162087489233988e-30
13.70484685569068	13.979043331779485	13.841945093735083	-1.2989532695523992e-30
13.979043331779488	14.258723737390069	14.118883534584779	-1.2818216159854506e-30
14.258723737390067	14.54399775111286	14.401360744251463	-1.2648144208514872e-30
14.54399775111286	14.834977245110109	14.689487498111484	-1.2479322863462261e-30
14.834977245110109	15.131776328987302	14.983376787048705	-1.2311757873717672e-30
15.131776328987304	15.43451139454204	15.283143861764671	-1.2145454964180228e-30
15.434511394542039	15.74330116140787	15.588906277974955	-1.1980419661527692e-30
15.74330116140787	16.05826672361102	15.900783942509445	-1.1816657299553357e-30
16.058266723611016	16.37953159705823	16.218899160334622	-1.1654174757515047e-30
16.37953159705823	16.707221767974385	16.543376682516307	-1.1493000053379475e-30
16.707221767974385	17.041465742308862	16.874343755141624	-1.1333150666524604e-30
17.041465742308862	17.38239459613003	17.211930169219446	-1.1174638803181885e-30
17.38239459613003	17.73014202702762	17.556268311578826	-1.1017473995825968e-30
17.730142027027618	18.084844406543162	17.90749321678539	-1.0861654327092407e-30
18.08484440654316	18.446640833649013	18.265742620096084	-1.0707167818750618e-30
18.446640833649013	18.815673189296984	18.631157011473	-1.0554010191086424e-30
18.815673189296984	19.192086192057914	19.00387969067745	-1.040217871565595e-30
19.192086192057914	19.576027454874062	19.38405682346599	-1.0251671287694606e-30
19.576027454874062	19.967647542946533	19.771837498910298	-1.010248626346099e-30
19.967647542946533	20.367100032780453	20.167373787863493	-9.954622406282463e-31
20.367100032780453	20.774541572411053	20.570820802595755	-9.808079215872023e-31
20.774541572411056	21.190131942834267	20.98233675762266	-9.662856346166511e-31
21.190131942834263	21.614034120665938	21.402083031750102	-9.518952312573802e-31
21.614034120665938	22.046414342054245	21.83022423136009	-9.376365222080797e-31
22.04641434205425	22.487442167870324	22.266928254962288	-9.235092872678217e-31
22.48744216787032	22.937290550202714	22.712366359036515	-9.09513237642929e-31
22.937290550202718	23.39613590018176	23.16671322519224	-8.95648049681936e-31
23.396135900181758	23.864158157160382	23.630147028671068	-8.819133989697813e-31
23.864158157160386	24.34154085927858	24.102849508219485	-8.683089719796874e-31
24.341540859278584	24.828471215439144	24.585006037358866	-8.548344701597711e-31
24.82847121543914	25.32514017872291	25.076805697081028	-8.414895961227103e-31
25.325140178722915	25.83174252127236	25.57844134999764	-8.282747245836795e-31
25.831742521272364	26.3484769106728	26.09010971597258	-8.151914504066201e-31
26.348476910672794	26.875545987861237	26.612011449267015	-8.022402735775593e-31
26.87554598786124	27.413156446593455	27.144351217227346	-7.894214539000124e-31
27.413156446593455	27.961519114500312	27.687337780546883	-7.767343237466938e-31
27.96151911450031	28.520849035765302	28.241184075132807	-7.641772055524722e-31
28.520849035765302	29.091365555455596	28.80610729561045	-7.517491016996443e-31
29.0913655554556	29.673292405539698	29.382328980497647	-7.394491928781695e-31
29.673292405539694	30.266857792625476	29.970075099082585	-7.272767414188863e-31
30.266857792625476	30.872294487452972	30.569576140039224	-7.1523106193331915e-31
30.872294487452976	31.489839916177022	31.181067201814997	-7.033115165497818e-31
31.489839916177026	32.11973625347555	31.80478808482629	-6.9151747349840865e-31
32.11973625347555	32.76223051752005	32.4409833854978	-6.798483247753578e-31
32.762230517520045	33.41757466684543	33.08990259218274	-6.683034274327727e-31
33.41757466684544	34.08602569915733	33.751800183001386	-6.568820523715792e-31
34.08602569915733	34.76784575211546	34.4269357256364	-6.45583484907494e-31
34.76784575211547	35.46330220613277	35.11557397912412	-6.344070452175492e-31
35.46330220613276	36.1726677892304	35.81798499768158	-6.233521067304941e-31
36.1726677892304	36.896220683989995	36.5344442366102	-6.124186213607267e-31
36.89622068399	37.63424463664479	37.265232660317395	-6.016073117670217e-31
37.63424463664479	38.38702906835267	38.01063685249873	-5.90917756319503e-31
38.38702906835267	39.154869188694704	38.77094912852368	-5.803510908769778e-31
39.15486918869471	39.93806611144359	39.54646765006915	-5.699076401574543e-31
39.93806611144358	40.73692697264744	40.337496542045514	-5.59587175084735e-31
40.73692697264744	41.55176505107537	41.1443460118614	-5.493900110524946e-31
41.55176505107538	42.38289989107187	41.967332471073625	-5.393166144808427e-31
42.382899891071865	43.23065742786829	42.806778659470076	-5.293675261224575e-31
43.23065742786829	44.09537011540064	43.66301377163447	-5.195439595018648e-31
44.09537011540065	44.97737705668364	44.536373586042146	-5.098310367229364e-31
44.977377056683636	45.87702413679229	45.42720059673796	-5.002507141782159e-31
45.8770241367923	46.79466415850313	46.33584414764772	-4.908035144999896e-31
46.794664158503124	47.73065698064817	47.262660569575644	-4.814899675340935e-31
47.73065698064817	48.685369659236116	48.20801331994214	-4.723122230375677e-31
48.685369659236116	49.65917659139582	49.17227312531597	-4.6327527200436085e-31
49.65917659139582	50.65245966219872	50.15581812679727	-4.543760988471842e-31
50.65245966219873	51.66560839441769	51.15903402830821	-4.45613791484808e-31
51.66560839441769	52.69902010128103	52.18231424784936	-4.369877375871191e-31
52.69902010128102	53.75310004228162	53.22606007178132	-4.284994611115859e-31
53.75310004228162	54.828261582102236	54.29068081219193	-4.201511062960735e-31
54.82826158210225	55.924926352719275	55.37659396741076	-4.119412804408199e-31
55.92492635271927	57.04352441874864	56.48422538573395	-4.038660363008459e-31
