-0.0	9.953897499377266e-5	4.976948749688633e-5	0.006284403293385866	1.5212337267451496e9	0.006284403293385866	1.5212337267451496e9
9.953897499377264e-5	0.0002010687294874207	0.00015030385224059668	0.04064918459216321	1.3586285890784721e9	0.04693358788554908	1.3783564571561842e9
0.00020106872948742055	0.0003046290790709416	0.00025284890427918107	0.10641242911670393	1.2613562665666673e9	0.153346017002253	1.295000148300785e9
0.0003046290790709413	0.0004102606356461327	0.000357444857358537	0.20333647797554638	1.190267216595913e9	0.35668249497779936	1.2331435646317725e9
0.000410260635646133	0.0005180048233528283	0.00046413272949948065	0.3315972171551046	1.1318185720253694e9	0.688279712132904	1.1821564281907914e9
0.0005180048233528285	0.0006279038948136576	0.000572954359083243	0.4947486296656464	1.087955579540994e9	1.1830283417985503	1.140845960537908e9
0.000627903894813658	0.0007400009477037037	0.0006839524212586809	0.6939260072184306	1.0507181761176891e9	1.8769543490169809	1.1057788342502303e9
0.0007400009477037037	0.0008543399416515503	0.000797170444677627	0.9306063311158627	1.0174556547474548e9	2.8075606801328434	1.0748513591393328e9
0.0008543399416515499	0.0009709657154783534	0.0009126528285649516	1.205591566187768	9.862658624380399e8	4.013152246320612	1.0466111096476624e9
0.0009709657154783537	0.0010899240047816932	0.0010304448601300233	1.5280365633274346	9.616069568111784e8	5.541188809648046	1.0217053936924859e9
0.0010899240047816928	0.001211261459871099	0.001150592732326396	1.8949946664946025	9.379025023668888e8	7.436183476142649	9.98959291088709e8
0.0012112614598710993	0.0013350256640622935	0.0012731435619666963	2.3127029964823027	9.166811772770997e8	9.748886472624951	9.781322092496066e8
0.0013350256640622929	0.0014612651523373112	0.001398145408199802	2.7832505982518043	8.969073747986895e8	12.532137070876756	9.588472884760163e8
0.0014612651523373112	0.0015900294303778297	0.0015256472913575704	3.315762570050799	8.798571220025926e8	15.847899640927555	9.411690005872165e8
0.0015900294303778312	0.00172136899397916	0.0016556992121784958	3.9032295336621	8.622398641840935e8	19.751129174589654	9.244456687651408e8
0.0017213689939791588	0.0018553353488525142	0.0017883521714158364	4.567353693358837	8.479102875205985e8	24.31848286794849	9.090350128654445e8
0.001855335348852515	0.0019919810308233377	0.0019236581898379264	5.297493252489564	8.333477100560323e8	29.615976120438052	8.945030931352074e8
0.0019919810308233377	0.0021313596264335767	0.002061670328628457	6.103848167199669	8.19584914171269e8	35.71982428763772	8.807456361128902e8
0.0021313596264335767	0.0022735257939560205	0.0022024427101947986	6.998701116566229	8.073304215368946e8	42.71852540420395	8.678166658908926e8
0.00227352579395602	0.0024185352848289125	0.0023460305393924663	7.9869594670012125	7.961036553503683e8	50.705484871205165	8.55675401280878e8
0.002418535284828912	0.0025664449655192624	0.0024924901251740872	9.066217379228926	7.8491990628148e8	59.77170225043409	8.44133523223235e8
0.002566444965519263	0.0027173128398234204	0.0026418789026713416	10.243697364690744	7.739381990549594e8	70.01539961512484	8.330787176509686e8
0.0027173128398234204	0.002871198071613661	0.002794255455718541	11.544565340177423	7.644143171475651e8	81.55996495530226	8.226194244888794e8
0.002871198071613661	0.003028161008039706	0.0029496795398266835	12.960020068680304	7.549993083800036e8	94.51998502398257	8.126399072170625e8
0.003028161008039706	0.0031882632031942724	0.003108212105616989	14.514326741897813	7.465732711233586e8	109.03431176588039	8.031785041810826e8
0.0031882632031942715	0.003351567442251929	0.0032699153227231	16.198763616971057	7.38093322122661e8	125.23307538285144	7.941207565163693e8
0.0033515674422519306	0.0035181377660907414	0.0034348526041713357	18.03470614684032	7.301301179689798e8	143.26778152969177	7.854551669429189e8
0.003518137766090741	0.0036880394964063277	0.0036030886312485343	20.023908139271395	7.222887032509642e8	163.29168966896316	7.771212477272648e8
0.0036880394964063277	0.003861339261328226	0.003774689378867277	22.184189802091744	7.148205323362012e8	185.4758794710549	7.691037823077104e8
0.0038613392613282265	0.004038105021548563	0.003949722141438395	24.533509049749945	7.078579103368388e8	210.00938852080483	7.614077131053329e8
0.004038105021548562	0.0042184060969733045	0.0041282555592609335	27.07967802540449	7.01185840126333e8	237.08906654620932	7.540111349561757e8
0.004218406096973306	0.004402313193906544	0.004310359645439925	29.830751576181164	6.946450548738523e8	266.9198181223905	7.468775440119447e8
0.004402313193906543	0.004589898432778446	0.004496105813342494	32.80917927658438	6.884157555321648e8	299.72899739897485	7.399986466879855e8
0.004589898432778446	0.0047812353764277865	0.004685566904603117	36.037365304011644	6.825896565713615e8	335.7663627029865	7.333785511887025e8
0.0047812353764277865	0.004976399058950114	0.004878817217688951	39.52588949786898	6.769954966142105e8	375.2922522008555	7.270016415141304e8
0.004976399058950114	0.005175466015122888	0.005075932537036501	43.29626725064208	6.716670956602064e8	418.5885194514976	7.208589919488811e8
0.005175466015122887	0.005378514310419117	0.005276990162771002	47.382919258577694	6.667859701079661e8	465.9714387100753	7.149632236626565e8
0.005378514310419117	0.005585623571621271	0.005482068941020194	51.779467263814034	6.619231293307862e8	517.7509059738893	7.092792676680431e8
0.005585623571621272	0.005796875018047469	0.00569124929483437	56.53711588863104	6.574443762294939e8	574.2880218625204	7.03816327947177e8
0.005796875018047468	0.006012351493402189	0.005904613255724828	61.67508431047428	6.532342031413399e8	635.9631061729947	6.985704738404801e8
0.006012351493402189	0.006232137498264004	0.006122244495833097	67.21071864240517	6.491733180889478e8	703.1738248153998	6.935264151392494e8
0.006232137498264004	0.006456319223223056	0.00634422836074353	73.17740933015976	6.453037035819803e8	776.3512341455596	6.886755309707677e8
0.006456319223223056	0.006684984582681288	0.006570651902952172	79.60345644249861	6.415949456714069e8	855.9546905880582	6.840076152580917e8
0.0066849845826812875	0.006918223249328685	0.006801603916004986	86.53036647299272	6.381061020791042e8	942.4850570610508	6.795198480464207e8
0.006918223249328684	0.007156126689309029	0.007037174969318856	94.0150136967379	6.349632185102078e8	1036.5000707577888	6.752221261856017e8
0.00715612668930903	0.007398788198088982	0.007277457443699006	102.06650601622661	6.31935720113699e8	1138.5665767740154	6.711012318572419e8
0.007398788198088982	0.007646302937044533	0.007522545567566758	110.7766772009329	6.29315706853533e8	1249.3432539749483	6.671733129239506e8
0.007646302937044532	0.007898767970779194	0.0077725354539118635	120.1937107114184	6.270570233040358e8	1369.5369646863667	6.634482914033751e8
0.007898767970779196	0.00815628230518855	0.008027525137983873	130.30149559558657	6.247949894135953e8	1499.8384602819533	6.599015207568908e8
0.008156282305188549	0.008418946926286091	0.008287614615737321	141.2290865289597	6.228984613958946e8	1641.0675468109132	6.56545052069676e8
0.008418946926286091	0.008686864839805583	0.008552905883045837	152.98795646538107	6.211303210391808e8	1794.0555032762943	6.533683194768713e8
0.008686864839805583	0.008960141111595467	0.008823502975700524	165.73408909145462	6.198452397851961e8	1959.7895923677488	6.503936458195705e8
0.008960141111595465	0.009238882908821145	0.009099512010208305	179.61439395296725	6.192400161806338e8	2139.4039863207163	6.476581013558891e8
0.009238882908821145	0.009523199541991339	0.009381041225406242	194.72257988413722	6.19254045012552e8	2334.1265662048536	6.451892748806996e8
0.009523199541991342	0.00981320250782494	0.009668201024908141	211.10027517328612	6.196587564127752e8	2545.22684137814	6.429920477647436e8
0.009813202507824938	0.010109005532975208	0.009961104020400072	228.22647583549684	6.18737851017907e8	2773.4533172136366	6.409246105776852e8
0.010109005532975208	0.010410724618628483	0.010259865075801846	246.80266963285814	6.183332625888289e8	3020.2559868464946	6.390167883552071e8
0.010410724618628481	0.010718478085994822	0.010564601352311652	266.7704355462499	6.179992396775827e8	3287.0264223927443	6.372578774700042e8
0.01071847808599482	0.011032386622708487	0.010875432354351653	288.2409242218379	6.177595065646399e8	3575.267346614582	6.356404027435393e8
0.011032386622708489	0.01135257333015643	0.01119247997643246	310.6557897482556	6.162884385664475e8	3885.923136362838	6.340487477866594e8
0.01135257333015643	0.011679163771753329	0.01151586855095488	335.929887555728	6.171813660905305e8	4221.853023918566	6.326729339987403e8
0.011679163771753329	0.012012286022182166	0.011845724896967749	363.0756927591008	6.180616028310261e8	4584.928716677667	6.3149073770871e8
0.012012286022182165	0.012352070717619578	0.012182178369900872	390.39295265544416	6.160418679699095e8	4975.321669333111	6.302505696719316e8
0.01235207071761958	0.012698651106965742	0.01252536091229266	421.3924778889257	6.166869006786668e8	5396.714147222036	6.291700371190239e8
0.01269865110696574	0.013052163104098825	0.012875407105532283	454.2029882066731	6.167181706781079e8	5850.91713542871	6.281854330857917e8
0.013052163104098825	0.013412745341174571	0.013232454222636698	487.00631435138456	6.137799900194854e8	6337.923449780094	6.270545782997649e8
0.013412745341174571	0.013780539222991833	0.013596642282083203	525.7436385860639	6.152758051489128e8	6863.667088366158	6.261364211871874e8
0.013780539222991831	0.014155688982445437	0.013968114102718634	563.9286990438432	6.130670957740341e8	7427.595787410001	6.251246374013249e8
0.01415568898244544	0.01453834173708812	0.01434701535976678	607.4646771197406	6.137018761544145e8	8035.060464529742	6.242462189503933e8
0.014538341737088116	0.014928647546823649	0.014733494641955882	652.0271946127658	6.123699814901288e8	8687.087659142508	6.233388567460625e8
0.014928647546823649	0.01532675947275389	0.01512770350978877	699.2762046899478	6.107488051312157e8	9386.363863832456	6.223830413989036e8
0.015326759472753894	0.01573283363720274	0.015529796554978317	751.5424407031002	6.106354463103583e8	10137.906304535556	6.214966796437447e8
0.01573283363720274	0.016147029284940564	0.01593993146107165	803.5676493277894	6.075887358274277e8	10941.473953863346	6.204536199827557e8
0.01614702928494056	0.01656950884563314	0.01635826906528685	865.6592044503806	6.093019249705162e8	11807.133158313727	6.196221668587773e8
0.016569508845633144	0.017000437997539575	0.016784973421586358	923.4961635129017	6.052770218720238e8	12730.62932182663	6.185587172660009e8
0.017000437997539575	0.017439985732484137	0.017220211865011856	993.9900308540999	6.068279256777219e8	13724.61935268073	6.176939150293761e8
0.01743998573248414	0.017888324422127594	0.017664155077305867	1057.4899641447178	6.01521452587208e8	14782.109316825447	6.165081362117847e8
0.017888324422127587	0.01834562988556391	0.018116977153845748	1139.9031915762168	6.043063860900998e8	15922.012508401664	6.15618225527925e8
0.01834562988556391	0.018812081458268955	0.01857885567191643	1212.355517002179	5.991738255547534e8	17134.36802540384	6.14425072822966e8
0.01881208145826896	0.019287862062428107	0.019049971760348533	1298.0128130260923	5.982065103417174e8	18432.380838429934	6.132542280573119e8
0.019287862062428104	0.019773158278670433	0.01953051017054927	1389.156712770132	5.971520833694392e8	19821.537551200065	6.120974946536245e8
0.019773158278670436	0.020268160419237614	0.020020659348954025	1486.060435620934	5.959923086731334e8	21307.597986820998	6.10946084771045e8
0.02026816041923761	0.020773062602616132	0.02052061151092687	1584.7587802600333	5.93121336934208e8	22892.35676708103	6.096776947556685e8
0.020773062602616132	0.021288062829662224	0.02103056271613918	1692.1286522776843	5.911430743904843e8	24584.485419358713	6.083648075104805e8
0.021288062829662228	0.02181336306124924	0.021550712945455734	1813.4156687719728	5.914732677866498e8	26397.901088130686	6.071736341040705e8
0.021813363061249234	0.022349169297467986	0.02208126617935861	1924.058070317356	5.860454419695985e8	28321.95915844804	6.05690172004697e8
0.02234916929746799	0.022895691658411117	0.022622430477939555	2065.437053612614	5.876172249787973e8	30387.396212060656	6.044266101424837e8
0.02289569165841112	0.02345314446657311	0.023174418062492114	2187.6783540951697	5.814694241756781e8	32575.074566155825	6.028282177876259e8
0.023453144466573112	0.024021746330898344	0.023737445398735728	2342.958321172851	5.81912513867811e8	34918.03288732868	6.013778537829005e8
0.024021746330898337	0.02460172023251007	0.024311733281704204	2498.316390697532	5.799314765301576e8	37416.34927802621	5.998965652477791e8
0.02460172023251007	0.02519329361215404	0.024897506922332058	2658.764698854857	5.769381558898257e8	40075.11397688107	5.983169584885617e8
0.02519329361215404	0.02579669845939089	0.025494996035772467	2828.68598051521	5.738995836240902e8	42903.79995739628	5.966433001399614e8
0.025796698459390893	0.02641217140357248	0.026104434931481686	3019.6418994921046	5.72911976583079e8	45923.441856888385	5.950226526085715e8
0.026412171403572472	0.02703995380663769	0.02672606260510508	3207.645872052697	5.69216502347179e8	49131.087728941086	5.932666477644559e8
0.027039953806637693	0.027680291857764213	0.027360122832200955	3432.0574928951205	5.697436212857704e8	52563.1452218362	5.916716220975137e8
0.027680291857764217	0.028333436669913267	0.028006864263838742	3625.0927196132798	5.630553866092027e8	56188.23794144948	5.897378996961179e8
0.028333436669913267	0.0289996443783053	0.02866654052410928	3872.776816861686	5.629020564710714e8	60061.01475831117	5.879305663784019e8
0.0289996443783053	0.02967917624086517	0.029339410309585236	4115.066642956803	5.598027253675222e8	64176.08140126798	5.860424266706814e8
0.02967917624086517	0.030372298740676238	0.030025737490770706	4384.551027403117	5.583398375452863e8	68560.63242867109	5.841887871701269e8
0.03037229874067624	0.031079283690483534	0.03072579121557989	4637.354930251915	5.528725059986676e8	73197.987358923	5.820999051303092e8
0.031079283690483534	0.03180040833928697	0.03143984601488525	4963.478301510145	5.540973372818894e8	78161.46566043314	5.802377698715531e8
0.03180040833928697	0.03253595548106648	0.03216818191017672	5235.616067896895	5.473630310972111e8	83397.08172833003	5.780581772157556e8
0.03253595548106647	0.033286213565681566	0.03291108452337402	5583.007045282542	5.46694157488115e8	88980.08877361257	5.759848222252368e8
0.033286213565681566	0.034051476811988966	0.03366884518883527	5953.711601046436	5.461248467327418e8	94933.80037465901	5.740165333433919e8
0.03405147681198896	0.0348320453232225	0.03444176106760573	6269.384664081199	5.387840592458832e8	101203.18503874021	5.717005907992105e8
0.03483204532322251	0.03562822520468072	0.03523013526395162	6672.843076862952	5.373320476494061e8	107876.02811560316	5.694476067569526e8
0.03562822520468072	0.036440328683768106	0.03603427694422441	7129.936872796816	5.380398512178253e8	115005.96498839997	5.673942109221106e8
0.036440328683768106	0.03726867423243723	0.036854501458102665	7480.195531989864	5.290444705902824e8	122486.16052038984	5.648935042210019e8
0.03726867423243723	0.03811358669207974	0.037691130462258485	7992.863324150925	5.2988825731361157e8	130479.02384454076	5.626167132160919e8
0.03811358669207974	0.0389753974009151	0.03854449204649742	8463.135608717832	5.2597706060237354e8	138942.1594532586	5.602395687378637e8
0.0389753974009151	0.039854444323927166	0.039414920862421134	8960.592526291071	5.2212620158384156e8	147902.75197954965	5.57772849758908e8
0.03985444432392717	0.04075107218539948	0.040302758254663326	9515.135089954501	5.198827569223414e8	157417.88706950416	5.553264383922467e8
0.04075107218539948	0.041665632604101235	0.04120835239475036	10050.306770355943	5.1495434295128393e8	167468.1938398601	5.527258636825714e8
0.04166563260410123	0.042598484231177014	0.04213205841763912	10749.699382232839	5.1657190803462857e8	178217.89322209294	5.50402322855081e8
0.04259848423117702	0.04354999289079432	0.043074238560985675	11250.337494693074	5.070958588907073e8	189468.23071678603	5.476253263277236e8
0.04354999289079433	0.04452053172360398	0.044035262307199154	11983.209141462175	5.066774810840098e8	201451.4398582482	5.450053163069812e8
0.04452053172360398	0.04551048133306982	0.0450155065283369	12688.743543032611	5.033312350802308e8	214140.1834012808	5.423445429944414e8
0.04551048133306983	0.04652022993472499	0.04601535563389741	13426.972937271292	4.9972605867104244e8	227567.1563385521	5.39629167150977e8
0.04652022993472498	0.04755017350841324	0.04703520172156911	14186.2617201983	4.954288542569743e8	241753.4180587504	5.368187739408322e8
0.04755017350841324	0.04860071595357527	0.04807544473099426	15000.334555962476	4.916019254672783e8	256753.75261471287	5.3394950637404686e8
0.04860071595357527	0.04967226924764054	0.0491364926006079	15851.411599726474	4.8754957934493834e8	272605.16421443934	5.3101093771434766e8
0.04967226924764054	0.05076525360758711	0.05021876142761382	16812.36617549777	4.853509580883169e8	289417.5303899371	5.281247779173976e8
0.05076525360758711	0.051880097654732615	0.05132267563115986	17659.09387125351	4.785295661782797e8	307076.6242611906	5.2499575730616206e8
0.05188009765473262	0.053017238582821036	0.052448668118776826	18602.96297613999	4.7322973611654127e8	325679.58723733056	5.217357771168206e8
0.053017238582821036	0.054177122329471215	0.05359718045614613	19588.07339836368	4.6780683154597276e8	345267.6606356942	5.1834569137358767e8
0.05417712232947121	0.055360203751054396	0.0547686630402628	20907.258642326415	4.68804127976517e8	366174.9192780206	5.152368846429259e8
0.055360203751054396	0.056566946801069246	0.05596357527606182	21740.813522968616	4.577447685428195e8	387915.73280098924	5.116353808953074e8
0.05656694680106925	0.057797824712084396	0.057182385756576824	22816.555090671816	4.511115236041435e8	410732.28789166105	5.078503479729652e8
0.057797824712084396	0.05905332018131985	0.05842557244670212	24142.20838808378	4.482593079922453e8	434874.49627974484	5.0412979859333384e8
0.05905332018131985	0.06033392555994001	0.05969362287062993	25658.943562059747	4.474464378463671e8	460533.4398418047	5.0059650318170637e8
0.060333925559939994	0.06164014304613255	0.06098703430303627	26628.258045183906	4.361398483243038e8	487161.6978869886	4.965850176641766e8
0.06164014304613256	0.06297248488204897	0.06230631396409077	28086.601885781296	4.321086919048164e8	515248.29977276985	4.925785155595921e8
0.06297248488204897	0.06433147355468372	0.06365197921836635	29571.58291753813	4.2737444498622555e8	544819.882690308	4.8853292782473385e8
0.06433147355468372	0.06571764200077115	0.06502455777772743	31110.007221896936	4.223796424753866e8	575929.8899122049	4.844345308244962e8
0.06571764200077114	0.06713153381578033	0.06642458790827574	32677.492556356316	4.168199961826212e8	608607.3824685613	4.802516843655586e8
0.06713153381578033	0.06857370346708969	0.067852618641435	34237.11532190836	4.10318760616477e8	642844.4977904697	4.7593156195779324e8
0.06857370346708969	0.07004471651142524	0.06930920998925746	35970.63362606321	4.050638634595143e8	678815.1314165329	4.715597833451225e8
0.07004471651142524	0.0715451498166475	0.07079493316403637	37774.00162939152	3.9971074812443465e8	716589.1330459245	4.671335030986282e8
0.07154514981664752	0.07307559178797422	0.07231037080231087	39705.76562115286	3.9482937323151284e8	756294.8986670773	4.626851260463802e8
0.07307559178797422	0.07463664259872746	0.07385611719335083	41560.03999712738	3.883827583113864e8	797854.9386642047	4.581197792482849e8
0.07463664259872745	0.07622891442569575	0.0754327785122116	43618.48251266791	3.830955808069773e8	841473.4211768726	4.5351597382810426e8
0.07622891442569575	0.07785303168920342	0.07704097305744959	45747.73278542821	3.776441194194632e8	887221.1539623007	4.488659802677274e8
0.07785303168920343	0.07950963129798126	0.07868133149359235	47824.60300925502	3.7107740488058084e8	935045.7569715558	4.4410435896047014e8
0.07950963129798126	0.08119936289893465	0.08035449709845796	50221.07366933749	3.6628743822482014e8	985266.8306408932	4.3934671941478395e8
0.08119936289893465	0.0829228891319071	0.08206112601542087	52697.080105907735	3.612999335416251e8	1.037963910746801e6	4.345806341383704e8
0.08292288913190708	0.08468088588953898	0.08380188751072304	55139.472602110705	3.5539486321008146e8	1.0931033833489118e6	4.2975055970761997e8
0.084680885889539	0.08647404258232352	0.08557746423593127	57777.084039648165	3.501005533050725e8	1.1508804673885598e6	4.2489764407477534e8
0.08647404258232352	0.08830306240896375	0.08738855249564365	60097.09629867172	3.4237359777147186e8	1.2109775636872316e6	4.1987516853211004e8
0.08830306240896375	0.09016866263213678	0.08923586252055027	63531.58988207565	3.4030364835208285e8	1.2745091535693072e6	4.150376206195841e8
0.09016866263213677	0.09207157485977326	0.09112011874595502	65786.14703170049	3.313305587873056e8	1.3402953006010076e6	4.0995403980275846e8
0.09207157485977327	0.09401254533196249	0.09304206009586788	69165.69255695699	3.2755750314028066e8	1.4094609931579647e6	4.049552359843723e8
0.09401254533196249	0.09599233521359549	0.09500244027277899	72597.94978053433	3.233033116163006e8	1.482058942938499e6	4.000066360220336e8
0.09599233521359549	0.09801172089286114	0.09700202805322831	75332.9520555044	3.154848706528535e8	1.5573918949940032e6	3.948892007818168e8
0.09801172089286114	0.10007149428571212	0.09904160758928662	79116.22773199127	3.11591246837673e8	1.6365081227259946e6	3.898507746814274e8
0.10007149428571215	0.10217246314642014	0.10112197871606615	82578.40473462286	3.0586534158505106e8	1.7190865274606175e6	3.8477561177802545e8
0.10217246314642012	0.10431545138434227	0.10324395726538119	86228.35232980046	3.003831444995508e8	1.8053148797904179e6	3.796806177643839e8
0.10431545138434228	0.10650129938702288	0.10540837538568258	90039.9127641982	2.95011835814689e8	1.895354792554616e6	3.7457362069448066e8
0.10650129938702287	0.10873086434975707	0.10761608186838997	94360.21928787597	2.907964233466683e8	1.989715011842492e6	3.695249321726569e8
0.1087308643497571	0.11100502061174598	0.10986794248075155	98378.81497104943	2.851766293276773e8	2.0880938268135414e6	3.64446290997908e8
0.11100502061174598	0.11332465999897465	0.11216484030536031	102639.66198888479	2.798697189909047e8	2.190733488802426e6	3.593582863829022e8
0.11332465999897466	0.11569069217394791	0.11450767608646129	107380.89552501563	2.754303907844331e8	2.2981143843274415e6	3.543135598429746e8
0.1156906921739479	0.11810404499242061	0.11689736858318425	111789.19693973192	2.6973932047429997e8	2.409903581267174e6	3.492341792894993e8
0.11810404499242058	0.12056566486726274	0.11933485492984167	116730.11606339773	2.6497325774952182e8	2.5266336973305717e6	3.441777081702502e8
0.12056566486726275	0.12307651713960176	0.12182109100343225	121759.02632736534	2.6002182226806703e8	2.6483927236579373e6	3.391315406727185e8
0.12307651713960176	0.12563758645738754	0.12435705179849466	127235.2461465359	2.5563484582195872e8	2.775627969804473e6	3.3412878489192444e8
0.12563758645738754	0.12824987716152902	0.12694373180945828	133144.63741411193	2.516833362509158e8	2.908772607218585e6	3.2919277046943957e8
0.12824987716152905	0.13091441367975337	0.12958214542064123	138122.37943469587	2.4565571745336738e8	3.046894986653281e6	3.241951264197521e8
0.13091441367975337	0.1336322409283422	0.13227332730404778	144498.55094789556	2.418087120772253e8	3.1913935376011766e6	3.1926991603500783e8
0.1336322409283422	0.13640442472190278	0.1350183328251225	150241.771505521	2.3656913000298297e8	3.341635309106698e6	3.1432944592531955e8
0.13640442472190276	0.13923205219133455	0.13781823845661867	156867.97718661028	2.3242006410129437e8	3.4985032862933083e6	3.094396802737206e8
0.13923205219133455	0.14211623221015499	0.14067414220074476	163313.84824036437	2.2769160607392684e8	3.6618171345336726e6	3.0456289248085e8
0.142116232210155	0.14505809582935186	0.14358716401975344	170462.05011348348	2.2363968928306782e8	3.832279184647156e6	2.9973855849186563e8
0.14505809582935186	0.14805879672093264	0.14655844627514225	177702.65375319892	2.1939385866516107e8	4.0099818384003546e6	2.949518671541804e8
0.1480587967209326	0.151119511630345	0.1495891541756388	185894.5349442824	2.1598247575802794e8	4.195876373344637e6	2.9025014821009266e8
0.15111951163034504	0.1542414408379457	0.15268047623414538	192864.2606304311	2.1088063407525498e8	4.388740633975068e6	2.855275940222469e8
0.15424144083794566	0.15742580862969832	0.155833624733822	200861.1481746086	2.0669282314032036e8	4.589601782149676e6	2.808397630301396e8
0.15742580862969832	0.16067386377728604	0.15904983620349217	208838.0567966817	2.0225293832416725e8	4.798439838946358e6	2.761695120133186e8
0.160673863777286	0.16398688002782547	0.16233037190255573	218302.23592210942	1.98980314059905e8	5.016742074868469e6	2.7158504680241644e8
0.1639868800278255	0.16736615660337575	0.16567651831560062	226794.5052162482	1.9456376035666448e8	5.243536580084717e6	2.6701321960977978e8
0.16736615660337573	0.17081301871043697	0.16908958765690635	236540.28237617266	1.9099525081376827e8	5.48007686246089e6	2.625035233638162e8
0.170813018710437	0.17432881805963948	0.17257091838503824	245921.8290755857	1.8690154561165905e8	5.725998691536476e6	2.5802101428424415e8
0.17432881805963946	0.17791493339582598	0.17612187572773272	256003.8662573416	1.8313476623285604e8	5.9820025577938175e6	2.5358337516352123e8
0.17791493339582598	0.18157277103873623	0.17974385221728112	267109.73480631394	1.7985907237404838e8	6.249112292600132e6	2.4921693747227728e8
0.18157277103873626	0.18530376543450472	0.1834382682366205	277870.08275787975	1.7612154018338946e8	6.526982375358012e6	2.448900260561659e8
0.18530376543450472	0.18910937971818856	0.18720657257634665	289500.31016759115	1.7272581913370344e8	6.816482685525603e6	2.4062043976052466e8
0.18910937971818853	0.19299110628754604	0.19105024300286727	300283.53688998683	1.6865009474035248e8	7.11676622241559e6	2.3636447501796532e8
0.19299110628754604	0.1969504673882907	0.19497078683791835	311797.9650269263	1.648482294388219e8	7.428564187442516e6	2.3213745757615867e8
0.1969504673882907	0.20098901571105024	0.19896974154967045	325014.60384897335	1.6176283377019876e8	7.753578791291489e6	2.2797993480907133e8
0.20098901571105027	0.205108335000265	0.20304867535565763	337489.2203847335	1.5812821548254555e8	8.091068011676223e6	2.2385526584028533e8
0.20510833500026499	0.20931004067526401	0.20720918783776449	351825.3275733483	1.5518820559663263e8	8.442893339249572e6	2.1980243900127843e8
0.20931004067526404	0.21359578046376304	0.21145291056951354	366453.87589051714	1.5217434976063964e8	8.80934721514009e6	2.1581275622929946e8
0.213595780463763	0.217967235048032	0.2157815077558975	381272.9060381838	1.4905852173673028e8	9.190620121178273e6	2.1187638816244793e8
0.217967235048032	0.22242611872398638	0.2201966768860092	395332.2877244595	1.4550902086128122e8	9.585952408902733e6	2.0796454893541226e8
0.2224261187239864	0.22697418007345985	0.22470014939872313	410009.82409481355	1.4208117352752343e8	9.995962232997542e6	2.0408290592375183e8
0.22697418007345982	0.23161320264992274	0.22929369136169128	427090.67175745906	1.3934285678357288e8	1.0423052904755002e7	2.0027023031846207e8
0.23161320264992277	0.23634500567791494	0.23397910416391887	444055.49762034265	1.3640546816982266e8	1.0867108402375344e7	1.9651065428726608e8
0.23634500567791494	0.24117144476646696	0.23875822522219095	460834.7636130767	1.3328370811414115e8	1.1327943165988421e7	1.9279013030840546e8
0.24117144476646696	0.24609441263679002	0.2436329287016285	479795.8956757291	1.3065706995382811e8	1.1807739061664151e7	1.891354239465991e8
0.24609441263679002	0.2511158398645195	0.24860512625065478	498501.29533076147	1.2781868051440349e8	1.2306240356994912e7	1.8553013473386094e8
0.2511158398645195	0.25623769563680365	0.2536767677506616	516069.1067439059	1.2459324834867333e8	1.2822309463738818e7	1.8194854411740312e8
0.2562376956368037	0.2614619885245335	0.25884984208066864	534345.3536364317	1.2147141932832155e8	1.335665481737525e7	1.783953021884868e8
0.26146198852453345	0.2667907672700178	0.26412637789727567	555902.9698920453	1.1899347829930893e8	1.3912557787267296e7	1.7490651388909578e8
0.2667907672700179	0.27222612159041193	0.26950844443021493	577738.715908523	1.1644860035771056e8	1.449029650317582e7	1.7147439350448996e8
0.27222612159041193	0.2777701829972139	0.2749981522938129	602211.3696578075	1.1429751643885644e8	1.5092507872833626e7	1.6811866278331506e8
0.2777701829972139	0.2834251256321519	0.28059765431468287	624596.041392851	1.1162934808035854e8	1.5717103914226478e7	1.6480442631065112e8
0.2834251256321519	0.28919316711978865	0.28630914637597027	650166.2100638151	1.0942108643165174e8	1.6367270124290293e7	1.6155617350062555e8
0.28919316711978865	0.29507656943717814	0.2921348682784834	672643.2558753216	1.0660189137022723e8	1.7039913380165614e7	1.5833415051261374e8
0.2950765694371781	0.30107763980091534	0.2980771046190467	698782.7454446751	1.0428736221015766e8	1.773869612561029e7	1.5516636138866195e8
0.3010776398009154	0.3071987315719274	0.30413818568642137	722732.7343151338	1.0157396592266735e8	1.8461428859925423e7	1.520262025142612e8
0.3071987315719274	0.31344224517835967	0.31032048837514353	746958.3046175533	9.886029078566927e7	1.9208387164542973e7	1.48912002197089e8
0.31344224517835967	0.3198106290569206	0.31662643711764016	774326.6734881172	9.651084828584704e7	1.998271383803109e7	1.4584353385261688e8
0.3198106290569206	0.3263063806130527	0.32305850483498666	804315.337495097	9.44082812509785e7	2.0787029175526187e7	1.4283252641254565e8
0.32630638061305267	0.33293204720030745	0.32961921390668003	834770.8524111754	9.227587524738522e7	2.1621800027937364e7	1.39873819209457e8
0.3329320472003074	0.33969022711930724	0.3363111371598073	865780.4792885381	9.013035110630453e7	2.24875805072259e7	1.3696353755891106e8
0.3396902271193073	0.34658357063668715	0.34313689887799725	899157.6213605825	8.815492794826993e7	2.3386738128586482e7	1.341087542631368e8
0.34658357063668715	0.3536147810244146	0.3500991758305509	932537.0056638204	8.610519281863518e7	2.4319275134250302e7	1.3130183222114034e8
0.3536147810244146	0.3607866156198966	0.3572006983221556	967315.048054598	8.411793977316158e7	2.52865901823049e7	1.2854358481068346e8
0.36078661561989656	0.3681018869072882	0.36444425126359237	1.0050280246479383e6	8.231160725109586e7	2.629161820695284e7	1.2584170005892713e8
0.3681018869072882	0.37556346362042764	0.3718326752638579	1.0396574779668628e6	8.019367816231124e7	2.7331275684919704e7	1.2317463570651093e8
0.3755634636204277	0.38317427186782993	0.3793688677441288	1.0733060340177044e6	7.797313290677464e7	2.840458171893741e7	1.2053433234340703e8
0.38317427186782993	0.3909372962801802	0.3870557840740051	1.1080733546348114e6	7.581689839260563e7	2.951265507357222e7	1.1792295610762513e8
0.3909372962801802	0.3988555811807775	0.39489643873047886	1.149416310162423e6	7.40722236638324e7	3.066207138373464e7	1.1536281917376705e8
0.3988555811807775	0.40693223177938675	0.40289390648008216	1.1909968958117273e6	7.228921826834594e7	3.1853068279546365e7	1.1284865634646195e8
0.4069322317793867	0.41517041538996813	0.41105132358467744	1.2333988097322416e6	7.051078587527849e7	3.308646708927861e7	1.1037801801717505e8
0.41517041538996813	0.4235733626727612	0.4193718890313647	1.276859315980716e6	6.875248261842468e7	3.4363326405259326e7	1.0794950762913197e8
0.4235733626727612	0.4321443689012101	0.4278588657869856	1.321775847350701e6	6.7034834713891156e7	3.568510225261003e7	1.0556300911406547e8
0.4321443689012101	0.44088679525422797	0.436515582077719	1.3695048294637424e6	6.54195726742665e7	3.705460708207377e7	1.0322201388939726e8
0.4408867952542281	0.44980407013430634	0.4453454326942672	1.4155883150959145e6	6.369222718225147e7	3.847019539716969e7	1.0091730406781973e8
0.4498040701343063	0.4588996905119861	0.4543518803231462	1.466073324187353e6	6.213185765893184e7	3.993626872135704e7	9.865647231696822e7
0.4588996905119861	0.4681772232972195	0.4635384569046028	1.5168840580853128e6	6.055137179498198e7	4.1453152779442355e7	9.643576124339229e7
0.46817722329721945	0.4776403067381575	0.47290876501768847	1.568601912462646e6	5.89794866967042e7	4.3021754691905e7	9.425330866299619e7
0.47764030673815755	0.48729265184791437	0.482466479293036	1.619674756277195e6	5.7363591321694806e7	4.4641429448182195e7	9.210429779778603e7
0.4872926518479144	0.4971380438598664	0.49221534785389043	1.667700801525395e6	5.563530563645592e7	4.630913024970759e7	8.998021317867137e7
0.4971380438598663	0.5071803437120573	0.5021591937859619	1.7237367332295405e6	5.4166475436821416e7	4.803286698293713e7	8.78946941443289e7
0.5071803437120572	0.517423489561292	0.5123019166366747	1.7847600251058345e6	5.2828731180870496e7	4.981762700804296e7	8.585310480740386e7
0.5174234895612922	0.5278714983275118	0.522647493944402	1.8507549194886393e6	5.160280541152392e7	5.16683819275316e7	8.385937307181628e7
0.5278714983275117	0.5385284672690556	0.5331999827982836	1.912601050851574e6	5.02326529571586e7	5.3580982978383176e7	8.190229487859565e7
0.5385284672690556	0.5493985755894304	0.543963521429243	1.9791172596800253e6	4.896365005425194e7	5.55601002380632e7	7.998560313723229e7
0.5493985755894303	0.5604860860762125	0.5549423308328214	2.044977377433218e6	4.765784997746973e7	5.760507761549642e7	7.810478646103643e7
0.5604860860762126	0.5717953467727306	0.5661407164244716	2.110254542668979e6	4.632629224400016e7	5.9715332158165395e7	7.625624091090119e7
0.5717953467727305	0.5833307926831788	0.5775630697279546	2.1803661909358203e6	4.508913662278267e7	6.1895698349101216e7	7.444356293815365e7
0.5833307926831788	0.5950969475118361	0.5892138700975074	2.25352452670659e6	4.389929152082803e7	6.414922287580781e7	7.266740013406011e7
0.595096947511836	0.6070984254370663	0.601097686474451	2.324260765059369e6	4.265163820098574e7	6.647348364086717e7	7.09222508722025e7
0.6070984254370664	0.6193399329208014	0.6132191791789339	2.399761460206313e6	4.14836944375268e7	6.887324510107349e7	6.921093058005178e7
0.6193399329208014	0.631826270554211	0.6255831017375062	2.478041844783664e6	4.035331910445725e7	7.135128694585715e7	6.753364076995149e7
0.631826270554211	0.6445623349402889	0.63819430274725	2.555720871060908e6	3.9205595130014196e7	7.390700781691806e7	6.588738010522657e7
0.6445623349402889	0.6575531206140883	0.6510577277771886	2.63495595922788e6	3.807804773419717e7	7.654196377614594e7	6.427150380709896e7
0.6575531206140883	0.6708037220013637	0.664178421307726	2.715674382102715e6	3.69699032781622e7	7.925763815824865e7	6.26853602600614e7
0.6708037220013637	0.6843193354163847	0.6775615287088742	2.7943785210638875e6	3.583667685049091e7	8.205201667931254e7	6.112575225719297e7
0.6843193354163846	0.6981052610997059	0.6912122982580453	2.8674556898007537e6	3.464284966506039e7	8.49194723691133e7	5.958760701203014e7
0.6981052610997058	0.7121669052966936	0.7051360831981996	2.949263571250077e6	3.356659957880388e7	8.786873594036338e7	5.8076495993608996e7
0.7121669052966937	0.7265097823776212	0.7193383438371574	3.0396116080297283e6	3.2590509080317784e7	9.09083475483931e7	5.659665382949192e7
0.7265097823776212	0.7411395170001672	0.7338246496888943	3.1325450304352012e6	3.164113359565716e7	9.40408925788283e7	5.514780392543612e7
0.7411395170001672	0.7560618463151642	0.7486006816576657	3.2279177146713207e6	3.071575214014673e7	9.726881029349962e7	5.372952821798767e7
0.7560618463151642	0.771282622216461	0.7636722342658127	3.3259431314054793e6	2.981534131221851e7	1.0059475342490509e8	5.234149006203284e7
0.7712826222164612	0.786807813635784	0.7790452179261226	3.4268444530007076e6	2.894062189915952e7	1.040215978779058e8	5.098341460537746e7
0.7868078136357839	0.8026435088834932	0.7947256612596385	3.5313737284465814e6	2.809621647466313e7	1.0755297160635239e8	4.965531157436805e7
0.8026435088834933	0.8187959180361568	0.8107197134598251	3.6397129854580043e6	2.728124176792171e7	1.1119268459181039e8	4.835713915939074e7
0.8187959180361568	0.8352713753718736	0.8270336467040151	3.7516939775159615e6	2.6492280444319434e7	1.1494437856932636e8	4.708866000954329e7
0.8352713753718735	0.8520763418543045	0.843673858613089	3.8676571234135935e6	2.5729829427739616e7	1.1881203569273995e8	4.584967971562051e7
0.8520763418543045	0.8692174076663841	0.8606468747603443	3.988595702240942e6	2.4998156514130007e7	1.2280063139498089e8	4.4640263006102435e7
0.8692174076663842	0.8867012947947055	0.8779593512305448	4.122715871024424e6	2.4342903465564452e7	1.2692334726600532e8	4.3463118077754125e7
0.8867012947947055	0.9045348596655932	0.8956180772301494	4.233683482417787e6	2.355105168452824e7	1.3115703074842311e8	4.230844277447014e7
0.9045348596655932	0.9227250958338986	0.9136299777497459	4.365009766816315e6	2.2876100188927352e7	1.3552204051523942e8	4.1181705189755686e7
0.9227250958338986	0.9412791367255702	0.9320021162797344	4.492165668592399e6	2.2179883006437e7	1.400142061838318e8	4.008004449319291e7
0.9412791367255703	0.9602042584350753	0.9507416975803228	4.619571378561029e6	2.1488876680667255e7	1.4463377756239283e8	3.9002301651501924e7
0.9602042584350751	0.9795078825787702	0.9698560705069226	4.748261849952436e6	2.0809278846591674e7	1.4938203941234526e8	3.794774460116217e7
0.9795078825787704	0.9991975792053394	0.9893527308920549	4.878467568340285e6	2.0142709324115347e7	1.5426050698068553e8	3.691577798966259e7
0.9991975792053394	1.0192810697644397	1.0092393244848896	5.013479558154952e6	1.950237613400891e7	1.5927398653884047e8	3.5906606766553335e7
1.0192810697644394	1.0397662301347217	1.0295236499495806	5.1486895550668975e6	1.886950425953359e7	1.6442267609390736e8	3.491933613422689e7
1.039766230134722	1.06066109371241	1.050213661923566	5.287804643493426e6	1.8258132096709177e7	1.6971048073740077e8	3.3953936978931114e7
1.06066109371241	1.0819738545616517	1.0713174741370308	5.426008599861918e6	1.7651442463926937e7	1.751364893372627e8	3.3009407687378958e7
1.0819738545616517	1.1037128706278783	1.092843362594765	5.564197418559293e6	1.7053857294196963e7	1.8070068675582197e8	3.2085061262921598e7
1.1037128706278783	1.1258866670154293	1.1147997688216538	5.705728286042912e6	1.6476050290929561e7	1.86406415041865e8	3.118086912727435e7
1.1258866670154293	1.1485039393307315	1.1371953031730804	5.844884535632987e6	1.5901621614648303e7	1.92251299577498e8	3.0295854577524073e7
1.1485039393307315	1.1715735570923396	1.1600387482115355	5.980061543142374e6	1.5328373906802798e7	1.9823136112064037e8	2.9428970588540856e7
1.1715735570923396	1.1951045672091798	1.1833390621507598	6.110425046021472e6	1.475666690373812e7	2.0434178616666183e8	2.857925198500959e7
1.19510456720918	1.2191061975283572	1.2071053823687685	6.2635398280159235e6	1.4251630564590665e7	2.1060532599467775e8	2.7749561406587467e7
1.2191061975283572	1.243587860453918	1.2313470289911375	6.420030415057116e6	1.3762935285614826e7	2.1702535640973487e8	2.6939680887613397e7
1.243587860453918	1.2685591566379897	1.2560735085459538	6.579537734063449e6	1.3289236065313721e7	2.2360489414379832e8	2.6149327376505505e7
1.2685591566379897	1.294029878745743	1.2812945176918662	6.742138768808427e6	1.2830226642103342e7	2.3034703291260675e8	2.5378216656601105e7
1.2940298787457432	1.3200100152956515	1.3070199470206973	6.90824958048868e6	1.2386197352578424e7	2.3725528249309543e8	2.462609794616516e7
1.3200100152956513	1.3465097545765579	1.3332598849361046	7.078017503989188e6	1.195683525570575e7	2.4433329999708462e8	2.3892717026351053e7
1.3465097545765579	1.3735394886430825	1.3600246216098202	7.251139100570206e6	1.1541088273183312e7	2.5158443909765482e8	2.3177773653225712e7
1.3735394886430825	1.4011098173909375	1.38732465301701	7.427121236626271e6	1.1137768937086504e7	2.590115603342811e8	2.2480916393635616e7
1.4011098173909378	1.42923155271375	1.415170685052344	7.606040116270682e6	1.0746689295066496e7	2.6661760045055178e8	2.180180344332038e7
1.4292315527137498	1.4579157227430182	1.443573637728384	7.787746912366863e6	1.0367343857069496e7	2.744053473629186e8	2.1140083685798198e7
1.4579157227430184	1.4871735761728722	1.4725446494579453	7.9722617778088e6	9.999493344594328e6	2.823776091407274e8	2.0495412633542247e7
1.4871735761728724	1.5170165866713232	1.5020950814220977	8.159485959444758e6	9.64275584289561e6	2.9053709510017216e8	1.9867443784427233e7
1.517016586671323	1.547456457379743	1.532236522025533	8.3493638059923425e6	9.2968283894638e6	2.988864589061645e8	1.9255833302234065e7
1.547456457379743	1.5785051255023312	1.5629807914410372	8.54189427010598e6	8.961481020401057e6	3.074283531762705e8	1.8660244080570735e7
1.5785051255023315	1.6101747669873716	1.5943399462448515	8.737026185963152e6	8.636434658827618e6	3.1616537936223364e8	1.8080342506167915e7
1.6101747669873714	1.6424778013021122	1.6263262841447417	8.934717956061445e6	8.321431161851023e6	3.2510009731829506e8	1.7515799462728925e7
1.6424778013021124	1.675426896303148	1.65895234880263	9.134940476773186e6	8.016231814247545e6	3.3423503779506826e8	1.696629118944825e7
1.6754268963031482	1.7090349732042047	1.6922309347536766	9.33765945587884e6	7.720598542716794e6	3.435726972509471e8	1.6431499003185306e7
1.7090349732042043	1.7433152116432817	1.726175092423743	9.542835633405957e6	7.434294841867092e6	3.531155328843531e8	1.5911109090517335e7
1.743315211643282	1.778281054851141	1.7607981332472114	9.750432791229483e6	7.157092228556648e6	3.628659656755826e8	1.5404812685334185e7
1.778281054851141	1.813946214923157	1.7961136348871491	9.96040508339116e6	6.888760253058619e6	3.728263707589737e8	1.491230565859082e7
1.8139462149231576	1.850324678196614	1.8321354465598858	1.0172727146565478e7	6.629087632095083e6	3.829990979055392e8	1.4433289354165072e7
1.8503246781966136	1.8874307107355393	1.8688776944660765	1.0387343494088707e7	6.377846759745295e6	3.933864413996279e8	1.3967469324091937e7
1.8874307107355395	1.9252788639252436	1.9063547873303914	1.0604214369770246e7	6.134825552655099e6	4.0399065576939815e8	1.351455597881313e7
1.9252788639252438	1.963883980178742	1.9445814220519928	1.0823294786581848e7	5.89981277842379e6	4.1481395055598e8	1.3074264351473404e7
1.9638839801787418	2.00326119875731	1.9835725894680258	1.1044547953913322e7	5.672605556003768e6	4.2585849850989336e8	1.2646314309695896e7
2.00326119875731	2.0434259617074493	2.0233435802323796	1.1267947395456735e7	5.453008896123954e6	4.371264459053501e8	1.2230430728620818e7
2.0434259617074497	2.084394019916592	2.0639099908120206	1.149341894027351e7	5.240807731036516e6	4.486198648456236e8	1.1826342036991427e7
2.0843940199165925	2.1261814392899177	2.105287729603255	1.1720867710506517e7	5.035784907542819e6	4.6034073255613005e8	1.1433779887925148e7
2.126181439289917	2.168804607050709	2.147493023170313	1.1950235570251992e7	4.8377464067193195e6	4.7229096812638205e8	1.1052480306784397e7
2.168804607050709	2.2122802381667164	2.1905424226087127	1.218146278547374e7	4.646501605012466e6	4.844724309118558e8	1.068218363153783e7
2.212280238166716	2.2566253819050437	2.23445281003588	1.2414489250609433e7	4.461863678038857e6	4.968869201624653e8	1.0322634480029933e7
2.2566253819050437	2.301857428518138	2.279241405211591	1.264925378357832e7	4.283649205727652e6	5.095361739460436e8	9.973581696430136e6
2.301857428518138	2.347994116063494	2.3249257722908157	1.288569571329059e7	4.1116786205283008e6	5.224218696593342e8	9.634778326793576e6
2.3479941160634943	2.3950535373597575	2.371523826711626	1.3123754595832681e7	3.945775929992036e6	5.355456242551669e8	9.305981580102285e6
2.3950535373597575	2.443054147081946	2.4190538422208516	1.336337018717232e7	3.785768577288686e6	5.489089944423392e8	8.986952783597834e6
2.443054147081946	2.492014768998578	2.467534458040262	1.3604481358666334e7	3.631487048258061e6	5.625134758010055e8	8.677457318085246e6
2.4920147689985783	2.541954603353543	2.5169846861760607	1.3847026846542299e7	3.482765061559893e6	5.763605026475477e8	8.377264568063283e6
2.5419546033535427	2.592893234395607	2.567423918874575	1.4090945918830322e7	3.339439677360262e6	5.90451448566378e8	8.086147881110026e6
2.592893234395607	2.6448506380585126	2.61887193622706	1.4336178194041915e7	3.2013511734804e6	6.0478762676042e8	7.803884522546603e6
2.6448506380585126	2.6978471897946763	2.6713489139265945	1.458266365499786e7	3.0683429938902883e6	6.193702904154178e8	7.530255629830384e6
2.697847189794676	2.751903672565563	2.724875431180119	1.4830342500312585e7	2.940261676165067e6	6.342006329157304e8	7.265046165474643e6
2.751903672565563	2.8070412849918673	2.779472478778715	1.507915531383861e7	2.8169568584408066e6	6.49279788229569e8	7.008044873170691e6
2.8070412849918673	2.863281649666698	2.8351614673292826	1.5329043800299743e7	2.6982813813872617e6	6.646088320298687e8	6.759044242413726e6
2.863281649666698	2.920646821635025	2.8919642356508612	1.5579949338687768e7	2.5840909896593303e6	6.801887813685566e8	6.517840457996967e6
2.9206468216350245	2.979159297042718	2.9499030593388715	1.583181421980663e7	2.47424454712544e6	6.960205955883633e8	6.284233364930776e6
2.9791592970427185	3.038842021958566	3.009000659500642	1.6084580653067116e7	2.3686038535141433e6	7.121051762414304e8	6.05802642486394e6
3.038842021958566	3.0997184013727304	3.069280211665648	1.6338191345694723e7	2.267033736192001e6	7.284433675871252e8	5.83902668039127e6
3.0997184013727304	3.161812308375178	3.1307653548739545	1.659258900490127e7	2.1694019707095297e6	7.450359565920265e8	5.627044716896554e6
3.1618123083751777	3.2251480935176744	3.193480200946426	1.6847716463821836e7	2.0755793018634378e6	7.618836730558484e8	5.421894627877959e6
3.2251480935176753	3.289750594363022	3.2574493439403485	1.7103519614861544e7	1.985439782364304e6	7.789871926707098e8	5.223394001897748e6
3.289750594363022	3.355645145225276	3.322697869794149	1.735994941482928e7	1.8988608896742559e6	7.963471420855391e8	5.031363917088371e6
3.3556451452252753	3.422857587104774	3.3892513661650248	1.7616951778314106e7	1.8157223329949055e6	8.139640938638532e8	4.845628867118465e6
3.4228575871047733	3.4914142778218618	3.4571359324633173	1.7874472579124503e7	1.7359067112652936e6	8.318385664429777e8	4.666016729498655e6
3.4914142778218618	3.561342102353292	3.526378190087577	1.8132456599442147e7	1.6592994163039334e6	8.499710230424198e8	4.4923587301745005e6
3.5613421023532927	3.6326684833753515	3.5970052928643224	1.839084941818443e7	1.5857888180900004e6	8.683618724606042e8	4.324489420914968e6
3.632668483375351	3.7054213920178514	3.6690449376966012	1.8649595772869207e7	1.5152660978928423e6	8.870114682334734e8	4.162246648415575e6
3.705421392017851	3.779629358833201	3.742525375425526	1.8908642775283262e7	1.4476254988745237e6	9.059201110087566e8	4.0054715397043894e6
3.7796293588332013	3.8553214849848585	3.81747542190903	1.916793053479754e7	1.382763575828135e6	9.250880415435542e8	3.854008445104792e6
3.855321484984859	3.932527453659549	3.893924469322204	1.9427404925846882e7	1.32058019023454e6	9.445154464694011e8	3.707704942001724e6
3.9325274536595485	4.011277541707733	3.9719024976836406	1.9686998960320793e7	1.2609771647568203e6	9.642024454297218e8	3.5664117607272277e6
4.011277541707733	4.0916026315168805	4.051440086612306	1.99466459500852e7	1.2038592876013e6	9.84149091379807e8	3.4299827727690237e6
4.0916026315168805	4.1735342231222115	4.132568427319546	2.020627588245632e7	1.1491340428121258e6	1.0043553672622633e9	3.2982749641217575e6
4.173534223122211	4.257104446559648	4.215319334840929	2.046581655962643e7	1.0967116684906825e6	1.0248211838218898e9	3.171148413575268e6
4.257104446559648	4.3423460744658335	4.299725260512741	2.0725189387704987e7	1.0465049144354527e6	1.0455463732095947e9	3.0484662582966685e6
4.3423460744658335	4.429292534930143	4.385819304697988	2.09843078493202e7	998428.9961035334	1.0665306810589149e9	2.9300946587762586e6
4.429292534930143	4.517977924603739	4.473635229766941	2.1243071357288614e7	952401.3517084436	1.0877737524162035e9	2.815902751805919e6
4.5179779246037395	4.608437022070807	4.563207473337274	2.1501340710571256e7	908340.7009873078	1.1092750931267748e9	2.705762551860589e6
4.608437022070807	4.700705301487216	4.654571161779011	2.175888033012928e7	866165.1126426237	1.1310339734569042e9	2.599548746630428e6
4.700705301487216	4.794818946491953	4.747762123989585	2.201558482321458e7	825801.4572893482	1.1530495582801187e9	2.497139050183934e6
4.794818946491953	4.890814864396784	4.842816905444368	2.227155068355128e7	787186.263359352	1.17532110896367e9	2.398414585146318e6
4.890814864396785	4.988730700659714	4.93977278252825	2.2526701071482647e7	750251.0798109258	1.1978478100351527e9	2.30325939773059e6
4.988730700659713	5.0886048536479	5.038667777153806	2.2780970177062243e7	714930.0878998139	1.220628780212215e9	2.211560440289742e6
5.0886048536479	5.19047648969585	5.139540671671876	2.3034275731408417e7	681159.1320141838	1.2436630559436233e9	2.1232074989492395e6
5.19047648969585	5.29438555846476	5.242431024080306	2.3286582314433116e7	648877.5798886743	1.2669496382580564e9	2.0380932328379927e6
5.29438555846476	5.400372808609048	5.347379183536904	2.3537839665604115e7	618026.2648661424	1.2904874779236605e9	1.956113092279482e6
5.400372808609048	5.508479803756222	5.454426306182635	2.378798639494798e7	588547.6736074454	1.3142754643186085e9	1.877165252569823e6
5.508479803756222	5.618748938806339	5.563614371281281	2.40370423298654e7	560388.145116384	1.338312506648474e9	1.8011506785489018e6
5.618748938806339	5.7312234565574585	5.674986197681899	2.4285044084560372e7	533495.8645512549	1.3625975507330344e9	1.7279730696466109e6
5.731223456557458	5.845947464663599	5.788585460610529	2.4531994811115913e7	507819.7347729798	1.3871295455441504e9	1.6575387429835636e6
5.8459474646636	5.962965952931865	5.904456708797732	2.477797135891495e7	483311.6891643305	1.4119075169030652e9	1.5897566567541515e6
5.962965952931865	6.082324810965495	6.02264538194868	2.5023117609843314e7	459926.1457723458	1.4369306345129085e9	1.5245384007655901e6
6.0823248109654955	6.204070846159798	6.143197828562647	2.5267802390426185e7	437622.42142961285	1.4621984369033346e9	1.461798326890361e6
6.204070846159798	6.328251802057986	6.266161324108892	2.5511737630778976e7	416349.28221703647	1.4877101745341136e9	1.4014527802140058e6
6.328251802057984	6.454916377074136	6.39158408956606	2.575450199325764e7	396056.2718157647	1.5134646765273714e9	1.343420028522341e6
6.454916377074137	6.584114243590612	6.519515310332375	2.599604718469905e7	376701.4385349264	1.5394607237120705e9	1.2876206418837411e6
6.584114243590613	6.715896067437418	6.650005155514016	2.623637442802833e7	358245.10593733983	1.5656970981400988e9	1.2339774907498073e6
6.715896067437417	6.850313527761158	6.783104797599288	2.6476871817531645e7	340666.8365590831	1.5921739699576304e9	1.182416723303064e6
6.850313527761158	6.9874193372913735	6.918866432526266	2.671716973868533e7	323922.1328626054	1.6188911396963158e9	1.1328661872065836e6
6.987419337291374	7.127267263012194	7.057343300151784	2.695618001150983e7	307961.02457556356	1.6458473197078257e9	1.0852550153764605e6
7.127267263012194	7.26991214724743	7.198589705129812	2.7193807281370573e7	292748.64792544843	1.6730411269891963e9	1.0395144234583408e6
7.269912147247429	7.41540992916737	7.3426610382074	2.7430009453979556e7	278252.16362364206	1.7004711364431758e9	995577.7061964695
7.415409929167371	7.56381766672571	7.489613797946541	2.7664437026296716e7	264437.0908102468	1.7281355734694724e9	953380.022436821
7.56381766672571	7.7151935590352165	7.6395056128804635	2.7896201382334672e7	251266.0260930486	1.756031774851807e9	912858.1186324432
7.715193559035217	7.869596969190914	7.792395264113066	2.8124029101165906e7	238701.21527142127	1.7841558039529731e9	873950.2167553294
7.869596969190913	8.027088447549723	7.948342708370317	2.8349301382796325e7	226729.51543531122	1.8125051053357694e9	836597.3493226402
8.027088447549723	8.18772975547571	8.107409101512715	2.857170226352288e7	215323.10589226423	1.8410768075992923e9	800742.349851473
8.187729755475711	8.351583889560217	8.269656822517964	2.8788294005470388e7	204436.99053934353	1.8698651016047626e9	766328.7575036461
8.351583889560215	8.518715106326411	8.435149497943314	2.8893132455672607e7	193342.5372579024	1.898758234060435e9	733261.323108218
8.518715106326413	8.689188947427933	8.603952026877174	2.891911408731433e7	182350.6039029929	1.9276773481477494e9	701468.2382917203
8.689188947427933	8.863072265351484	8.776130606389708	2.902438191666833e7	172454.62055639242	1.9567017300644178e9	670939.1723801218
8.863072265351484	9.040433249633505	8.951752757492494	2.9142947201821126e7	163168.0603757534	1.985844677266239e9	641636.3152966365
9.040433249633505	9.221341453601168	9.130887351617336	2.928494629667375e7	154502.7200348303	2.0151296235629127e9	613524.7218170904
9.221341453601168	9.405867821648183	9.313604637624675	2.9400441897821307e7	146162.43099675118	2.044530065460734e9	586554.3741290189
9.405867821648183	9.59408471705614	9.49997626935216	2.951032132523345e7	138243.97793916706	2.0740403867859674e9	560683.7283227197
9.59408471705614	9.786065950372254	9.690075333714198	2.986574814050109e7	131836.675995588	2.1039061349264684e9	535936.5003525257
9.786065950372253	9.98188680835469	9.883976379363471	3.0148091441406775e7	125404.58280945879	2.134054226367875e9	512246.4048104962
9.981886808354691	10.181624083496777	10.081755445925733	3.0399629240197916e7	119155.13965202392	2.164453855608073e9	489562.95442036184
10.181624083496777	10.385356104141705	10.28349009381924	3.063825178999989e7	113161.72302302989	2.195092107398073e9	467842.8115473287
10.385356104141703	10.593162765199528	10.489259434670615	3.0870526296610273e7	107441.19907458332	2.2259626336946836e9	447046.11441086535
10.59316276519953	10.805125559478512	10.69914416233902	3.1093244230054736e7	101972.77902646869	2.2570558779247384e9	427134.10349704046
10.805125559478512	11.021327609643073	10.913226584560793	3.1290414009749204e7	96698.80096202428	2.288346291934488e9	408066.9301597313
11.021327609643073	11.241853700810926	11.131590655227	3.14992122445199e7	91727.84494810167	2.3198455041790075e9	389813.3120602495
11.241853700810926	11.466790313802136	11.354322007306532	3.1708467465080526e7	87009.89009680276	2.3515539716440883e9	372340.8869019732
11.466790313802136	11.69622565905317	11.581507986427653	3.191307739663364e7	82519.02217791164	2.383467049040722e9	355617.66573359835
11.69622565905317	11.930249711209225	11.813237685131197	3.2111483032043956e7	78241.63498850206	2.415578532072766e9	339612.72153935896
11.930249711209225	12.1689542444084	12.049601977808813	3.230268206324644e7	74166.61300574229	2.447881214136012e9	324296.27160268434
12.1689542444084	12.41243286827156	12.290693556339981	3.2487151200882334e7	70286.82788795388	2.4803683653368945e9	309639.8414657642
12.41243286827156	12.660781064611983	12.536606966441772	3.2668268906375237e7	66601.04203107268	2.51303663424327e9	295616.5292603179
12.660781064611983	12.914096224879215	12.787438644745599	3.2847962404721785e7	63103.87970322182	2.5458845966479917e9	282200.67611968116
12.914096224879211	13.172477688351787	13.0432869566155	3.302685316514912e7	59787.1261153533	2.578911449813141e9	269367.63057851174
13.17247768835179	13.436026781093817	13.304252234722803	3.3205444975779504e7	56642.54693326109	2.6121168947889204e9	257093.68925957385
13.436026781093817	13.704846855690684	13.57043681839225	3.338713934431324e7	53666.81136050695	2.6455040341332335e9	245356.32504027657
13.70484685569068	13.979043331779485	13.841945093735083	3.3572118989869386e7	50850.89194507219	2.679076153123103e9	234133.79044095438
13.979043331779488	14.258723737390069	14.118883534584779	3.375472855379792e7	48177.89296776542	2.7128308816769e9	223404.61861627395
14.258723737390067	14.54399775111286	14.401360744251463	3.39342166530522e7	45639.879831542414	2.7467650983299522e9	213148.12416199775
14.54399775111286	14.834977245110109	14.689487498111484	3.411000416429278e7	43229.681474698205	2.780875102494245e9	203344.4020383419
14.834977245110109	15.131776328987302	14.983376787048705	3.427779984334615e7	40936.14254479922	2.815152902337591e9	193974.0526253828
15.131776328987304	15.43451139454204	15.283143861764671	3.444021612626721e7	38757.314194499704	2.8495931184638586e9	185018.6837067673
15.434511394542039	15.74330116140787	15.588906277974955	3.4597487757183895e7	36688.191862186875	2.8841906062210426e9	176460.67600153707
15.74330116140787	16.05826672361102	15.900783942509445	3.473431537940453e7	34708.39529454979	2.918924921600447e9	168282.25142915538
16.058266723611016	16.37953159705823	16.218899160334622	3.447174085050304e7	32458.852475991043	2.95339666245095e9	160445.94148950998
16.37953159705823	16.707221767974385	16.543376682516307	3.433684890553599e7	30466.645691108075	2.9877335113564863e9	152946.84997171405
16.707221767974385	17.041465742308862	16.874343755141624	3.428979151040415e7	28669.71728239626	3.0220233028668904e9	145776.78300258965
17.041465742308862	17.38239459613003	17.211930169219446	3.427697131161499e7	27005.701841321585	3.0563002741785054e9	138924.42161347618
17.38239459613003	17.73014202702762	17.556268311578826	3.447434999351758e7	25594.32462980148	3.090774624172023e9	132386.00755280768
17.730142027027618	18.084844406543162	17.90749321678539	3.487091989772911e7	24395.271102223367	3.1256455440697517e9	126155.67369767396
18.08484440654316	18.446640833649013	18.265742620096084	3.511634937629701e7	23149.75276531675	3.1607618934460487e9	120212.96136006215
18.446640833649013	18.815673189296984	18.631157011473	3.532669257905632e7	21944.961301143918	3.196088586025105e9	114543.62291162543
18.815673189296984	19.192086192057914	19.00387969067745	3.551961261277144e7	20791.939185963616	3.2316081986378765e9	109134.87008672558
19.192086192057914	19.576027454874062	19.38405682346599	3.569684083731386e7	19690.26599525276	3.26730503947519e9	103974.62843053363
19.576027454874062	19.967647542946533	19.771837498910298	3.585871480836399e7	18638.52894420933	3.303163754283554e9	99051.43884319953
19.967647542946533	20.367100032780453	20.167373787863493	3.599704059140887e7	17631.07966681794	3.339160794874963e9	94354.17770120839
20.367100032780453	20.774541572411053	20.570820802595755	3.612278892835618e7	16672.03699757056	3.375283583803319e9	89872.60097013313
20.774541572411056	21.190131942834267	20.98233675762266	3.626549171187908e7	15772.347119803297	3.411549075515198e9	85597.68731223048
21.190131942834263	21.614034120665938	21.402083031750102	3.640997425043492e7	14921.709237558998	3.447959049765633e9	81520.34176601749
21.614034120665938	22.046414342054245	21.83022423136009	3.655416932678767e7	14116.617421340605	3.4845132190924206e9	77631.79198723665
22.04641434205425	22.487442167870324	22.266928254962288	3.670769379495639e7	13358.153447567747	3.521220912887377e9	73923.83429065955
22.48744216787032	22.937290550202714	22.712366359036515	3.686384957805877e7	12641.1239907457	3.5580847624654355e9	70388.43881833016
22.937290550202718	23.39613590018176	23.16671322519224	3.701360254306002e7	11960.30117372262	3.5950983650084953e9	67017.73750984653
23.396135900181758	23.864158157160382	23.630147028671068	3.7153587458924696e7	11312.988331972383	3.63225195246742e9	63804.1607847353
23.864158157160386	24.34154085927858	24.102849508219485	3.728209535604051e7	10697.266004102543	3.6695340478234606e9	60740.46514982599
24.341540859278584	24.828471215439144	24.585006037358866	3.7402618082710184e7	10112.777527871654	3.706936665906171e9	57819.804534077295
24.82847121543914	25.32514017872291	25.076805697081028	3.7364916684079766e7	9519.814935721233	3.7443015825902505e9	55033.4372225714
25.325140178722915	25.83174252127236	25.57844134999764	3.6900018642256826e7	8859.050510930172	3.781201601232507e9	52369.70340296064
25.831742521272364	26.3484769106728	26.09010971597258	3.671816817714899e7	8306.876809461713	3.817919769409656e9	49827.7918565185
26.348476910672794	26.875545987861237	26.612011449267015	3.659022493009273e7	7800.421640157843	3.8545099943397503e9	47403.31122231817
26.87554598786124	27.413156446593455	27.144351217227346	3.6727416730568506e7	7378.017511669544	3.8912374110703187e9	45094.33486774464
27.413156446593455	27.961519114500312	27.687337780546883	3.717666591045283e7	7037.462597768259	3.9284140769807715e9	42898.92033319326
27.96151911450031	28.520849035765302	28.241184075132807	3.742389492574179e7	6675.611736736459	3.965837971906513e9	40809.2870719413
28.520849035765302	29.091365555455596	28.80610729561045	3.7614961470269844e7	6322.650694576366	4.003452933376783e9	38819.844817027675
29.0913655554556	29.673292405539698	29.382328980497647	3.777705409011401e7	5983.608881219715	4.041229987466897e9	36925.61599927408
29.673292405539694	30.266857792625476	29.970075099082585	3.791815302060797e7	5659.5106949525425	4.079148140487505e9	35121.969354988614
30.266857792625476	30.872294487452972	30.569576140039224	3.803766611411859e7	5349.85767760144	4.1171858066016235e9	33404.512093206
30.872294487452976	31.489839916177022	31.181067201814997	3.8148575234314635e7	5055.957344808122	4.155334381835938e9	31769.180314299036
31.489839916177026	32.11973625347555	31.80478808482629	3.8244854163454026e7	4776.335822080963	4.193579235999392e9	30212.059582872
32.11973625347555	32.76223051752005	32.4409833854978	3.834667876258316e7	4512.8034638331455	4.2319259147619753e9	28729.565756906297
32.762230517520045	33.41757466684543	33.08990259218274	3.8474523660011984e7	4266.667388453427	4.270400438421987e9	27318.396899058876
33.41757466684544	34.08602569915733	33.751800183001386	3.859212657756676e7	4032.8416569947667	4.308992564999554e9	25975.148203168083
34.08602569915733	34.76784575211546	34.4269357256364	3.869109525554345e7	3809.9603595327653	4.347683660255097e9	24696.53252068987
34.76784575211547	35.46330220613277	35.11557397912412	3.8763340196932e7	3596.8940771546377	4.386447000452029e9	23479.387212907513
35.46330220613276	36.1726677892304	35.81798499768158	3.863938446863992e7	3378.576262303296	4.42508638492067e9	22319.862996333683
36.1726677892304	36.896220683989995	36.5344442366102	3.810589312482306e7	3139.7335256158926	4.463192278045492e9	21213.45162624235
36.89622068399	37.63424463664479	37.265232660317395	3.8014770713110015e7	2951.5502764843163	4.501207048758602e9	20160.01124473725
37.63424463664479	38.38702906835267	38.01063685249873	3.726651600924049e7	2726.5521786581726	4.538473564767842e9	19154.362230630544
38.38702906835267	39.154869188694704	38.77094912852368	3.682037939085345e7	2538.5196766821787	4.575293944158696e9	18195.879810194976
39.15486918869471	39.93806611144359	39.54646765006915	3.6587368300893985e7	2376.953827945043	4.61188131245959e9	17283.36963373741
39.93806611144358	40.73692697264744	40.337496542045514	3.608551278187378e7	2209.122484866081	4.647966825241464e9	16413.818123484103
40.73692697264744	41.55176505107537	41.1443460118614	3.5476671298362106e7	2046.5726334651717	4.683443496539825e9	15585.051648201708
41.55176505107538	42.38289989107187	41.967332471073625	3.47913557613619e7	1891.2680061016213	4.7182348523011875e9	14795.135259385997
42.382899891071865	43.23065742786829	42.806778659470076	3.366980719444659e7	1724.7248370746868	4.751904659495634e9	14041.179423083144
43.23065742786829	44.09537011540064	43.66301377163447	4.22561094978526e7	2039.6995587339663	4.794160768993486e9	13348.88549558434
44.09537011540065	44.97737705668364	44.536373586042146	2.8420924006286867e7	1292.7436987101282	4.822581692999773e9	12653.439955313512
44.977377056683636	45.87702413679229	45.42720059673796	2.7418376247141562e7	1175.2047805456987	4.850000069246915e9	11991.33174364134
45.8770241367923	46.79466415850313	46.33584414764772	2.639253831109301e7	1065.9837817169232	4.876392607558008e9	11361.117480970512
46.794664158503124	47.73065698064817	47.262660569575644	2.4429314192984052e7	929.7760759613031	4.900821921750992e9	10759.400563929797
47.73065698064817	48.685369659236116	48.20801331994214	2.0760478145299956e7	744.5641732380287	4.921582399896292e9	10181.71029703902
48.685369659236116	49.65917659139582	49.17227312531597	2.134177904832402e7	721.2621285172028	4.942924178944615e9	9636.000125080063
49.65917659139582	50.65245966219872	50.15581812679727	2.078355632054589e7	661.8813339364358	4.963707735265163e9	9118.344049214009
50.65245966219873	51.66560839441769	51.15903402830821	2.0031588203884237e7	601.1369856707973	4.983739323469048e9	8627.045041280831
51.66560839441769	52.69902010128103	52.18231424784936	1.7983716253370173e7	508.5519631671168	5.001723039722418e9	8158.74596385204
52.69902010128102	53.75310004228162	53.22606007178132	1.5452229626859792e7	411.76071297431	5.0171752693492775e9	7711.877385478391
53.75310004228162	54.828261582102236	54.29068081219193	1.4887891913688682e7	373.83921262636403	5.032063161262966e9	7288.598813944731
54.82826158210225	55.924926352719275	55.37659396741076	1.6184832728601009e7	382.96385389071656	5.048247993991568e9	6890.263164457514
55.92492635271927	57.04352441874864	56.48422538573395	1.7520060084181428e6	39.06457600485746	5.049999999999986e9	6495.068227694533
