-0.0	9.953897499377266e-5	4.976948749688633e-5	0.005560512654551108	1.3460051803166428e9	0.005560512654551108	1.3460051803166428e9
9.953897499377264e-5	0.0002010687294874207	0.00015030385224059668	0.03653489458297626	1.221115571626236e9	0.042095407237527374	1.236267649597917e9
0.00020106872948742055	0.0003046290790709416	0.00025284890427918107	0.09629926603666367	1.141480217013946e9	0.13839467327419103	1.1687367296372814e9
0.0003046290790709413	0.0004102606356461327	0.000357444857358537	0.18492755813908107	1.0825072416399093e9	0.3233222314132721	1.1178085120058312e9
0.000410260635646133	0.0005180048233528283	0.00046413272949948065	0.30277498510541406	1.0334415777883948e9	0.6260972165186862	1.0753547375184114e9
0.0005180048233528285	0.0006279038948136576	0.000572954359083243	0.45347710896692617	9.9719922666204e8	1.0795743254856123	1.0410807288507235e9
0.000627903894813658	0.0007400009477037037	0.0006839524212586809	0.6382465135422077	9.664102593743095e8	1.71782083902782	1.01202777032152e9
0.0007400009477037037	0.0008543399416515503	0.000797170444677627	0.8586027119688918	9.387322601026719e8	2.576423550996712	9.863624231182672e8
0.0008543399416515499	0.0009709657154783534	0.0009126528285649516	1.1153612960342643	9.124506187793906e8	3.691784847030976	9.628000131004326e8
0.0009709657154783537	0.0010899240047816932	0.0010304448601300233	1.4176166534304404	8.921187285346276e8	5.109401500461416	9.420908131613516e8
0.0010899240047816928	0.001211261459871099	0.001150592732326396	1.762454153717677	8.723033316692635e8	6.871855654179093	9.23148826919961e8
0.0012112614598710993	0.0013350256640622935	0.0012731435619666963	2.155973603168776	8.545586803567873e8	9.02782925734787	9.057865840384806e8
0.0013350256640622929	0.0014612651523373112	0.001398145408199802	2.6001421560780305	8.379003589458183e8	11.6279714134259	8.896686013872359e8
0.0014612651523373112	0.0015900294303778297	0.0015256472913575704	3.1041737559291995	8.237107842875493e8	14.7321451693551	8.749070009088097e8
0.0015900294303778312	0.00172136899397916	0.0016556992121784958	3.660673601674615	8.086582359323432e8	18.392818771029717	8.608703582950394e8
0.0017213689939791588	0.0018553353488525142	0.0017883521714158364	4.291352506591698	7.966718108578355e8	22.684171277621417	8.479437652902441e8
0.001855335348852515	0.0019919810308233377	0.0019236581898379264	4.985598157898938	7.842835488638195e8	27.669769435520355	8.357210394065137e8
0.0019919810308233377	0.0021313596264335767	0.002061670328628457	5.7530896208694475	7.724873447012894e8	33.4228590563898	8.241092403839e8
0.0021313596264335767	0.0022735257939560205	0.0022024427101947986	6.606107522877235	7.620430537515522e8	40.028966579267035	8.131789191501194e8
0.00227352579395602	0.0024185352848289125	0.0023460305393924663	7.549378687864116	7.524876010531877e8	47.57834526713115	8.029036657896566e8
0.002418535284828912	0.0025664449655192624	0.0024924901251740872	8.580399699330055	7.428595902946005e8	56.1587449664612	7.931090710736741e8
0.002566444965519263	0.0027173128398234204	0.0026418789026713416	9.706200775314437	7.333289221922941e8	65.86494574177564	7.836945134689459e8
0.0027173128398234204	0.002871198071613661	0.002794255455718541	10.951582747466038	7.251504410005486e8	76.81652848924168	7.747767975585126e8
0.002871198071613661	0.003028161008039706	0.0029496795398266835	12.307601256794063	7.169919789825288e8	89.12412974603573	7.662487939375287e8
0.003028161008039706	0.0031882632031942724	0.003108212105616989	13.79820911182136	7.097383361585847e8	102.9223388578571	7.581559312097218e8
0.0031882632031942715	0.003351567442251929	0.0032699153227231	15.414536259048473	7.023601643585631e8	118.33687511690557	7.503909690337949e8
0.0033515674422519306	0.0035181377660907414	0.0034348526041713357	17.177859772401764	6.954409281725758e8	135.51473488930733	7.42949653992142e8
0.003518137766090741	0.0036880394964063277	0.0036030886312485343	19.08991663250727	6.885984011592855e8	154.60465152181462	7.357787768541156e8
0.0036880394964063277	0.003861339261328226	0.003774689378867277	21.168816444447998	6.821031002142284e8	175.77346796626261	7.288712657825298e8
0.0038613392613282265	0.004038105021548563	0.003949722141438395	23.432587716381175	6.760933603532478e8	199.20605568264378	7.222392692173823e8
0.004038105021548562	0.0042184060969733045	0.0041282555592609335	25.888445345471055	6.703407360345685e8	225.09450102811485	7.158649813129332e8
0.004218406096973306	0.004402313193906544	0.004310359645439925	28.543472371805613	6.646692049098368e8	253.63797339992047	7.097131564589834e8
0.004402313193906543	0.004589898432778446	0.004496105813342494	31.418988005148293	6.59246187881842e8	285.05696140506876	7.037749683856971e8
0.004589898432778446	0.0047812353764277865	0.004685566904603117	34.53655872868322	6.5416263267016e8	319.59352013375195	6.980539410742579e8
0.0047812353764277865	0.004976399058950114	0.004878817217688951	37.90648887061678	6.492585640418752e8	357.50000900436874	6.925351958728764e8
0.004976399058950114	0.005175466015122888	0.005075932537036501	41.55046731344285	6.445840132634212e8	399.05047631781156	6.872121683416353e8
0.005175466015122887	0.005378514310419117	0.005276990162771002	45.504067994408146	6.403462386082848e8	444.5545443122197	6.821022141940898e8
0.005378514310419117	0.005585623571621271	0.005482068941020194	49.75895201880935	6.360938606166078e8	494.31349633102906	6.771718033339059e8
0.005585623571621272	0.005796875018047469	0.00569124929483437	54.36417850590031	6.321762768628895e8	548.6776748369293	6.724296722712566e8
0.005796875018047468	0.006012351493402189	0.005904613255724828	59.339059775027444	6.284921027779347e8	608.0167346119567	6.678729226240329e8
0.006012351493402189	0.006232137498264004	0.006122244495833097	64.70000063625342	6.24922853702292e8	672.7167352482102	6.634871909848899e8
0.006232137498264004	0.006456319223223056	0.00634422836074353	70.48252878064733	6.215393148829302e8	743.1992640288574	6.592675135442555e8
0.006456319223223056	0.006684984582681288	0.006570651902952172	76.71514924534544	6.183155130681453e8	819.9144132742028	6.55207230833825e8
0.0066849845826812875	0.006918223249328685	0.006801603916004986	83.4323354517324	6.152601050069252e8	903.3467487259352	6.51301620995051e8
0.006918223249328684	0.007156126689309029	0.007037174969318856	90.69232705690706	6.125222942368428e8	994.0390757828422	6.475611504502326e8
0.00715612668930903	0.007398788198088982	0.007277457443699006	98.50425612563657	6.098803658383496e8	1092.5433319084789	6.439739149717934e8
0.007398788198088982	0.007646302937044533	0.007522545567566758	106.96710126648495	6.076737328155255e8	1199.5104331749637	6.405616287133132e8
0.007646302937044532	0.007898767970779194	0.0077725354539118635	116.12059546013916	6.058073629855046e8	1315.631028635103	6.373345010553353e8
0.007898767970779196	0.00815628230518855	0.008027525137983873	125.94318767990154	6.038969257682395e8	1441.5742163150044	6.342663178882352e8
0.008156282305188549	0.008418946926286091	0.008287614615737321	136.5651285384092	6.023278245127249e8	1578.139344853414	6.313692451925459e8
0.008418946926286091	0.008686864839805583	0.008552905883045837	148.00533335525714	6.009008966876708e8	1726.1446782086712	6.286362074727048e8
0.008686864839805583	0.008960141111595467	0.008823502975700524	160.41971391481235	5.999694847505358e8	1886.5643921234835	6.260924631118919e8
0.008960141111595465	0.009238882908821145	0.009099512010208305	173.93663374479195	5.996653248332305e8	2060.5010258682755	6.237719433956665e8
0.009238882908821145	0.009523199541991339	0.009381041225406242	188.65411789081406	5.999552064361202e8	2249.1551437590897	6.217018379836926e8
0.009523199541991342	0.00981320250782494	0.009668201024908141	204.62192714154872	6.006423667768058e8	2453.7770709006386	6.198894015758069e8
0.009813202507824938	0.010109005532975208	0.009961104020400072	221.32484112339924	6.000270392479709e8	2675.101912024038	6.181963260669364e8
0.010109005532975208	0.010410724618628483	0.010259865075801846	239.43652473513413	5.998783065946845e8	2914.5384367591723	6.166493832002167e8
0.010410724618628481	0.010718478085994822	0.010564601352311652	258.90507345584507	5.997783758037208e8	3173.4435102150173	6.1523748693157e8
0.01071847808599482	0.011032386622708487	0.010875432354351653	279.8574051592859	5.997919032017967e8	3453.3009153743033	6.139562085396644e8
0.011032386622708489	0.01135257333015643	0.01119247997643246	301.73416177256576	5.985894406528267e8	3755.035077146869	6.126923268967218e8
0.01135257333015643	0.011679163771753329	0.01151586855095488	326.41745626800184	5.997048165053818e8	4081.4525334148707	6.116329807463202e8
0.011679163771753329	0.012012286022182166	0.011845724896967749	352.9267305341353	6.007850845045965e8	4434.379263949006	6.107552822981503e8
0.012012286022182165	0.012352070717619578	0.012182178369900872	379.5967112688693	5.990053495963064e8	4813.975975217875	6.098120488307514e8
0.01235207071761958	0.012698651106965742	0.01252536091229266	409.9070962958991	5.998786168355405e8	5223.883071513775	6.090207145215575e8
0.01269865110696574	0.013052163104098825	0.012875407105532283	441.9671338070557	6.001042911177601e8	5665.85020532083	6.083156678936449e8
0.013052163104098825	0.013412745341174571	0.013232454222636698	473.97133322781735	5.97351844535206e8	6139.821538548647	6.074549868260114e8
0.013412745341174571	0.013780539222991833	0.013596642282083203	511.90230918548843	5.990773493498585e8	6651.723847734136	6.06801948743283e8
0.013780539222991831	0.014155688982445437	0.013968114102718634	549.2132159693473	5.970693668294184e8	7200.937063703484	6.060484845617945e8
0.01415568898244544	0.01453834173708812	0.01434701535976678	591.801898315141	5.978782783384058e8	7792.738962018624	6.054201899017375e8
0.014538341737088116	0.014928647546823649	0.014733494641955882	635.3644530470957	5.967206913555291e8	8428.10341506572	6.047555352748939e8
0.014928647546823649	0.01532675947275389	0.01512770350978877	681.6132474559683	5.953219538335658e8	9109.716662521689	6.040393537852435e8
0.015326759472753894	0.01573283363720274	0.015529796554978317	732.7729745462912	5.953850749102446e8	9842.48963706798	6.033863842407995e8
0.01573283363720274	0.016147029284940564	0.01593993146107165	783.6189195918681	5.925052223338835e8	10626.108556659849	6.025703253610909e8
0.01614702928494056	0.01656950884563314	0.01635826906528685	844.482319949539	5.94396386595939e8	11470.590876609387	6.01960889135115e8
0.016569508845633144	0.017000437997539575	0.016784973421586358	901.0659531846155	5.905758336658658e8	12371.656829794003	6.01116880056525e8
0.017000437997539575	0.017439985732484137	0.017220211865011856	970.1691232800149	5.922853332147753e8	13341.825953074018	6.004658121891841e8
0.01743998573248414	0.017888324422127594	0.017664155077305867	1032.1922388347014	5.871316002088541e8	14374.018191908719	5.994881363298589e8
0.017888324422127587	0.01834562988556391	0.018116977153845748	1113.1012891932405	5.900976700437837e8	15487.11948110196	5.988032611118728e8
0.01834562988556391	0.018812081458268955	0.01857885567191643	1183.9639309217837	5.851420543401328e8	16671.08341202374	5.978120479426907e8
0.01881208145826896	0.019287862062428107	0.019049971760348533	1267.888373817299	5.843232609051564e8	17938.97178584104	5.968382701669981e8
0.019287862062428104	0.019773158278670433	0.01953051017054927	1357.181333345253	5.834069354933449e8	19296.153119186292	5.958734003453513e8
0.019773158278670436	0.020268160419237614	0.020020659348954025	1452.2500797351058	5.82432488642641e8	20748.403198921398	5.949124677250062e8
0.02026816041923761	0.020773062602616132	0.02052061151092687	1548.940368557837	5.79715723095501e8	22297.343567479234	5.938310836105865e8
0.020773062602616132	0.021288062829662224	0.02103056271613918	1654.148362210979	5.778747065237424e8	23951.491929690215	5.927008244769237e8
0.021288062829662228	0.02181336306124924	0.021550712945455734	1773.1296408421613	5.783333633531969e8	25724.621570532378	5.916876464074272e8
0.021813363061249234	0.022349169297467986	0.02208126617935861	1881.5173471736298	5.73088038406223e8	27606.13891770601	5.903817223909577e8
0.02234916929746799	0.022895691658411117	0.022622430477939555	2020.3674344659717	5.747949099692553e8	29626.50635217198	5.892919774975924e8
0.02289569165841112	0.02345314446657311	0.023174418062492114	2139.927357324467	5.687775471709532e8	31766.433709496447	5.87863661821369e8
0.023453144466573112	0.024021746330898344	0.023737445398735728	2292.3695152614946	5.693479458362671e8	34058.80322475794	5.865797209083848e8
0.024021746330898337	0.02460172023251007	0.024311733281704204	2444.9136662108785	5.675351599636912e8	36503.71689096882	5.85264324398693e8
0.02460172023251007	0.02519329361215404	0.024897506922332058	2602.238788469822	5.646723263820162e8	39105.955679438644	5.83847533768916e8
0.02519329361215404	0.02579669845939089	0.025494996035772467	2768.825141951417	5.617546829303439e8	41874.780821390064	5.823332070054702e8
0.025796698459390893	0.02641217140357248	0.026104434931481686	2956.2841558302284	5.608912100944186e8	44831.064977220296	5.80868901010119e8
0.026412171403572472	0.02703995380663769	0.02672606260510508	3140.8333870658853	5.573602156701902e8	47971.89836428618	5.792692294234016e8
0.027039953806637693	0.027680291857764213	0.027360122832200955	3361.369398175233	5.580089428455421e8	51333.267762461415	5.778276333426865e8
0.027680291857764217	0.028333436669913267	0.028006864263838742	3550.313323577234	5.514405273484526e8	54883.58108603865	5.760445428313612e8
0.028333436669913267	0.0289996443783053	0.02866654052410928	3793.6807225330704	5.514055628020954e8	58677.26180857172	5.743851632788727e8
0.0289996443783053	0.02967917624086517	0.029339410309585236	4031.742768731321	5.48467567051328e8	62709.00457730303	5.726453908396382e8
0.02967917624086517	0.030372298740676238	0.030025737490770706	4296.500796945071	5.471272980942656e8	67005.5053742481	5.709379206650084e8
0.03037229874067624	0.031079283690483534	0.03072579121557989	4544.305334933928	5.417789917606227e8	71549.81070918203	5.689929399517747e8
0.031079283690483534	0.03180040833928697	0.03143984601488525	4865.077482319638	5.431123729911767e8	76414.88819150167	5.672719150616717e8
0.03180040833928697	0.03253595548106648	0.03216818191017672	5132.0973620227105	5.365405582711402e8	81546.98555352438	5.652344284667788e8
0.03253595548106647	0.033286213565681566	0.03291108452337402	5473.786150317949	5.359991279693505e8	87020.77170384233	5.633017949359994e8
0.033286213565681566	0.034051476811988966	0.03366884518883527	5838.391692734329	5.355467281619473e8	92859.16339657665	5.61472255947933e8
0.03405147681198896	0.0348320453232225	0.03444176106760573	6147.59799474319	5.283178461191146e8	99006.76139131984	5.592929111753439e8
0.03483204532322251	0.03562822520468072	0.03523013526395162	6544.608558602615	5.2700593695229137e8	105551.36994992246	5.571763816099137e8
0.03562822520468072	0.036440328683768106	0.03603427694422441	6994.862700251695	5.278468734964054e8	112546.23265017415	5.552588587317436e8
0.036440328683768106	0.03726867423243723	0.036854501458102665	7337.842366397668	5.1897639752915746e8	119884.07501657182	5.528929549974041e8
0.03726867423243723	0.03811358669207974	0.037691130462258485	7842.680249780932	5.199318444076809e8	127726.75526635275	5.50749117523523e8
0.03811358669207974	0.0389753974009151	0.03854449204649742	8304.636185101457	5.161264491038368e8	136031.3914514542	5.485028329879385e8
0.0389753974009151	0.039854444323927166	0.039414920862421134	8794.109548290164	5.1242537826474357e8	144825.50099974437	5.461678794290341e8
0.03985444432392717	0.04075107218539948	0.040302758254663326	9339.809445305054	5.103034100567598e8	154165.31044504943	5.438522544473256e8
0.04075107218539948	0.041665632604101235	0.04120835239475036	9865.682594182636	5.054946295806759e8	164030.99303923207	5.413814421681539e8
0.04166563260410123	0.042598484231177014	0.04213205841763912	10555.058580450093	5.072185329509974e8	174586.05161968217	5.391858618248883e8
0.04259848423117702	0.04354999289079432	0.043074238560985675	11045.30773068949	4.9785438108396596e8	185631.35935037167	5.365355097069575e8
0.04354999289079433	0.04452053172360398	0.044035262307199154	11768.111691959679	4.9758266911711943e8	197399.47104233134	5.34043148214568e8
0.04452053172360398	0.04551048133306982	0.0450155065283369	12462.542561163918	4.9435839870803946e8	209862.01360349526	5.3150938815811306e8
0.04551048133306983	0.04652022993472499	0.04601535563389741	13189.200472856133	4.908766257379605e8	223051.2140763514	5.289205297488915e8
0.04652022993472498	0.04755017350841324	0.04703520172156911	13936.486770708376	4.8670592784488803e8	236987.70084705978	5.2623639421246475e8
0.04755017350841324	0.04860071595357527	0.04807544473099426	14738.657417313947	4.830260510605804e8	251726.35826437373	5.2349445088070256e8
0.04860071595357527	0.04967226924764054	0.0491364926006079	15581.55775435149	4.7924955332079184e8	267307.9160187252	5.20692363083461e8
0.04967226924764054	0.05076525360758711	0.05021876142761382	16535.468012346246	4.773572713356247e8	283843.38403107144	5.1795315906663656e8
0.05076525360758711	0.051880097654732615	0.05132267563115986	17373.31871185	4.7078557523226047e8	301216.7027429214	5.1497730037333584e8
0.05188009765473262	0.053017238582821036	0.052448668118776826	18307.589279446667	4.657158999216713e8	319524.2920223681	5.118750494009578e8
0.053017238582821036	0.054177122329471215	0.05359718045614613	19282.248428699328	4.605030499459776e8	338806.54045106744	5.086456986115028e8
0.05417712232947121	0.055360203751054396	0.0547686630402628	20589.963921895072	4.616894183310244e8	359396.5043729625	5.0569912223859364e8
0.055360203751054396	0.056566946801069246	0.05596357527606182	21413.300306733294	4.5084909919714546e8	380809.8046796958	5.022631282808e8
0.05656694680106925	0.057797824712084396	0.057182385756576824	22477.71780540212	4.444122912527008e8	403287.5224850979	4.986452603434837e8
0.057797824712084396	0.05905332018131985	0.05842557244670212	23791.6483615703	4.417503013442769e8	427079.17084666825	4.950930400016817e8
0.05905332018131985	0.06033392555994001	0.05969362287062993	25295.926897826976	4.4111607148124516e8	452375.09774449514	4.917284445949593e8
0.060333925559939994	0.06164014304613255	0.06098703430303627	26252.878107983706	4.2999156222174776e8	478627.9758524789	4.8788622519828933e8
0.06164014304613256	0.06297248488204897	0.06230631396409077	27697.934710903934	4.2612909831761134e8	506325.9105633828	4.840486917174891e8
0.06297248488204897	0.06433147355468372	0.06365197921836635	29172.62368115953	4.216086061166968e8	535498.5342445424	4.801745954801102e8
0.06433147355468372	0.06571764200077115	0.06502455777772743	30697.205060419306	4.167750398105803e8	566195.7393049616	4.762468003993333e8
0.06571764200077114	0.06713153381578033	0.06642458790827574	32251.639610063066	4.113879997360706e8	598447.3789150247	4.722344322580424e8
0.06713153381578033	0.06857370346708969	0.067852618641435	33799.97084344353	4.050797508772643e8	632247.3497584682	4.680859364099297e8
0.06857370346708969	0.07004471651142524	0.06930920998925746	35519.21599148474	3.9998046757060736e8	667766.5657499529	4.638845578074499e8
0.07004471651142524	0.0715451498166475	0.07079493316403637	37308.66905154871	3.947867680113112e8	705075.2348015016	4.59627768817707e8
0.07154514981664752	0.07307559178797422	0.07231037080231087	39225.2761784512	3.900514438165165e8	744300.5109799528	4.553472148841507e8
0.07307559178797422	0.07463664259872746	0.07385611719335083	41067.552935156666	3.8378041713043284e8	785368.0639151094	4.509499492123464e8
0.07463664259872745	0.07622891442569575	0.0754327785122116	43115.537432137	3.786782781719293e8	828483.6013472464	4.465150506359668e8
0.07622891442569575	0.07785303168920342	0.07704097305744959	45235.640951017245	3.7341683955020535e8	873719.2422982637	4.420350466414268e8
0.07785303168920343	0.07950963129798126	0.07868133149359235	47293.756900332446	3.6695849987990946e8	921012.9991985961	4.374394349728012e8
0.07950963129798126	0.08119936289893465	0.08035449709845796	49670.089253715465	3.622688329789667e8	970683.0884523116	4.3284358839678705e8
0.08119936289893465	0.0829228891319071	0.08206112601542087	52148.26473217699	3.5753716418785757e8	1.0228313531844886e6	4.2824484886349165e8
0.08292288913190708	0.08468088588953898	0.08380188751072304	54563.959034541534	3.5168545947498006e8	1.0773953122190302e6	4.235749751628972e8
0.084680885889539	0.08647404258232352	0.08557746423593127	57194.59214436547	3.4657094051439846e8	1.1345899043633956e6	4.1888327329850346e8
0.08647404258232352	0.08830306240896375	0.08738855249564365	59514.19797325127	3.390528217423382e8	1.194104102336647e6	4.140247319585992e8
0.08830306240896375	0.09016866263213678	0.08923586252055027	62907.44967857387	3.369604738977821e8	1.2570115520152207e6	4.0933961296289545e8
0.09016866263213677	0.09207157485977326	0.09112011874595502	65180.37667592609	3.2827960901244193e8	1.322191928691147e6	4.0441678958247393e8
0.09207157485977327	0.09401254533196249	0.09304206009586788	68508.56119073172	3.244454355588181e8	1.3907004898818787e6	3.9956511588297725e8
0.09401254533196249	0.09599233521359549	0.09500244027277899	71953.60549109618	3.204338277916725e8	1.4626540953729749e6	3.947692817088403e8
0.09599233521359549	0.09801172089286114	0.09700202805322831	74652.9428338773	3.126370780803587e8	1.5373070382068523e6	3.897965243206195e8
0.09801172089286114	0.10007149428571212	0.09904160758928662	78411.31657545808	3.088150256695201e8	1.6157183547823103e6	3.848982131721135e8
0.10007149428571215	0.10217246314642014	0.10112197871606615	81905.3539196056	3.0337240268533605e8	1.6976237087019158e6	3.799716830132766e8
0.10217246314642012	0.10431545138434227	0.10324395726538119	85472.48543894477	2.9775002363659e8	1.7830961941408606e6	3.750077463513283e8
0.10431545138434228	0.10650129938702288	0.10540837538568258	89326.89291061401	2.926756574519992e8	1.8724230870514745e6	3.700416924281987e8
0.10650129938702287	0.10873086434975707	0.10761608186838997	93597.06789104879	2.8844456682975715e8	1.9660201549425232e6	3.651243821759547e8
0.1087308643497571	0.11100502061174598	0.10986794248075155	97568.48486409472	2.828276763685256e8	2.063588639806618e6	3.601692683851301e8
0.11100502061174598	0.11332465999897465	0.11216484030536031	101891.24840402392	2.778290039727017e8	2.1654798882106417e6	3.55215796810324e8
0.11332465999897466	0.11569069217394791	0.11450767608646129	106546.29459082925	2.7328965187246853e8	2.272026182801471e6	3.502913912269975e8
0.1156906921739479	0.11810404499242061	0.11689736858318425	110904.32716759646	2.6760419313124597e8	2.3829305099690678e6	3.453253430642931e8
0.11810404499242058	0.12056566486726274	0.11933485492984167	115886.6732075733	2.630586721329704e8	2.498817183176641e6	3.4038854629019606e8
0.12056566486726275	0.12307651713960176	0.12182109100343225	120915.15437784093	2.582196961448974e8	2.619732337554482e6	3.354615257203609e8
0.12307651713960176	0.12563758645738754	0.12435705179849466	126272.48176022188	2.5370050661240664e8	2.746004819314704e6	3.305627640182717e8
0.12563758645738754	0.12824987716152902	0.12694373180945828	132189.15146307927	2.4987718095568725e8	2.878193970777783e6	3.2573211286349803e8
0.12824987716152905	0.13091441367975337	0.12958214542064123	137286.13548834767	2.441684269255979e8	3.0154801062661307e6	3.2085252644069594e8
0.13091441367975337	0.1336322409283422	0.13227332730404778	143464.30169288962	2.4007796475360683e8	3.15894440795902e6	3.1602367555284923e8
0.1336322409283422	0.13640442472190278	0.1350183328251225	149169.99706558295	2.348815251226967e8	3.308114405024603e6	3.111763169233827e8
0.13640442472190276	0.13923205219133455	0.13781823845661867	155809.26852410642	2.3085145118477142e8	3.4639236735487096e6	3.0638114254028463e8
0.13923205219133455	0.14211623221015499	0.14067414220074476	162400.54635393425	2.2641828372195116e8	3.626324219902644e6	3.0161085409513783e8
0.142116232210155	0.14505809582935186	0.14358716401975344	169308.77063693764	2.2212663072475794e8	3.7956329905395815e6	2.9687230661751825e8
0.14505809582935186	0.14805879672093264	0.14655844627514225	176497.1153784077	2.179054863182759e8	3.9721301059179893e6	2.921677051253698e8
0.1480587967209326	0.151119511630345	0.1495891541756388	184680.14853526757	2.1457153496181497e8	4.1568102544532567e6	2.875477457107603e8
0.15111951163034504	0.1542414408379457	0.15268047623414538	191733.79101701517	2.0964456188593024e8	4.348544045470272e6	2.829124394344304e8
0.15424144083794566	0.15742580862969832	0.155833624733822	199774.4833442085	2.0557460877361044e8	4.548318528814481e6	2.783136224989802e8
0.15742580862969832	0.16067386377728604	0.15904983620349217	207510.3740638759	2.0096712031766444e8	4.755828902878356e6	2.7371708126180273e8
0.160673863777286	0.16398688002782547	0.16233037190255573	216927.1362267799	1.977269243816702e8	4.972756039105136e6	2.692038301874979e8
0.1639868800278255	0.16736615660337575	0.16567651831560062	225403.2691079825	1.9337023880943808e8	5.198159308213118e6	2.647025021627875e8
0.16736615660337573	0.17081301871043697	0.16908958765690635	235248.83070409647	1.8995246379438955e8	5.433408138917215e6	2.6026802472600967e8
0.170813018710437	0.17432881805963948	0.17257091838503824	244718.25761937813	1.8598682662853807e8	5.678126396536593e6	2.558638258569674e8
0.17432881805963946	0.17791493339582598	0.17612187572773272	254482.2418476284	1.8204625794334874e8	5.932608638384222e6	2.5148951500959653e8
0.17791493339582598	0.18157277103873623	0.17974385221728112	265527.15442003706	1.7879343753135154e8	6.198135792804259e6	2.4718397557827723e8
0.18157277103873626	0.18530376543450472	0.1834382682366205	276241.5268045596	1.7508931757084033e8	6.474377319608819e6	2.4291630332608128e8
0.18530376543450472	0.18910937971818856	0.18720657257634665	287899.19958345336	1.717705416177355e8	6.762276519192272e6	2.387069732144195e8
0.18910937971818853	0.19299110628754604	0.19105024300286727	298942.165019559	1.6789673178421888e8	7.061218684211831e6	2.3451961117169785e8
0.19299110628754604	0.1969504673882907	0.19497078683791835	310229.50818330963	1.6401898305936244e8	7.37144819239514e6	2.3035262250673252e8
0.1969504673882907	0.20098901571105024	0.19896974154967045	323231.6043902263	1.608754181228955e8	7.694679796785367e6	2.2624811660108367e8
0.20098901571105027	0.205108335000265	0.20304867535565763	335634.3633178002	1.5725913516752103e8	8.0303141601031665e6	2.2217439137784338e8
0.20510833500026499	0.20931004067526401	0.20720918783776449	349913.1583841204	1.543447583459182e8	8.380227318487287e6	2.1817099067514342e8
0.20931004067526404	0.21359578046376304	0.21145291056951354	364526.723336112	1.5137407663992694e8	8.744754041823398e6	2.1423034263761878e8
0.213595780463763	0.217967235048032	0.2157815077558975	379482.1720523349	1.483584348526976e8	9.124236213875733e6	2.1034600366978872e8
0.217967235048032	0.22242611872398638	0.2201966768860092	393845.1570392916	1.4496165618449986e8	9.518081370915025e6	2.0649210580208486e8
0.2224261187239864	0.22697418007345985	0.22470014939872313	407922.015148737	1.4135768270431036e8	9.926003386063762e6	2.0265458872481424e8
0.22697418007345982	0.23161320264992274	0.22929369136169128	424920.7800293051	1.3863490661676678e8	1.0350924166093066e7	1.9888433702631384e8
0.23161320264992277	0.23634500567791494	0.23397910416391887	441813.8021686171	1.3571686163477147e8	1.0792737968261683e7	1.951658087104879e8
0.23634500567791494	0.24117144476646696	0.23875822522219095	458526.22421261837	1.326160269496207e8	1.1251264192474302e7	1.9148513176815087e8
0.24117144476646696	0.24609441263679002	0.2436329287016285	477438.6672001074	1.3001515415460542e8	1.1728702859674409e7	1.8786942835740185e8
0.24609441263679002	0.2511158398645195	0.24860512625065478	496212.33002123155	1.2723177627092859e8	1.2224915189695641e7	1.843040682173142e8
0.2511158398645195	0.25623769563680365	0.2536767677506616	514233.9476152826	1.241501905603191e8	1.2739149137310924e7	1.8076849926162472e8
0.2562376956368037	0.2614619885245335	0.25884984208066864	532173.9439362745	1.2097779808425839e8	1.32713230812472e7	1.7725558711304525e8
0.26146198852453345	0.2667907672700178	0.26412637789727567	553346.3674599422	1.1844622629221228e8	1.3824669448707141e7	1.7380159535836166e8
0.2667907672700179	0.27222612159041193	0.26950844443021493	575083.2569221912	1.1591336795290388e8	1.4399752705629332e7	1.7040292179468232e8
0.27222612159041193	0.2777701829972139	0.2749981522938129	599452.4059234158	1.137738752080955e8	1.4999205111552747e7	1.6707934343409234e8
0.2777701829972139	0.2834251256321519	0.28059765431468287	621746.6242069434	1.1112009319913559e8	1.562095173575969e7	1.6379620592239025e8
0.2834251256321519	0.28919316711978865	0.28630914637597027	647254.5754872618	1.0893106678171153e8	1.6268206311246952e7	1.605783457721083e8
0.28919316711978865	0.29507656943717814	0.2921348682784834	669712.7523327922	1.0613745912093e8	1.6937919063579746e7	1.573864236601677e8
0.2950765694371781	0.30107763980091534	0.2980771046190467	696038.7303454542	1.0387784137062907e8	1.76339577939252e7	1.5425017985477626e8
0.3010776398009154	0.3071987315719274	0.30413818568642137	720840.7746671219	1.0130806701468955e8	1.835479856859232e7	1.5114812322866756e8
0.3071987315719274	0.31344224517835967	0.31032048837514353	743929.1686169507	9.845938317945124e7	1.909872773720927e7	1.480618733057789e8
0.31344224517835967	0.3198106290569206	0.31662643711764016	771061.6173003572	9.61038968618929e7	1.986978935450963e7	1.45019356222454e8
0.3198106290569206	0.3263063806130527	0.32305850483498666	800916.180288418	9.400929769984561e7	2.067070553479805e7	1.420332395425264e8
0.32630638061305267	0.33293204720030745	0.32961921390668003	831260.2888147766	9.188781626385264e7	2.1501965823612824e7	1.390985984688553e8
0.3329320472003074	0.33969022711930724	0.3363111371598073	862198.8043657286	8.975748797752768e7	2.2364164627978552e7	1.3621185707433298e8
0.3396902271193073	0.34658357063668715	0.34313689887799725	895513.7291487029	8.779767461719832e7	2.3259678357127257e7	1.3338014356190664e8
0.34658357063668715	0.3536147810244146	0.3500991758305509	928833.3645804847	8.57632195482183e7	2.4188511721707743e7	1.3059582944928363e8
0.3536147810244146	0.3607866156198966	0.3572006983221556	963558.8994580411	8.379130422452655e7	2.5152070621165782e7	1.2785975885821944e8
0.36078661561989656	0.3681018869072882	0.36444425126359237	1.0013114187721924e6	8.200721792497864e7	2.6153382039937973e7	1.2518004910500523e8
0.3681018869072882	0.37556346362042764	0.3718326752638579	1.036427639552161e6	7.994454551253569e7	2.7189809679490134e7	1.2253708684547271e8
0.3755634636204277	0.38317427186782993	0.3793688677441288	1.070720618431059e6	7.778530860804956e7	2.8260530297921192e7	1.199230527256638e8
0.38317427186782993	0.3909372962801802	0.3870557840740051	1.1039748220775719e6	7.55364674760501e7	2.9364505119998764e7	1.1733099715208426e8
0.3909372962801802	0.3988555811807775	0.39489643873047886	1.1451707965618214e6	7.379862859630881e7	3.0509675916560587e7	1.14789447254353e8
0.3988555811807775	0.40693223177938675	0.40289390648008216	1.1866270630525309e6	7.20239851722425e7	3.1696302979613118e7	1.1229327018070985e8
0.4069322317793867	0.41517041538996813	0.41105132358467744	1.2289159099639107e6	7.025450803296912e7	3.2925218889577027e7	1.0984008640169394e8
0.41517041538996813	0.4235733626727612	0.4193718890313647	1.2722654644981893e6	6.85051267114339e7	3.4197484354075216e7	1.0742852873557556e8
0.4235733626727612	0.4321443689012101	0.4278588657869856	1.317065540461873e6	6.679594803399217e7	3.551454989453709e7	1.0505848428456575e8
0.4321443689012101	0.44088679525422797	0.436515582077719	1.3646715375795225e6	6.518869222545531e7	3.687922143211661e7	1.0273344684142452e8
0.4408867952542281	0.44980407013430634	0.4453454326942672	1.4106015689960232e6	6.346785618250005e7	3.828982300111263e7	1.0044414047323944e8
0.4498040701343063	0.4588996905119861	0.4543518803231462	1.4609357977757468e6	6.191413044538891e7	3.975075879888838e7	9.819819829396804e7
0.4588996905119861	0.4681772232972195	0.4635384569046028	1.5116575688194912e6	6.034273943904786e7	4.126241636770787e7	9.599203598176226e7
0.46817722329721945	0.4776403067381575	0.47290876501768847	1.5634974483093459e6	5.878755866625146e7	4.282591381601722e7	9.382425478883249e7
0.47764030673815755	0.48729265184791437	0.482466479293036	1.6153858599349612e6	5.721169261731388e7	4.444129967595218e7	9.169138960090421e7
0.4872926518479144	0.4971380438598664	0.49221534785389043	1.664570595532758e6	5.553088045002791e7	4.610587027148494e7	8.958527213632084e7
0.4971380438598663	0.5071803437120573	0.5021591937859619	1.7182425159433482e6	5.399382587848688e7	4.782411278742829e7	8.751269766320874e7
0.5071803437120572	0.517423489561292	0.5123019166366747	1.7791394015546516e6	5.266236124514947e7	4.960325218898294e7	8.54836624049013e7
0.5174234895612922	0.5278714983275118	0.522647493944402	1.844995433409272e6	5.144221924406633e7	5.1448247622392215e7	8.350208832373802e7
0.5278714983275117	0.5385284672690556	0.5331999827982836	1.9067179511127456e6	5.007813892122762e7	5.335496557350496e7	8.155681140455228e7
0.5385284672690556	0.5493985755894304	0.543963521429243	1.9731023096724877e6	4.881483931258294e7	5.532806788317745e7	7.965156400171298e7
0.5493985755894303	0.5604860860762125	0.5549423308328214	2.038796589802097e6	4.7513807772936255e7	5.7366864472979546e7	7.778180127641985e7
0.5604860860762126	0.5717953467727306	0.5661407164244716	2.103832466875425e6	4.618530879673837e7	5.947069693985497e7	7.594384271317603e7
0.5717953467727305	0.5833307926831788	0.5775630697279546	2.17363815227187e6	4.495000336352404e7	6.164433509212684e7	7.4141241824732e7
0.5833307926831788	0.5950969475118361	0.5892138700975074	2.2465479653629917e6	4.376338614389248e7	6.389088305748983e7	7.237475616883832e7
0.595096947511836	0.6070984254370663	0.601097686474451	2.3171026178861647e6	4.252028172497814e7	6.620798567537599e7	7.063898433819091e7
0.6070984254370664	0.6193399329208014	0.6132191791789339	2.392480300034211e6	4.135782800090847e7	6.860046597541021e7	6.893681401850073e7
0.6193399329208014	0.631826270554211	0.6255831017375062	2.47065681685213e6	4.0233058670056656e7	7.107112279226235e7	6.726846678199178e7
0.631826270554211	0.6445623349402889	0.63819430274725	2.5482777416128884e6	3.909141508674594e7	7.361940053387523e7	6.563098100399632e7
0.6445623349402889	0.6575531206140883	0.6510577277771886	2.6275506589892115e6	3.797103289966585e7	7.624695119286443e7	6.40237847594799e7
0.6575531206140883	0.6708037220013637	0.664178421307726	2.7085507652079705e6	3.687292573574216e7	7.895550195807241e7	6.244639885525852e7
0.6708037220013637	0.6843193354163847	0.6775615287088742	2.788459188690334e6	3.5760764013399355e7	8.174396114676274e7	6.0896262149257034e7
0.6843193354163846	0.6981052610997059	0.6912122982580453	2.8641318690252434e6	3.460269329094477e7	8.460809301578799e7	5.9369113537919044e7
0.6981052610997058	0.7121669052966936	0.7051360831981996	2.9416516900823102e6	3.3479966098605447e7	8.75497447058703e7	5.7865659989724666e7
0.7121669052966937	0.7265097823776212	0.7193383438371574	3.0317852082439726e6	3.2506594953720145e7	9.058152991411427e7	5.639318753611544e7
0.7265097823776212	0.7411395170001672	0.7338246496888943	3.1245589230166073e6	3.1560467718778796e7	9.370608883713087e7	5.495146709159381e7
0.7411395170001672	0.7560618463151642	0.7486006816576657	3.2197737116017127e6	3.063825661460166e7	9.69258625487326e7	5.3540090098264046e7
0.7560618463151642	0.771282622216461	0.7636722342658127	3.317603672311596e6	2.9740582421455894e7	1.0024346622104418e8	5.215870820648079e7
0.7712826222164612	0.786807813635784	0.7790452179261226	3.41820278108771e6	2.8867640658592373e7	1.036616690021319e8	5.080700505701071e7
0.7868078136357839	0.8026435088834932	0.7947256612596385	3.5223310128158154e6	2.802427107453903e7	1.0718400001494771e8	4.948496389303809e7
0.8026435088834933	0.8187959180361568	0.8107197134598251	3.6303210626064064e6	2.72108451957184e7	1.108143210775541e8	4.8192590770448655e7
0.8187959180361568	0.8352713753718736	0.8270336467040151	3.7420554669771246e6	2.642421888978149e7	1.1455637654453123e8	4.6929709257396914e7
0.8352713753718735	0.8520763418543045	0.843673858613089	3.8577934501164816e6	2.5664210728002954e7	1.1841416999464771e8	4.5696142957151555e7
0.8520763418543045	0.8692174076663841	0.8606468747603443	3.9785004982017116e6	2.4934885751823124e7	1.2239267049284942e8	4.4491961798197575e7
0.8692174076663842	0.8867012947947055	0.8779593512305448	4.112374866638556e6	2.4281844183436524e7	1.2650504535948798e8	4.331987646345121e7
0.8867012947947055	0.9045348596655932	0.8956180772301494	4.223103428713674e6	2.3492197168680403e7	1.3072814878820166e8	4.2170094660247914e7
0.9045348596655932	0.9227250958338986	0.9136299777497459	4.354192617649792e6	2.2819409780128464e7	1.3508234140585145e8	4.104809180092114e7
0.9227250958338986	0.9412791367255702	0.9320021162797344	4.481192191978539e6	2.2125701917531267e7	1.3956353359783e8	3.995103631758608e7
0.9412791367255703	0.9602042584350753	0.9507416975803228	4.60841817882136e6	2.1436995301604062e7	1.4417195177665135e8	3.887776456957332e7
0.9602042584350751	0.9795078825787702	0.9698560705069226	4.73692568332905e6	2.075959804553816e7	1.489088774599804e8	3.7827546557314575e7
0.9795078825787704	0.9991975792053394	0.9893527308920549	4.866971637581213e6	2.0095243764808804e7	1.537758490975616e8	3.679979546656234e7
0.9991975792053394	1.0192810697644397	1.0092393244848896	5.001988640711431e6	1.9457676601177696e7	1.5877783773827302e8	3.579475535712479e7
1.0192810697644394	1.0397662301347217	1.0295236499495806	5.137188898379764e6	1.8827355342217002e7	1.639150266366528e8	3.481152386369733e7
1.039766230134722	1.06066109371241	1.050213661923566	5.276365654614104e6	1.821863469011182e7	1.691913922912669e8	3.385008307250212e7
1.06066109371241	1.0819738545616517	1.0713174741370308	5.414698582443377e6	1.7614649650562342e7	1.7460609087371027e8	3.2909439147490934e7
1.0819738545616517	1.1037128706278783	1.092843362594765	5.553151977336105e6	1.7020003826355692e7	1.8015924285104638e8	3.1988922940665882e7
1.1037128706278783	1.1258866670154293	1.1147997688216538	5.695222938689101e6	1.6445714701387301e7	1.858544657897355e8	3.1088542597676743e7
1.1258866670154293	1.1485039393307315	1.1371953031730804	5.835696252296018e6	1.5876623925810842e7	1.9169016204203153e8	3.0207427912997786e7
1.1485039393307315	1.1715735570923396	1.1600387482115355	5.974144121902291e6	1.5313206095455427e7	1.976643061639338e8	2.934478691776009e7
1.1715735570923396	1.1951045672091798	1.1833390621507598	6.103282928841664e6	1.4739418701949196e7	2.0376758909277546e8	2.849894475479741e7
1.19510456720918	1.2191061975283572	1.2071053823687685	6.251747014920008e6	1.4224798003423173e7	2.1001933610769546e8	2.767235081243153e7
1.2191061975283572	1.243587860453918	1.2313470289911375	6.407942080633617e6	1.3737020927952081e7	2.1642727818832907e8	2.6865440546774674e7
1.243587860453918	1.2685591566379897	1.2560735085459538	6.567139560180246e6	1.3264194448991697e7	2.2299441774850932e8	2.6077935615707215e7
1.2685591566379897	1.294029878745743	1.2812945176918662	6.729328204061641e6	1.2805848257921306e7	2.2972374595257095e8	2.5309546740123283e7
1.2940298787457432	1.3200100152956515	1.3070199470206973	6.894873524327317e6	1.2362214653418025e7	2.3661861947689825e8	2.456001500954591e7
1.3200100152956513	1.3465097545765579	1.3332598849361046	7.0640840139696915e6	1.1933297528565878e7	2.4368270349086794e8	2.382909688852476e7
1.3465097545765579	1.3735394886430825	1.3600246216098202	7.236858143391932e6	1.15183583565269e7	2.5091956163425988e8	2.3116520344360624e7
1.3735394886430825	1.4011098173909375	1.38732465301701	7.412560049541625e6	1.1115932867358884e7	2.583321216838015e8	2.2421944494943824e7
1.4011098173909378	1.42923155271375	1.415170685052344	7.59121467211296e6	1.0725742200443164e7	2.6592333635591447e8	2.174503221252594e7
1.4292315527137498	1.4579157227430182	1.443573637728384	7.772671309344308e6	1.0347274642937832e7	2.7369600766525877e8	2.108543642504218e7
1.4579157227430184	1.4871735761728722	1.4725446494579453	7.956954528811671e6	9.980293682222866e6	2.8165296219407046e8	2.044281661422413e7
1.4871735761728724	1.5170165866713232	1.5020950814220977	8.143965012693074e6	9.624413425159866e6	2.897969272067635e8	1.9816829786210366e7
1.517016586671323	1.547456457379743	1.532236522025533	8.333641151842361e6	9.279321568482498e6	2.981305683586059e8	1.920713486861552e7
1.547456457379743	1.5785051255023312	1.5629807914410372	8.525976415910233e6	8.944781264615044e6	3.0665654477451617e8	1.8613396959895715e7
1.5785051255023315	1.6101747669873716	1.5943399462448515	8.720918183060842e6	8.620512111316714e6	3.15377462957577e8	1.8035284446708158e7
1.6101747669873714	1.6424778013021122	1.6263262841447417	8.918423887446474e6	8.306255532246065e6	3.2429588684502345e8	1.7472470071283497e7
1.6424778013021124	1.675426896303148	1.65895234880263	9.118463502359048e6	8.001772689216901e6	3.334143503473825e8	1.6924631816137724e7
1.6754268963031482	1.7090349732042047	1.6922309347536766	9.321001637705514e6	7.706825463143534e6	3.42735351985088e8	1.6391452637419412e7
1.7090349732042043	1.7433152116432817	1.726175092423743	9.52599818237095e6	7.421177716078866e6	3.5226135016745895e8	1.5872620286921747e7
1.743315211643282	1.778281054851141	1.7607981332472114	9.733416476925882e6	7.144601774700022e6	3.6199476664438486e8	1.53678275195795e7
1.778281054851141	1.813946214923157	1.7961136348871491	9.943210234640503e6	6.876868046904434e6	3.7193797687902534e8	1.4876771688566e7
1.8139462149231576	1.850324678196614	1.8321354465598858	1.0155353477032896e7	6.617766029130293e6	3.8209333035605824e8	1.4399155578913996e7
1.8503246781966136	1.8874307107355393	1.8688776944660765	1.0369790159248129e7	6.367068981981479e6	3.9246312051530635e8	1.3934686150167156e7
1.8874307107355395	1.9252788639252436	1.9063547873303914	1.0586480584203001e7	6.124566076842031e6	4.0304960109950936e8	1.3483075211043602e7
1.9252788639252438	1.963883980178742	1.9445814220519928	1.0805378629828023e7	5.8900466237878185e6	4.138549797293374e8	1.3044039143097283e7
1.9638839801787418	2.00326119875731	1.9835725894680258	1.102644083005148e7	5.663305531063813e6	4.248814205593889e8	1.2617298956214894e7
2.00326119875731	2.0434259617074493	2.0233435802323796	1.1249630429683601e7	5.44414458625407e6	4.361310509890725e8	1.2202580415089821e7
2.0434259617074497	2.084394019916592	2.0639099908120206	1.1474918191897934e7	5.232371697718619e6	4.4760596918097043e8	1.1799614114624154e7
2.0843940199165925	2.1261814392899177	2.105287729603255	1.1702196772294391e7	5.027763075782529e6	4.5930816595326483e8	1.1408133364769945e7
2.126181439289917	2.168804607050709	2.147493023170313	1.1931396182606976e7	4.830119763767499e6	4.712395621358718e8	1.1027875466148444e7
2.168804607050709	2.2122802381667164	2.1905424226087127	1.2162456663625704e7	4.639251902967053e6	4.8340201879949754e8	1.0658582002185853e7
2.212280238166716	2.2566253819050437	2.23445281003588	1.2395318095980162e7	4.454973416443744e6	4.957973368954777e8	1.0299998807114672e7
2.2566253819050437	2.301857428518138	2.279241405211591	1.2629919109457368e7	4.277101549805945e6	5.084272560049351e8	9.951875909391247e6
2.301857428518138	2.347994116063494	2.3249257722908157	1.2866198517163755e7	4.10545728748904e6	5.2129345452209884e8	9.613967502555015e6
2.3479941160634943	2.3950535373597575	2.371523826711626	1.3104095176249797e7	3.9398651470662113e6	5.3439754969834864e8	9.286031905985923e6
2.3950535373597575	2.443054147081946	2.4190538422208516	1.3343548879431535e7	3.780153310858526e6	5.477410985777801e8	8.967831535636479e6
2.443054147081946	2.492014768998578	2.467534458040262	1.358449904989833e7	3.62615310765627e6	5.613255976276785e8	8.65913284659867e6
2.4920147689985783	2.541954603353543	2.5169846861760607	1.3826884386799235e7	3.477698887006723e6	5.751524820144777e8	8.359706271822614e6
2.5419546033535427	2.592893234395607	2.567423918874575	1.4070644177247062e7	3.334628329580405e6	5.892231261917248e8	8.069326182406027e6
2.592893234395607	2.6448506380585126	2.61887193622706	1.4315718036986653e7	3.1967823025503717e6	6.035388442287115e8	7.787770841908942e6
2.6448506380585126	2.6978471897946763	2.6713489139265945	1.4562045966605283e7	3.0640048193821013e6	6.181008901953168e8	7.514822361070411e6
2.697847189794676	2.751903672565563	2.724875431180119	1.480956821455797e7	2.9361429691120973e6	6.329104584098748e8	7.250266651137884e6
2.751903672565563	2.8070412849918673	2.779472478778715	1.5058225396751042e7	2.8130469130718964e6	6.479686838066258e8	6.993893379783761e6
2.8070412849918673	2.863281649666698	2.8351614673292826	1.530795928112426e7	2.6945699975418067e6	6.632766430877501e8	6.7454959361543385e6
2.863281649666698	2.920646821635025	2.8919642356508612	1.5558711334611034e7	2.5805684534957013e6	6.78835354422361e8	6.504871380663602e6
2.9206468216350245	2.979159297042718	2.9499030593388715	1.581042393357902e7	2.470901607502393e6	6.9464577835594e8	6.271820409944332e6
2.9791592970427185	3.038842021958566	3.009000659500642	1.6063039412474439e7	2.3654317058170526e6	7.107088177684144e8	6.046147313729315e6
3.038842021958566	3.0997184013727304	3.069280211665648	1.6316500609895581e7	2.264024000978413e6	7.2702531837831e8	5.827659939292636e6
3.0997184013727304	3.161812308375178	3.1307653548739545	1.6570750390342804e7	2.1665466758880457e6	7.435960687686528e8	5.616169653622427e6
3.1618123083751777	3.2251480935176744	3.193480200946426	1.6825732641343657e7	2.0728709723987575e6	7.604218014099965e8	5.411491315267911e6
3.2251480935176753	3.289750594363022	3.2574493439403485	1.7081397952160396e7	1.9828718179822396e6	7.775031993621569e8	5.213443284068645e6
3.289750594363022	3.355645145225276	3.322697869794149	1.7337692822305188e7	1.8964264256057537e6	7.948408921844621e8	5.021847349498827e6
3.3556451452252753	3.422857587104774	3.3892513661650248	1.7594562925800998e7	1.8134147862620922e6	8.124354551102631e8	4.83652869165909e6
3.4228575871047733	3.4914142778218618	3.4571359324633173	1.7851954321916323e7	1.7337198163154908e6	8.302874094321795e8	4.657315853085322e6
3.4914142778218618	3.561342102353292	3.526378190087577	1.8109811974850044e7	1.65722720881445e6	8.483972214070295e8	4.484040703648135e6
3.5613421023532927	3.6326684833753515	3.5970052928643224	1.836808164338502e7	1.5838256198782856e6	8.667653030504146e8	4.316538418293725e6
3.632668483375351	3.7054213920178514	3.6690449376966012	1.862670819142545e7	1.5134064985402953e6	8.8539201124184e8	4.1546474462890187e6
3.705421392017851	3.779629358833201	3.742525375425526	1.888563870619138e7	1.4458643319102395e6	9.042776499480314e8	3.9982094964470845e6
3.7796293588332013	3.8553214849848585	3.81747542190903	1.9144812213405855e7	1.381095833309104e6	9.234224621614373e8	3.8470694763619243e6
3.855321484984859	3.932527453659549	3.893924469322204	1.9404173314490456e7	1.3190010186538978e6	9.428266354759277e8	3.701075497358956e6
3.9325274536595485	4.011277541707733	3.9719024976836406	1.966365405069622e7	1.2594818937909799e6	9.624902895266238e8	3.560078803392437e6
4.011277541707733	4.0916026315168805	4.051440086612306	1.9923186724370774e7	1.2024434301771035e6	9.824134762509946e8	3.4239337604352953e6
4.0916026315168805	4.1735342231222115	4.132568427319546	2.0182702054121356e7	1.1477933955391347e6	1.0025961783051159e9	3.2924978367387126e6
4.173534223122211	4.257104446559648	4.215319334840929	2.04421268556839e7	1.0954421968006003e6	1.0230383051607999e9	3.1656315751970564e6
4.257104446559648	4.3423460744658335	4.299725260512741	2.07013808510707e7	1.0453027179137608e6	1.0437396860118705e9	3.0431985579797025e6
4.3423460744658335	4.429292534930143	4.385819304697988	2.0960374715650618e7	997290.2625891895	1.0647000607275212e9	2.92506536993298e6
4.429292534930143	4.517977924603739	4.473635229766941	2.1219002436871856e7	951322.2576380272	1.085919063164393e9	2.81110154699994e6
4.5179779246037395	4.608437022070807	4.563207473337274	2.1477110110794242e7	907317.0606346867	1.1073961732751873e9	2.701179458808312e6
4.608437022070807	4.700705301487216	4.654571161779011	2.173444330910208e7	865192.337630788	1.1291306165842893e9	2.595174104410377e6
4.700705301487216	4.794818946491953	4.747762123989585	2.199106400129595e7	824881.6847447195	1.1511216805855854e9	2.4929638795328317e6
4.794818946491953	4.890814864396784	4.842816905444368	2.2246954647743393e7	786316.9183462379	1.1733686352333288e9	2.3944302769974633e6
4.890814864396785	4.988730700659714	4.93977278252825	2.25020349200447e7	749429.5744030821	1.1958706701533735e9	2.2994576910570166e6
4.988730700659713	5.0886048536479	5.038667777153806	2.2756239263138916e7	714153.9631637897	1.2186269094165125e9	2.207933409426536e6
5.0886048536479	5.19047648969585	5.139540671671876	2.3009485790786862e7	680426.0551580518	1.2416363952072992e9	2.1197475414851783e6
5.19047648969585	5.29438555846476	5.242431024080306	2.3261739140555575e7	648185.3280878414	1.2648981343478549e9	2.034793057274368e6
5.29438555846476	5.400372808609048	5.347379183536904	2.351294964332504e7	617372.7347325316	1.28841108399118e9	1.9529657069498778e6
5.400372808609048	5.508479803756222	5.454426306182635	2.3763056382559527e7	587930.870631749	1.3121741403737392e9	1.8741639545917416e6
5.508479803756222	5.618748938806339	5.563614371281281	2.4012078892468207e7	559806.1594383308	1.3361862192662075e9	1.7982890420160787e6
5.618748938806339	5.7312234565574585	5.674986197681899	2.4260053500830106e7	532946.869333194	1.3604462727670376e9	1.7252449344106663e6
5.731223456557458	5.845947464663599	5.788585460610529	2.4506983204421803e7	507301.9869267307	1.3849532559714594e9	1.6549382041267033e6
5.8459474646636	5.962965952931865	5.904456708797732	2.4752944731090903e7	482823.52725662146	1.4097062007025504e9	1.5872780545500459e6
5.962965952931865	6.082324810965495	6.02264538194868	2.4998081809997763e7	459465.9865264506	1.4347042825125482e9	1.522176311019121e6
6.0823248109654955	6.204070846159798	6.143197828562647	2.5242762009238407e7	437188.7378001625	1.4599470445217867e9	1.4595475505706363e6
6.204070846159798	6.328251802057986	6.266161324108892	2.5486695895867217e7	415940.6033372646	1.4854337404176538e9	1.3993083336839648e6
6.328251802057984	6.454916377074136	6.39158408956606	2.5729462151654888e7	395671.2056896699	1.5111632025693088e9	1.3413771356432827e6
6.454916377074137	6.584114243590612	6.519515310332375	2.5971015681514483e7	376338.71403333877	1.5371342182508233e9	1.2856747290006024e6
6.584114243590613	6.715896067437418	6.650005155514016	2.6211423840063784e7	357904.41762870643	1.563345642090887e9	1.232124230729934e6
6.715896067437417	6.850313527761158	6.783104797599288	2.6452263209715668e7	340350.2078940895	1.5897979053006027e9	1.1806521557123791e6
6.850313527761158	6.9874193372913735	6.918866432526266	2.6692561404334154e7	323623.77849995426	1.6164904667049367e9	1.1311862464176163e6
6.987419337291374	7.127267263012194	7.057343300151784	2.6931580427104823e7	307679.9864902613	1.6434220471320415e9	1.083655815259288e6
7.127267263012194	7.26991214724743	7.198589705129812	2.7169218043152425e7	292483.9381638694	1.6705912651751938e9	1.0379922452822918e6
7.269912147247429	7.41540992916737	7.3426610382074	2.7405424901079863e7	278002.77599409944	1.6979966900762737e9	994128.9879058319
7.415409929167371	7.56381766672571	7.489613797946541	2.7639851564973753e7	264202.0848398635	1.7256365416412477e9	952001.3533919614
7.56381766672571	7.7151935590352165	7.6395056128804635	2.7871588030229505e7	251044.32927176703	1.7535081296714773e9	911546.2232417086
7.715193559035217	7.869596969190914	7.792395264113066	2.8099338928757753e7	238491.6587339178	1.781607468600235e9	872701.9411120496
7.869596969190913	8.027088447549723	7.948342708370317	2.8324488402610585e7	226531.0683943047	1.8099319570028455e9	835409.6621440492
8.027088447549723	8.18772975547571	8.107409101512715	2.8546727713607796e7	215134.89177725004	1.8384786847164533e9	799612.3442950398
8.187729755475711	8.351583889560217	8.269656822517964	2.8762746853099134e7	204255.57016943078	1.8672414315695524e9	765253.49608695
8.351583889560215	8.518715106326411	8.435149497943314	2.8828004900797933e7	192906.72688932464	1.8960694364703503e9	732222.9648574892
8.518715106326413	8.689188947427933	8.603952026877174	2.887609954715825e7	182079.37403922918	1.9249455360175085e9	700474.1510580941
8.689188947427933	8.863072265351484	8.776130606389708	2.8986592841429796e7	172230.0886214782	1.9539321288589382e9	669989.4957318744
8.863072265351484	9.040433249633505	8.951752757492494	2.9107546239502497e7	162969.85439758093	1.9830396750984406e9	640730.0051123864
9.040433249633505	9.221341453601168	9.130887351617336	2.9250891595455434e7	154323.05284627204	2.012290566693896e9	612660.3448780492
9.221341453601168	9.405867821648183	9.313604637624675	2.9367304736787766e7	145997.691703722	2.0416578714306839e9	585730.3715867556
9.405867821648183	9.59408471705614	9.49997626935216	2.9478269031204607e7	138093.82584221807	2.0711361404618886e9	559898.6116647575
9.59408471705614	9.786065950372254	9.690075333714198	2.9834461294598132e7	131698.56615327543	2.1009706017564867e9	535188.7201413882
9.786065950372253	9.98188680835469	9.883976379363471	3.0116880228052028e7	125274.75604422772	2.1310874819845388e9	511534.28413165937
9.981886808354691	10.181624083496777	10.081755445925733	3.03682933537125e7	119032.31473528604	2.161455775338251e9	488884.83923177485
10.181624083496777	10.385356104141705	10.28349009381924	3.060674802715039e7	113045.36455355214	2.1920625233654013e9	467197.1123956224
10.385356104141703	10.593162765199528	10.489259434670615	3.083899785604898e7	107331.46808307672	2.2229015212214503e9	446431.34288855
10.59316276519953	10.805125559478512	10.69914416233902	3.1061704398199875e7	101869.34162764112	2.2539632256196504e9	426548.8378495739
10.805125559478512	11.021327609643073	10.913226584560793	3.125844895017289e7	96600.01726000149	2.2852216745698233e9	407509.73607576924
11.021327609643073	11.241853700810926	11.131590655227	3.1467235167336732e7	91634.72552800375	2.31668890973716e9	389282.89633558557
11.241853700810926	11.466790313802136	11.354322007306532	3.167665589255749e7	86922.5972803939	2.348365565629718e9	371836.0403462447
11.466790313802136	11.69622565905317	11.581507986427653	3.1881465451433748e7	82437.28180625723	2.3802470310811515e9	355137.2331340105
11.69622565905317	11.930249711209225	11.813237685131197	3.207998005145467e7	78164.8760077394	2.412327011132606e9	339155.58141289727
11.930249711209225	12.1689542444084	12.049601977808813	3.2270967030872647e7	74093.79563014708	2.444597978163479e9	323861.3072022323
12.1689542444084	12.41243286827156	12.290693556339981	3.2455829022902332e7	70219.06151105172	2.4770538071863813e9	309226.0645144869
12.41243286827156	12.660781064611983	12.536606966441772	3.2637386566211786e7	66538.08197521117	2.509691193752593e9	295222.99440562265
12.660781064611983	12.914096224879215	12.787438644745599	3.281748272490328e7	63045.32550661865	2.542508676477496e9	281826.46946636535
12.914096224879211	13.172477688351787	13.0432869566155	3.299674666787854e7	59732.62558694367	2.575505423145375e9	269011.8706576933
13.17247768835179	13.436026781093817	13.304252234722803	3.317568682420246e7	56591.784851964505	2.6086811099695773e9	256755.52728969065
13.436026781093817	13.704846855690684	13.57043681839225	3.3358041785485614e7	53620.03966244234	2.642039151755063e9	245034.9757639058
13.70484685569068	13.979043331779485	13.841945093735083	3.3543533658823058e7	50807.594422485374	2.675582685413886e9	233828.48413766452
13.979043331779488	14.258723737390069	14.118883534584779	3.372632305271351e7	48137.349990541974	2.7093090084665995e9	223114.5884685503
14.258723737390067	14.54399775111286	14.401360744251463	3.390591791598614e7	45601.81939913921	2.7432149263825855e9	212872.63191422826
14.54399775111286	14.834977245110109	14.689487498111484	3.4081760236849144e7	43193.88622879023	2.777296686619435e9	203082.7395006554
14.834977245110109	15.131776328987302	14.983376787048705	3.424956409468009e7	40902.422100735275	2.811546250714115e9	193725.5414943417
15.131776328987304	15.43451139454204	15.283143861764671	3.4411913425642505e7	38725.46373640029	2.8459581641397576e9	184782.67300754794
15.434511394542039	15.74330116140787	15.588906277974955	3.456843385010355e7	36657.3822460439	2.880526597989861e9	176236.50448944804
15.74330116140787	16.05826672361102	15.900783942509445	3.468208534353499e7	34656.20423474605	2.915208683333396e9	168068.0023616995
16.058266723611016	16.37953159705823	16.218899160334622	3.440038199228533e7	32391.660434202702	2.949609065325681e9	160240.176854345
16.37953159705823	16.707221767974385	16.543376682516307	3.428711185538246e7	30422.514644344952	2.9838961771810637e9	152750.41070690384
16.707221767974385	17.041465742308862	16.874343755141624	3.424640752588297e7	28633.443904343534	3.018142584706947e9	145589.5843769008
17.041465742308862	17.38239459613003	17.211930169219446	3.423698328489606e7	26974.196586175887	3.0523795679918427e9	138746.20553834102
17.38239459613003	17.73014202702762	17.556268311578826	3.4436338939430885e7	25566.104597864727	3.0868159069312735e9	132216.44527983098
17.730142027027618	18.084844406543162	17.90749321678539	3.4833859412443705e7	24369.3440378279	3.121649766343717e9	125994.3982031028
18.08484440654316	18.446640833649013	18.265742620096084	3.507946562482509e7	23125.437887979053	3.156729231968542e9	120059.58752339988
18.446640833649013	18.815673189296984	18.631157011473	3.5290130429959096e7	21922.24887355875	3.1920193623985014e9	114397.78727406933
18.815673189296984	19.192086192057914	19.00387969067745	3.548283315503526e7	20770.40977749624	3.2275021955535364e9	108996.20596482676
19.192086192057914	19.576027454874062	19.38405682346599	3.5659983060135886e7	19669.935360395306	3.2631621786136727e9	103842.791208875
19.576027454874062	19.967647542946533	19.771837498910298	3.58216342844221e7	18619.255347192513	3.2989838128980947e9	98926.09561491631
19.967647542946533	20.367100032780453	20.167373787863493	3.595915061834779e7	17612.521443068483	3.3349429635164423e9	94234.99505803459
20.367100032780453	20.774541572411053	20.570820802595755	3.6084633727987766e7	16654.42692561699	3.37102759724443e9	89759.27817154616
20.774541572411056	21.190131942834267	20.98233675762266	3.6228094215230264e7	15756.082448604488	3.4072556914596605e9	85489.96388871744
21.190131942834263	21.614034120665938	21.402083031750102	3.6373450928005494e7	14906.74107543032	3.443629142387666e9	81417.96945701602
21.614034120665938	22.046414342054245	21.83022423136009	3.651870303749857e7	14102.920925250843	3.4801478454251647e9	77534.53542393072
22.04641434205425	22.487442167870324	22.266928254962288	3.667358933670622e7	13345.742627397547	3.516821434761871e9	73831.47249344172
22.48744216787032	22.937290550202714	22.712366359036515	3.6830270203936465e7	12629.609158825802	3.5536517049658074e9	70300.74107715143
22.937290550202718	23.39613590018176	23.16671322519224	3.6980369590262696e7	11949.56252368482	3.5906320745560703e9	66934.47951498978
23.396135900181758	23.864158157160382	23.630147028671068	3.7120488757034175e7	11302.91002584098	3.6277525633131046e9	63725.12448637498
23.864158157160386	24.34154085927858	24.102849508219485	3.72489907856915e7	10687.767385755238	3.665001554098796e9	60665.44042637695
24.341540859278584	24.828471215439144	24.585006037358866	3.736912363230465e7	10103.721425846377	3.7023706777311006e9	57748.58547435728
24.82847121543914	25.32514017872291	25.076805697081028	3.727841626882832e7	9497.776402837051	3.739649093999929e9	54965.05532727891
25.325140178722915	25.83174252127236	25.57844134999764	3.683202483927188e7	8842.726385435448	3.776481118839201e9	52304.32464537845
25.831742521272364	26.3484769106728	26.09010971597258	3.666412292045113e7	8294.649966135572	3.813145241759652e9	49765.479344908454
26.348476910672794	26.875545987861237	26.612011449267015	3.654222775957796e7	7790.1894492307565	3.8496874695192294e9	47344.00312731253
26.87554598786124	27.413156446593455	27.144351217227346	3.668279648911068e7	7369.053937529117	3.88637026600834e9	45037.93104395061
27.413156446593455	27.961519114500312	27.687337780546883	3.713372748552647e7	7029.33444662759	3.9235039934938664e9	42845.30142332112
27.96151911450031	28.520849035765302	28.241184075132807	3.7381497616102554e7	6668.048975607631	3.960885491109969e9	40758.32502760763
28.520849035765302	29.091365555455596	28.80610729561045	3.757258558722583e7	6315.5277866724655	3.998458076697195e9	38771.411735782145
29.0913655554556	29.673292405539698	29.382328980497647	3.773459333141304e7	5976.8834078077225	4.0361926700286083e9	36879.588910994134
29.673292405539694	30.266857792625476	29.970075099082585	3.7875152932171464e7	5653.09267505959	4.0740678229607797e9	35078.227193551465
30.266857792625476	30.872294487452972	30.569576140039224	3.799463372588548e7	5343.805330649245	4.112062456686665e9	33362.94413581201
30.872294487452976	31.489839916177022	31.181067201814997	3.810612127367623e7	5050.330780440055	4.1501685779603415e9	31729.6856937194
31.489839916177026	32.11973625347555	31.80478808482629	3.8202743946539246e7	4771.07674757473	4.188371321906881e9	30174.53988859396
32.11973625347555	32.76223051752005	32.4409833854978	3.830520658338217e7	4507.922837922628	4.226676528490263e9	28693.928888228966
32.762230517520045	33.41757466684543	33.08990259218274	3.843330058257414e7	4262.095917687213	4.2651098290728374e9	27284.55207159549
33.41757466684544	34.08602569915733	33.751800183001386	3.855115641042664e7	4028.560312290825	4.303660985483264e9	25943.00877243026
34.08602569915733	34.76784575211546	34.4269357256364	3.865021926253235e7	3805.935249568826	4.342311204745796e9	24666.01488588255
34.76784575211547	35.46330220613277	35.11557397912412	3.872199615383187e7	3593.0577167430483	4.381033200899628e9	23450.408703428016
35.46330220613276	36.1726677892304	35.81798499768158	3.853864977592205e7	3369.7681550757284	4.4195718506755495e9	22292.048025475917
36.1726677892304	36.896220683989995	36.5344442366102	3.803692343006765e7	3134.0507704009524	4.457608774105618e9	21186.913358707672
36.89622068399	37.63424463664479	37.265232660317395	3.7972723178034216e7	2948.285613526987	4.495581497283651e9	20134.815518398882
37.63424463664479	38.38702906835267	38.01063685249873	3.721875014804967e7	2723.057456670664	4.532800247431701e9	19130.418326638384
38.38702906835267	39.154869188694704	38.77094912852368	3.676421130095138e7	2534.6472613573796	4.569564458732652e9	18173.09372705825
39.15486918869471	39.93806611144359	39.54646765006915	3.652062197244657e7	2372.617551566824	4.606085080705098e9	17261.647822374864
39.93806611144358	40.73692697264744	40.337496542045514	3.600641619009976e7	2204.280262991045	4.642091496895198e9	16393.070004033758
40.73692697264744	41.55176505107537	41.1443460118614	3.5383803848092206e7	2041.2153106018275	4.67747530074329e9	15565.19133819598
41.55176505107538	42.38289989107187	41.967332471073625	3.468167481078083e7	1885.3057183961462	4.71215697555407e9	14776.076647134085
42.382899891071865	43.23065742786829	42.806778659470076	3.362828550647523e7	1722.597902218544	4.745785261060546e9	14023.097500665634
43.23065742786829	44.09537011540064	43.66301377163447	3.98713898028193e7	1924.5892997095095	4.785656650863365e9	13325.20658604628
44.09537011540065	44.97737705668364	44.536373586042146	2.929972924242968e7	1332.7167105364074	4.814956380105795e9	12633.432738228008
44.977377056683636	45.87702413679229	45.42720059673796	2.8275072271061137e7	1211.9244335882358	4.843231452376856e9	11974.596747935022
45.8770241367923	46.79466415850313	46.33584414764772	2.717637179020385e7	1097.6424939805981	4.87040782416706e9	11347.174012370928
46.794664158503124	47.73065698064817	47.262660569575644	2.5161355620473616e7	957.637464149099	4.895569179787534e9	10747.86854833197
47.73065698064817	48.685369659236116	48.20801331994214	2.149545015592634e7	770.9235770829259	4.91706462994346e9	10172.36398906105
48.685369659236116	49.65917659139582	49.17227312531597	2.2059060633557104e7	745.5032211524504	4.939123690577018e9	9628.5912502805
49.65917659139582	50.65245966219872	50.15581812679727	2.147830475887577e7	684.0065667897494	4.960601995335894e9	9112.63879686781
50.65245966219873	51.66560839441769	51.15903402830821	2.0702820244171005e7	621.2802913975697	4.981304815580065e9	8622.830814201838
51.66560839441769	52.69902010128103	52.18231424784936	1.863810926904117e7	527.0571957961052	4.999942924849106e9	8155.842263482691
52.69902010128102	53.75310004228162	53.22606007178132	1.6092907698331002e7	428.83307507779773	5.016035832547437e9	7710.125962330393
53.75310004228162	54.828261582102236	54.29068081219193	1.5603039954380386e7	391.7967839194265	5.031638872501817e9	7287.9842607362
54.82826158210225	55.924926352719275	55.37659396741076	1.660912148974879e7	393.0033310886819	5.048247993991566e9	6890.263164457511
55.92492635271927	57.04352441874864	56.48422538573395	1.7520060084181428e6	39.06457600485746	5.049999999999984e9	6495.06822769453
