-0.0	9.953897499377266e-5	4.976948749688633e-5	0.008060533983132294	1.951172701411697e9	0.008060533983132294	1.951172701411697e9
9.953897499377264e-5	0.0002010687294874207	0.00015030385224059668	0.05044919156776221	1.6861768482576778e9	0.0585097255508945	1.7183271437967994e9
0.00020106872948742055	0.0003046290790709416	0.00025284890427918107	0.13003559827700759	1.5413727336640816e9	0.1885453238279021	1.592256695620372e9
0.0003046290790709413	0.0004102606356461327	0.000357444857358537	0.24568266649207182	1.4381483663081262e9	0.43422799031997394	1.501238382554748e9
0.000410260635646133	0.0005180048233528283	0.00046413272949948065	0.3970327097268182	1.3551651561664886e9	0.8312607000467922	1.4277337581511354e9
0.0005180048233528285	0.0006279038948136576	0.000572954359083243	0.5873536615129018	1.291594670284672e9	1.418614361559694	1.3680318609154925e9
0.000627903894813658	0.0007400009477037037	0.0006839524212586809	0.8175747575978427	1.2379427333852074e9	2.2361891191575367	1.3174164830594392e9
0.0007400009477037037	0.0008543399416515503	0.000797170444677627	1.0890129874749266	1.1906456953405702e9	3.3252021066324633	1.2730260930843933e9
0.0008543399416515499	0.0009709657154783534	0.0009126528285649516	1.4023798412982147	1.147253682287528e9	4.727581947930678	1.2329309940858624e9
0.0009709657154783537	0.0010899240047816932	0.0010304448601300233	1.766964963612947	1.1119667174402058e9	6.494546911543624	1.1974891737237985e9
0.0010899240047816928	0.001211261459871099	0.001150592732326396	2.179896289359402	1.0789107857873237e9	8.674443200903026	1.1653041722766025e9
0.0012112614598710993	0.0013350256640622935	0.0012731435619666963	2.647507037696664	1.0493867443664877e9	11.32195023859969	1.1359619615012074e9
0.0013350256640622929	0.0014612651523373112	0.001398145408199802	3.1719654339052274	1.0221714106746546e9	14.493915672504919	1.1089450796287136e9
0.0014612651523373112	0.0015900294303778297	0.0015256472913575704	3.7630028812221674	9.985349720347664e8	18.256918553727086	1.0842348941078885e9
0.0015900294303778312	0.00172136899397916	0.0016556992121784958	4.413247091974374	9.749048935957991e8	22.67016564570146	1.0610702940629424e9
0.0017213689939791588	0.0018553353488525142	0.0017883521714158364	5.145198669149622	9.551848128715748e8	27.81536431485108	1.039749897027221e9
0.001855335348852515	0.0019919810308233377	0.0019236581898379264	5.948427849205489	9.357461143040293e8	33.76379216405657	1.0197812290198511e9
0.0019919810308233377	0.0021313596264335767	0.002061670328628457	6.833038580033792	9.174958460205699e8	40.59683074409037	1.0009982476382402e9
0.0021313596264335767	0.0022735257939560205	0.0022024427101947986	7.811934149137281	9.01140366562156e8	48.40876489322765	9.834125254099406e8
0.00227352579395602	0.0024185352848289125	0.0023460305393924663	8.890534875206844	8.861679267829725e8	57.299299768434494	9.669486732452415e8
0.002418535284828912	0.0025664449655192624	0.0024924901251740872	10.06673207405683	8.715408053453797e8	67.36603184249132	9.513854159031895e8
0.002566444965519263	0.0027173128398234204	0.0026418789026713416	11.347876085331588	8.573617970063406e8	78.71390792782292	9.365779791056356e8
0.0027173128398234204	0.002871198071613661	0.002794255455718541	12.759729806671633	8.448754768799663e8	91.47363773449455	9.226094110056658e8
0.002871198071613661	0.003028161008039706	0.0029496795398266835	14.293802869949534	8.327001982822485e8	105.76744060444408	9.093404225315237e8
0.003028161008039706	0.0031882632031942724	0.003108212105616989	15.974892897256154	8.217003970099684e8	121.74233350170023	8.967894943691311e8
0.0031882632031942715	0.003351567442251929	0.0032699153227231	17.79445085987262	8.10800482127641e8	139.53678436157284	8.84822611121847e8
0.0033515674422519306	0.0035181377660907414	0.0034348526041713357	19.773712375781464	8.005333068397915e8	159.3104967373543	8.734081834349122e8
0.003518137766090741	0.0036880394964063277	0.0036030886312485343	21.913592253584174	7.904520946822329e8	181.22408899093847	8.624633037993672e8
0.0036880394964063277	0.003861339261328226	0.003774689378867277	24.231381368332897	7.80785283730309e8	205.45547035927137	8.519521772845138e8
0.0038613392613282265	0.004038105021548563	0.003949722141438395	26.746255932809863	7.717016263568718e8	232.20172629208125	8.418680071422096e8
0.004038105021548562	0.0042184060969733045	0.0041282555592609335	29.469073987226214	7.630555053901764e8	261.67080027930746	8.3218808854282e8
0.004218406096973306	0.004402313193906544	0.004310359645439925	32.4106625027909	7.547213946404781e8	294.08146278209836	8.228794782162675e8
0.004402313193906543	0.004589898432778446	0.004496105813342494	35.593342103941836	7.468342103238015e8	329.6748048860402	8.139316234994013e8
0.004589898432778446	0.0047812353764277865	0.004685566904603117	39.03948777585268	7.394533515099875e8	368.7142926618929	8.053431903604473e8
0.0047812353764277865	0.004976399058950114	0.004878817217688951	42.7595198288556	7.323807946961446e8	411.4738124907485	7.970911612658378e8
0.004976399058950114	0.005175466015122888	0.005075932537036501	46.77582986752509	7.25646523113389e8	458.2496423582736	7.891601415255647e8
0.005175466015122887	0.005378514310419117	0.005276990162771002	51.12520017085756	7.194484157224654e8	509.3748425291312	7.81559231345677e8
0.005378514310419117	0.005585623571621271	0.005482068941020194	55.802313964718415	7.133492141824076e8	565.1771564938496	7.742496150859094e8
0.005585623571621272	0.005796875018047469	0.00569124929483437	60.86014105902604	7.077148674263443e8	626.0372975528757	7.672374403572686e8
0.005796875018047468	0.006012351493402189	0.005904613255724828	66.31537531306532	7.023820369758644e8	692.352672865941	7.605113096248055e8
0.006012351493402189	0.006232137498264004	0.006122244495833097	72.18783417352546	6.972461652346538e8	764.5405070394665	7.540511582822686e8
0.006232137498264004	0.006456319223223056	0.00634422836074353	78.51453715453859	6.923683425612484e8	843.0550441940052	7.478462771259462e8
0.006456319223223056	0.006684984582681288	0.006570651902952172	85.32710416252917	6.877269054139833e8	928.3821483565343	7.418856001703376e8
0.0066849845826812875	0.006918223249328685	0.006801603916004986	92.66611951016421	6.833533558867202e8	1021.0482678666986	7.361629329088627e8
0.006918223249328684	0.007156126689309029	0.007037174969318856	100.5818908827788	6.793149162832886e8	1121.6301587494772	7.306796419521855e8
0.00715612668930903	0.007398788198088982	0.007277457443699006	109.0859746791551	6.753961378105489e8	1230.7161334286322	7.254166159968613e8
0.007398788198088982	0.007646302937044533	0.007522545567566758	118.2819643866485	6.719527964446045e8	1348.9980978152807	7.203909151340207e8
0.007646302937044532	0.007898767970779194	0.0077725354539118635	128.22111400642513	6.68936416037933e8	1477.2192118217058	7.156130775453666e8
0.007898767970779196	0.00815628230518855	0.008027525137983873	138.8825719102689	6.65941205431171e8	1616.1017837319746	7.11055258965802e8
0.008156282305188549	0.008418946926286091	0.008287614615737321	150.38369399991166	6.632753486822826e8	1766.4854777318865	7.067212450892733e8
0.008418946926286091	0.008686864839805583	0.008552905883045837	162.75277391059655	6.60775429940339e8	1929.238251642483	7.025998649675121e8
0.008686864839805583	0.008960141111595467	0.008823502975700524	176.16049794949606	6.588399929716994e8	2105.398749591979	6.98716828573779e8
0.008960141111595465	0.009238882908821145	0.009099512010208305	190.74831779167005	6.576254207481409e8	2296.1470673836493	6.951086655929295e8
0.009238882908821145	0.009523199541991339	0.009381041225406242	206.58776745590893	6.569875497916288e8	2502.734834839558	6.917952508180677e8
0.009523199541991342	0.00981320250782494	0.009668201024908141	223.7404660734535	6.567624739119031e8	2726.475300913012	6.887802330281955e8
0.009813202507824938	0.010109005532975208	0.009961104020400072	241.70955628556453	6.552914199771439e8	2968.1848571985765	6.859256335469234e8
0.010109005532975208	0.010410724618628483	0.010259865075801846	261.1884239640192	6.543749732543602e8	3229.373281162596	6.832612041879628e8
0.010410724618628481	0.010718478085994822	0.010564601352311652	282.08469646332526	6.53476190425882e8	3511.457977625921	6.807685640744265e8
0.01071847808599482	0.011032386622708487	0.010875432354351653	304.53587351212377	6.526829299481825e8	3815.993851138045	6.784387384907188e8
0.011032386622708489	0.01135257333015643	0.01119247997643246	328.0167537508337	6.507296489035462e8	4144.010604888879	6.761597290119674e8
0.01135257333015643	0.011679163771753329	0.01151586855095488	354.43408001892635	6.51177873117445e8	4498.444684907806	6.741220457243841e8
0.011679163771753329	0.012012286022182166	0.011845724896967749	382.7505831774278	6.515540523394659e8	4881.195268085234	6.722960794419941e8
0.012012286022182165	0.012352070717619578	0.012182178369900872	411.30785773273465	6.490456840085639e8	5292.503125817968	6.704296388708383e8
0.01235207071761958	0.012698651106965742	0.01252536091229266	443.66167992080807	6.492767685624702e8	5736.164805738776	6.68744522183976e8
0.01269865110696574	0.013052163104098825	0.012875407105532283	477.91297810121665	6.489116656004834e8	6214.077783839993	6.671762825409247e8
0.013052163104098825	0.013412745341174571	0.013232454222636698	512.1692803090122	6.454931825165949e8	6726.247064149003	6.654741177879524e8
0.013412745341174571	0.013780539222991833	0.013596642282083203	552.4817071240151	6.465672663105903e8	7278.728771273018	6.640003259135303e8
0.013780539222991831	0.014155688982445437	0.013968114102718634	592.3686207924698	6.439851537839098e8	7871.097392065487	6.624508177337418e8
0.01415568898244544	0.01453834173708812	0.01434701535976678	637.6960328480366	6.442436350878145e8	8508.793424913523	6.610506724597622e8
0.014538341737088116	0.014928647546823649	0.014733494641955882	684.075871576841	6.424694127430373e8	9192.869296490364	6.596310365833136e8
0.014928647546823649	0.01532675947275389	0.01512770350978877	733.2951022692521	6.404609573667598e8	9926.164398759616	6.581756767101399e8
0.015326759472753894	0.01573283363720274	0.015529796554978317	787.6966399898663	6.400110802357213e8	10713.861038749483	6.568051490837224e8
0.01573283363720274	0.016147029284940564	0.01593993146107165	841.9027983548222	6.36574478041634e8	11555.763837104305	6.552879013037893e8
0.01614702928494056	0.01656950884563314	0.01635826906528685	906.2659556806597	6.378833477338966e8	12462.029792784964	6.539902447214261e8
0.016569508845633144	0.017000437997539575	0.016784973421586358	966.5708180584184	6.335089730717999e8	13428.600610843383	6.52471905240337e8
0.017000437997539575	0.017439985732484137	0.017220211865011856	1039.744973905984	6.347611808611962e8	14468.345584749368	6.511662581371502e8
0.01743998573248414	0.017888324422127594	0.017664155077305867	1105.9316083263757	6.29076029142864e8	15574.277193075744	6.49546583600212e8
0.017888324422127587	0.01834562988556391	0.018116977153845748	1191.2056930059796	6.315038090515472e8	16765.482886081725	6.482306692701195e8
0.01834562988556391	0.018812081458268955	0.01857885567191643	1266.7497849711874	6.26056716893287e8	18032.232671052912	6.466217986940444e8
0.01881208145826896	0.019287862062428107	0.019049971760348533	1355.7183858092787	6.248008929051859e8	19387.95105686219	6.450465115282272e8
0.019287862062428104	0.019773158278670433	0.01953051017054927	1450.1847312504588	6.233859906344912e8	20838.13578811265	6.43490479797999e8
0.019773158278670436	0.020268160419237614	0.020020659348954025	1550.6580987523744	6.218995392687113e8	22388.793886865024	6.419468762450987e8
0.02026816041923761	0.020773062602616132	0.02052061151092687	1653.2240641810608	6.187455652007691e8	24042.017951046084	6.402958957352114e8
0.020773062602616132	0.021288062829662224	0.02103056271613918	1764.6955964743015	6.164942475614895e8	25806.713547520387	6.386099221524761e8
0.021288062829662228	0.02181336306124924	0.021550712945455734	1890.10693184525	6.164872967055434e8	27696.820479365637	6.370498581474655e8
0.021813363061249234	0.022349169297467986	0.02208126617935861	2005.1823657181144	6.107549475121043e8	29702.002845083753	6.352036280921108e8
0.02234916929746799	0.022895691658411117	0.022622430477939555	2151.40067014875	6.120738898332181e8	31853.4035152325	6.335865229733368e8
0.02289569165841112	0.02345314446657311	0.023174418062492114	2278.689159647093	6.056594522019552e8	34132.0926748796	6.316421027608992e8
0.023453144466573112	0.024021746330898344	0.023737445398735728	2439.033990225483	6.057744979222105e8	36571.12666510508	6.298483575878786e8
0.024021746330898337	0.02460172023251007	0.024311733281704204	2599.9403721048084	6.035213412117643e8	39171.06703720989	6.280299662081921e8
0.02460172023251007	0.02519329361215404	0.024897506922332058	2766.335590254423	6.002804816466783e8	41937.40262746431	6.26120719243616e8
0.02519329361215404	0.02579669845939089	0.025494996035772467	2942.5022664799467	5.969912663257896e8	44879.90489394426	6.241240774122691e8
0.025796698459390893	0.02641217140357248	0.026104434931481686	3139.686112697909	5.956877790637194e8	48019.591006642164	6.2218212012489e8
0.026412171403572472	0.02703995380663769	0.02672606260510508	3334.4785491888797	5.917237415320915e8	51354.06955583104	6.20109549834044e8
0.027039953806637693	0.027680291857764213	0.027360122832200955	3566.249234255819	5.920203135695566e8	54920.31879008686	6.182049032169408e8
0.027680291857764217	0.028333436669913267	0.028006864263838742	3766.9570312516726	5.850899857253668e8	58687.27582133853	6.159671854780024e8
0.028333436669913267	0.0289996443783053	0.02866654052410928	4022.2486975797183	5.846275606815e8	62709.524518918246	6.138565326624959e8
0.0289996443783053	0.02967917624086517	0.029339410309585236	4272.829701516048	5.812643924087936e8	66982.3542204343	6.116687176023635e8
0.02967917624086517	0.030372298740676238	0.030025737490770706	4551.23850460294	5.795662432499783e8	71533.59272503723	6.095206723689104e8
0.03037229874067624	0.031079283690483534	0.03072579121557989	4813.473977654772	5.738696866234481e8	76347.06670269201	6.07142653618288e8
0.031079283690483534	0.03180040833928697	0.03143984601488525	5148.964661575086	5.74804086051764e8	81496.0313642671	6.049921798756919e8
0.03180040833928697	0.03253595548106648	0.03216818191017672	5431.022098037092	5.677919616309153e8	86927.05346230419	6.025258082632228e8
0.03253595548106647	0.033286213565681566	0.03291108452337402	5789.124138374065	5.668773687285132e8	92716.17760067826	6.001692267199341e8
0.033286213565681566	0.034051476811988966	0.03366884518883527	6171.396214956901	5.660927229709918e8	98887.57381563516	5.979229956914442e8
0.03405147681198896	0.0348320453232225	0.03444176106760573	6498.705103038238	5.58491606890422e8	105386.2789186734	5.953310451333395e8
0.03483204532322251	0.03562822520468072	0.03523013526395162	6914.004520351039	5.567516219973856e8	112300.28343902444	5.928020224655484e8
0.03562822520468072	0.036440328683768106	0.03603427694422441	7384.191983253609	5.572264701517855e8	119684.47542227805	5.904761418131635e8
0.036440328683768106	0.03726867423243723	0.036854501458102665	7748.077583448072	5.479907023416128e8	127432.55300572612	5.877057547840269e8
0.03726867423243723	0.03811358669207974	0.037691130462258485	8275.46844131071	5.486236124631524e8	135708.02144703682	5.851637967077367e8
0.03811358669207974	0.0389753974009151	0.03854449204649742	8760.200534576303	5.444394064438071e8	144468.22198161314	5.825216384846299e8
0.0389753974009151	0.039854444323927166	0.039414920862421134	9272.996231178588	5.403297031173673e8	153741.21821279172	5.797909522319902e8
0.03985444432392717	0.04075107218539948	0.040302758254663326	9843.949524314508	5.378483404936575e8	163585.16773710624	5.770828859692153e8
0.04075107218539948	0.041665632604101235	0.04120835239475036	10396.409479527681	5.326878407705629e8	173981.57721663392	5.742231723348973e8
0.04166563260410123	0.042598484231177014	0.04213205841763912	11114.465700119114	5.34100587313671e8	185096.04291675298	5.716445758098282e8
0.04259848423117702	0.04354999289079432	0.043074238560985675	11632.902246301053	5.2433951948217577e8	196728.94516305404	5.686111723609482e8
0.04354999289079433	0.04452053172360398	0.044035262307199154	12384.832603350224	5.236590393303383e8	209113.77776640427	5.657349516882128e8
0.04452053172360398	0.04551048133306982	0.0450155065283369	13110.423862561602	5.200582557909691e8	222224.20162896588	5.628186226445775e8
0.04551048133306983	0.04652022993472499	0.04601535563389741	13869.291865193198	5.161883168105852e8	236093.49349415908	5.598476393248949e8
0.04652022993472498	0.04755017350841324	0.04703520172156911	14648.928171496469	5.1158662114375275e8	250742.42166565554	5.567790538572712e8
0.04755017350841324	0.04860071595357527	0.04807544473099426	15477.582170552761	5.072426330382966e8	266220.0038362083	5.536356847276504e8
0.04860071595357527	0.04967226924764054	0.0491364926006079	16339.012761053145	5.025469655144467e8	282559.0165972615	5.504001686663878e8
0.04967226924764054	0.05076525360758711	0.05021876142761382	17314.43802177847	4.998451137043567e8	299873.45461903996	5.472045919631333e8
0.05076525360758711	0.051880097654732615	0.05132267563115986	18177.269203725184	4.925711822917544e8	318050.72382276517	5.437577054809655e8
0.05188009765473262	0.053017238582821036	0.052448668118776826	19138.780002188236	4.86860067487344e8	337189.5038249534	5.401745602359391e8
0.053017238582821036	0.054177122329471215	0.05359718045614613	20143.34554943566	4.810679675625654e8	357332.84937438904	5.3645899682130057e8
0.05417712232947121	0.055360203751054396	0.0547686630402628	21480.538162151555	4.816587929508302e8	378813.3875365406	5.330202025856664e8
0.055360203751054396	0.056566946801069246	0.05596357527606182	22333.13051619204	4.70215783239698e8	401146.5180527327	5.290859179048301e8
0.05656694680106925	0.057797824712084396	0.057182385756576824	23428.84350501732	4.632172231009746e8	424575.36155775003	5.2496663024633014e8
0.057797824712084396	0.05905332018131985	0.05842557244670212	24774.359007385334	4.599967346021014e8	449349.72056513536	5.2091025356600946e8
0.05905332018131985	0.06033392555994001	0.05969362287062993	26312.65529866794	4.588460103664221e8	475662.3758638032	5.1704154672094154e8
0.060333925559939994	0.06164014304613255	0.06098703430303627	27303.877081893414	4.472057011373379e8	502966.2529456966	5.126952851319273e8
0.06164014304613256	0.06297248488204897	0.06230631396409077	28781.618389437743	4.428014297970169e8	531747.8713351344	5.0835214251021576e8
0.06297248488204897	0.06433147355468372	0.06365197921836635	30288.514887292735	4.377356895473017e8	562036.3862224271	5.0397074341237086e8
0.06433147355468372	0.06571764200077115	0.06502455777772743	31846.960669723892	4.323852375108986e8	593883.346892151	4.995358038459116e8
0.06571764200077114	0.06713153381578033	0.06642458790827574	33436.047964045785	4.2649580168061453e8	627319.3948561968	4.950173210073313e8
0.06713153381578033	0.06857370346708969	0.067852618641435	35020.02229377806	4.197016018796839e8	662339.4171499748	4.9036467518019915e8
0.06857370346708969	0.07004471651142524	0.06930920998925746	36775.295574963886	4.141251294129837e8	699114.7127249388	4.8566151107740366e8
0.07004471651142524	0.0715451498166475	0.07079493316403637	38603.61896053132	4.0848945701899e8	737718.3316854701	4.809073047417033e8
0.07154514981664752	0.07307559178797422	0.07231037080231087	40555.21503222165	4.032761963393764e8	778273.5467176917	4.761311952470982e8
0.07307559178797422	0.07463664259872746	0.07385611719335083	42427.61607448365	3.9649034410754764e8	820701.1627921753	4.712378369890639e8
0.07463664259872745	0.07622891442569575	0.0754327785122116	44509.07306287197	3.9091752426850283e8	865210.2358550472	4.663090393646174e8
0.07622891442569575	0.07785303168920342	0.07704097305744959	46665.90583043824	3.852235693713075e8	911876.1416854855	4.613395165257755e8
0.07785303168920343	0.07950963129798126	0.07868133149359235	48763.42762500464	3.783618689457181e8	960639.5693104902	4.562602599283014e8
0.07950963129798126	0.08119936289893465	0.08035449709845796	51171.403332421454	3.732186683305718e8	1.0118109726429116e6	4.51183189846536e8
0.08119936289893465	0.0829228891319071	0.08206112601542087	53692.94982166083	3.6812778171451414e8	1.0655039224645724e6	4.461112428932318e8
0.08292288913190708	0.08468088588953898	0.08380188751072304	56129.98336019344	3.6177908160689384e8	1.121633905824766e6	4.4096725539214474e8
0.084680885889539	0.08647404258232352	0.08557746423593127	58808.37586443854	3.5634967169655e8	1.1804422816892045e6	4.3581167520732313e8
0.08647404258232352	0.08830306240896375	0.08738855249564365	61144.68504554956	3.4834171853509355e8	1.2415869667347542e6	4.304881878386884e8
0.08830306240896375	0.09016866263213678	0.08923586252055027	64607.526499867956	3.4606684674063164e8	1.306194493234622e6	4.253557952253818e8
0.09016866263213677	0.09207157485977326	0.09112011874595502	66883.64420937732	3.3685808045492864e8	1.3730781374439993e6	4.199812751395926e8
0.09207157485977327	0.09401254533196249	0.09304206009586788	70311.33016324749	3.329830570521583e8	1.4433894676072467e6	4.147032981470681e8
0.09401254533196249	0.09599233521359549	0.09500244027277899	73725.55168688715	3.2832490563666606e8	1.5171150192941339e6	4.094682456577112e8
0.09599233521359549	0.09801172089286114	0.09700202805322831	76568.02988607217	3.2065722032177114e8	1.5936830491802061e6	4.040911138764618e8
0.09801172089286114	0.10007149428571212	0.09904160758928662	80276.82086336371	3.1616212529386806e8	1.67395987004357e6	3.9877257134236246e8
0.10007149428571215	0.10217246314642014	0.10112197871606615	83870.0683812155	3.106495844358022e8	1.7578299384247854e6	3.934473798466904e8
0.10217246314642012	0.10431545138434227	0.10324395726538119	87517.93459957573	3.0487550422601736e8	1.8453478730243612e6	3.881000640184277e8
0.10431545138434228	0.10650129938702288	0.10540837538568258	91280.4879835546	2.9907652625799274e8	1.9366283610079158e6	3.827303995916372e8
0.10650129938702287	0.10873086434975707	0.10761608186838997	95777.3077680868	2.9516356306636184e8	2.0324056687760027e6	3.7745333499108547e8
0.1087308643497571	0.11100502061174598	0.10986794248075155	99748.36667140033	2.89146631789193e8	2.132154035447403e6	3.72136357129519e8
0.11100502061174598	0.11332465999897465	0.11216484030536031	103977.52954729935	2.8351771052132374e8	2.236131564994702e6	3.668051871350585e8
0.11332465999897466	0.11569069217394791	0.11450767608646129	108921.54369467674	2.793821302941137e8	2.345053108689379e6	3.6155037391828156e8
0.1156906921739479	0.11810404499242061	0.11689736858318425	113307.14740291382	2.7340202615303457e8	2.4583602560922927e6	3.5625633868010455e8
0.11810404499242058	0.12056566486726274	0.11933485492984167	118115.1306747617	2.6811719220260233e8	2.5764753867670544e6	3.5096713651504976e8
0.12056566486726275	0.12307651713960176	0.12182109100343225	123423.09884542401	2.635755232262898e8	2.6998984856124786e6	3.4572694786030525e8
0.12307651713960176	0.12563758645738754	0.12435705179849466	128923.73671052806	2.5902727864282078e8	2.8288222223230065e6	3.405322839020975e8
0.12563758645738754	0.12824987716152902	0.12694373180945828	134712.5326257227	2.5464712890087953e8	2.963534754948729e6	3.353903340340184e8
0.12824987716152905	0.13091441367975337	0.12958214542064123	139742.03761242566	2.48536338923312e8	3.103276792561155e6	3.301942523411067e8
0.13091441367975337	0.1336322409283422	0.13227332730404778	146358.10319748562	2.4492054905803916e8	3.2496348957586405e6	3.250964345478814e8
0.1336322409283422	0.13640442472190278	0.1350183328251225	152123.4879795068	2.3953206118185788e8	3.401758383738147e6	3.19984896322533e8
0.13640442472190276	0.13923205219133455	0.13781823845661867	158616.2159498308	2.3501030445945692e8	3.5603745996879777e6	3.149121460307119e8
0.13923205219133455	0.14211623221015499	0.14067414220074476	165077.0125703804	2.3014980372464135e8	3.725451612258358e6	3.09855538149735e8
0.142116232210155	0.14505809582935186	0.14358716401975344	172545.5507655699	2.2637316244113126e8	3.8979971630239277e6	3.0487863601663685e8
0.14505809582935186	0.14805879672093264	0.14655844627514225	179839.50911972323	2.2203204630259633e8	4.077836672143651e6	2.9994288973596984e8
0.1480587967209326	0.151119511630345	0.1495891541756388	187964.7959742578	2.1838781867385635e8	4.265801468117909e6	2.9508722330851096e8
0.15111951163034504	0.1542414408379457	0.15268047623414538	194634.69364731607	2.1281645171180448e8	4.460436161765224e6	2.901920418124862e8
0.15424144083794566	0.15742580862969832	0.155833624733822	203122.50180943205	2.0901983147990215e8	4.6635586635746565e6	2.853652173156553e8
0.15742580862969832	0.16067386377728604	0.15904983620349217	211219.76341452583	2.045595445485015e8	4.874778426989182e6	2.805631047882989e8
0.160673863777286	0.16398688002782547	0.16233037190255573	220744.93788899953	2.0120681257685086e8	5.095523364878182e6	2.758499302696423e8
0.1639868800278255	0.16736615660337575	0.16567651831560062	229167.73324322028	1.9659971871761e8	5.324691098121403e6	2.7114579860792327e8
0.16736615660337573	0.17081301871043697	0.16908958765690635	238540.36423263402	1.9261022367160648e8	5.563231462354037e6	2.6648674768780085e8
0.170813018710437	0.17432881805963948	0.17257091838503824	248459.82678012826	1.888304337283461e8	5.811691289134165e6	2.6188243517165872e8
0.17432881805963946	0.17791493339582598	0.17612187572773272	258740.28003373067	1.8509228548669273e8	6.070431569167896e6	2.5733197388944396e8
0.17791493339582598	0.18157277103873623	0.17974385221728112	269938.1180681377	1.8176357199911365e8	6.340369687236033e6	2.5285631653093007e8
0.18157277103873626	0.18530376543450472	0.1834382682366205	280739.9058228638	1.779405113127831e8	6.621109593058897e6	2.4842164533591e8
0.18530376543450472	0.18910937971818856	0.18720657257634665	292185.94681058027	1.7432816211146137e8	6.913295539869477e6	2.4403791364865768e8
0.18910937971818853	0.19299110628754604	0.19105024300286727	302554.3109230099	1.6992544356489885e8	7.215849850792487e6	2.3965527438838938e8
0.19299110628754604	0.1969504673882907	0.19497078683791835	314871.89510843804	1.664734226350385e8	7.530721745900925e6	2.35329810135057e8
0.1969504673882907	0.20098901571105024	0.19896974154967045	328221.95093943144	1.6335916066779932e8	7.858943696840357e6	2.3107799893465605e8
0.20098901571105027	0.205108335000265	0.20304867535565763	340806.7012346402	1.5968259794873288e8	8.199750398074998e6	2.268621772226078e8
0.20510833500026499	0.20931004067526401	0.20720918783776449	355211.5696577724	1.5668185824643517e8	8.55496196773277e6	2.2272003571680492e8
0.20931004067526404	0.21359578046376304	0.21145291056951354	369764.20213831036	1.535490022814497e8	8.92472616987108e6	2.186393277814522e8
0.213595780463763	0.217967235048032	0.2157815077558975	384049.7100534059	1.5014411238612244e8	9.308775879924487e6	2.146002974388257e8
0.217967235048032	0.22242611872398638	0.2201966768860092	398480.95699981425	1.466679441202694e8	9.707256836924301e6	2.1059621447904092e8
0.2224261187239864	0.22697418007345985	0.22470014939872313	413764.885016041	1.4338241908556148e8	1.0121021721940342e7	2.0663618727094758e8
0.22697418007345982	0.23161320264992274	0.22929369136169128	430977.20546374796	1.4061087958395728e8	1.055199892740409e7	2.0274782012737513e8
0.23161320264992277	0.23634500567791494	0.23397910416391887	448059.40243286	1.3763539216217417e8	1.1000058329836952e7	1.989147967937689e8
0.23634500567791494	0.24117144476646696	0.23875822522219095	464946.694553483	1.3447297039754555e8	1.1465005024390435e7	1.9512278444997758e8
0.24117144476646696	0.24609441263679002	0.2436329287016285	483925.99130663404	1.3178176943255784e8	1.194893101569707e7	1.9139702542207253e8
0.24609441263679002	0.2511158398645195	0.24860512625065478	502322.78025900875	1.2879853185222228e8	1.2451253795956079e7	1.877163721295407e8
0.2511158398645195	0.25623769563680365	0.2536767677506616	519026.8192031501	1.2530732132487541e8	1.2970280615159228e7	1.8404825444247815e8
0.2562376956368037	0.2614619885245335	0.25884984208066864	538763.6587482147	1.2247582179818757e8	1.3509044273907444e7	1.80430659358385e8
0.26146198852453345	0.2667907672700178	0.26412637789727567	560496.12746948	1.1997666390204448e8	1.4069540401376924e7	1.7688007491180298e8
0.2667907672700179	0.27222612159041193	0.26950844443021493	582510.444456049	1.1741038653430863e8	1.4652050845832972e7	1.733885522518816e8
0.27222612159041193	0.2777701829972139	0.2749981522938129	607153.7535137397	1.1523556282669123e8	1.5259204599346712e7	1.699755331581969e8
0.2777701829972139	0.2834251256321519	0.28059765431468287	629666.6957259972	1.1253558795387374e8	1.588887129507271e7	1.6660552305301112e8
0.2834251256321519	0.28919316711978865	0.28630914637597027	655312.1946144031	1.1028714069834542e8	1.6544183489687113e7	1.63302429665373e8
0.28919316711978865	0.29507656943717814	0.2921348682784834	677731.063702551	1.0740821765473759e8	1.7221914553389665e7	1.6002529767468044e8
0.2950765694371781	0.30107763980091534	0.2980771046190467	703291.6730980357	1.049602811888113e8	1.79252062264877e7	1.5679782818365362e8
0.3010776398009154	0.3071987315719274	0.30413818568642137	726365.3611756011	1.020845008679048e8	1.86515715876633e7	1.5359199013844886e8
0.3071987315719274	0.31344224517835967	0.31032048837514353	752553.1653215265	9.960077329008871e7	1.940412475298482e7	1.5042944746463907e8
0.31344224517835967	0.3198106290569206	0.31662643711764016	780202.5516999043	9.724320842538522e7	2.0184327304684725e7	1.473150066809512e8
0.3198106290569206	0.3263063806130527	0.32305850483498666	810401.5931886191	9.512266889534307e7	2.0994728897873342e7	1.4425967965447965e8
0.32630638061305267	0.33293204720030745	0.32961921390668003	841036.6479865984	9.296849858128974e7	2.183576554585994e7	1.4125798584370068e8
0.3329320472003074	0.33969022711930724	0.3363111371598073	872135.66504277	9.079194505197237e7	2.270790121090271e7	1.383054294962561e8
0.3396902271193073	0.34658357063668715	0.34313689887799725	905633.4864590468	8.878983267197566e7	2.3613534697361756e7	1.3540929498593336e8
0.34658357063668715	0.3536147810244146	0.3500991758305509	939104.1213681786	8.67115631401899e7	2.4552638818729933e7	1.3256178257644096e8
0.3536147810244146	0.3607866156198966	0.3572006983221556	973931.2599680752	8.469328708775534e7	2.552657007869801e7	1.297635150560217e8
0.36078661561989656	0.3681018869072882	0.36444425126359237	1.0113224653891607e6	8.28271207705704e7	2.653789254408717e7	1.2702046285024418e8
0.3681018869072882	0.37556346362042764	0.3718326752638579	1.0443357896630211e6	8.055453837873404e7	2.7582228333750192e7	1.2430561113025725e8
0.3755634636204277	0.38317427186782993	0.3793688677441288	1.0792627678563816e6	7.840587546534836e7	2.8661491101606574e7	1.2162452269435804e8
0.38317427186782993	0.3909372962801802	0.3870557840740051	1.115424895139814e6	7.63199075094349e7	2.9776915996746387e7	1.1897885667525426e8
0.3909372962801802	0.3988555811807775	0.39489643873047886	1.1569979982767317e6	7.456081295283695e7	3.093391399502312e7	1.1638559841191183e8
0.3988555811807775	0.40693223177938675	0.40289390648008216	1.1987884339253579e6	7.276213654489484e7	3.2132702428948477e7	1.1383934075248753e8
0.4069322317793867	0.41517041538996813	0.41105132358467744	1.241390633510798e6	7.096766143795644e7	3.3374093062459275e7	1.1133755185813417e8
0.41517041538996813	0.4235733626727612	0.4193718890313647	1.285052828667661e6	6.919366226252694e7	3.465914589112694e7	1.0887879973170398e8
0.4235733626727612	0.4321443689012101	0.4278588657869856	1.330186956952007e6	6.746141032655205e7	3.598933284807895e7	1.0646297843165134e8
0.4321443689012101	0.44088679525422797	0.436515582077719	1.3781537726567276e6	6.58327221247804e7	3.7367486620735675e7	1.040935939337878e8
0.4408867952542281	0.44980407013430634	0.4453454326942672	1.42451551107906e6	6.409389268668908e7	3.879200213181473e7	1.0176148662930563e8
0.4498040701343063	0.4588996905119861	0.4543518803231462	1.4752132201261085e6	6.251920439262878e7	4.026721535194084e7	9.947402558731477e7
0.4588996905119861	0.4681772232972195	0.4635384569046028	1.5260545574362217e6	6.091744216982885e7	4.179326990937706e7	9.722700273259062e7
0.46817722329721945	0.4776403067381575	0.47290876501768847	1.577171400472883e6	5.930169974520408e7	4.337044130984994e7	9.501722142441605e7
0.47764030673815755	0.48729265184791437	0.482466479293036	1.6257236136712513e6	5.757782209992426e7	4.499616492352119e7	9.283618882959063e7
0.4872926518479144	0.4971380438598664	0.49221534785389043	1.675233526762299e6	5.588660099498023e7	4.667139845028349e7	9.068411259850293e7
0.4971380438598663	0.5071803437120573	0.5021591937859619	1.733557396431661e6	5.447507866018854e7	4.840495584671515e7	8.857557452750276e7
0.5071803437120572	0.517423489561292	0.5123019166366747	1.7947902752225841e6	5.312562565387576e7	5.019974612193774e7	8.651162899461223e7
0.5174234895612922	0.5278714983275118	0.522647493944402	1.8610151114936867e6	5.1888880399598315e7	5.206076123343142e7	8.449621675399823e7
0.5278714983275117	0.5385284672690556	0.5331999827982836	1.9230825628383728e6	5.0507939930291206e7	5.39838437962698e7	8.251809592716719e7
0.5385284672690556	0.5493985755894304	0.543963521429243	1.9898519910043385e6	4.922922887502129e7	5.597369578727414e7	8.058102483943881e7
0.5493985755894303	0.5604860860762125	0.5549423308328214	2.056051001345962e6	4.791591889938752e7	5.80297467886201e7	7.868058110373798e7
0.5604860860762126	0.5717953467727306	0.5661407164244716	2.121810181394986e6	4.657997249245492e7	6.0151556970015086e7	7.681329825516272e7
0.5717953467727305	0.5833307926831788	0.5775630697279546	2.192445307699974e6	4.533892812492833e7	6.234400227771506e7	7.498274970904934e7
0.5833307926831788	0.5950969475118361	0.5892138700975074	2.265977239095138e6	4.414187386013313e7	6.460997951681021e7	7.318933922693062e7
0.595096947511836	0.6070984254370663	0.601097686474451	2.33700577033098e6	4.288551701608526e7	6.694698528714119e7	7.142744182513762e7
0.6070984254370664	0.6193399329208014	0.6132191791789339	2.412696936569036e6	4.170730472452129e7	6.935968222371022e7	6.96997527036059e7
0.6193399329208014	0.631826270554211	0.6255831017375062	2.491127400924112e6	4.0566408977699846e7	7.185080962463434e7	6.800643651882957e7
0.631826270554211	0.6445623349402889	0.63819430274725	2.5688448681577696e6	3.940692154343174e7	7.441965449279211e7	6.634439964086609e7
0.6445623349402889	0.6575531206140883	0.6510577277771886	2.6478665295573934e6	3.826461985186815e7	7.70675210223495e7	6.471280884924563e7
0.6575531206140883	0.6708037220013637	0.664178421307726	2.727650960847147e6	3.713294674195262e7	7.979517198319665e7	6.311049911420636e7
0.6708037220013637	0.6843193354163847	0.6775615287088742	2.8032528186564967e6	3.595048581828256e7	8.259842480185315e7	6.153280632949289e7
0.6843193354163846	0.6981052610997059	0.6912122982580453	2.875540901694603e6	3.47405302608391e7	8.547396570354775e7	5.997669245946973e7
0.6981052610997058	0.7121669052966936	0.7051360831981996	2.962915626210128e6	3.372197838819175e7	8.843688132975787e7	5.845200945784446e7
0.7121669052966937	0.7265097823776212	0.7193383438371574	3.053594148841666e6	3.2740428932608634e7	9.149047547859953e7	5.695906821539673e7
0.7265097823776212	0.7411395170001672	0.7338246496888943	3.1468050855796076e6	3.178517120901045e7	9.463728056417914e7	5.549753994747615e7
0.7411395170001672	0.7560618463151642	0.7486006816576657	3.242485630048082e6	3.0854375400546905e7	9.787976619422722e7	5.406700918654316e7
0.7560618463151642	0.771282622216461	0.7636722342658127	3.340919943615753e6	2.9949600603546083e7	1.0122068613784297e8	5.266717554520465e7
0.7712826222164612	0.786807813635784	0.7790452179261226	3.4424431541552725e6	2.907235712041736e7	1.0466312929199824e8	5.129784413476652e7
0.7868078136357839	0.8026435088834932	0.7947256612596385	3.547675736460348e6	2.8225918052957408e7	1.0821080502845858e8	4.995902167229328e7
0.8026435088834933	0.8187959180361568	0.8107197134598251	3.656524385474762e6	2.740725056865595e7	1.1186732941393337e8	4.865053879864152e7
0.8187959180361568	0.8352713753718736	0.8270336467040151	3.7689098480312633e6	2.6613848907130588e7	1.1563623926196463e8	4.737209094662006e7
0.8352713753718735	0.8520763418543045	0.843673858613089	3.8852650771047436e6	2.584696743418342e7	1.1952150433906938e8	4.612346435379136e7
0.8520763418543045	0.8692174076663841	0.8606468747603443	4.0066146878100554e6	2.511108884799114e7	1.2352811902687943e8	4.4904717991819754e7
0.8692174076663842	0.8867012947947055	0.8779593512305448	4.1411521463800063e6	2.4451761918410968e7	1.2766927117325944e8	4.3718549245906815e7
0.8867012947947055	0.9045348596655932	0.8956180772301494	4.252529304886676e6	2.365588685722017e7	1.319218004781461e8	4.2555141073150724e7
0.9045348596655932	0.9227250958338986	0.9136299777497459	4.384229629573817e6	2.2976827456343926e7	1.3630603010771993e8	4.141993970973945e7
0.9227250958338986	0.9412791367255702	0.9320021162797344	4.5116223317797305e6	2.2275949479721338e7	1.4081765243949965e8	4.031003659579981e7
0.9412791367255703	0.9602042584350753	0.9507416975803228	4.639382306921263e6	2.1581031246876214e7	1.4545703474642092e8	3.9224303216899596e7
0.9602042584350751	0.9795078825787702	0.9698560705069226	4.768375762938928e6	2.0897428160437156e7	1.5022541050935984e8	3.816198743195637e7
0.9795078825787704	0.9991975792053394	0.9893527308920549	4.89883425874287e6	2.0226801371244214e7	1.551242447681027e8	3.712247737776694e7
0.9991975792053394	1.0192810697644397	1.0092393244848896	5.033788778720663e6	1.9581378761598524e7	1.6015803354682338e8	3.610590565376395e7
1.0192810697644394	1.0397662301347217	1.0295236499495806	5.1689764098258745e6	1.894385383687611e7	1.6532700995664924e8	3.5111394424973905e7
1.039766230134722	1.06066109371241	1.050213661923566	5.307932829992566e6	1.8327632222516716e7	1.706349427866418e8	3.413889388921124e7
1.06066109371241	1.0819738545616517	1.0713174741370308	5.445822324246968e6	1.7715898833566252e7	1.7608076511088878e8	3.3187383071600087e7
1.0819738545616517	1.1037128706278783	1.092843362594765	5.5833611376955975e6	1.7112592688862603e7	1.816641262485844e8	3.2256128765228167e7
1.1037128706278783	1.1258866670154293	1.1147997688216538	5.72351072461654e6	1.6527399450501557e7	1.8738763697320092e8	3.1345001636442155e7
1.1258866670154293	1.1485039393307315	1.1371953031730804	5.859094904520769e6	1.5940282414135527e7	1.932467318777217e8	3.045271943240736e7
1.1485039393307315	1.1715735570923396	1.1600387482115355	5.986631966678688e6	1.534521552422832e7	1.9923336384440038e8	2.9577725601473574e7
1.1715735570923396	1.1951045672091798	1.1833390621507598	6.130645770153655e6	1.4805499920807088e7	2.0536400961455402e8	2.8722220205315094e7
1.19510456720918	1.2191061975283572	1.2071053823687685	6.2847565515191145e6	1.4299905647604598e7	2.1164876616607314e8	2.7887046092568144e7
1.2191061975283572	1.243587860453918	1.2313470289911375	6.441767588018736e6	1.3809534333504278e7	2.180905337540919e8	2.70719029386235e7
1.243587860453918	1.2685591566379897	1.2560735085459538	6.601896332979928e6	1.3334395575160813e7	2.246924300870718e8	2.6276508552585162e7
1.2685591566379897	1.294029878745743	1.2812945176918662	6.765350592573116e6	1.2874398524333844e7	2.314577806796449e8	2.550059200099473e7
1.2940298787457432	1.3200100152956515	1.3070199470206973	6.93248542380896e6	1.2429651187717646e7	2.3839026610345387e8	2.474390445931115e7
1.3200100152956513	1.3465097545765579	1.3332598849361046	7.1030596049679555e6	1.1999138665621184e7	2.4549332570842183e8	2.400615291930794e7
1.3465097545765579	1.3735394886430825	1.3600246216098202	7.276707495880208e6	1.158178354921976e7	2.5277003320430204e8	2.3286999136117365e7
1.3735394886430825	1.4011098173909375	1.38732465301701	7.4531659934870545e6	1.1176825857620869e7	2.602231991977891e8	2.2586080626284726e7
1.4011098173909378	1.42923155271375	1.415170685052344	7.632538348274518e6	1.0784129048454681e7	2.6785573754606363e8	2.1903048153146803e7
1.4292315527137498	1.4579157227430182	1.443573637728384	7.814670869608076e6	1.0403186049407493e7	2.756704084156717e8	2.1237543508574445e7
1.4579157227430184	1.4871735761728722	1.4725446494579453	7.99957904103981e6	1.0033756995172307e7	2.8366998745671153e8	2.0589215491868515e7
1.4871735761728724	1.5170165866713232	1.5020950814220977	8.187170989182375e6	9.675473588056276e6	2.918571584458939e8	1.9957712066017807e7
1.517016586671323	1.547456457379743	1.532236522025533	8.377401893606339e6	9.328048167996986e6	3.002345603395002e8	1.934268506718125e7
1.547456457379743	1.5785051255023312	1.5629807914410372	8.570276460810684e6	8.991257373897696e6	3.0880483680031085e8	1.874379369508132e7
1.5785051255023315	1.6101747669873716	1.5943399462448515	8.765744851723596e6	8.664822679539662e6	3.1757058165203446e8	1.816070088930683e7
1.6101747669873714	1.6424778013021122	1.6263262841447417	8.963767408260427e6	8.348486634441439e6	3.2653434906029487e8	1.759307432699125e7
1.6424778013021124	1.675426896303148	1.65895234880263	9.164316718664154e6	8.0420105005376395e6	3.3569866577895904e8	1.7040587225948595e7
1.6754268963031482	1.7090349732042047	1.6922309347536766	9.367360018046245e6	7.745155672698993e6	3.450660257970053e8	1.6502918026618537e7
1.7090349732042043	1.7433152116432817	1.726175092423743	9.572859261161463e6	7.45768458780126e6	3.5463888505816674e8	1.5979750145253275e7
1.743315211643282	1.778281054851141	1.7607981332472114	9.780778916626113e6	7.179367139106094e6	3.6441966397479284e8	1.5470772112596247e7
1.778281054851141	1.813946214923157	1.7961136348871491	9.991074006571084e6	6.9099713240177985e6	3.744107379813639e8	1.4975677163797487e7
1.8139462149231576	1.850324678196614	1.8321354465598858	1.0203720264376845e7	6.649284388677978e6	3.846144582457407e8	1.4494164075094888e7
1.8503246781966136	1.8874307107355393	1.8688776944660765	1.0418661120344292e7	6.397075836096796e6	3.95033119366085e8	1.4025935812924942e7
1.8874307107355395	1.9252788639252436	1.9063547873303914	1.0635859941919664e7	6.153133374232535e6	4.056689793080047e8	1.35707003402956e7
1.9252788639252438	1.963883980178742	1.9445814220519928	1.0855281730003968e7	5.917248964101602e6	4.1652426103800863e8	1.312817056975552e7
1.9638839801787418	2.00326119875731	1.9835725894680258	1.1076906295143155e7	5.689225168414286e6	4.2760116733315176e8	1.269806468629692e7
2.00326119875731	2.0434259617074493	2.0233435802323796	1.130065467885269e7	5.468837254303734e6	4.3890182201200444e8	1.2280104260600135e7
2.0434259617074497	2.084394019916592	2.0639099908120206	1.1526435369582184e7	5.255862673249211e6	4.504282573815866e8	1.1874014176241882e7
2.0843940199165925	2.1261814392899177	2.105287729603255	1.1754190289146664e7	5.050101709228588e6	4.6218244767073345e8	1.1479523754907573e7
2.126181439289917	2.168804607050709	2.147493023170313	1.1983861430433426e7	4.8513589738782905e6	4.741663091011669e8	1.1096366746693552e7
2.168804607050709	2.2122802381667164	2.1905424226087127	1.2215389066832464e7	4.659442458140007e6	4.863816981679994e8	1.0724281266264787e7
2.212280238166716	2.2566253819050437	2.23445281003588	1.244871337047896e7	4.474164092037056e6	4.988304115384784e8	1.0363009765181562e7
2.2566253819050437	2.301857428518138	2.279241405211591	1.2683774089448197e7	4.295339451124811e6	5.115141856279266e8	1.0012298988968903e7
2.301857428518138	2.347994116063494	2.3249257722908157	1.2920511818818718e7	4.122788042940193e6	5.244346974467453e8	9.671899953333372e6
2.3479941160634943	2.3950535373597575	2.371523826711626	1.3158865828308787e7	3.9563324407043415e6	5.375935632750541e8	9.341567871788917e6
2.3950535373597575	2.443054147081946	2.4190538422208516	1.339877513369734e7	3.7957986020622025e6	5.509923384087515e8	9.021062105995007e6
2.443054147081946	2.492014768998578	2.467534458040262	1.3640178625190528e7	3.641015832018586e6	5.64632517033942e8	8.710146116923148e6
2.4920147689985783	2.541954603353543	2.5169846861760607	1.3883015056270065e7	3.4918167143700593e6	5.785155320902121e8	8.408587414979815e6
2.5419546033535427	2.592893234395607	2.567423918874575	1.4127223697632749e7	3.3480372161370893e6	5.926427557878449e8	8.116157519139956e6
2.592893234395607	2.6448506380585126	2.61887193622706	1.4372744136856023e7	3.209516559146854e6	6.07015499924701e8	7.832631911110187e6
2.6448506380585126	2.6978471897946763	2.6713489139265945	1.4619516322009165e7	3.076097175520306e6	6.216350162467102e8	7.557789989655221e6
2.697847189794676	2.751903672565563	2.724875431180119	1.4867480353382472e7	2.9476246218363577e6	6.365024966000926e8	7.291415022687284e6
2.751903672565563	2.8070412849918673	2.779472478778715	1.5116576742333908e7	2.8239476047696634e6	6.516190733424265e8	7.033294103686163e6
2.8070412849918673	2.863281649666698	2.8351614673292826	1.536674705374299e7	2.7049180632383274e6	6.669858203961695e8	6.783218115460914e6
2.863281649666698	2.920646821635025	2.8919642356508612	1.561793254459962e7	2.5903908856359795e6	6.82603752940769e8	6.540981679742212e6
2.9206468216350245	2.979159297042718	2.9499030593388715	1.5870075318690013e7	2.480224109162039e6	6.98473828259459e8	6.30638312127614e6
2.9791592970427185	3.038842021958566	3.009000659500642	1.6123117358759953e7	2.3742787412575413e6	7.14596945618219e8	6.0792244237451255e6
3.038842021958566	3.0997184013727304	3.069280211665648	1.6377001127552291e7	2.2724188539754665e6	7.309739467457713e8	5.859311193754499e6
3.0997184013727304	3.161812308375178	3.1307653548739545	1.6631669043412447e7	2.1745114995803107e6	7.476056157891837e8	5.646452622087776e6
3.1618123083751777	3.2251480935176744	3.193480200946426	1.6887063571338527e7	2.080426726861669e6	7.644926793605223e8	5.440461448204576e6
3.2251480935176753	3.289750594363022	3.2574493439403485	1.7143127582519867e7	1.9900376216662861e6	7.816358069430422e8	5.241153929190018e6
3.289750594363022	3.355645145225276	3.322697869794149	1.7399805288792767e7	1.9032203931776704e6	7.990356122318349e8	5.048349815538156e6
3.3556451452252753	3.422857587104774	3.3892513661650248	1.7657049424313534e7	1.8198550678889924e6	8.166926616561484e8	4.86187236847179e6
3.4228575871047733	3.4914142778218618	3.4571359324633173	1.791480684765626e7	1.7398238353722186e6	8.346074685038047e8	4.681548280762752e6
3.4914142778218618	3.561342102353292	3.526378190087577	1.8173021990094215e7	1.66301155142815e6	8.527804904938989e8	4.5072076312436415e6
3.5613421023532927	3.6326684833753515	3.5970052928643224	1.84316401119019e7	1.5893060795556584e6	8.712121306058007e8	4.338683861719758e6
3.632668483375351	3.7054213920178514	3.6690449376966012	1.8690605626666788e7	1.5185981186988596e6	8.899027362324675e8	4.1758137453128123e6
3.705421392017851	3.779629358833201	3.742525375425526	1.8949865440545104e7	1.45078146210646e6	9.088526016730126e8	4.0184373716286267e6
3.7796293588332013	3.8553214849848585	3.81747542190903	1.9209360426997665e7	1.3857523046207824e6	9.280619621000103e8	3.866398092819325e6
3.855321484984859	3.932527453659549	3.893924469322204	1.9469038674614064e7	1.3234102493225655e6	9.475310007746243e8	3.7195425309391464e6
3.9325274536595485	4.011277541707733	3.9719024976836406	1.9728835206668157e7	1.2636568292099698e6	9.672598359812924e8	3.5777204995423397e6
4.011277541707733	4.0916026315168805	4.051440086612306	1.9988685278735697e7	1.2063965280159076e6	9.872485212600281e8	3.4407849888028353e6
4.0916026315168805	4.1735342231222115	4.132568427319546	2.024852055675783e7	1.1515365039905126e6	1.0074970418167859e9	3.308592135579551e6
4.173534223122211	4.257104446559648	4.215319334840929	2.0508268045959443e7	1.09898653694123e6	1.0280053098627454e9	3.1810011921892175e6
4.257104446559648	4.3423460744658335	4.299725260512741	2.0767851241840247e7	1.0486590969221015e6	1.0487731611045856e9	3.057874500984521e6
4.3423460744658335	4.429292534930143	4.385819304697988	2.1027187427288886e7	1.0004691974907813e6	1.0698003485318745e9	2.9390774619610496e6
4.429292534930143	4.517977924603739	4.473635229766941	2.1286182734934982e7	954334.1858854719	1.0910865312668095e9	2.8244784901530016e6
4.5179779246037395	4.608437022070807	4.563207473337274	2.154471285995699e7	910172.990848051	1.1126312441267664e9	2.713948932092538e6
4.608437022070807	4.700705301487216	4.654571161779011	2.1802588682042614e7	867905.0298159359	1.134433832808809e9	2.607362924033032e6
4.700705301487216	4.794818946491953	4.747762123989585	2.205958750621994e7	827451.9916740697	1.156493420315029e9	2.5045973613285543e6
4.794818946491953	4.890814864396784	4.842816905444368	2.2315690398590017e7	788746.3782270048	1.178809110713619e9	2.405532362753044e6
4.890814864396785	4.988730700659714	4.93977278252825	2.257096933891278e7	751725.4330833125	1.2013800800525317e9	2.310051357480979e6
4.988730700659713	5.0886048536479	5.038667777153806	2.2825357393042926e7	716323.0819635455	1.2242054374455748e9	2.218040701753346e6
5.0886048536479	5.19047648969585	5.139540671671876	2.3078771712550353e7	682474.9469434735	1.2472842091581252e9	2.1293896072165314e6
5.19047648969585	5.29438555846476	5.242431024080306	2.333117692245031e7	650120.2028264486	1.2706153860805755e9	2.04399018059721e6
5.29438555846476	5.400372808609048	5.347379183536904	2.3582522296309266e7	619199.4838085525	1.2941979083768847e9	1.9617373402568605e6
5.400372808609048	5.508479803756222	5.454426306182635	2.3832745115615785e7	589655.0662419174	1.3180306534925003e9	1.8825287481424278e6
5.508479803756222	5.618748938806339	5.563614371281281	2.408186536857559e7	561433.1280712993	1.3421125188610759e9	1.8062648761232505e6
5.618748938806339	5.7312234565574585	5.674986197681899	2.4329920229551002e7	534481.7074299476	1.366442439090627e9	1.7328489506682255e6
5.731223456557458	5.845947464663599	5.788585460610529	2.457691311371497e7	508749.557263484	1.391019352204342e9	1.6621868346219359e6
5.8459474646636	5.962965952931865	5.904456708797732	2.482292112174933e7	484188.46577724733	1.4158422733260913e9	1.5941870497801283e6
5.962965952931865	6.082324810965495	6.02264538194868	2.5068088670739412e7	460752.71610749455	1.4409103619968307e9	1.5287607669871012e6
6.0823248109654955	6.204070846159798	6.143197828562647	2.5312786688148554e7	438401.52113094	1.4662231486849792e9	1.4658219373662989e6
6.204070846159798	6.328251802057986	6.266161324108892	2.5556729701318096e7	417083.5487944656	1.4917798783862972e9	1.4052865227506373e6
6.328251802057984	6.454916377074136	6.39158408956606	2.5799496081483435e7	396748.19708930026	1.5175793744677806e9	1.3470724214127709e6
6.454916377074137	6.584114243590612	6.519515310332375	2.604103527780493e7	377353.3483914334	1.5436204097455854e9	1.2910998456841435e6
6.584114243590613	6.715896067437418	6.650005155514016	2.628133097771521e7	358858.9660554493	1.5699017407233007e9	1.2372913081609034e6
6.715896067437417	6.850313527761158	6.783104797599288	2.6521146722718127e7	341236.503247534	1.596422887446019e9	1.185572151785756e6
6.850313527761158	6.9874193372913735	6.918866432526266	2.6761391624065977e7	324458.284242853	1.6231842790700848e9	1.1358704364202893e6
6.987419337291374	7.127267263012194	7.057343300151784	2.700038801448632e7	308466.07914506365	1.6501846670845711e9	1.0881150182076336e6
7.127267263012194	7.26991214724743	7.198589705129812	2.7237997052099936e7	293224.3626901853	1.677422664136671e9	1.042236813833714e6
7.269912147247429	7.41540992916737	7.3426610382074	2.7474187610312272e7	278700.3103005546	1.7048968517469833e9	998168.8372048202
7.415409929167371	7.56381766672571	7.489613797946541	2.770861687699129e7	264859.3944045328	1.7326054686239748e9	955845.9798582831
7.56381766672571	7.7151935590352165	7.6395056128804635	2.794040575403828e7	251664.18269730007	1.7605458743780131e9	915204.7347129863
7.715193559035217	7.869596969190914	7.792395264113066	2.816834794558779e7	239077.36912849755	1.788714222323601e9	876183.1107179784
7.869596969190913	8.027088447549723	7.948342708370317	2.8393813037565403e7	227085.506779886	1.8171080353611665e9	838721.9221290994
8.027088447549723	8.18772975547571	8.107409101512715	2.861648613681915e7	215660.60775347988	1.8457245214979856e9	802763.7871610493
8.187729755475711	8.351583889560217	8.269656822517964	2.883436777732095e7	204764.1785018583	1.8745588892753065e9	768252.4173818195
8.351583889560215	8.518715106326411	8.435149497943314	2.899869899357355e7	194048.95087776915	1.9035575882688801e9	735114.7348558651
8.518715106326413	8.689188947427933	8.603952026877174	2.9001317375674464e7	182868.93994987264	1.9325589056445546e9	703244.6027547327
8.689188947427933	8.863072265351484	8.776130606389708	2.9094079886485126e7	172868.74606551835	1.9616529855310397e9	672636.9228312897
8.863072265351484	9.040433249633505	8.951752757492494	2.920750736240193e7	163529.5254021478	1.9908604928934417e9	643256.9503312334
9.040433249633505	9.221341453601168	9.130887351617336	2.9346726078144662e7	154828.66033821058	2.0202072189715862e9	615070.6423743487
9.221341453601168	9.405867821648183	9.313604637624675	2.9460327592612334e7	146460.14892776075	2.0496675465641985e9	588028.2639309588
9.405867821648183	9.59408471705614	9.49997626935216	2.956840421342481e7	138516.07289283685	2.0792359507776234e9	562088.2661553196
9.59408471705614	9.786065950372254	9.690075333714198	2.992222990678027e7	132086.0040313558	2.1091581806844037e9	537274.3751637979
9.786065950372253	9.98188680835469	9.883976379363471	3.0204491515298046e7	125639.18564494852	2.1393626721997018e9	513520.61436847574
9.981886808354691	10.181624083496777	10.081755445925733	3.04562674095379e7	119377.14002327902	2.1698189396092396e9	490776.44592886366
10.181624083496777	10.385356104141705	10.28349009381924	3.0695154961560637e7	113371.8936614666	2.2005140945708e9	468998.4066654164
10.385356104141703	10.593162765199528	10.489259434670615	3.092741841975251e7	107639.20534987547	2.2314415129905524e9	448146.4526031911
10.59316276519953	10.805125559478512	10.69914416233902	3.1150104950524326e7	102159.25830282953	2.2625916179410768e9	428181.708641511
10.805125559478512	11.021327609643073	10.913226584560793	3.134800175297363e7	96876.76810934859	2.2939396196940503e9	409064.35441158805
11.021327609643073	11.241853700810926	11.131590655227	3.155677438072356e7	91895.46979737037	2.325496394074774e9	390762.85464935226
11.241853700810926	11.466790313802136	11.354322007306532	3.1765680856543005e7	87166.88699073016	2.357262074931317e9	373244.69785682403
11.466790313802136	11.69622565905317	11.581507986427653	3.1969886525259987e7	82665.91599472419	2.389231961456577e9	356477.8012648658
11.69622565905317	11.930249711209225	11.813237685131197	3.2168048460978165e7	78379.46019075825	2.421400009917555e9	340431.1788604519
11.930249711209225	12.1689542444084	12.049601977808813	3.2359507926271353e7	74297.08458031416	2.4537595178438263e9	325075.0316032856
12.1689542444084	12.41243286827156	12.290693556339981	3.254357856160401e7	70408.91000487118	2.4863030964054303e9	310380.71093212423
12.41243286827156	12.660781064611983	12.536606966441772	3.2723896330073718e7	66714.450072204	2.519026992735504e9	296321.19427091477
12.660781064611983	12.914096224879215	12.787438644745599	3.2902856012460735e7	63209.335243402806	2.551929848747965e9	282870.76707045425
12.914096224879211	13.172477688351787	13.0432869566155	3.308106436253834e7	59885.26237068973	2.585010913110503e9	270004.7202995761
13.17247768835179	13.436026781093817	13.304252234722803	3.32590289166395e7	56733.951547391254	2.6182699420271425e9	257699.29370929
13.436026781093817	13.704846855690684	13.57043681839225	3.3439710487572983e7	53751.31472568691	2.6517096525147157e9	245931.86289659352
13.70484685569068	13.979043331779485	13.841945093735083	3.362357281116046e7	50928.82782714811	2.685333225325876e9	234680.61776058478
13.979043331779488	14.258723737390069	14.118883534584779	3.380586461721947e7	48250.879120991034	2.719139089943096e9	223924.1065325242
14.258723737390067	14.54399775111286	14.401360744251463	3.398514073724352e7	45708.370261328535	2.75312423068034e9	213641.59087038398
14.54399775111286	14.834977245110109	14.689487498111484	3.416081229006367e7	43294.07370059249	2.7872850429704037e9	203813.1125935397
14.834977245110109	15.131776328987302	14.983376787048705	3.4328571653059155e7	40996.7766009279	2.8216136146234627e9	194419.21869216964
15.131776328987304	15.43451139454204	15.283143861764671	3.4491086838229075e7	38814.56157528197	2.856104701461692e9	185441.46845708843
15.434511394542039	15.74330116140787	15.588906277974955	3.4648727341498025e7	36742.52782187993	2.8907534288031898e9	176862.20290021907
15.74330116140787	16.05826672361102	15.900783942509445	3.479294005036685e7	34766.976217523144	2.9255463688535566e9	168663.99199508323
16.058266723611016	16.37953159705823	16.218899160334622	3.4628403769569375e7	32606.36746806775	2.960174772623126e9	160814.16844727725
16.37953159705823	16.707221767974385	16.543376682516307	3.442929106747895e7	30548.66843590287	2.994604063690605e9	153298.56451823405
16.707221767974385	17.041465742308862	16.874343755141624	3.43691903171462e7	28736.10267704538	3.0289732540077515e9	146112.03571833763
17.041465742308862	17.38239459613003	17.211930169219446	3.434969029644615e7	27062.994745198666	3.063322944304198e9	139243.637756483
17.38239459613003	17.73014202702762	17.556268311578826	3.454329342457855e7	25645.509367323684	3.0978662377287765e9	132689.76001620103
17.730142027027618	18.084844406543162	17.90749321678539	3.493808447980361e7	24442.258626297305	3.13280432220858e9	126444.61256365303
18.08484440654316	18.446640833649013	18.265742620096084	3.5183178116388105e7	23193.80827900778	3.1679875003249683e9	120487.77219043177
18.446640833649013	18.815673189296984	18.631157011473	3.5392949750714004e7	21986.120293446897	3.203380450075682e9	114804.95375513965
18.815673189296984	19.192086192057914	19.00387969067745	3.558596950158201e7	20830.782188328543	3.2389664195772643e9	109383.36508888208
19.192086192057914	19.576027454874062	19.38405682346599	3.5763318057240866e7	19726.93462228766	3.2747297376345043e9	104210.9027370329
19.576027454874062	19.967647542946533	19.771837498910298	3.592549321546742e7	18673.23881265546	3.310655230849972e9	99276.08454294768
19.967647542946533	20.367100032780453	20.167373787863493	3.606508472497383e7	17664.4071715248	3.3467203155749454e9	94567.78597085414
20.367100032780453	20.774541572411053	20.570820802595755	3.619167094317651e7	16703.828659665905	3.3829119865181217e9	90075.7200196011
20.774541572411056	21.190131942834267	20.98233675762266	3.63329458832136e7	15801.683840601658	3.4192449324013352e9	85790.78069496006
21.190131942834263	21.614034120665938	21.402083031750102	3.6475796001265675e7	14948.68462129995	3.455720728402601e9	81703.85168769323
21.614034120665938	22.046414342054245	21.83022423136009	3.661827134744353e7	14141.372564685375	3.4923389997500443e9	77806.14327763255
22.04641434205425	22.487442167870324	22.266928254962288	3.6769091893122785e7	13380.49658961521	3.529108091643167e9	74089.41620380504
22.48744216787032	22.937290550202714	22.712366359036515	3.6924286447636634e7	12661.848629400936	3.5660323780908036e9	70545.66392496596
22.937290550202718	23.39613590018176	23.16671322519224	3.707339206347412e7	11979.621116177643	3.603105770154278e9	67167.00690993255
23.396135900181758	23.864158157160382	23.630147028671068	3.721309995146074e7	11331.109438969417	3.6403188701057386e9	63945.86431102367
23.864158157160386	24.34154085927858	24.102849508219485	3.734158839819696e7	10714.336206065795	3.677660458503936e9	60874.97867614778
24.341540859278584	24.828471215439144	24.585006037358866	3.7463038900759876e7	10129.113878702427	3.7151234974046955e9	57947.500537451655
24.82847121543914	25.32514017872291	25.076805697081028	3.7505122825667776e7	9555.536586917584	3.7526286202303634e9	55155.82733808665
25.325140178722915	25.83174252127236	25.57844134999764	3.703054640856317e7	8890.387949699447	3.7896591666389265e9	52486.84082078595
25.831742521272364	26.3484769106728	26.09010971597258	3.6817734704221085e7	8329.402085525146	3.8264769013431478e9	49939.47125645957
26.348476910672794	26.875545987861237	26.612011449267015	3.667774222824064e7	7819.078858791109	3.8631546435713887e9	47509.62434604515
26.87554598786124	27.413156446593455	27.144351217227346	3.680847632016441e7	7394.301234423983	3.899963119891553e9	45195.454381661664
27.413156446593455	27.961519114500312	27.687337780546883	3.7254555401955076e7	7052.206910357413	3.937217675293508e9	42995.057057902726
27.96151911450031	28.520849035765302	28.241184075132807	3.750072905876307e7	6689.317280779819	3.974718404352271e9	40900.66854530686
28.520849035765302	29.091365555455596	28.80610729561045	3.769163420875399e7	6335.538516982219	4.012410038561025e9	38906.69820060643
29.0913655554556	29.673292405539698	29.382328980497647	3.7853775232719205e7	5995.760948693655	4.0502638137937446e9	37008.1600769395
29.673292405539694	30.266857792625476	29.970075099082585	3.7995449203374885e7	5671.047611658655	4.0882592629971194e9	35200.41724522238
30.266857792625476	30.872294487452972	30.569576140039224	3.811545532135659e7	5360.798443165978	4.126374718318476e9	33479.065714778495
30.872294487452976	31.489839916177022	31.181067201814997	3.8225224732607834e7	5066.115957324869	4.164599943051084e9	31840.019206650006
31.489839916177026	32.11973625347555	31.80478808482629	3.8321024113217995e7	4785.848559613413	4.202920967164302e9	30279.360788519585
32.11973625347555	32.76223051752005	32.4409833854978	3.842139674321525e7	4521.596599840953	4.241342363907517e9	28793.491851165116
32.762230517520045	33.41757466684543	33.08990259218274	3.854872083755627e7	4274.895552121961	4.2798910847450733e9	27379.10999770647
33.41757466684544	34.08602569915733	33.751800183001386	3.866580207251391e7	4040.5406783100443	4.318556886817587e9	26032.803135948463
34.08602569915733	34.76784575211546	34.4269357256364	3.876456290831226e7	3817.194810842773	4.357321449725899e9	24751.278909731256
34.76784575211547	35.46330220613277	35.11557397912412	3.8837890770716935e7	3603.8117090184865	4.396159340496615e9	23531.374571383923
35.46330220613276	36.1726677892304	35.81798499768158	3.880370410578881e7	3392.9441522978204	4.434963044602405e9	22369.680259044973
36.1726677892304	36.896220683989995	36.5344442366102	3.824231170447204e7	3150.9737289786053	4.473205356306877e9	21261.043560018657
36.89622068399	37.63424463664479	37.265232660317395	3.8095204984305635e7	2957.7953699291224	4.5113005612911825e9	20205.218080137507
37.63424463664479	38.38702906835267	38.01063685249873	3.735623234413645e7	2733.1161479949133	4.548656793635319e9	19197.339952461793
38.38702906835267	39.154869188694704	38.77094912852368	3.6925156859126195e7	2545.7433845657915	4.585581950494445e9	18236.79506701925
39.15486918869471	39.93806611144359	39.54646765006915	3.6711493858875684e7	2385.017832925232	4.62229344435332e9	17322.38987558717
39.93806611144358	40.73692697264744	40.337496542045514	3.6232278299555145e7	2218.107337238077	4.658525722652875e9	16451.105786716602
40.73692697264744	41.55176505107537	41.1443460118614	3.5648535269839846e7	2056.4870952179917	4.694174257922715e9	15620.76030370282
41.55176505107538	42.38289989107187	41.967332471073625	3.499424967561553e7	1902.2973770549304	4.7291685075983305e9	14829.420307516197
42.382899891071865	43.23065742786829	42.806778659470076	3.375963893579124e7	1729.3264385795608	4.7629281465341215e9	14073.75220609682
43.23065742786829	44.09537011540064	43.66301377163447	4.641823852751725e7	2240.605246599818	4.809346385061639e9	13391.168401778208
44.09537011540065	44.97737705668364	44.536373586042146	2.6842461527048543e7	1220.946334794925	4.836188846588687e9	12689.142264130795
44.977377056683636	45.87702413679229	45.42720059673796	2.5881087441330552e7	1109.313600944688	4.862069934030018e9	12021.173754084351
45.8770241367923	46.79466415850313	46.33584414764772	2.4929372498093262e7	1006.8871155215073	4.886999306528111e9	11385.829181356952
46.794664158503124	47.73065698064817	47.262660569575644	2.316335557870683e7	881.5938788102211	4.910162662106818e9	10779.907484739539
47.73065698064817	48.685369659236116	48.20801331994214	1.945115323539251e7	697.6058897041835	4.929613815342211e9	10198.325592425976
48.685369659236116	49.65917659139582	49.17227312531597	2.0062918420325786e7	678.0420325477767	4.949676733762537e9	9649.163915725945
49.65917659139582	50.65245966219872	50.15581812679727	1.95455602576532e7	622.4556229138506	4.969222294020191e9	9128.4743080225
50.65245966219873	51.66560839441769	51.15903402830821	1.8837813213170514e7	565.3124523296177	4.988060107233361e9	8634.524484672429
51.66560839441769	52.69902010128103	52.18231424784936	1.6822749568383344e7	475.72160271750573	5.004882856801744e9	8163.900216624082
52.69902010128102	53.75310004228162	53.22606007178132	1.4322598225482658e7	381.6590485244954	5.019205455027227e9	7714.9979746899635
53.75310004228162	54.828261582102236	54.29068081219193	1.3707430374128498e7	344.19748664908656	5.032912885401356e9	7289.829581156661
54.82826158210225	55.924926352719275	55.37659396741076	1.5335108590211779e7	362.85776838224825	5.048247993991568e9	6890.263164457514
55.92492635271927	57.04352441874864	56.48422538573395	1.7520060084181428e6	39.06457600485746	5.049999999999986e9	6495.068227694533
